ALT-GBP
1
50  GBP 11741 3412
30  GBP 13410 3402
2
50  GBP 9298 3408
30  GBP 9322 3416
10  GBP 11916 3391
3
50  GBP 11009 3417
4
50  GBP 10451 3407
6
50  GBP 7190 3414
30  GBP 8906 3399
10  GBP 8937 3401
7
50  GBP 7477 3415
8
50  GBP 8403 3393
9
50  GBP 2550 3410
30  GBP 3697 3404
10  GBP 3837 3409
11
50  GBP 2046 3413
30  GBP 2550 3410
10  GBP 2875 3396
12
50  GBP 1853 3388
30  GBP 2656 3403
10  GBP 2874 3386
13
50  GBP 3943 3412
14
50  GBP 3432 3408
30  GBP 4485 3411
10  GBP 5417 3406
15
50  GBP 4221 3417
16
50  GBP 3813 3407
18
50  GBP 8007 3399
30  GBP 8147 3400
19
50  GBP 6648 3415
30  GBP 7221 3418
20
50  GBP 7038 3392
30  GBP 7637 3393
21
50  GBP 3449 3404
30  GBP 3872 3410
23
50  GBP 2762 3396
30  GBP 3449 3404
10  GBP 3872 3410
24
50  GBP 2508 3388
30  GBP 2585 3395
10  GBP 3559 3394
25
50  GBP 2384 3412
30  GBP 2952 3402
26
50  GBP 1909 3416
30  GBP 2772 3411
10  GBP 2953 3406
27
50  GBP 5013 3417
28
50  GBP 5637 3407
30
50  GBP 3294 3414
30  GBP 5037 3400
32
80  GBP 4038 3393
40  GBP 4409 3392
33
80  GBP 2384 3413
34
80  GBP 2772 3388
40  GBP 3281 3395
35
50  GBP 2647 3412
30  GBP 3097 3402
36
50  GBP 1660 3408
30  GBP 2481 3391
10  GBP 2925 3411
37
50  GBP 5136 3417
40
50  GBP 3096 3414
30  GBP 4228 3399
10  GBP 4262 3401
42
50  GBP 3747 3392
43
50  GBP 3213 3413
44
50  GBP 3047 3403
30  GBP 3172 3388
10  GBP 3785 3395
45
50  GBP 3181 3402
46
50  GBP 2090 3416
30  GBP 2550 3406
10  GBP 3103 3391
48
50  GBP 5239 3407
50
50  GBP 4584 3400
30  GBP 5112 3401
51
50  GBP 4132 3418
52
50  GBP 3738 3393
30  GBP 4054 3392
54
50  GBP 9875 2033
56
50  GBP 16283 2035
60
50  GBP 13453 2036
SCORE:ALT,GBP,0,3190,-319.0
