ALT-SD
1
50  SD 10430 3496
30  SD 12639 3479
2
50  SD 13250 3516
30  SD 13371 3510
3
50  SD 9045 3497
30  SD 11452 3488
4
50  SD 10282 3500
30  SD 12127 3483
5
50  SD 9879 3521
30  SD 9928 3487
6
50  SD 7475 3498
30  SD 9590 3480
7
50  SD 9537 3481
8
50  SD 8732 3501
30  SD 10220 3495
9
50  SD 3290 3514
30  SD 3633 3515
10  SD 4007 3491
10
50  SD 2538 3513
30  SD 3182 3519
10  SD 3209 3512
11
50  SD 3290 3514
30  SD 3370 3505
10  SD 3390 3484
12
50  SD 1883 3478
30  SD 2227 3499
10  SD 2453 3502
13
50  SD 4896 3508
30  SD 6810 3493
10  SD 7734 3486
14
50  SD 4775 3504
30  SD 4787 3503
10  SD 6131 3482
15
50  SD 4625 3488
30  SD 5097 3511
16
50  SD 4600 3483
17
50  SD 8478 3521
18
50  SD 6208 3498
20
50  SD 8545 3495
21
50  SD 3746 3506
30  SD 3990 3515
10  SD 4595 3491
22
50  SD 3064 3513
30  SD 3569 3519
10  SD 4264 3512
23
50  SD 3746 3506
30  SD 3990 3515
10  SD 4400 3505
24
50  SD 2452 3478
30  SD 2613 3499
10  SD 2721 3509
25
50  SD 2087 3496
30  SD 3535 3486
26
50  SD 2570 3503
30  SD 2651 3510
10  SD 2733 3516
27
50  SD 4000 3497
30  SD 5826 3488
10  SD 6567 3511
28
50  SD 4532 3500
30  SD 5972 3483
29
50  SD 4327 3521
30  SD 4726 3487
30
50  SD 4615 3480
31
80  SD 4613 3481
32
80  SD 4585 3501
40  SD 5383 3495
34
80  SD 2528 3478
40  SD 2935 3499
0  SD 3640 3509
35
50  SD 2064 3496
30  SD 2643 3479
36
50  SD 2477 3516
30  SD 3441 3504
37
50  SD 4327 3497
30  SD 6970 3511
38
50  SD 5521 3500
39
50  SD 5118 3487
30  SD 5126 3521
40
50  SD 4488 3480
41
50  SD 4363 3481
42
50  SD 3970 3501
43
50  SD 4865 3505
44
50  SD 2788 3478
30  SD 3101 3499
10  SD 3502 3509
45
50  SD 2541 3479
30  SD 2955 3508
10  SD 3545 3493
46
50  SD 3234 3510
47
50  SD 4700 3497
30  SD 6295 3488
10  SD 6740 3511
48
50  SD 5057 3500
30  SD 6591 3483
49
50  SD 4806 3487
50
50  SD 5284 3480
51
50  SD 5034 3481
52
50  SD 4000 3501
30  SD 4808 3495
53
50  SD 15585 2067
54
50  SD 12488 2064
55
50  SD 21624 2065
56
50  SD 19897 2066
SCORE:ALT,SD,0,3980,-398.0
