ALT-SPL
1
50  SPL 8802 1687
2
50  SPL 8844 1719
30  SPL 12689 1653
3
50  SPL 8969 1739
30  SPL 10281 1709
10  SPL 10670 1663
4
50  SPL 9290 1705
30  SPL 9620 1671
5
50  SPL 7969 1720
6
50  SPL 7284 1689
30  SPL 8876 1666
7
50  SPL 7357 1698
30  SPL 7863 1697
10  SPL 8531 1664
8
50  SPL 8085 1680
9
50  SPL 3863 1722
30  SPL 4440 1735
10  SPL 5306 1696
10
50  SPL 3256 1677
30  SPL 4251 1702
10  SPL 4288 1673
11
50  SPL 1950 1672
30  SPL 2012 1708
10  SPL 2412 1657
12
50  SPL 2437 1691
30  SPL 2733 1662
10  SPL 2739 1707
13
50  SPL 3444 1687
30  SPL 4902 1713
10  SPL 4925 1738
14
50  SPL 3591 1719
30  SPL 3692 1670
10  SPL 4506 1686
15
50  SPL 3532 1739
30  SPL 4178 1730
10  SPL 4193 1736
16
50  SPL 3479 1665
30  SPL 4002 1679
10  SPL 4230 1700
17
50  SPL 6478 1718
30  SPL 8753 1704
10  SPL 13043 1706
18
50  SPL 6409 1689
30  SPL 8355 1727
19
50  SPL 6384 1698
30  SPL 7006 1697
10  SPL 8173 1712
20
50  SPL 7947 1688
21
50  SPL 4433 1722
30  SPL 5750 1696
22
50  SPL 5737 1677
30  SPL 5804 1716
10  SPL 6652 1658
23
50  SPL 2555 1708
30  SPL 2828 1715
10  SPL 3084 1729
24
50  SPL 2646 1726
30  SPL 3702 1707
10  SPL 3825 1675
25
50  SPL 2515 1647
30  SPL 2518 1717
10  SPL 2522 1731
26
50  SPL 1913 1719
30  SPL 2665 1686
10  SPL 2721 1703
27
50  SPL 4400 1709
30  SPL 6482 1650
28
50  SPL 5351 1669
30  SPL 5972 1700
10  SPL 7545 1678
29
50  SPL 4667 1711
30  SPL 6367 1706
30
50  SPL 3484 1689
30  SPL 3934 1666
31
80  SPL 3483 1698
40  SPL 3735 1649
0  SPL 4627 1648
33
80  SPL 3037 1676
40  SPL 3209 1715
0  SPL 3710 1734
35
50  SPL 2331 1690
30  SPL 2492 1713
10  SPL 2627 1731
36
50  SPL 1860 1670
30  SPL 2421 1653
10  SPL 2546 1655
37
50  SPL 4055 1739
30  SPL 4759 1709
38
50  SPL 3981 1705
30  SPL 4577 1671
10  SPL 4672 1679
39
50  SPL 3246 1718
30  SPL 3531 1720
40
50  SPL 4193 1727
41
50  SPL 3366 1697
30  SPL 3625 1649
10  SPL 3772 1664
42
50  SPL 3697 1680
43
50  SPL 2652 1672
30  SPL 3321 1715
10  SPL 3331 1654
44
50  SPL 3371 1699
30  SPL 3403 1726
10  SPL 3452 1662
45
50  SPL 2033 1687
30  SPL 2546 1738
10  SPL 2765 1728
46
50  SPL 2422 1653
30  SPL 2747 1655
10  SPL 2784 1732
47
50  SPL 5018 1652
30  SPL 5207 1663
10  SPL 5617 1736
48
50  SPL 5462 1700
30  SPL 7987 1678
49
50  SPL 5095 1704
30  SPL 5615 1711
50
50  SPL 4475 1666
30  SPL 5344 1727
51
50  SPL 4402 1712
30  SPL 4475 1664
10  SPL 4639 1656
52
50  SPL 4552 1688
53
50  SPL 18907 1804
54
50  SPL 9289 1796
55
50  SPL 20778 1798
57
50  SPL 17312 1800
58
50  SPL 15425 1801
59
50  SPL 13914 1802
61
50  SPL 13256 1803
SCORE:ALT,SPL,0,4500,-450.0
