ALT-CC
1
50  CC 10921 2939
2
50  CC 8850 2949
3
50  CC 8118 2938
30  CC 8262 2957
4
50  CC 8034 2948
5
50  CC 7882 2954
30  CC 9281 2937
10  CC 9328 2952
6
50  CC 8156 2963
30  CC 8302 2944
7
50  CC 9441 2943
8
50  CC 6620 2964
30  CC 7634 2934
10  CC 8990 2935
9
50  CC 3234 2960
11
50  CC 2302 2951
30  CC 4200 2962
10  CC 5453 2945
12
50  CC 1919 2950
13
50  CC 4125 2959
30  CC 4578 2958
10  CC 4686 2961
14
50  CC 4768 2941
30  CC 4781 2953
10  CC 4785 2936
15
50  CC 3222 2938
30  CC 3295 2957
10  CC 3450 2965
16
50  CC 3277 2948
30  CC 5782 2956
17
50  CC 7166 2937
30  CC 7925 2942
10  CC 8272 2955
18
50  CC 6925 2944
20
50  CC 6203 2934
30  CC 7121 2935
10  CC 8313 2947
21
50  CC 2950 2960
23
50  CC 2725 2951
30  CC 4975 2962
24
50  CC 2439 2950
25
50  CC 2207 2939
30  CC 2372 2958
10  CC 2463 2961
26
50  CC 1737 2949
30  CC 2684 2953
10  CC 2900 2936
27
50  CC 4340 2965
28
50  CC 8178 2956
29
50  CC 4219 2937
30  CC 4225 2952
10  CC 4957 2955
30
50  CC 3806 2944
30  CC 3850 2963
31
80  CC 4707 2943
32
80  CC 3128 2964
40  CC 3500 2934
0  CC 4581 2947
34
80  CC 2484 2950
35
50  CC 2038 2939
30  CC 2359 2959
10  CC 2694 2961
36
50  CC 1658 2949
30  CC 2789 2941
37
50  CC 3522 2938
30  CC 3640 2957
38
50  CC 3847 2948
39
50  CC 3449 2954
30  CC 3895 2942
10  CC 4238 2952
40
50  CC 3527 2944
30  CC 4050 2963
41
50  CC 4125 2943
42
50  CC 2822 2964
30  CC 3266 2934
10  CC 4269 2935
43
50  CC 3131 2951
44
50  CC 2945 2950
45
50  CC 2420 2939
30  CC 2485 2958
10  CC 2827 2961
46
50  CC 2719 2936
30  CC 2841 2941
10  CC 2912 2953
47
50  CC 4600 2965
48
50  CC 4097 2948
49
50  CC 3807 2954
30  CC 4456 2942
10  CC 5294 2955
50
50  CC 4108 2963
51
50  CC 5260 2943
52
50  CC 3294 2964
30  CC 4506 2947
10  CC 4563 2935
56
50  CC 19707 1970
57
50  CC 15841 1971
59
50  CC 13789 1972
SCORE:ALT,CC,0,3640,-364.0
