ALT-OMST
1
50  OMST 11741 3251
2
50  OMST 8160 3253
30  OMST 11720 3256
3
50  OMST 8244 3275
4
50  OMST 12479 3247
5
50  OMST 7843 3258
6
50  OMST 8919 3263
7
50  OMST 7093 3269
30  OMST 7725 3285
8
50  OMST 6319 3274
9
50  OMST 4425 3259
10
50  OMST 6597 3248
30  OMST 7467 3252
11
50  OMST 2477 3286
30  OMST 2692 3260
10  OMST 2700 3255
12
50  OMST 2603 3284
30  OMST 3575 3245
13
50  OMST 5372 3268
30  OMST 6491 3277
10  OMST 7200 3272
14
50  OMST 3975 3261
30  OMST 4353 3256
10  OMST 5697 3280
15
50  OMST 3544 3279
30  OMST 4501 3262
16
50  OMST 3447 3266
30  OMST 4120 3283
10  OMST 4575 3249
17
50  OMST 8269 3271
30  OMST 9440 3281
10  OMST 9734 3254
18
50  OMST 7259 3257
30  OMST 9822 3273
19
50  OMST 6744 3285
20
50  OMST 7432 3288
21
50  OMST 4632 3259
23
50  OMST 3056 3286
30  OMST 4035 3289
10  OMST 4074 3260
24
50  OMST 3206 3284
25
50  OMST 2406 3251
30  OMST 2784 3268
10  OMST 3173 3277
26
50  OMST 1790 3253
30  OMST 2566 3261
10  OMST 2765 3246
27
50  OMST 3878 3275
30  OMST 4726 3279
10  OMST 4800 3262
28
50  OMST 5844 3283
30  OMST 6204 3249
29
50  OMST 3722 3258
30  OMST 4518 3271
10  OMST 4688 3265
30
50  OMST 4116 3263
30  OMST 5097 3273
31
80  OMST 3750 3285
32
80  OMST 4363 3288
40  OMST 6905 3267
33
80  OMST 4259 3289
35
50  OMST 2550 3251
30  OMST 3109 3268
36
50  OMST 1563 3253
30  OMST 2553 3256
37
50  OMST 4713 3279
30  OMST 5228 3262
38
50  OMST 6100 3283
30  OMST 7372 3247
39
50  OMST 3721 3258
30  OMST 4880 3271
10  OMST 5750 3287
40
50  OMST 3669 3257
41
50  OMST 3053 3269
42
50  OMST 2766 3274
30  OMST 4310 3288
43
50  OMST 4881 3260
30  OMST 7537 3264
44
50  OMST 3195 3284
46
50  OMST 2777 3246
47
50  OMST 4560 3275
48
50  OMST 4907 3266
30  OMST 5397 3249
10  OMST 6220 3247
49
50  OMST 5025 3265
30  OMST 5644 3254
10  OMST 5716 3281
50
50  OMST 6900 3273
51
50  OMST 3703 3269
52
50  OMST 3415 3274
54
50  OMST 12837 2003
55
50  OMST 27406 2004
56
50  OMST 16499 2005
58
50  OMST 17262 2007
59
50  OMST 15246 2008
61
50  OMST 12078 2009
SCORE:ALT,OMST,0,3820,-382.0
