ALT-WW
1
50  WW 9347 1645
30  WW 13828 1598
2
50  WW 11716 1597
30  WW 12762 1592
10  WW 14049 1606
3
50  WW 9519 1584
30  WW 9887 1634
10  WW 12141 1610
4
50  WW 10807 1577
30  WW 11487 1587
10  WW 11850 1604
5
50  WW 8091 1544
30  WW 8587 1626
10  WW 8612 1595
6
50  WW 7547 1643
30  WW 9959 1576
7
50  WW 7781 1616
30  WW 9163 1640
8
50  WW 6700 1585
30  WW 7888 1550
10  WW 7994 1627
9
50  WW 3607 1555
10
50  WW 2803 1591
30  WW 4153 1615
10  WW 4281 1593
11
50  WW 1959 1580
30  WW 2100 1573
10  WW 2471 1644
12
50  WW 2186 1619
30  WW 2438 1561
10  WW 2463 1635
13
50  WW 3890 1589
30  WW 4283 1638
10  WW 4853 1546
14
50  WW 4059 1552
30  WW 4381 1569
10  WW 4538 1623
15
50  WW 3228 1625
30  WW 3729 1584
10  WW 4216 1578
16
50  WW 3762 1605
30  WW 4147 1587
10  WW 4232 1564
17
50  WW 6844 1581
30  WW 6869 1618
10  WW 9438 1559
18
50  WW 7106 1583
30  WW 9689 1607
19
50  WW 6303 1551
30  WW 7506 1562
10  WW 10972 1558
20
50  WW 6309 1582
30  WW 6444 1565
10  WW 7222 1627
21
50  WW 4309 1555
22
50  WW 5181 1591
30  WW 5769 1615
10  WW 6866 1593
23
50  WW 2472 1580
30  WW 3306 1539
10  WW 3509 1614
24
50  WW 3006 1635
30  WW 3325 1619
10  WW 3415 1541
25
50  WW 2100 1645
30  WW 2475 1589
10  WW 2518 1598
26
50  WW 2428 1569
30  WW 2609 1623
10  WW 2644 1592
27
50  WW 4756 1634
30  WW 5269 1578
10  WW 5391 1632
28
50  WW 4644 1605
30  WW 5342 1577
10  WW 5388 1564
29
50  WW 3622 1618
30  WW 3709 1595
10  WW 3993 1553
30
50  WW 3488 1643
30  WW 3675 1583
10  WW 5000 1576
31
80  WW 3531 1551
40  WW 3584 1616
0  WW 4031 1640
32
80  WW 3043 1585
40  WW 3605 1582
0  WW 3766 1565
33
80  WW 2604 1573
40  WW 3637 1621
0  WW 4053 1614
34
80  WW 3675 1635
35
50  WW 1864 1645
30  WW 2529 1638
10  WW 2996 1560
36
50  WW 2463 1639
30  WW 2991 1623
10  WW 3288 1592
37
50  WW 3816 1625
30  WW 3966 1572
10  WW 4694 1543
38
50  WW 4303 1636
30  WW 5550 1577
39
50  WW 3473 1618
30  WW 3593 1581
10  WW 3706 1595
40
50  WW 3459 1643
30  WW 4190 1576
41
50  WW 3331 1616
30  WW 3788 1640
10  WW 3844 1562
42
50  WW 2879 1585
30  WW 3316 1565
10  WW 3472 1550
43
50  WW 2591 1573
30  WW 3260 1601
10  WW 3675 1621
44
50  WW 3581 1620
30  WW 7800 1593
45
50  WW 2350 1589
30  WW 2469 1638
10  WW 2637 1542
46
50  WW 2640 1552
30  WW 2721 1629
10  WW 3502 1606
47
50  WW 4207 1625
30  WW 4327 1572
10  WW 4363 1584
48
50  WW 4466 1636
30  WW 5481 1605
10  WW 6525 1628
49
50  WW 3978 1544
30  WW 4063 1581
10  WW 4550 1637
50
50  WW 4181 1583
51
50  WW 3768 1551
30  WW 4440 1596
10  WW 6650 1558
52
50  WW 3665 1608
30  WW 3700 1582
10  WW 3838 1550
53
50  WW 11534 1795
54
50  WW 9416 1776
55
50  WW 17160 1779
56
50  WW 18144 1782
57
50  WW 14228 1784
58
50  WW 20981 1788
59
50  WW 12400 1789
60
50  WW 13835 1791
61
50  WW 11479 1792
SCORE:ALT,WW,0,5020,-502.0
