ALT-SL
1
50  SL 11744 2907
2
50  SL 8346 2877
30  SL 8361 2923
3
50  SL 8950 2918
30  SL 9075 2884
10  SL 9347 2920
4
50  SL 9534 2909
5
50  SL 7340 2901
30  SL 7391 2928
10  SL 9206 2915
6
50  SL 7120 2921
30  SL 7529 2886
10  SL 7588 2883
8
50  SL 7163 2917
9
50  SL 5934 2911
30  SL 5950 2896
10  SL 6170 2892
10
50  SL 4113 2913
30  SL 4840 2875
11
50  SL 1652 2876
30  SL 1699 2908
10  SL 1840 2885
12
50  SL 1650 2874
30  SL 2522 2922
10  SL 3010 2906
13
50  SL 4839 2905
30  SL 5380 2881
10  SL 5388 2933
14
50  SL 3409 2923
30  SL 4400 2894
15
50  SL 3377 2884
30  SL 3550 2920
10  SL 3600 2918
16
50  SL 3384 2909
30  SL 3680 2880
10  SL 4277 2931
17
50  SL 6280 2928
30  SL 6354 2901
10  SL 8231 2915
18
50  SL 6249 2921
30  SL 6403 2883
10  SL 7270 2932
20
50  SL 5976 2917
30  SL 7788 2925
23
50  SL 1968 2876
30  SL 2090 2908
10  SL 2282 2885
24
50  SL 2070 2874
30  SL 4209 2878
10  SL 4992 2898
25
50  SL 2450 2907
30  SL 2592 2905
10  SL 2964 2933
26
50  SL 1912 2877
30  SL 2043 2899
10  SL 2310 2894
27
50  SL 4425 2918
30  SL 4534 2897
10  SL 4710 2912
28
50  SL 4029 2909
30  SL 5410 2880
10  SL 5932 2931
29
50  SL 3388 2928
30  SL 4860 2902
30
50  SL 3439 2883
30  SL 4214 2932
10  SL 4382 2904
32
80  SL 3410 2917
40  SL 5208 2925
33
80  SL 1860 2876
40  SL 2121 2908
0  SL 2362 2885
34
80  SL 2033 2874
35
50  SL 2492 2907
30  SL 2657 2905
36
50  SL 1757 2877
30  SL 2149 2899
10  SL 2374 2894
37
50  SL 4031 2920
30  SL 5065 2897
38
50  SL 4922 2909
30  SL 5777 2880
10  SL 6623 2931
39
50  SL 3265 2928
30  SL 3427 2901
10  SL 4104 2915
40
50  SL 4456 2932
42
50  SL 2859 2917
43
50  SL 2284 2876
30  SL 2790 2885
44
50  SL 2286 2874
45
50  SL 2892 2907
30  SL 3801 2881
46
50  SL 1938 2923
30  SL 2446 2899
47
50  SL 4651 2912
30  SL 4742 2918
10  SL 5238 2920
48
50  SL 6701 2931
30  SL 6857 2880
49
50  SL 3903 2901
30  SL 4117 2916
10  SL 4626 2902
50
50  SL 3447 2921
30  SL 3884 2904
53
50  SL 23862 1969
54
50  SL 11727 1961
55
50  SL 20788 1963
56
50  SL 15044 1965
57
50  SL 15791 1966
59
50  SL 15156 1967
60
50  SL 12371 1968
SCORE:ALT,SL,0,4000,-400.0
