ALT-WAW
1
50  WAW 9200 1022
30  WAW 11537 930
2
50  WAW 8528 1033
30  WAW 10693 964
10  WAW 12492 926
3
50  WAW 9045 931
30  WAW 9818 950
4
50  WAW 7781 940
5
50  WAW 7833 908
30  WAW 8719 1004
10  WAW 9249 991
6
50  WAW 6684 904
30  WAW 7572 1032
7
50  WAW 7606 975
30  WAW 10288 957
8
50  WAW 6267 1012
30  WAW 7387 1026
10  WAW 7867 968
9
50  WAW 2516 959
30  WAW 4256 933
10  WAW 4412 913
10
50  WAW 2569 916
30  WAW 3534 947
10  WAW 4040 932
11
50  WAW 1876 1021
30  WAW 2419 1011
10  WAW 2690 907
12
50  WAW 2056 961
30  WAW 2233 956
10  WAW 2447 945
13
50  WAW 3626 939
30  WAW 5413 989
10  WAW 5717 934
14
50  WAW 3897 964
30  WAW 4081 996
10  WAW 4251 912
15
50  WAW 3166 938
30  WAW 4014 950
10  WAW 4039 918
16
50  WAW 4262 998
30  WAW 6797 993
10  WAW 7060 903
17
50  WAW 7038 929
30  WAW 7763 909
10  WAW 8048 1023
18
50  WAW 6524 1030
30  WAW 7990 943
10  WAW 8181 951
19
50  WAW 7012 975
30  WAW 8919 957
10  WAW 10325 1018
20
50  WAW 6546 1026
30  WAW 7147 948
10  WAW 7310 937
21
50  WAW 3312 959
30  WAW 4987 913
10  WAW 5907 933
22
50  WAW 3255 916
30  WAW 3816 947
10  WAW 6113 960
23
50  WAW 2516 1021
30  WAW 3094 980
10  WAW 3458 981
24
50  WAW 2659 902
30  WAW 2953 956
10  WAW 3110 911
25
50  WAW 2369 906
30  WAW 2753 955
10  WAW 2789 1015
26
50  WAW 1809 915
30  WAW 2300 996
10  WAW 2371 926
27
50  WAW 4452 918
30  WAW 5397 1013
10  WAW 5547 1029
28
50  WAW 3533 940
30  WAW 8559 993
10  WAW 9011 903
29
50  WAW 3721 929
30  WAW 5483 969
10  WAW 5694 953
30
50  WAW 3430 1030
30  WAW 5037 1010
31
80  WAW 5869 1018
32
80  WAW 3298 976
40  WAW 3409 948
0  WAW 3836 937
35
50  WAW 2463 906
30  WAW 2667 955
36
50  WAW 1765 915
30  WAW 2451 1031
37
50  WAW 3497 938
30  WAW 4319 970
10  WAW 6625 1028
38
50  WAW 3681 940
30  WAW 5851 998
39
50  WAW 3972 1004
30  WAW 4388 991
40
50  WAW 2938 904
30  WAW 4697 951
41
50  WAW 3582 971
42
50  WAW 2976 976
30  WAW 3246 1026
10  WAW 3267 968
43
50  WAW 2456 1021
30  WAW 3985 925
44
50  WAW 3223 902
30  WAW 4112 945
45
50  WAW 2035 1022
30  WAW 2119 939
10  WAW 2477 930
46
50  WAW 1937 1033
30  WAW 2572 912
10  WAW 2959 1024
47
50  WAW 4628 931
30  WAW 4840 950
10  WAW 4857 970
48
50  WAW 5776 998
49
50  WAW 4032 908
30  WAW 4501 909
10  WAW 4536 1023
50
50  WAW 3637 1032
30  WAW 4833 943
10  WAW 5357 1010
51
50  WAW 3975 971
30  WAW 4857 957
10  WAW 5494 1018
52
50  WAW 3347 1012
30  WAW 3827 948
10  WAW 4470 937
53
50  WAW 14403 1722
54
50  WAW 9827 1709
55
50  WAW 16351 1711
56
50  WAW 15537 1713
57
50  WAW 14803 1715
58
50  WAW 30791 1717
59
50  WAW 13606 1718
60
50  WAW 11946 1720
61
50  WAW 11575 1721
SCORE:ALT,WAW,0,4730,-473.0
