ALT-CVST
1
50  CVST 11587 2418
30  CVST 13418 2455
10  CVST 13517 2424
2
50  CVST 12734 2437
30  CVST 12739 2416
10  CVST 14447 2421
3
50  CVST 10802 2463
30  CVST 11369 2448
10  CVST 12591 2462
4
50  CVST 9787 2472
30  CVST 10762 2415
10  CVST 12007 2408
5
50  CVST 8095 2417
30  CVST 10977 2423
10  CVST 10988 2442
6
50  CVST 10273 2480
30  CVST 10653 2474
7
50  CVST 8300 2486
30  CVST 9113 2471
10  CVST 9977 2428
8
50  CVST 7131 2460
9
50  CVST 5503 2431
10
50  CVST 4087 2450
11
50  CVST 2134 2473
30  CVST 2340 2433
10  CVST 2530 2427
12
50  CVST 2072 2430
30  CVST 2494 2479
10  CVST 2538 2453
13
50  CVST 4397 2469
30  CVST 4878 2455
10  CVST 5113 2424
14
50  CVST 4356 2416
30  CVST 4514 2466
10  CVST 4633 2413
15
50  CVST 3928 2463
30  CVST 4175 2482
10  CVST 4384 2465
16
50  CVST 3974 2415
30  CVST 3988 2483
10  CVST 4405 2481
17
50  CVST 7332 2417
30  CVST 8221 2454
10  CVST 9380 2442
18
50  CVST 9025 2474
30  CVST 9203 2458
10  CVST 10007 2411
19
50  CVST 7231 2447
30  CVST 7352 2486
10  CVST 7602 2467
20
50  CVST 6471 2460
30  CVST 7039 2475
10  CVST 7999 2457
22
50  CVST 7122 2450
23
50  CVST 2512 2473
30  CVST 2834 2464
10  CVST 2993 2461
24
50  CVST 2544 2430
30  CVST 3310 2453
10  CVST 3415 2479
25
50  CVST 2453 2418
30  CVST 2882 2469
10  CVST 3226 2409
26
50  CVST 2446 2466
30  CVST 2693 2437
10  CVST 2996 2421
27
50  CVST 4985 2448
30  CVST 5287 2465
10  CVST 5401 2482
28
50  CVST 4787 2472
30  CVST 5099 2408
10  CVST 5134 2481
29
50  CVST 4394 2454
30  CVST 4825 2423
10  CVST 6525 2434
30
50  CVST 5015 2474
30  CVST 5300 2411
10  CVST 5356 2458
31
80  CVST 3768 2467
40  CVST 4033 2447
0  CVST 4566 2428
32
80  CVST 3903 2443
40  CVST 3967 2475
0  CVST 4660 2457
33
80  CVST 2497 2473
40  CVST 3566 2461
34
80  CVST 2670 2430
35
50  CVST 2464 2418
30  CVST 2891 2424
10  CVST 2925 2478
36
50  CVST 2475 2413
30  CVST 2943 2466
10  CVST 3721 2449
37
50  CVST 5131 2463
30  CVST 6066 2477
10  CVST 8517 2410
38
50  CVST 5369 2472
30  CVST 5604 2415
10  CVST 6528 2422
39
50  CVST 3459 2417
30  CVST 4433 2454
10  CVST 5262 2423
40
50  CVST 4744 2480
30  CVST 5309 2458
41
50  CVST 3789 2486
30  CVST 3790 2447
10  CVST 3822 2467
42
50  CVST 4069 2475
30  CVST 4834 2407
10  CVST 4907 2457
43
50  CVST 3090 2433
30  CVST 3214 2414
10  CVST 4210 2427
44
50  CVST 3410 2429
45
50  CVST 2777 2478
30  CVST 2878 2469
10  CVST 3432 2435
46
50  CVST 2589 2437
30  CVST 2769 2416
10  CVST 3119 2413
47
50  CVST 5630 2459
30  CVST 5639 2448
10  CVST 5749 2465
48
50  CVST 5286 2408
30  CVST 6513 2481
10  CVST 7375 2483
49
50  CVST 4415 2417
30  CVST 4738 2442
10  CVST 6327 2434
50
50  CVST 4978 2480
30  CVST 5988 2411
51
50  CVST 4631 2471
30  CVST 5069 2456
10  CVST 5203 2428
52
50  CVST 3446 2460
30  CVST 5103 2443
54
50  CVST 9359 1890
55
50  CVST 19053 1892
56
50  CVST 18637 1894
57
50  CVST 17503 1896
58
50  CVST 17620 1898
59
50  CVST 17112 1900
60
50  CVST 15547 1901
61
50  CVST 12697 1902
SCORE:ALT,CVST,0,4830,-483.0
