ALT-HH
1
50  HH 10833 2255
30  HH 10937 2250
10  HH 11558 2276
2
50  HH 11531 2218
30  HH 12748 2221
10  HH 14319 2273
3
50  HH 8407 2211
30  HH 9578 2285
10  HH 10851 2254
4
50  HH 11712 2279
30  HH 11944 2266
10  HH 12150 2241
5
50  HH 7706 2236
30  HH 7812 2240
10  HH 8182 2224
6
50  HH 8663 2233
30  HH 9413 2227
10  HH 10125 2269
7
50  HH 7733 2237
30  HH 8933 2246
10  HH 9082 2206
8
50  HH 7209 2235
30  HH 8647 2270
10  HH 9052 2252
9
50  HH 4109 2220
30  HH 5221 2214
10
50  HH 3377 2222
30  HH 3744 2225
10  HH 6128 2290
11
50  HH 2287 2212
30  HH 2390 2230
10  HH 2678 2213
12
50  HH 2565 2260
30  HH 2600 2219
10  HH 2831 2226
13
50  HH 4202 2249
30  HH 4503 2255
10  HH 4897 2287
14
50  HH 4512 2221
30  HH 4875 2284
10  HH 5384 2200
15
50  HH 3227 2211
30  HH 3926 2286
10  HH 3939 2209
16
50  HH 3967 2266
30  HH 4259 2248
10  HH 4571 2279
17
50  HH 6947 2240
30  HH 7712 2223
10  HH 7895 2253
18
50  HH 8103 2227
30  HH 9845 2204
10  HH 9954 2271
19
50  HH 6752 2237
30  HH 7974 2206
10  HH 8820 2217
20
50  HH 6551 2234
30  HH 7927 2270
10  HH 8334 2228
21
50  HH 5075 2214
30  HH 5333 2220
22
50  HH 5363 2225
30  HH 5694 2222
10  HH 7483 2290
23
50  HH 3027 2289
30  HH 3149 2230
10  HH 3640 2212
24
50  HH 4215 2274
30  HH 4388 2283
10  HH 4440 2219
25
50  HH 2290 2255
30  HH 2331 2249
10  HH 2850 2267
26
50  HH 2983 2259
30  HH 3021 2229
10  HH 3315 2275
27
50  HH 5237 2209
30  HH 5608 2257
10  HH 6394 2238
28
50  HH 4889 2248
30  HH 5064 2266
10  HH 5677 2241
29
50  HH 3628 2236
30  HH 3878 2223
10  HH 3909 2224
30
50  HH 4996 2269
30  HH 5063 2227
10  HH 6102 2271
31
80  HH 3649 2237
40  HH 4100 2246
0  HH 4405 2217
32
80  HH 3688 2235
40  HH 4219 2270
0  HH 4509 2228
33
80  HH 3238 2212
40  HH 3519 2230
0  HH 3922 2289
34
80  HH 4222 2260
40  HH 5513 2239
35
50  HH 1913 2263
30  HH 2028 2249
10  HH 2307 2250
36
50  HH 2421 2218
30  HH 2652 2221
10  HH 2864 2273
37
50  HH 3806 2211
30  HH 4734 2285
10  HH 4809 2286
38
50  HH 5450 2268
30  HH 5463 2248
10  HH 5563 2279
39
50  HH 3508 2240
30  HH 3614 2224
10  HH 3709 2223
40
50  HH 4760 2269
30  HH 5189 2204
10  HH 5371 2271
41
50  HH 3301 2237
30  HH 3977 2246
10  HH 4113 2206
42
50  HH 3522 2234
30  HH 3852 2270
10  HH 3969 2252
43
50  HH 4070 2198
30  HH 4343 2291
10  HH 4749 2265
45
50  HH 2358 2250
30  HH 2470 2263
10  HH 2633 2276
46
50  HH 2822 2218
30  HH 3170 2273
10  HH 3302 2215
47
50  HH 4890 2285
30  HH 5928 2197
10  HH 6047 2203
49
50  HH 3832 2236
30  HH 4790 2278
10  HH 4977 2280
50
50  HH 5039 2271
30  HH 6403 2201
51
50  HH 4534 2246
30  HH 6394 2199
52
50  HH 3701 2234
30  HH 3822 2235
10  HH 4650 2252
53
50  HH 18253 1874
54
50  HH 11083 1862
55
50  HH 17450 1864
56
50  HH 20332 1866
57
50  HH 15031 1868
58
50  HH 18633 1869
59
50  HH 13502 1870
61
50  HH 12364 1873
SCORE:ALT,HH,0,4980,-498.0
