ALT-HSC
1
50  HSC 12582 3422
2
50  HSC 13133 3465
30  HSC 13628 3436
3
50  HSC 10519 3445
4
50  HSC 8441 3463
5
50  HSC 7740 3466
30  HSC 7854 3424
10  HSC 9238 3429
6
50  HSC 7907 3446
30  HSC 8508 3458
7
50  HSC 8442 3457
30  HSC 8729 3447
8
50  HSC 6592 3462
30  HSC 7912 3461
10  HSC 9552 3419
9
50  HSC 5143 3442
30  HSC 5829 3441
10  HSC 10977 3443
10
50  HSC 3999 3459
11
50  HSC 1977 3430
30  HSC 2019 3464
10  HSC 2923 3431
12
50  HSC 3999 3459
30  HSC 4838 3452
13
50  HSC 4509 3422
30  HSC 4704 3467
10  HSC 5583 3440
14
50  HSC 4084 3420
30  HSC 4704 3465
10  HSC 5517 3450
15
50  HSC 3963 3445
30  HSC 5148 3425
16
50  HSC 3251 3453
30  HSC 3253 3463
10  HSC 3521 3421
17
50  HSC 6734 3466
30  HSC 6821 3424
10  HSC 7172 3444
18
50  HSC 6803 3423
30  HSC 7347 3458
10  HSC 8261 3432
19
50  HSC 7373 3448
30  HSC 7776 3447
20
50  HSC 5558 3462
30  HSC 5947 3460
10  HSC 6588 3454
21
50  HSC 5788 3441
30  HSC 7357 3442
10  HSC 17095 3443
22
50  HSC 8421 3459
23
50  HSC 2976 3430
30  HSC 3307 3456
10  HSC 3944 3431
24
50  HSC 4538 3452
30  HSC 8421 3459
25
50  HSC 2488 3422
30  HSC 3235 3440
26
50  HSC 2844 3420
30  HSC 2852 3465
10  HSC 3524 3450
27
50  HSC 6280 3425
28
50  HSC 4294 3421
30  HSC 4380 3453
10  HSC 4906 3435
29
50  HSC 3789 3444
30  HSC 5238 3434
10  HSC 9505 3433
30
50  HSC 3802 3446
30  HSC 3893 3423
10  HSC 5022 3432
31
80  HSC 3913 3448
40  HSC 4225 3447
32
80  HSC 3721 3461
40  HSC 4294 3454
0  HSC 4373 3419
36
50  HSC 3654 3436
37
50  HSC 4920 3445
38
50  HSC 4317 3453
39
50  HSC 3635 3424
30  HSC 3875 3444
10  HSC 4412 3429
40
50  HSC 3304 3446
30  HSC 3927 3423
41
50  HSC 3312 3457
30  HSC 4225 3448
42
50  HSC 2639 3462
30  HSC 2925 3460
10  HSC 3327 3454
43
50  HSC 2932 3430
30  HSC 3033 3464
10  HSC 3675 3431
45
50  HSC 3075 3440
46
50  HSC 3058 3420
30  HSC 3123 3436
47
50  HSC 6262 3445
48
50  HSC 4691 3463
30  HSC 5188 3435
10  HSC 6285 3421
49
50  HSC 4065 3466
30  HSC 4831 3429
10  HSC 5062 3434
50
50  HSC 4279 3423
30  HSC 4618 3432
10  HSC 5319 3458
51
50  HSC 4470 3448
30  HSC 4532 3457
52
50  HSC 3407 3460
30  HSC 3845 3454
10  HSC 4113 3461
56
50  HSC 19928 2040
58
50  HSC 15277 2041
59
50  HSC 12869 2042
60
50  HSC 12747 2043
61
50  HSC 12104 2044
SCORE:ALT,HSC,0,4070,-407.0
