ALT-CASC
1
50  CASC 10350 2559
3
50  CASC 8249 2560
30  CASC 9192 2568
10  CASC 10382 2591
4
50  CASC 9625 2570
30  CASC 9843 2565
7
50  CASC 7566 2596
8
50  CASC 6676 2589
30  CASC 7000 2582
10  CASC 7362 2566
9
50  CASC 4132 2558
11
50  CASC 3012 2590
30  CASC 4024 2575
10  CASC 4919 2572
12
50  CASC 1967 2569
30  CASC 2387 2571
10  CASC 4526 2579
13
50  CASC 5127 2583
30  CASC 5346 2562
14
50  CASC 3920 2567
30  CASC 4271 2592
10  CASC 4516 2564
15
50  CASC 3326 2560
30  CASC 3459 2595
10  CASC 3795 2576
16
50  CASC 3723 2565
30  CASC 3791 2570
10  CASC 4378 2584
19
50  CASC 7263 2581
20
50  CASC 5976 2589
30  CASC 6106 2585
10  CASC 6517 2593
21
50  CASC 4897 2558
23
50  CASC 3091 2590
30  CASC 5254 2572
10  CASC 5721 2575
24
50  CASC 2707 2569
30  CASC 2839 2571
10  CASC 5905 2579
25
50  CASC 2255 2559
30  CASC 2664 2562
10  CASC 3061 2583
26
50  CASC 2159 2567
30  CASC 2461 2561
10  CASC 2643 2564
27
50  CASC 4156 2595
30  CASC 4365 2568
10  CASC 4599 2580
28
50  CASC 5026 2573
30  CASC 5736 2584
31
80  CASC 3307 2596
40  CASC 3897 2581
32
80  CASC 3368 2582
40  CASC 3454 2593
0  CASC 3535 2585
35
50  CASC 2100 2559
30  CASC 3109 2583
36
50  CASC 2600 2561
30  CASC 2771 2592
10  CASC 2843 2564
37
50  CASC 3762 2560
30  CASC 4798 2580
38
50  CASC 6298 2573
41
50  CASC 3334 2596
30  CASC 4049 2594
42
50  CASC 3113 2593
30  CASC 3183 2585
10  CASC 3367 2566
43
50  CASC 4173 2590
44
50  CASC 2689 2569
45
50  CASC 2417 2559
30  CASC 2814 2583
10  CASC 3964 2562
46
50  CASC 2299 2567
30  CASC 2747 2592
10  CASC 2795 2561
47
50  CASC 4506 2568
30  CASC 4766 2595
10  CASC 5298 2574
48
50  CASC 4834 2565
30  CASC 6075 2584
51
50  CASC 4516 2594
30  CASC 4555 2581
52
50  CASC 3417 2589
30  CASC 3541 2585
10  CASC 3601 2593
54
50  CASC 12204 1913
56
50  CASC 18359 1914
57
50  CASC 14158 1915
58
50  CASC 16135 1917
61
50  CASC 12488 1918
SCORE:ALT,CASC,0,3240,-324.0
