ALT-TVT
1
50  TVT 11250 1868
30  TVT 11778 1909
10  TVT 12956 1920
2
50  TVT 9773 1951
30  TVT 10577 1856
10  TVT 11309 1879
3
50  TVT 7662 1866
30  TVT 8557 1845
10  TVT 9372 1913
4
50  TVT 9433 1917
30  TVT 11734 1880
10  TVT 12108 1886
5
50  TVT 7571 1867
6
50  TVT 7397 1888
30  TVT 7590 1911
10  TVT 13171 1905
7
50  TVT 9332 1900
30  TVT 9869 1844
8
50  TVT 6297 1874
30  TVT 8188 1860
10  TVT 9124 1889
9
50  TVT 4928 1875
30  TVT 5723 1865
10  TVT 6124 1870
10
50  TVT 3245 1950
30  TVT 3347 1908
10  TVT 5460 1948
11
50  TVT 2259 1952
30  TVT 2350 1890
10  TVT 2359 1892
12
50  TVT 2033 1946
30  TVT 2513 1903
10  TVT 2745 1935
13
50  TVT 4097 1868
30  TVT 4514 1853
10  TVT 5450 1944
14
50  TVT 3875 1951
30  TVT 4012 1879
10  TVT 4844 1901
15
50  TVT 3063 1866
30  TVT 3357 1845
10  TVT 3963 1861
16
50  TVT 4169 1880
30  TVT 4566 1886
10  TVT 4569 1943
17
50  TVT 6991 1867
30  TVT 7376 1910
18
50  TVT 6400 1911
30  TVT 6771 1888
10  TVT 11457 1905
19
50  TVT 8321 1900
20
50  TVT 5377 1899
30  TVT 5753 1874
10  TVT 7783 1947
21
50  TVT 4982 1875
30  TVT 6514 1865
10  TVT 6537 1870
22
50  TVT 3774 1908
30  TVT 4170 1950
10  TVT 5940 1839
23
50  TVT 2634 1892
30  TVT 2684 1952
10  TVT 2980 1890
24
50  TVT 2567 1946
30  TVT 3113 1935
10  TVT 3182 1903
25
50  TVT 2553 1909
30  TVT 2657 1853
10  TVT 2985 1944
26
50  TVT 2397 1898
30  TVT 2513 1907
10  TVT 3003 1912
27
50  TVT 4013 1845
30  TVT 4915 1859
10  TVT 5325 1878
28
50  TVT 5289 1880
30  TVT 7253 1943
29
50  TVT 3845 1910
30  TVT 5952 1897
30
50  TVT 3535 1888
30  TVT 3733 1911
10  TVT 6939 1905
31
80  TVT 4059 1900
32
80  TVT 2849 1899
40  TVT 3656 1860
0  TVT 4069 1947
33
80  TVT 2840 1952
40  TVT 3641 1890
34
80  TVT 2670 1946
40  TVT 3389 1896
35
50  TVT 2166 1868
30  TVT 2603 1909
10  TVT 2989 1920
36
50  TVT 2050 1856
30  TVT 2078 1951
10  TVT 2336 1898
37
50  TVT 3427 1866
30  TVT 4109 1913
10  TVT 4780 1916
38
50  TVT 4381 1917
30  TVT 7064 1848
39
50  TVT 3496 1867
40
50  TVT 3217 1888
42
50  TVT 2764 1899
30  TVT 2776 1874
10  TVT 3737 1889
43
50  TVT 3133 1952
30  TVT 3244 1892
10  TVT 3675 1890
44
50  TVT 2528 1946
30  TVT 3303 1896
10  TVT 3571 1903
45
50  TVT 2798 1853
30  TVT 3004 1920
10  TVT 3976 1849
46
50  TVT 2600 1856
30  TVT 2637 1907
10  TVT 2667 1879
47
50  TVT 4616 1913
30  TVT 4678 1916
10  TVT 5321 1861
48
50  TVT 5013 1917
30  TVT 5643 1886
49
50  TVT 4377 1910
30  TVT 7524 1897
50
50  TVT 3877 1911
51
50  TVT 4934 1885
52
50  TVT 3306 1874
30  TVT 3969 1860
10  TVT 4577 1947
53
50  TVT 16803 1828
54
50  TVT 12231 1815
55
50  TVT 19785 1818
56
50  TVT 17443 1820
57
50  TVT 14320 1822
58
50  TVT 17419 1825
59
50  TVT 15096 1826
61
50  TVT 13181 1827
SCORE:ALT,TVT,0,4760,-476.0
