AND-FR
1
50  FR 9756 1771
30  AND 9931 1090
10  AND 10053 1040
2
50  FR 14198 1805
30  AND 15182 1134
3
50  AND 8533 1041
30  FR 9077 1829
10  AND 9628 1059
4
50  FR 7209 1825
30  AND 8178 1089
10  AND 8422 1120
5
50  AND 7363 1095
30  FR 7641 1767
10  AND 9390 1124
6
50  AND 8681 1127
30  FR 8712 1781
10  AND 8847 1045
7
50  AND 7909 1094
30  FR 8011 1828
10  FR 9367 1769
8
50  FR 7819 1749
30  AND 8629 1101
9
50  AND 4037 1072
30  AND 4153 1046
10  FR 4226 1823
10
50  AND 3468 1139
30  AND 4798 1146
10  AND 5266 1143
11
50  FR 2003 1815
30  AND 2150 1034
10  AND 2224 1105
12
50  FR 2009 1740
30  FR 2057 1770
10  AND 2387 1066
13
50  AND 3820 1054
30  AND 3843 1107
10  AND 4206 1171
14
50  AND 4141 1080
30  AND 5012 1163
10  FR 5036 1794
15
50  AND 3380 1122
30  FR 3487 1785
10  AND 3537 1059
16
50  FR 2909 1825
30  AND 3513 1079
10  FR 3730 1826
17
50  AND 6284 1121
30  AND 6286 1095
10  AND 7659 1161
18
50  AND 7423 1127
30  FR 7796 1831
10  FR 7883 1756
19
50  FR 6978 1828
30  AND 7168 1108
10  AND 7177 1137
20
50  AND 5943 1125
30  AND 7119 1116
10  AND 7226 1118
21
50  AND 4686 1072
30  AND 4868 1174
10  FR 4902 1798
22
50  AND 4911 1139
30  AND 4974 1143
10  FR 5597 1775
23
50  FR 2359 1815
30  FR 2628 1778
10  AND 2751 1034
24
50  FR 2369 1740
30  AND 2843 1066
10  FR 3435 1746
25
50  AND 2055 1044
30  FR 2137 1771
10  AND 2282 1171
26
50  FR 2488 1837
30  AND 2596 1035
10  AND 2827 1080
27
50  AND 3713 1122
30  AND 4077 1041
10  FR 4456 1785
28
50  AND 3865 1120
30  FR 4469 1826
10  AND 4801 1053
29
50  FR 3559 1767
30  AND 3901 1068
10  AND 4043 1124
30
50  FR 4107 1781
30  FR 4263 1831
10  AND 4322 1127
31
80  FR 3485 1765
40  AND 3907 1108
0  AND 4229 1113
32
80  AND 3183 1125
40  FR 3537 1749
0  AND 3636 1118
33
80  FR 2371 1815
40  FR 2673 1820
0  FR 3068 1778
34
80  FR 2468 1740
40  FR 2562 1770
0  FR 4457 1789
35
50  AND 1935 1090
30  AND 1953 1040
10  FR 2038 1771
36
50  AND 2289 1035
30  AND 3035 1163
10  AND 3543 1075
37
50  AND 3932 1122
30  AND 3956 1059
10  FR 4082 1785
38
50  FR 3378 1825
30  AND 3591 1089
10  AND 3613 1120
39
50  AND 3193 1121
30  AND 3229 1095
10  FR 3359 1767
40
50  AND 3823 1045
30  FR 3883 1781
10  FR 3989 1756
41
50  FR 3181 1765
30  FR 3494 1828
10  AND 3548 1137
42
50  FR 3447 1749
30  AND 3808 1116
43
50  FR 3201 1778
30  AND 3225 1034
10  AND 3423 1071
44
50  FR 2806 1770
30  FR 4503 1746
45
50  AND 2051 1044
30  FR 2412 1771
10  AND 2537 1054
46
50  AND 2599 1077
30  FR 2884 1794
10  FR 2992 1805
47
50  AND 4259 1041
30  FR 4369 1829
10  FR 5456 1821
48
50  FR 3828 1825
30  AND 4420 1089
10  FR 5026 1800
49
50  AND 4009 1121
30  FR 4196 1767
10  FR 4599 1833
50
50  FR 4141 1781
30  AND 4404 1081
10  AND 4473 1045
51
50  FR 3700 1765
30  AND 4211 1094
10  AND 4288 1108
52
50  FR 4293 1748
30  AND 4413 1101
53
50  FR 30704 1814
54
50  AND 11193 1724
30  FR 11241 1805
55
50  AND 16214 1726
30  FR 23538 1808
56
50  AND 19643 1728
30  FR 25100 1809
57
50  FR 15370 1811
30  AND 20541 1729
58
50  FR 15968 1812
59
50  AND 14394 1731
61
50  FR 12000 1813
30  AND 12242 1732
SCORE:AND,FR,2840,2460,38.0
