AND-DUL
1
50  AND 9931 1090
30  AND 10053 1040
10  AND 10600 1107
2
50  AND 15182 1134
3
50  AND 8533 1041
30  DUL 9243 1320
10  AND 9628 1059
4
50  AND 8178 1089
30  AND 8422 1120
10  DUL 10659 1300
5
50  AND 7363 1095
30  DUL 9208 1347
10  AND 9390 1124
6
50  AND 8681 1127
30  AND 8847 1045
7
50  AND 7909 1094
30  DUL 8048 1349
10  DUL 8394 1296
8
50  DUL 7197 1305
30  DUL 7268 1295
10  AND 8629 1101
9
50  DUL 3522 1291
30  DUL 3850 1313
10  AND 4037 1072
10
50  DUL 3298 1361
30  AND 3468 1139
10  DUL 4187 1325
11
50  AND 2150 1034
30  AND 2224 1105
10  DUL 2237 1318
12
50  DUL 2127 1297
30  AND 2387 1066
10  AND 2886 1070
13
50  AND 3820 1054
30  AND 3843 1107
10  DUL 4160 1303
14
50  AND 4141 1080
30  AND 5012 1163
10  DUL 5563 1315
15
50  AND 3380 1122
30  AND 3537 1059
10  AND 3630 1152
16
50  AND 3513 1079
30  AND 3896 1053
10  AND 4127 1050
17
50  AND 6284 1121
30  AND 6286 1095
10  AND 7659 1161
18
50  AND 7423 1127
30  AND 8120 1100
10  AND 9373 1081
19
50  AND 7168 1108
30  AND 7177 1137
10  AND 7929 1113
20
50  AND 5943 1125
30  DUL 6944 1299
10  AND 7119 1116
21
50  DUL 3983 1332
30  AND 4686 1072
10  DUL 4739 1352
22
50  DUL 4059 1361
30  AND 4911 1139
10  AND 4974 1143
23
50  DUL 2695 1337
30  AND 2751 1034
10  DUL 2847 1351
24
50  AND 2843 1066
30  DUL 2994 1297
10  DUL 3733 1317
25
50  AND 2055 1044
30  DUL 2093 1303
10  DUL 2238 1304
26
50  AND 2596 1035
30  AND 2827 1080
10  DUL 2906 1293
27
50  AND 3713 1122
30  AND 4077 1041
10  AND 4785 1152
28
50  AND 3865 1120
30  AND 4801 1053
10  DUL 5527 1300
29
50  AND 3901 1068
30  AND 4043 1124
10  AND 4116 1088
30
50  AND 4322 1127
30  AND 4348 1100
10  AND 4675 1081
31
80  AND 3907 1108
40  DUL 3909 1349
0  DUL 4014 1296
32
80  AND 3183 1125
40  AND 3636 1118
0  DUL 3673 1305
33
80  DUL 2739 1337
40  DUL 3487 1351
0  AND 3553 1105
35
50  DUL 1873 1303
30  AND 1935 1090
10  AND 1953 1040
36
50  AND 2289 1035
30  AND 3035 1163
10  DUL 3350 1315
37
50  AND 3932 1122
30  AND 3956 1059
10  DUL 4325 1320
38
50  AND 3591 1089
30  AND 3613 1120
10  DUL 4950 1300
39
50  AND 3193 1121
30  AND 3229 1095
10  AND 3929 1088
40
50  AND 3823 1045
30  AND 4450 1100
41
50  DUL 3374 1349
30  AND 3548 1137
10  DUL 3887 1296
42
50  DUL 3122 1305
30  AND 3808 1116
43
50  DUL 2877 1322
30  DUL 3127 1337
10  AND 3225 1034
45
50  AND 2051 1044
30  DUL 2291 1307
10  AND 2537 1054
46
50  AND 2599 1077
30  DUL 2757 1293
10  AND 3350 1134
47
50  AND 4259 1041
30  DUL 5163 1320
10  AND 5474 1126
48
50  AND 4420 1089
30  AND 5038 1079
10  DUL 5469 1300
49
50  AND 4009 1121
30  AND 4613 1124
10  AND 4620 1068
50
50  AND 4404 1081
30  AND 4473 1045
51
50  DUL 4042 1296
30  AND 4211 1094
10  AND 4288 1108
52
50  DUL 3484 1295
30  DUL 3871 1299
10  AND 4413 1101
53
50  DUL 18537 1749
54
50  AND 11193 1724
30  DUL 12181 1742
55
50  AND 16214 1726
30  DUL 24027 1744
56
50  AND 19643 1728
57
50  DUL 16909 1746
30  AND 20541 1729
59
50  AND 14394 1731
61
50  AND 12242 1732
30  DUL 13150 1748
SCORE:AND,DUL,3420,1560,186.0
