AND-RW
1
50  AND 9931 1090
30  RW 10009 718
10  AND 10053 1040
2
50  RW 8968 753
30  RW 9600 762
10  AND 15182 1134
3
50  AND 8533 1041
30  RW 8982 725
10  AND 9628 1059
4
50  AND 8178 1089
30  AND 8422 1120
10  RW 10600 736
5
50  AND 7363 1095
30  RW 7908 773
10  RW 8319 735
6
50  RW 7729 752
30  AND 8681 1127
10  AND 8847 1045
7
50  RW 7459 772
30  AND 7909 1094
10  AND 9389 1155
8
50  RW 6948 733
30  RW 7027 763
10  RW 7268 742
9
50  RW 2557 688
30  AND 4037 1072
10  AND 4153 1046
10
50  AND 3468 1139
30  RW 3534 751
10  RW 4054 720
11
50  RW 1975 771
30  AND 2150 1034
10  AND 2224 1105
12
50  RW 1829 726
30  RW 2055 696
10  RW 2206 761
13
50  RW 3735 718
30  AND 3820 1054
10  AND 3843 1107
14
50  RW 3905 762
30  AND 4141 1080
10  RW 4925 746
15
50  AND 3380 1122
30  AND 3537 1059
10  RW 3539 727
16
50  RW 3402 724
30  AND 3513 1079
10  AND 3896 1053
17
50  AND 6284 1121
30  AND 6286 1095
10  RW 7229 735
18
50  RW 6623 752
30  AND 7423 1127
10  AND 8120 1100
19
50  RW 6387 772
30  AND 7168 1108
10  AND 7177 1137
20
50  RW 5551 716
30  AND 5943 1125
10  RW 5951 763
21
50  RW 3450 688
30  AND 4686 1072
10  RW 4716 684
22
50  RW 4079 695
30  RW 4291 751
10  AND 4911 1139
23
50  AND 2751 1034
30  AND 3269 1109
10  AND 3363 1055
24
50  RW 2427 726
30  RW 2718 737
10  RW 2770 747
25
50  RW 1989 701
30  AND 2055 1044
10  RW 2244 715
26
50  RW 1908 753
30  RW 2256 749
10  RW 2521 730
27
50  AND 3713 1122
30  AND 4077 1041
10  RW 4563 743
28
50  AND 3865 1120
30  RW 4728 724
10  AND 4801 1053
29
50  RW 3721 735
30  AND 3901 1068
10  AND 4043 1124
30
50  AND 4322 1127
30  AND 4348 1100
10  AND 4675 1081
31
80  AND 3907 1108
40  RW 3927 722
0  AND 4229 1113
32
80  RW 3041 716
40  AND 3183 1125
0  RW 3259 742
33
80  RW 2497 771
40  RW 2947 740
0  RW 3059 750
34
80  RW 2609 696
40  RW 2669 747
0  RW 3215 748
35
50  AND 1935 1090
30  AND 1953 1040
10  RW 1973 718
36
50  RW 1899 762
30  AND 2289 1035
10  RW 2556 730
37
50  AND 3932 1122
30  AND 3956 1059
10  RW 4372 686
38
50  AND 3591 1089
30  AND 3613 1120
10  RW 4420 736
39
50  AND 3193 1121
30  AND 3229 1095
10  RW 3435 773
40
50  AND 3823 1045
30  AND 4450 1100
10  RW 5377 769
41
50  RW 3266 772
30  AND 3548 1137
10  RW 4106 722
42
50  RW 2739 716
30  RW 2939 733
10  RW 3106 742
43
50  RW 2462 771
30  AND 3225 1034
10  AND 3423 1071
44
50  RW 2621 726
30  RW 3435 748
45
50  AND 2051 1044
30  RW 2351 701
10  AND 2537 1054
46
50  RW 2123 753
30  AND 2599 1077
10  RW 2953 749
47
50  AND 4259 1041
30  RW 4334 725
10  RW 4809 727
48
50  AND 4420 1089
30  AND 5038 1079
10  RW 5496 766
49
50  RW 3988 773
30  AND 4009 1121
10  AND 4613 1124
50
50  RW 4049 752
30  AND 4404 1081
10  AND 4473 1045
51
50  AND 4211 1094
30  AND 4288 1108
10  RW 4707 722
52
50  RW 3837 763
30  RW 4031 710
10  AND 4413 1101
53
50  RW 17717 1691
54
50  RW 10673 1686
30  AND 11193 1724
55
50  AND 16214 1726
30  RW 18245 1687
56
50  AND 19643 1728
30  RW 19983 1688
57
50  RW 15355 1689
30  AND 20541 1729
59
50  AND 14394 1731
61
50  AND 12242 1732
SCORE:AND,RW,2550,2710,-16.0
