AND-CC
1
50  AND 9931 1090
30  AND 10053 1040
10  AND 10600 1107
2
50  CC 8850 2949
30  AND 15182 1134
3
50  CC 8118 2938
30  CC 8262 2957
10  AND 8533 1041
4
50  CC 8034 2948
30  AND 8178 1089
10  AND 8422 1120
5
50  AND 7363 1095
30  CC 7882 2954
10  CC 9281 2937
6
50  CC 8156 2963
30  CC 8302 2944
10  AND 8681 1127
7
50  AND 7909 1094
30  AND 9389 1155
10  CC 9441 2943
8
50  CC 6620 2964
30  CC 7634 2934
10  AND 8629 1101
9
50  CC 3234 2960
30  AND 4037 1072
10  AND 4153 1046
10
50  AND 3468 1139
30  AND 4798 1146
10  AND 5266 1143
11
50  AND 2150 1034
30  AND 2224 1105
10  CC 2302 2951
12
50  CC 1919 2950
30  AND 2387 1066
10  AND 2886 1070
13
50  AND 3820 1054
30  AND 3843 1107
10  CC 4125 2959
14
50  AND 4141 1080
30  CC 4768 2941
10  CC 4781 2953
15
50  CC 3222 2938
30  CC 3295 2957
10  AND 3380 1122
16
50  CC 3277 2948
30  AND 3513 1079
10  AND 3896 1053
17
50  AND 6284 1121
30  AND 6286 1095
10  CC 7166 2937
18
50  CC 6925 2944
30  AND 7423 1127
10  AND 8120 1100
19
50  AND 7168 1108
30  AND 7177 1137
10  AND 7929 1113
20
50  AND 5943 1125
30  CC 6203 2934
10  AND 7119 1116
21
50  CC 2950 2960
30  AND 4686 1072
10  AND 4868 1174
22
50  AND 4911 1139
30  AND 4974 1143
10  AND 6090 1146
23
50  CC 2725 2951
30  AND 2751 1034
10  AND 3269 1109
24
50  CC 2439 2950
30  AND 2843 1066
10  AND 3783 1070
25
50  AND 2055 1044
30  CC 2207 2939
10  AND 2282 1171
26
50  CC 1737 2949
30  AND 2596 1035
10  CC 2684 2953
27
50  AND 3713 1122
30  AND 4077 1041
10  CC 4340 2965
28
50  AND 3865 1120
30  AND 4801 1053
10  CC 8178 2956
29
50  AND 3901 1068
30  AND 4043 1124
10  AND 4116 1088
30
50  CC 3806 2944
30  CC 3850 2963
10  AND 4322 1127
31
80  AND 3907 1108
40  AND 4229 1113
0  AND 4313 1155
32
80  CC 3128 2964
40  AND 3183 1125
0  CC 3500 2934
33
80  AND 3553 1105
34
80  CC 2484 2950
35
50  AND 1935 1090
30  AND 1953 1040
10  CC 2038 2939
36
50  CC 1658 2949
30  AND 2289 1035
10  CC 2789 2941
37
50  CC 3522 2938
30  CC 3640 2957
10  AND 3932 1122
38
50  AND 3591 1089
30  AND 3613 1120
10  CC 3847 2948
39
50  AND 3193 1121
30  AND 3229 1095
10  CC 3449 2954
40
50  CC 3527 2944
30  AND 3823 1045
10  CC 4050 2963
41
50  AND 3548 1137
30  CC 4125 2943
10  AND 4334 1162
42
50  CC 2822 2964
30  CC 3266 2934
10  AND 3808 1116
43
50  CC 3131 2951
30  AND 3225 1034
10  AND 3423 1071
44
50  CC 2945 2950
45
50  AND 2051 1044
30  CC 2420 2939
10  CC 2485 2958
46
50  AND 2599 1077
30  CC 2719 2936
10  CC 2841 2941
47
50  AND 4259 1041
30  CC 4600 2965
10  AND 5474 1126
48
50  CC 4097 2948
30  AND 4420 1089
10  AND 5038 1079
49
50  CC 3807 2954
30  AND 4009 1121
10  CC 4456 2942
50
50  CC 4108 2963
30  AND 4404 1081
10  AND 4473 1045
51
50  AND 4211 1094
30  AND 4288 1108
10  AND 4814 1097
52
50  CC 3294 2964
30  AND 4413 1101
10  CC 4506 2947
54
50  AND 11193 1724
55
50  AND 16214 1726
56
50  AND 19643 1728
30  CC 19707 1970
57
50  CC 15841 1971
30  AND 20541 1729
59
50  CC 13789 1972
30  AND 14394 1731
61
50  AND 12242 1732
SCORE:AND,CC,2890,2170,72.0
