AND-ML
1
50  ML 7733 3026
30  ML 8827 3040
10  AND 9931 1090
2
50  AND 15182 1134
3
50  ML 7653 3039
30  ML 8387 3030
10  AND 8533 1041
4
50  AND 8178 1089
30  AND 8422 1120
5
50  AND 7363 1095
30  ML 7646 2976
10  AND 9390 1124
6
50  ML 8587 3042
30  AND 8681 1127
10  ML 8838 3041
7
50  AND 7909 1094
30  AND 9389 1155
8
50  ML 6856 3009
30  AND 8629 1101
9
50  ML 2362 3027
30  ML 3564 3035
10  ML 3747 3038
10
50  AND 3468 1139
30  ML 3708 3055
10  ML 4282 3004
11
50  ML 1763 3018
30  ML 2138 2990
10  AND 2150 1034
12
50  ML 1841 3057
30  ML 2006 3058
10  ML 2091 3016
13
50  AND 3820 1054
30  AND 3843 1107
10  ML 4123 2974
14
50  ML 3347 3007
30  ML 3845 3052
10  AND 4141 1080
15
50  ML 3038 3039
30  ML 3094 2983
10  AND 3380 1122
16
50  AND 3513 1079
30  ML 3797 3008
10  AND 3896 1053
17
50  AND 6284 1121
30  AND 6286 1095
10  ML 6728 3025
18
50  ML 7318 3042
30  AND 7423 1127
10  ML 7769 3041
19
50  AND 7168 1108
30  AND 7177 1137
10  AND 7929 1113
20
50  ML 5822 3009
30  AND 5943 1125
10  AND 7119 1116
21
50  ML 3140 3027
30  ML 4009 2975
10  AND 4686 1072
22
50  AND 4911 1139
30  AND 4974 1143
10  ML 5102 3004
23
50  ML 2434 2968
30  ML 2446 3018
10  ML 2706 2985
24
50  ML 2428 3058
30  ML 2614 3057
10  ML 2625 3016
25
50  AND 2055 1044
30  AND 2282 1171
10  AND 2349 1073
26
50  ML 1775 3007
30  ML 2128 3052
10  ML 2400 3017
27
50  ML 3468 3028
30  AND 3713 1122
10  ML 3828 3030
28
50  AND 3865 1120
30  AND 4801 1053
10  ML 5208 3053
29
50  ML 3495 3025
30  ML 3766 2976
10  AND 3901 1068
30
50  AND 4322 1127
30  AND 4348 1100
10  ML 4514 3006
31
80  AND 3907 1108
40  AND 4229 1113
0  AND 4313 1155
32
80  AND 3183 1125
40  ML 3295 3009
0  AND 3636 1118
33
80  AND 3553 1105
35
50  ML 1494 3026
30  ML 1822 3040
10  AND 1935 1090
36
50  ML 1976 3007
30  ML 2253 3017
10  AND 2289 1035
37
50  ML 3107 3028
30  ML 3506 3039
10  ML 3809 3030
38
50  AND 3591 1089
30  AND 3613 1120
10  ML 4734 3008
39
50  AND 3193 1121
30  AND 3229 1095
10  ML 3244 2976
40
50  AND 3823 1045
30  AND 4450 1100
10  ML 4843 3006
41
50  AND 3548 1137
30  AND 4334 1162
10  AND 4565 1113
42
50  ML 2864 3009
30  AND 3808 1116
43
50  ML 2798 3018
30  ML 2884 2968
10  AND 3225 1034
44
50  ML 2996 2998
45
50  ML 1895 3026
30  AND 2051 1044
10  ML 2352 3040
46
50  AND 2599 1077
30  ML 2939 3031
10  AND 3350 1134
47
50  ML 3656 3028
30  ML 4203 2983
10  AND 4259 1041
48
50  AND 4420 1089
30  ML 4858 3008
10  AND 5038 1079
49
50  AND 4009 1121
30  ML 4165 3025
10  AND 4613 1124
50
50  ML 4115 3023
30  AND 4404 1081
10  ML 4447 3041
51
50  AND 4211 1094
30  AND 4288 1108
10  AND 4814 1097
52
50  AND 4413 1101
53
50  ML 16500 1973
54
50  ML 9222 1974
30  AND 11193 1724
55
50  AND 16214 1726
30  ML 16363 1977
56
50  ML 18044 1978
30  AND 19643 1728
57
50  ML 12776 1980
30  AND 20541 1729
59
50  AND 14394 1731
60
50  ML 14843 1981
61
50  AND 12242 1732
SCORE:AND,ML,2490,2510,-2.0
