AND-WM
1
50  AND 9931 1090
30  AND 10053 1040
10  AND 10600 1107
2
50  WM 9257 442
30  WM 10290 397
10  WM 11085 361
3
50  AND 8533 1041
30  AND 9628 1059
10  WM 9647 413
4
50  WM 8102 420
30  AND 8178 1089
10  AND 8422 1120
5
50  AND 7363 1095
30  WM 7746 354
10  WM 8813 396
6
50  AND 8681 1127
30  AND 8847 1045
10  WM 9098 366
7
50  WM 7315 362
30  WM 7745 395
10  AND 7909 1094
8
50  WM 6781 429
30  WM 8122 418
10  WM 8453 414
9
50  WM 2723 424
30  AND 4037 1072
10  AND 4153 1046
10
50  WM 2822 399
30  AND 3468 1139
10  WM 3653 438
11
50  AND 2150 1034
30  AND 2224 1105
10  WM 2259 410
12
50  WM 1872 422
30  WM 2007 398
10  WM 2278 393
13
50  AND 3820 1054
30  AND 3843 1107
10  WM 4088 368
14
50  WM 3604 344
30  WM 3605 370
10  WM 3615 442
15
50  WM 3354 413
30  AND 3380 1122
10  AND 3537 1059
16
50  WM 3172 419
30  WM 3212 420
10  AND 3513 1079
17
50  AND 6284 1121
30  AND 6286 1095
10  WM 6889 447
18
50  WM 6745 449
30  AND 7423 1127
10  WM 7763 417
19
50  WM 6491 362
30  WM 6744 395
10  AND 7168 1108
20
50  AND 5943 1125
30  WM 6571 418
10  AND 7119 1116
21
50  WM 3807 424
30  WM 4444 369
10  WM 4552 400
22
50  WM 3663 399
30  WM 3854 438
10  AND 4911 1139
23
50  AND 2751 1034
30  AND 3269 1109
10  WM 3331 445
24
50  WM 2235 422
30  WM 2456 398
10  AND 2843 1066
25
50  AND 2055 1044
30  AND 2282 1171
10  WM 2297 368
26
50  WM 1956 357
30  WM 2032 442
10  WM 2334 364
27
50  AND 3713 1122
30  AND 4077 1041
10  WM 4469 421
28
50  AND 3865 1120
30  WM 3978 419
10  WM 4551 426
29
50  WM 3591 447
30  WM 3647 354
10  AND 3901 1068
30
50  WM 3774 449
30  WM 4159 366
10  AND 4322 1127
31
80  WM 3342 362
40  WM 3633 395
0  AND 3907 1108
32
80  AND 3183 1125
40  AND 3636 1118
0  WM 4063 339
33
80  AND 3553 1105
34
80  WM 2535 422
40  WM 3318 434
35
50  AND 1935 1090
30  AND 1953 1040
10  AND 2132 1054
36
50  WM 1782 370
30  WM 1856 344
10  AND 2289 1035
37
50  WM 3887 413
30  AND 3932 1122
10  AND 3956 1059
38
50  WM 3441 419
30  AND 3591 1089
10  AND 3613 1120
39
50  AND 3193 1121
30  AND 3229 1095
10  WM 3809 447
40
50  AND 3823 1045
30  AND 4450 1100
41
50  AND 3548 1137
30  AND 4334 1162
10  AND 4565 1113
42
50  WM 2804 429
30  WM 3032 418
10  AND 3808 1116
43
50  WM 2913 410
30  AND 3225 1034
10  AND 3423 1071
44
50  WM 3271 398
30  WM 3397 373
10  WM 4166 380
45
50  AND 2051 1044
30  AND 2537 1054
10  AND 2609 1171
46
50  WM 2401 397
30  WM 2450 361
10  AND 2599 1077
47
50  AND 4259 1041
30  AND 5474 1126
10  WM 5535 342
48
50  WM 4140 420
30  AND 4420 1089
10  AND 5038 1079
49
50  WM 3902 354
30  AND 4009 1121
10  WM 4207 396
50
50  WM 4287 449
30  AND 4404 1081
10  AND 4473 1045
51
50  AND 4211 1094
30  AND 4288 1108
10  WM 4555 382
52
50  WM 3656 429
30  WM 4028 405
10  WM 4258 339
53
50  WM 18189 1662
54
50  AND 11193 1724
30  WM 11382 1658
55
50  AND 16214 1726
56
50  AND 19643 1728
57
50  AND 20541 1729
59
50  WM 14150 1660
30  AND 14394 1731
61
50  AND 12242 1732
30  WM 14309 1661
SCORE:AND,WM,2470,2720,-25.0
