AND-WST
1
50  WST 9560 1393
30  AND 9931 1090
10  AND 10053 1040
2
50  WST 10409 1384
30  WST 15063 1458
10  AND 15182 1134
3
50  AND 8533 1041
30  WST 9201 1410
10  AND 9628 1059
4
50  AND 8178 1089
30  AND 8422 1120
10  WST 8631 1444
5
50  AND 7363 1095
30  WST 7806 1401
10  WST 8877 1387
6
50  AND 8681 1127
30  AND 8847 1045
10  WST 9363 1376
7
50  AND 7909 1094
30  WST 9084 1399
10  AND 9389 1155
8
50  WST 6800 1380
30  AND 8629 1101
10  WST 8740 1463
9
50  AND 4037 1072
30  AND 4153 1046
10  AND 4725 1149
10
50  AND 3468 1139
30  WST 3581 1423
10  WST 3746 1405
11
50  WST 1954 1411
30  AND 2150 1034
10  AND 2224 1105
12
50  WST 1846 1421
30  AND 2387 1066
10  WST 2390 1388
13
50  AND 3820 1054
30  AND 3843 1107
10  WST 4119 1445
14
50  WST 3938 1384
30  AND 4141 1080
10  WST 4257 1392
15
50  AND 3380 1122
30  AND 3537 1059
10  WST 3622 1448
16
50  WST 3387 1444
30  AND 3513 1079
10  AND 3896 1053
17
50  AND 6284 1121
30  AND 6286 1095
10  AND 7659 1161
18
50  AND 7423 1127
30  WST 7996 1370
10  WST 8036 1460
19
50  WST 7150 1461
30  AND 7168 1108
10  AND 7177 1137
20
50  AND 5943 1125
30  WST 5963 1380
10  AND 7119 1116
21
50  AND 4686 1072
30  AND 4868 1174
10  AND 5023 1170
22
50  WST 3468 1423
30  AND 4911 1139
10  WST 4919 1405
23
50  WST 2557 1389
30  AND 2751 1034
10  WST 2771 1404
24
50  WST 2217 1421
30  AND 2843 1066
10  WST 3152 1415
25
50  AND 2055 1044
30  WST 2062 1393
10  AND 2282 1171
26
50  WST 2282 1392
30  AND 2596 1035
10  WST 2797 1417
27
50  AND 3713 1122
30  AND 4077 1041
10  WST 4415 1391
28
50  AND 3865 1120
30  AND 4801 1053
10  WST 6243 1412
29
50  WST 3400 1401
30  AND 3901 1068
10  WST 3975 1387
30
50  AND 4322 1127
30  AND 4348 1100
10  WST 4352 1376
31
80  WST 3713 1461
40  AND 3907 1108
0  WST 4152 1399
32
80  AND 3183 1125
40  AND 3636 1118
0  WST 4072 1463
33
80  WST 2529 1411
40  WST 2560 1389
0  WST 2919 1455
34
80  WST 2022 1421
40  WST 4708 1372
0  WST 4744 1408
35
50  WST 1716 1393
30  AND 1935 1090
10  AND 1953 1040
36
50  AND 2289 1035
30  WST 2963 1378
10  AND 3035 1163
37
50  AND 3932 1122
30  AND 3956 1059
10  WST 4690 1448
38
50  AND 3591 1089
30  AND 3613 1120
10  WST 4603 1444
39
50  AND 3193 1121
30  AND 3229 1095
10  WST 3694 1387
40
50  AND 3823 1045
30  AND 4450 1100
10  WST 4535 1370
41
50  AND 3548 1137
30  WST 3744 1461
10  AND 4334 1162
42
50  WST 2927 1380
30  AND 3808 1116
43
50  WST 2528 1411
30  AND 3225 1034
10  WST 3299 1455
44
50  WST 3463 1421
30  WST 3545 1388
45
50  AND 2051 1044
30  WST 2255 1445
10  WST 2335 1396
46
50  WST 2591 1392
30  AND 2599 1077
10  WST 2789 1458
47
50  AND 4259 1041
30  WST 4922 1409
10  WST 5107 1402
48
50  WST 4406 1444
30  AND 4420 1089
10  AND 5038 1079
49
50  AND 4009 1121
30  WST 4372 1456
10  WST 4502 1401
50
50  AND 4404 1081
30  AND 4473 1045
10  WST 5246 1460
51
50  AND 4211 1094
30  AND 4288 1108
10  WST 4490 1399
52
50  WST 4178 1463
30  AND 4413 1101
53
50  WST 18453 1763
54
50  WST 8588 1752
30  AND 11193 1724
55
50  AND 16214 1726
30  WST 16994 1755
56
50  AND 19643 1728
57
50  WST 15310 1758
30  AND 20541 1729
59
50  WST 13947 1760
30  AND 14394 1731
60
50  WST 14387 1761
61
50  AND 12242 1732
30  WST 15394 1762
SCORE:AND,WST,2980,2340,64.0
