AND-SD
1
50  AND 9931 1090
30  AND 10053 1040
10  SD 10430 3496
2
50  SD 13250 3516
30  SD 13371 3510
10  AND 15182 1134
3
50  AND 8533 1041
30  SD 9045 3497
10  AND 9628 1059
4
50  AND 8178 1089
30  AND 8422 1120
10  SD 10282 3500
5
50  AND 7363 1095
30  AND 9390 1124
10  AND 9812 1042
6
50  SD 7475 3498
30  AND 8681 1127
10  AND 8847 1045
7
50  AND 7909 1094
30  AND 9389 1155
10  SD 9537 3481
8
50  AND 8629 1101
30  SD 8732 3501
10  SD 10220 3495
9
50  SD 3290 3514
30  SD 3633 3515
10  SD 4007 3491
10
50  SD 2538 3513
30  SD 3182 3519
10  SD 3209 3512
11
50  AND 2150 1034
30  AND 2224 1105
10  AND 2734 1071
12
50  SD 1883 3478
30  SD 2227 3499
10  AND 2387 1066
13
50  AND 3820 1054
30  AND 3843 1107
10  AND 4206 1171
14
50  AND 4141 1080
30  SD 4775 3504
10  SD 4787 3503
15
50  AND 3380 1122
30  AND 3537 1059
10  AND 3630 1152
16
50  AND 3513 1079
30  AND 3896 1053
10  AND 4127 1050
17
50  AND 6284 1121
30  AND 6286 1095
10  AND 7659 1161
18
50  SD 6208 3498
30  AND 7423 1127
10  AND 8120 1100
19
50  AND 7168 1108
30  AND 7177 1137
10  AND 7929 1113
20
50  AND 5943 1125
30  AND 7119 1116
10  AND 7226 1118
21
50  SD 3746 3506
30  SD 3990 3515
10  SD 4595 3491
22
50  SD 3064 3513
30  SD 3569 3519
10  SD 4264 3512
23
50  AND 2751 1034
30  AND 3269 1109
10  AND 3363 1055
24
50  SD 2452 3478
30  SD 2613 3499
10  SD 2721 3509
25
50  AND 2055 1044
30  SD 2087 3496
10  AND 2282 1171
26
50  SD 2570 3503
30  AND 2596 1035
10  SD 2651 3510
27
50  AND 3713 1122
30  SD 4000 3497
10  AND 4077 1041
28
50  AND 3865 1120
30  SD 4532 3500
10  AND 4801 1053
29
50  AND 3901 1068
30  AND 4043 1124
10  AND 4116 1088
30
50  AND 4322 1127
30  AND 4348 1100
10  SD 4615 3480
31
80  AND 3907 1108
40  AND 4229 1113
0  AND 4313 1155
32
80  AND 3183 1125
40  AND 3636 1118
0  AND 4537 1101
33
80  AND 3553 1105
34
80  SD 2528 3478
40  SD 2935 3499
0  SD 3640 3509
35
50  AND 1935 1090
30  AND 1953 1040
10  SD 2064 3496
36
50  AND 2289 1035
30  SD 2477 3516
10  AND 3035 1163
37
50  AND 3932 1122
30  AND 3956 1059
10  SD 4327 3497
38
50  AND 3591 1089
30  AND 3613 1120
10  SD 5521 3500
39
50  AND 3193 1121
30  AND 3229 1095
10  AND 3929 1088
40
50  AND 3823 1045
30  AND 4450 1100
10  SD 4488 3480
41
50  AND 3548 1137
30  AND 4334 1162
10  SD 4363 3481
42
50  AND 3808 1116
30  SD 3970 3501
43
50  AND 3225 1034
30  AND 3423 1071
10  AND 3657 1109
44
50  SD 2788 3478
30  SD 3101 3499
10  SD 3502 3509
45
50  AND 2051 1044
30  AND 2537 1054
10  SD 2541 3479
46
50  AND 2599 1077
30  SD 3234 3510
10  AND 3350 1134
47
50  AND 4259 1041
30  SD 4700 3497
10  AND 5474 1126
48
50  AND 4420 1089
30  AND 5038 1079
10  SD 5057 3500
49
50  AND 4009 1121
30  AND 4613 1124
10  AND 4620 1068
50
50  AND 4404 1081
30  AND 4473 1045
10  SD 5284 3480
51
50  AND 4211 1094
30  AND 4288 1108
10  AND 4814 1097
52
50  SD 4000 3501
30  AND 4413 1101
10  SD 4808 3495
53
50  SD 15585 2067
54
50  AND 11193 1724
30  SD 12488 2064
55
50  AND 16214 1726
30  SD 21624 2065
56
50  AND 19643 1728
30  SD 19897 2066
57
50  AND 20541 1729
59
50  AND 14394 1731
61
50  AND 12242 1732
SCORE:AND,SD,3570,1620,195.0
