AND-HP
1
50  HP 9165 260
30  AND 9931 1090
10  AND 10053 1040
2
50  HP 9344 328
30  HP 9725 237
10  HP 13221 247
3
50  HP 7550 269
30  AND 8533 1041
10  AND 9628 1059
4
50  HP 7934 236
30  AND 8178 1089
10  AND 8422 1120
5
50  HP 7225 290
30  AND 7363 1095
10  HP 8263 234
6
50  HP 7203 256
30  HP 8175 244
10  AND 8681 1127
7
50  HP 7603 220
30  AND 7909 1094
10  AND 9389 1155
8
50  HP 7391 303
30  HP 7437 312
10  HP 7757 319
9
50  HP 3975 322
30  HP 3998 273
10  AND 4037 1072
10
50  HP 3084 255
30  AND 3468 1139
10  HP 4346 251
11
50  AND 2150 1034
30  HP 2162 338
10  AND 2224 1105
12
50  HP 2334 331
30  AND 2387 1066
10  HP 2456 300
13
50  HP 3703 211
30  AND 3820 1054
10  AND 3843 1107
14
50  HP 3725 237
30  HP 4106 283
10  AND 4141 1080
15
50  HP 3207 330
30  AND 3380 1122
10  AND 3537 1059
16
50  HP 3135 236
30  HP 3422 254
10  AND 3513 1079
17
50  AND 6284 1121
30  AND 6286 1095
10  HP 6384 290
18
50  AND 7423 1127
30  HP 7653 241
10  HP 8009 304
19
50  AND 7168 1108
30  AND 7177 1137
10  AND 7929 1113
20
50  HP 5659 308
30  AND 5943 1125
10  HP 6313 312
21
50  AND 4686 1072
30  AND 4868 1174
10  HP 4947 322
22
50  HP 2850 227
30  HP 3722 255
10  AND 4911 1139
23
50  HP 2685 229
30  AND 2751 1034
10  HP 2838 338
24
50  HP 2787 331
30  AND 2843 1066
10  HP 2850 227
25
50  HP 1963 260
30  AND 2055 1044
10  AND 2282 1171
26
50  HP 2563 246
30  AND 2596 1035
10  AND 2827 1080
27
50  HP 3568 269
30  AND 3713 1122
10  HP 3894 330
28
50  AND 3865 1120
30  HP 4231 254
10  AND 4801 1053
29
50  AND 3901 1068
30  HP 3984 235
10  AND 4043 1124
30
50  HP 3275 268
30  HP 4110 288
10  AND 4322 1127
31
80  HP 3625 220
40  AND 3907 1108
0  AND 4229 1113
32
80  HP 2865 308
40  AND 3183 1125
0  HP 3557 289
33
80  HP 2600 338
40  HP 2612 214
0  AND 3553 1105
34
80  HP 2722 227
40  HP 3031 331
35
50  HP 1863 260
30  AND 1935 1090
10  AND 1953 1040
36
50  HP 1747 328
30  HP 2134 283
10  AND 2289 1035
37
50  HP 3265 269
30  AND 3932 1122
10  AND 3956 1059
38
50  HP 3428 236
30  AND 3591 1089
10  AND 3613 1120
39
50  HP 3072 290
30  AND 3193 1121
10  AND 3229 1095
40
50  HP 3075 256
30  HP 3638 244
10  HP 3778 241
41
50  AND 3548 1137
30  HP 4053 291
10  AND 4334 1162
42
50  HP 2698 308
30  HP 3059 303
10  HP 3184 314
43
50  HP 2884 229
30  AND 3225 1034
10  AND 3423 1071
44
50  HP 3416 227
30  HP 3853 261
45
50  AND 2051 1044
30  HP 2439 211
10  AND 2537 1054
46
50  HP 2560 282
30  AND 2599 1077
10  HP 2988 271
47
50  AND 4259 1041
30  HP 4525 330
10  HP 4844 335
48
50  AND 4420 1089
30  AND 5038 1079
10  HP 5325 276
49
50  AND 4009 1121
30  AND 4613 1124
10  AND 4620 1068
50
50  HP 3669 268
30  HP 4369 288
10  AND 4404 1081
51
50  HP 3997 220
30  AND 4211 1094
10  AND 4288 1108
52
50  HP 3687 312
30  HP 3715 289
10  HP 3973 314
53
50  HP 18604 1656
54
50  HP 10553 1642
30  AND 11193 1724
55
50  AND 16214 1726
30  HP 18650 1644
56
50  HP 15963 1646
30  AND 19643 1728
57
50  HP 17031 1647
30  AND 20541 1729
58
50  HP 17835 1649
59
50  AND 14394 1731
30  HP 15187 1650
60
50  HP 12150 1651
61
50  AND 12242 1732
30  HP 13259 1653
SCORE:AND,HP,2020,3400,-138.0
