AND-GBP
1
50  AND 9931 1090
30  AND 10053 1040
10  AND 10600 1107
2
50  GBP 9298 3408
30  GBP 9322 3416
10  GBP 11916 3391
3
50  AND 8533 1041
30  AND 9628 1059
10  GBP 11009 3417
4
50  AND 8178 1089
30  AND 8422 1120
10  GBP 10451 3407
5
50  AND 7363 1095
30  AND 9390 1124
10  AND 9812 1042
6
50  GBP 7190 3414
30  AND 8681 1127
10  AND 8847 1045
7
50  GBP 7477 3415
30  AND 7909 1094
10  AND 9389 1155
8
50  GBP 8403 3393
30  AND 8629 1101
9
50  GBP 2550 3410
30  GBP 3697 3404
10  GBP 3837 3409
10
50  AND 3468 1139
30  AND 4798 1146
10  AND 5266 1143
11
50  GBP 2046 3413
30  AND 2150 1034
10  AND 2224 1105
12
50  GBP 1853 3388
30  AND 2387 1066
10  GBP 2656 3403
13
50  AND 3820 1054
30  AND 3843 1107
10  GBP 3943 3412
14
50  GBP 3432 3408
30  AND 4141 1080
10  GBP 4485 3411
15
50  AND 3380 1122
30  AND 3537 1059
10  AND 3630 1152
16
50  AND 3513 1079
30  GBP 3813 3407
10  AND 3896 1053
17
50  AND 6284 1121
30  AND 6286 1095
10  AND 7659 1161
18
50  AND 7423 1127
30  GBP 8007 3399
10  AND 8120 1100
19
50  GBP 6648 3415
30  AND 7168 1108
10  AND 7177 1137
20
50  AND 5943 1125
30  GBP 7038 3392
10  AND 7119 1116
21
50  GBP 3449 3404
30  GBP 3872 3410
10  AND 4686 1072
22
50  AND 4911 1139
30  AND 4974 1143
10  AND 6090 1146
23
50  AND 2751 1034
30  GBP 2762 3396
10  AND 3269 1109
24
50  GBP 2508 3388
30  GBP 2585 3395
10  AND 2843 1066
25
50  AND 2055 1044
30  AND 2282 1171
10  AND 2349 1073
26
50  GBP 1909 3416
30  AND 2596 1035
10  GBP 2772 3411
27
50  AND 3713 1122
30  AND 4077 1041
10  AND 4785 1152
28
50  AND 3865 1120
30  AND 4801 1053
10  GBP 5637 3407
29
50  AND 3901 1068
30  AND 4043 1124
10  AND 4116 1088
30
50  GBP 3294 3414
30  AND 4322 1127
10  AND 4348 1100
31
80  AND 3907 1108
40  AND 4229 1113
0  AND 4313 1155
32
80  AND 3183 1125
40  AND 3636 1118
0  GBP 4038 3393
33
80  GBP 2384 3413
40  AND 3553 1105
34
80  GBP 2772 3388
40  GBP 3281 3395
35
50  AND 1935 1090
30  AND 1953 1040
10  AND 2132 1054
36
50  GBP 1660 3408
30  AND 2289 1035
10  GBP 2481 3391
37
50  AND 3932 1122
30  AND 3956 1059
10  GBP 5136 3417
38
50  AND 3591 1089
30  AND 3613 1120
39
50  AND 3193 1121
30  AND 3229 1095
10  AND 3929 1088
40
50  GBP 3096 3414
30  AND 3823 1045
10  GBP 4228 3399
41
50  AND 3548 1137
30  AND 4334 1162
10  AND 4565 1113
42
50  GBP 3747 3392
30  AND 3808 1116
43
50  GBP 3213 3413
30  AND 3225 1034
10  AND 3423 1071
44
50  GBP 3047 3403
30  GBP 3172 3388
10  GBP 3785 3395
45
50  AND 2051 1044
30  AND 2537 1054
10  AND 2609 1171
46
50  GBP 2090 3416
30  GBP 2550 3406
10  AND 2599 1077
47
50  AND 4259 1041
30  AND 5474 1126
10  AND 5887 1144
48
50  AND 4420 1089
30  AND 5038 1079
10  GBP 5239 3407
49
50  AND 4009 1121
30  AND 4613 1124
10  AND 4620 1068
50
50  AND 4404 1081
30  AND 4473 1045
10  GBP 4584 3400
51
50  GBP 4132 3418
30  AND 4211 1094
10  AND 4288 1108
52
50  GBP 3738 3393
30  GBP 4054 3392
10  AND 4413 1101
54
50  GBP 9875 2033
30  AND 11193 1724
55
50  AND 16214 1726
56
50  GBP 16283 2035
30  AND 19643 1728
57
50  AND 20541 1729
59
50  AND 14394 1731
60
50  GBP 13453 2036
61
50  AND 12242 1732
SCORE:AND,GBP,3300,1880,142.0
