AND-SH
1
50  AND 9931 1090
30  AND 10053 1040
10  SH 10278 2639
2
50  AND 15182 1134
3
50  SH 8498 2619
30  AND 8533 1041
10  SH 9564 2612
4
50  AND 8178 1089
30  AND 8422 1120
10  SH 9948 2647
5
50  AND 7363 1095
30  SH 7836 2618
10  SH 8931 2640
6
50  AND 8681 1127
30  AND 8847 1045
7
50  AND 7909 1094
30  SH 9090 2631
10  AND 9389 1155
8
50  SH 6485 2605
30  SH 7027 2613
10  AND 8629 1101
9
50  AND 4037 1072
30  AND 4153 1046
10  SH 4522 2646
10
50  AND 3468 1139
30  AND 4798 1146
10  AND 5266 1143
11
50  SH 2056 2629
30  AND 2150 1034
10  AND 2224 1105
12
50  SH 2009 2642
30  AND 2387 1066
10  SH 2814 2644
13
50  AND 3820 1054
30  AND 3843 1107
10  SH 3852 2639
14
50  AND 4141 1080
30  AND 5012 1163
10  SH 5275 2599
15
50  AND 3380 1122
30  SH 3463 2619
10  AND 3537 1059
16
50  AND 3513 1079
30  AND 3896 1053
10  SH 3946 2630
17
50  AND 6284 1121
30  AND 6286 1095
10  SH 6858 2618
18
50  AND 7423 1127
30  AND 8120 1100
10  AND 9373 1081
19
50  AND 7168 1108
30  AND 7177 1137
10  AND 7929 1113
20
50  SH 5747 2605
30  AND 5943 1125
10  SH 6437 2613
21
50  AND 4686 1072
30  AND 4868 1174
10  AND 5023 1170
22
50  AND 4911 1139
30  AND 4974 1143
10  AND 6090 1146
23
50  SH 2543 2629
30  AND 2751 1034
10  SH 3060 2626
24
50  AND 2843 1066
30  SH 2892 2642
10  AND 3783 1070
25
50  AND 2055 1044
30  AND 2282 1171
10  AND 2349 1073
26
50  AND 2596 1035
30  SH 2762 2599
10  AND 2827 1080
27
50  AND 3713 1122
30  AND 4077 1041
10  SH 4434 2612
28
50  AND 3865 1120
30  SH 4732 2630
10  AND 4801 1053
29
50  SH 3769 2618
30  AND 3901 1068
10  AND 4043 1124
30
50  AND 4322 1127
30  AND 4348 1100
10  AND 4675 1081
31
80  AND 3907 1108
40  AND 4229 1113
0  AND 4313 1155
32
80  SH 3178 2605
40  AND 3183 1125
0  AND 3636 1118
33
80  SH 2598 2629
40  SH 3369 2626
0  AND 3553 1105
34
80  SH 2623 2642
35
50  AND 1935 1090
30  AND 1953 1040
10  AND 2132 1054
36
50  AND 2289 1035
30  AND 3035 1163
10  SH 3525 2614
37
50  AND 3932 1122
30  AND 3956 1059
10  SH 3979 2619
38
50  AND 3591 1089
30  AND 3613 1120
10  SH 5382 2636
39
50  AND 3193 1121
30  AND 3229 1095
10  SH 3807 2640
40
50  AND 3823 1045
30  AND 4450 1100
41
50  AND 3548 1137
30  AND 4334 1162
10  AND 4565 1113
42
50  SH 2953 2605
30  SH 3161 2613
10  AND 3808 1116
43
50  SH 2875 2629
30  AND 3225 1034
10  AND 3423 1071
44
50  SH 2983 2642
30  SH 3532 2644
10  SH 4311 2621
45
50  AND 2051 1044
30  SH 2408 2639
10  SH 2480 2603
46
50  AND 2599 1077
30  SH 2964 2617
10  AND 3350 1134
47
50  AND 4259 1041
30  SH 4632 2619
10  SH 5171 2612
48
50  AND 4420 1089
30  AND 5038 1079
10  AND 5982 1053
49
50  AND 4009 1121
30  SH 4600 2640
10  AND 4613 1124
50
50  AND 4404 1081
30  AND 4473 1045
51
50  AND 4211 1094
30  AND 4288 1108
10  SH 4738 2631
52
50  SH 3350 2613
30  AND 4413 1101
54
50  AND 11193 1724
30  SH 11370 1919
55
50  AND 16214 1726
30  SH 19413 1921
56
50  AND 19643 1728
57
50  AND 20541 1729
58
50  SH 19108 1923
59
50  SH 13886 1924
30  AND 14394 1731
61
50  AND 12242 1732
SCORE:AND,SH,3530,1590,194.0
