AND-CASC
1
50  AND 9931 1090
30  AND 10053 1040
10  CASC 10350 2559
2
50  AND 15182 1134
3
50  CASC 8249 2560
30  AND 8533 1041
10  CASC 9192 2568
4
50  AND 8178 1089
30  AND 8422 1120
10  CASC 9625 2570
5
50  AND 7363 1095
30  AND 9390 1124
10  AND 9812 1042
6
50  AND 8681 1127
30  AND 8847 1045
7
50  CASC 7566 2596
30  AND 7909 1094
10  AND 9389 1155
8
50  CASC 6676 2589
30  CASC 7000 2582
10  CASC 7362 2566
9
50  AND 4037 1072
30  CASC 4132 2558
10  AND 4153 1046
10
50  AND 3468 1139
30  AND 4798 1146
10  AND 5266 1143
11
50  AND 2150 1034
30  AND 2224 1105
10  AND 2734 1071
12
50  CASC 1967 2569
30  AND 2387 1066
10  AND 2886 1070
13
50  AND 3820 1054
30  AND 3843 1107
10  AND 4206 1171
14
50  CASC 3920 2567
30  AND 4141 1080
10  CASC 4271 2592
15
50  CASC 3326 2560
30  AND 3380 1122
10  CASC 3459 2595
16
50  AND 3513 1079
30  CASC 3723 2565
10  CASC 3791 2570
17
50  AND 6284 1121
30  AND 6286 1095
10  AND 7659 1161
18
50  AND 7423 1127
30  AND 8120 1100
10  AND 9373 1081
19
50  AND 7168 1108
30  AND 7177 1137
10  CASC 7263 2581
20
50  AND 5943 1125
30  CASC 5976 2589
10  CASC 6106 2585
21
50  AND 4686 1072
30  AND 4868 1174
10  CASC 4897 2558
22
50  AND 4911 1139
30  AND 4974 1143
10  AND 6090 1146
23
50  AND 2751 1034
30  CASC 3091 2590
10  AND 3269 1109
24
50  CASC 2707 2569
30  CASC 2839 2571
10  AND 2843 1066
25
50  AND 2055 1044
30  CASC 2255 2559
10  AND 2282 1171
26
50  CASC 2159 2567
30  CASC 2461 2561
10  AND 2596 1035
27
50  AND 3713 1122
30  AND 4077 1041
10  CASC 4156 2595
28
50  AND 3865 1120
30  AND 4801 1053
10  CASC 5026 2573
29
50  AND 3901 1068
30  AND 4043 1124
10  AND 4116 1088
30
50  AND 4322 1127
30  AND 4348 1100
10  AND 4675 1081
31
80  CASC 3307 2596
40  CASC 3897 2581
0  AND 3907 1108
32
80  AND 3183 1125
40  CASC 3368 2582
0  CASC 3454 2593
33
80  AND 3553 1105
35
50  AND 1935 1090
30  AND 1953 1040
10  CASC 2100 2559
36
50  AND 2289 1035
30  CASC 2600 2561
10  CASC 2771 2592
37
50  CASC 3762 2560
30  AND 3932 1122
10  AND 3956 1059
38
50  AND 3591 1089
30  AND 3613 1120
10  CASC 6298 2573
39
50  AND 3193 1121
30  AND 3229 1095
10  AND 3929 1088
40
50  AND 3823 1045
30  AND 4450 1100
41
50  CASC 3334 2596
30  AND 3548 1137
10  CASC 4049 2594
42
50  CASC 3113 2593
30  CASC 3183 2585
10  CASC 3367 2566
43
50  AND 3225 1034
30  AND 3423 1071
10  AND 3657 1109
44
50  CASC 2689 2569
45
50  AND 2051 1044
30  CASC 2417 2559
10  AND 2537 1054
46
50  CASC 2299 2567
30  AND 2599 1077
10  CASC 2747 2592
47
50  AND 4259 1041
30  CASC 4506 2568
10  CASC 4766 2595
48
50  AND 4420 1089
30  CASC 4834 2565
10  AND 5038 1079
49
50  AND 4009 1121
30  AND 4613 1124
10  AND 4620 1068
50
50  AND 4404 1081
30  AND 4473 1045
51
50  AND 4211 1094
30  AND 4288 1108
10  CASC 4516 2594
52
50  CASC 3417 2589
30  CASC 3541 2585
10  CASC 3601 2593
54
50  AND 11193 1724
30  CASC 12204 1913
55
50  AND 16214 1726
56
50  CASC 18359 1914
30  AND 19643 1728
57
50  CASC 14158 1915
30  AND 20541 1729
58
50  CASC 16135 1917
59
50  AND 14394 1731
61
50  AND 12242 1732
30  CASC 12488 1918
SCORE:AND,CASC,3300,1700,160.0
