AND-NJST
1
50  AND 9931 1090
30  NJST 10050 3229
10  AND 10053 1040
2
50  NJST 11875 3221
30  AND 15182 1134
3
50  NJST 7090 3206
30  NJST 7422 3238
10  NJST 8059 3224
4
50  AND 8178 1089
30  AND 8422 1120
10  NJST 10567 3243
5
50  AND 7363 1095
30  NJST 8025 3231
10  AND 9390 1124
6
50  AND 8681 1127
30  AND 8847 1045
7
50  NJST 7619 3234
30  AND 7909 1094
10  NJST 8972 3211
8
50  NJST 7947 3230
30  AND 8629 1101
9
50  NJST 2247 3222
30  NJST 3979 3235
10  AND 4037 1072
10
50  AND 3468 1139
30  AND 4798 1146
10  AND 5266 1143
11
50  NJST 1965 3197
30  AND 2150 1034
10  AND 2224 1105
12
50  NJST 2010 3225
30  AND 2387 1066
10  AND 2886 1070
13
50  AND 3820 1054
30  AND 3843 1107
10  AND 4206 1171
14
50  AND 4141 1080
30  NJST 4209 3226
10  AND 5012 1163
15
50  NJST 2836 3206
30  NJST 2929 3238
10  NJST 3194 3191
16
50  NJST 3353 3236
30  AND 3513 1079
10  AND 3896 1053
17
50  AND 6284 1121
30  AND 6286 1095
10  AND 7659 1161
18
50  AND 7423 1127
30  AND 8120 1100
10  AND 9373 1081
19
50  NJST 6731 3234
30  AND 7168 1108
10  AND 7177 1137
20
50  AND 5943 1125
30  AND 7119 1116
10  AND 7226 1118
21
50  NJST 2794 3222
30  AND 4686 1072
10  AND 4868 1174
22
50  AND 4911 1139
30  AND 4974 1143
10  AND 6090 1146
23
50  NJST 2604 3197
30  NJST 2613 3215
10  AND 2751 1034
24
50  NJST 2287 3225
30  AND 2843 1066
10  NJST 3470 3192
25
50  AND 2055 1044
30  NJST 2256 3212
10  AND 2282 1171
26
50  NJST 2381 3221
30  NJST 2413 3226
10  AND 2596 1035
27
50  NJST 3425 3213
30  AND 3713 1122
10  NJST 3872 3191
28
50  AND 3865 1120
30  NJST 4575 3236
10  AND 4801 1053
29
50  NJST 3852 3231
30  AND 3901 1068
10  AND 4043 1124
30
50  AND 4322 1127
30  AND 4348 1100
10  AND 4675 1081
31
80  NJST 3781 3234
40  AND 3907 1108
0  NJST 4162 3211
32
80  AND 3183 1125
40  AND 3636 1118
0  NJST 3987 3230
33
80  NJST 3345 3197
40  AND 3553 1105
35
50  AND 1935 1090
30  AND 1953 1040
10  NJST 2103 3229
36
50  NJST 2091 3226
30  AND 2289 1035
10  AND 3035 1163
37
50  NJST 3407 3206
30  NJST 3522 3238
10  NJST 3778 3224
38
50  AND 3591 1089
30  AND 3613 1120
39
50  AND 3193 1121
30  AND 3229 1095
10  NJST 3557 3231
40
50  AND 3823 1045
30  AND 4450 1100
41
50  NJST 3315 3234
30  AND 3548 1137
10  NJST 4063 3240
42
50  NJST 3604 3230
30  AND 3808 1116
43
50  NJST 3128 3219
30  AND 3225 1034
10  AND 3423 1071
44
50  NJST 3275 3225
30  NJST 4603 3205
45
50  AND 2051 1044
30  AND 2537 1054
10  AND 2609 1171
46
50  AND 2599 1077
30  NJST 3038 3221
10  AND 3350 1134
47
50  AND 4259 1041
30  NJST 4290 3224
10  NJST 5129 3232
48
50  AND 4420 1089
30  AND 5038 1079
10  NJST 5291 3214
49
50  AND 4009 1121
30  NJST 4193 3231
10  AND 4613 1124
50
50  AND 4404 1081
30  AND 4473 1045
51
50  AND 4211 1094
30  AND 4288 1108
10  NJST 4359 3211
52
50  NJST 3787 3230
30  AND 4413 1101
54
50  NJST 10675 1997
30  AND 11193 1724
55
50  AND 16214 1726
30  NJST 19643 1998
56
50  AND 19643 1728
30  NJST 22728 1999
57
50  NJST 12482 2000
30  AND 20541 1729
58
50  NJST 18127 2002
59
50  AND 14394 1731
61
50  AND 12242 1732
SCORE:AND,NJST,2960,2100,86.0
