AND-SHC
1
50  SHC 8773 492
30  AND 9931 1090
10  AND 10053 1040
2
50  SHC 10517 475
30  SHC 10644 539
10  SHC 12246 531
3
50  AND 8533 1041
30  SHC 8951 533
10  SHC 9627 514
4
50  SHC 7872 552
30  AND 8178 1089
10  AND 8422 1120
5
50  AND 7363 1095
30  SHC 8052 501
10  AND 9390 1124
6
50  SHC 6757 549
30  AND 8681 1127
10  AND 8847 1045
7
50  SHC 7710 459
30  SHC 7723 479
10  AND 7909 1094
8
50  SHC 7306 502
30  SHC 7419 497
10  SHC 8186 450
9
50  SHC 3479 481
30  SHC 3513 528
10  SHC 3803 486
10
50  SHC 3037 565
30  AND 3468 1139
10  SHC 3619 471
11
50  SHC 2143 564
30  AND 2150 1034
10  AND 2224 1105
12
50  AND 2387 1066
30  SHC 2783 535
10  SHC 2872 512
13
50  SHC 3514 492
30  SHC 3799 547
10  AND 3820 1054
14
50  AND 4141 1080
30  SHC 4207 537
10  SHC 4694 559
15
50  AND 3380 1122
30  SHC 3479 533
10  AND 3537 1059
16
50  SHC 3036 552
30  AND 3513 1079
10  AND 3896 1053
17
50  AND 6284 1121
30  AND 6286 1095
10  SHC 7129 546
18
50  SHC 7143 493
30  AND 7423 1127
10  AND 8120 1100
19
50  SHC 6655 479
30  SHC 6933 459
10  AND 7168 1108
20
50  AND 5943 1125
30  SHC 5949 490
10  SHC 6294 497
21
50  SHC 2812 540
30  SHC 3757 481
10  SHC 4366 528
22
50  SHC 3253 565
30  SHC 3894 471
10  SHC 4737 534
23
50  SHC 2502 564
30  AND 2751 1034
10  SHC 2827 554
24
50  AND 2843 1066
30  SHC 2900 464
10  AND 3783 1070
25
50  SHC 2013 550
30  SHC 2044 513
10  AND 2055 1044
26
50  AND 2596 1035
30  SHC 2653 457
10  SHC 2657 538
27
50  AND 3713 1122
30  AND 4077 1041
10  SHC 4386 533
28
50  AND 3865 1120
30  SHC 4765 451
10  AND 4801 1053
29
50  SHC 3509 546
30  AND 3901 1068
10  AND 4043 1124
30
50  SHC 4305 493
30  AND 4322 1127
10  AND 4348 1100
31
80  SHC 3706 558
40  SHC 3828 458
0  AND 3907 1108
32
80  SHC 3169 502
40  AND 3183 1125
0  SHC 3619 526
33
80  SHC 2923 554
40  SHC 2977 491
0  SHC 2997 540
34
80  SHC 3849 511
35
50  SHC 1906 463
30  AND 1935 1090
10  AND 1953 1040
36
50  SHC 2075 537
30  SHC 2173 539
10  AND 2289 1035
37
50  AND 3932 1122
30  AND 3956 1059
10  SHC 4158 514
38
50  SHC 3333 552
30  AND 3591 1089
10  AND 3613 1120
39
50  AND 3193 1121
30  AND 3229 1095
10  SHC 3290 501
40
50  SHC 2951 549
30  SHC 3667 493
10  AND 3823 1045
41
50  SHC 3356 459
30  SHC 3443 479
10  AND 3548 1137
42
50  SHC 2906 490
30  SHC 3016 502
10  AND 3808 1116
43
50  SHC 3154 553
30  SHC 3207 469
10  SHC 3212 491
44
50  SHC 3788 464
45
50  AND 2051 1044
30  SHC 2141 550
10  SHC 2513 522
46
50  SHC 2295 475
30  SHC 2475 539
10  AND 2599 1077
47
50  AND 4259 1041
30  SHC 5463 482
10  AND 5474 1126
48
50  AND 4420 1089
30  AND 5038 1079
10  SHC 5134 542
49
50  AND 4009 1121
30  AND 4613 1124
10  AND 4620 1068
50
50  SHC 3461 549
30  AND 4404 1081
10  AND 4473 1045
51
50  SHC 4114 458
30  AND 4211 1094
10  AND 4288 1108
52
50  SHC 3760 490
30  SHC 3804 497
10  SHC 4231 496
53
50  SHC 16298 1670
54
50  AND 11193 1724
55
50  SHC 14927 1665
30  AND 16214 1726
56
50  SHC 18851 1666
30  AND 19643 1728
57
50  SHC 18766 1667
30  AND 20541 1729
59
50  AND 14394 1731
61
50  AND 12242 1732
SCORE:AND,SHC,2000,3160,-116.0
