AND-WRC
1
50  AND 9931 1090
30  AND 10053 1040
10  AND 10600 1107
2
50  WRC 10377 2161
30  WRC 13057 2144
10  AND 15182 1134
3
50  WRC 8371 2156
30  AND 8533 1041
10  WRC 9470 2151
4
50  AND 8178 1089
30  AND 8422 1120
10  WRC 10200 2180
5
50  AND 7363 1095
30  WRC 8003 2147
10  AND 9390 1124
6
50  WRC 7619 2174
30  AND 8681 1127
10  AND 8847 1045
7
50  AND 7909 1094
30  WRC 8182 2146
10  WRC 8594 2169
8
50  WRC 7292 2182
30  WRC 7447 2177
10  WRC 8320 2193
9
50  WRC 3100 2162
30  AND 4037 1072
10  AND 4153 1046
10
50  AND 3468 1139
30  WRC 3732 2165
10  AND 4798 1146
11
50  WRC 1881 2176
30  WRC 1968 2196
10  AND 2150 1034
12
50  WRC 2313 2150
30  AND 2387 1066
10  WRC 2594 2183
13
50  AND 3820 1054
30  AND 3843 1107
10  WRC 3889 2175
14
50  AND 4141 1080
30  WRC 4383 2191
10  WRC 4678 2144
15
50  AND 3380 1122
30  AND 3537 1059
10  WRC 3553 2167
16
50  AND 3513 1079
30  AND 3896 1053
10  AND 4127 1050
17
50  AND 6284 1121
30  AND 6286 1095
10  WRC 6896 2147
18
50  WRC 6674 2174
30  AND 7423 1127
10  WRC 7522 2189
19
50  WRC 6727 2145
30  WRC 7127 2146
10  AND 7168 1108
20
50  AND 5943 1125
30  WRC 6001 2181
10  WRC 6272 2182
21
50  WRC 3722 2162
30  AND 4686 1072
10  AND 4868 1174
22
50  WRC 4550 2165
30  AND 4911 1139
10  AND 4974 1143
23
50  WRC 2194 2196
30  AND 2751 1034
10  AND 3269 1109
24
50  AND 2843 1066
30  WRC 3389 2183
10  AND 3783 1070
25
50  AND 2055 1044
30  WRC 2256 2171
10  AND 2282 1171
26
50  WRC 2103 2161
30  WRC 2347 2191
10  WRC 2506 2160
27
50  AND 3713 1122
30  AND 4077 1041
10  WRC 4144 2151
28
50  AND 3865 1120
30  AND 4801 1053
10  WRC 5894 2188
29
50  WRC 3476 2178
30  AND 3901 1068
10  WRC 4006 2153
30
50  WRC 3546 2174
30  WRC 4187 2189
10  AND 4322 1127
31
80  WRC 3850 2146
40  AND 3907 1108
0  WRC 4171 2169
32
80  AND 3183 1125
40  WRC 3201 2181
0  WRC 3499 2177
33
80  WRC 2358 2196
40  WRC 2458 2176
0  WRC 3150 2148
35
50  WRC 1814 2175
30  AND 1935 1090
10  AND 1953 1040
36
50  WRC 2018 2161
30  AND 2289 1035
10  WRC 2403 2191
37
50  AND 3932 1122
30  AND 3956 1059
10  WRC 3987 2156
38
50  AND 3591 1089
30  AND 3613 1120
39
50  AND 3193 1121
30  AND 3229 1095
10  WRC 3559 2178
40
50  WRC 3512 2174
30  AND 3823 1045
10  WRC 4271 2189
41
50  WRC 3456 2145
30  AND 3548 1137
10  WRC 3719 2169
42
50  WRC 3052 2182
30  WRC 3094 2181
10  WRC 3489 2170
43
50  WRC 2683 2176
30  AND 3225 1034
10  WRC 3264 2184
45
50  AND 2051 1044
30  AND 2537 1054
10  AND 2609 1171
46
50  WRC 2445 2161
30  WRC 2487 2191
10  AND 2599 1077
47
50  WRC 4069 2156
30  AND 4259 1041
10  AND 5474 1126
48
50  AND 4420 1089
30  WRC 4896 2188
10  AND 5038 1079
49
50  AND 4009 1121
30  WRC 4226 2147
10  AND 4613 1124
50
50  WRC 4032 2189
30  AND 4404 1081
10  AND 4473 1045
51
50  WRC 3802 2145
30  AND 4211 1094
10  AND 4288 1108
52
50  WRC 3662 2177
30  WRC 3976 2173
10  WRC 4022 2170
54
50  WRC 9339 1855
30  AND 11193 1724
55
50  AND 16214 1726
30  WRC 20388 1858
56
50  AND 19643 1728
57
50  WRC 14518 1859
30  AND 20541 1729
59
50  WRC 13206 1860
30  AND 14394 1731
61
50  AND 12242 1732
30  WRC 13246 1861
SCORE:AND,WRC,2510,2520,-1.0
