AND-FV
1
50  AND 9931 1090
30  FV 10025 3349
10  AND 10053 1040
2
50  FV 10634 3383
30  AND 15182 1134
3
50  AND 8533 1041
30  FV 8790 3380
10  AND 9628 1059
4
50  AND 8178 1089
30  AND 8422 1120
10  FV 11027 3350
5
50  AND 7363 1095
30  FV 8295 3351
10  FV 8941 3381
6
50  AND 8681 1127
30  AND 8847 1045
10  FV 10438 3367
7
50  AND 7909 1094
30  AND 9389 1155
10  FV 10543 3373
8
50  FV 7139 3384
30  FV 7577 3364
10  FV 8072 3358
9
50  FV 3222 3343
30  AND 4037 1072
10  AND 4153 1046
10
50  FV 3344 3360
30  AND 3468 1139
10  AND 4798 1146
11
50  AND 2150 1034
30  FV 2181 3382
10  AND 2224 1105
12
50  FV 2238 3368
30  AND 2387 1066
10  AND 2886 1070
13
50  AND 3820 1054
30  AND 3843 1107
10  AND 4206 1171
14
50  AND 4141 1080
30  FV 4650 3369
10  FV 4814 3366
15
50  AND 3380 1122
30  FV 3525 3380
10  AND 3537 1059
16
50  AND 3513 1079
30  FV 3762 3359
10  FV 3785 3379
17
50  AND 6284 1121
30  AND 6286 1095
10  FV 7303 3351
18
50  AND 7423 1127
30  AND 8120 1100
10  AND 9373 1081
19
50  AND 7168 1108
30  AND 7177 1137
10  AND 7929 1113
20
50  AND 5943 1125
30  FV 6359 3384
10  FV 6653 3355
21
50  FV 3926 3343
30  AND 4686 1072
10  AND 4868 1174
22
50  AND 4911 1139
30  AND 4974 1143
10  FV 5770 3360
23
50  FV 2641 3344
30  FV 2675 3382
10  AND 2751 1034
24
50  AND 2843 1066
30  FV 3748 3374
10  AND 3783 1070
25
50  AND 2055 1044
30  FV 2089 3349
10  AND 2282 1171
26
50  FV 2464 3369
30  AND 2596 1035
10  AND 2827 1080
27
50  AND 3713 1122
30  FV 4028 3380
10  AND 4077 1041
28
50  AND 3865 1120
30  FV 4766 3359
10  AND 4801 1053
29
50  FV 3738 3351
30  AND 3901 1068
10  AND 4043 1124
30
50  AND 4322 1127
30  AND 4348 1100
10  AND 4675 1081
31
80  AND 3907 1108
40  AND 4229 1113
0  AND 4313 1155
32
80  AND 3183 1125
40  FV 3475 3364
0  FV 3512 3384
33
80  FV 3532 3344
40  AND 3553 1105
34
80  FV 3213 3368
35
50  FV 1908 3349
30  AND 1935 1090
10  AND 1953 1040
36
50  AND 2289 1035
30  FV 2340 3383
10  AND 3035 1163
37
50  AND 3932 1122
30  AND 3956 1059
10  FV 4444 3380
38
50  AND 3591 1089
30  AND 3613 1120
10  FV 5006 3359
39
50  AND 3193 1121
30  AND 3229 1095
10  FV 3577 3351
40
50  AND 3823 1045
30  AND 4450 1100
10  FV 5819 3367
41
50  AND 3548 1137
30  AND 4334 1162
10  AND 4565 1113
42
50  FV 3234 3384
30  FV 3381 3358
10  FV 3491 3355
43
50  AND 3225 1034
30  AND 3423 1071
10  FV 3579 3382
44
50  FV 3925 3368
45
50  AND 2051 1044
30  AND 2537 1054
10  AND 2609 1171
46
50  AND 2599 1077
30  FV 2665 3383
10  FV 2806 3363
47
50  AND 4259 1041
30  FV 5371 3377
10  AND 5474 1126
48
50  AND 4420 1089
30  AND 5038 1079
10  FV 5718 3350
49
50  AND 4009 1121
30  FV 4203 3352
10  AND 4613 1124
50
50  AND 4404 1081
30  AND 4473 1045
10  FV 5175 3367
51
50  AND 4211 1094
30  AND 4288 1108
10  AND 4814 1097
52
50  FV 4388 3355
30  AND 4413 1101
10  FV 4463 3364
54
50  AND 11193 1724
30  FV 11293 2015
55
50  AND 16214 1726
30  FV 20352 2016
56
50  AND 19643 1728
30  FV 19896 2017
57
50  FV 17397 2018
30  AND 20541 1729
58
50  FV 17403 2019
59
50  AND 14394 1731
30  FV 16759 2020
61
50  AND 12242 1732
SCORE:AND,FV,3370,1840,153.0
