AND-CCC
1
50  CCC 9365 2014
30  AND 9931 1090
10  AND 10053 1040
2
50  CCC 10441 2005
30  CCC 11056 2019
10  CCC 13615 1994
3
50  AND 8533 1041
30  AND 9628 1059
10  CCC 9715 1991
4
50  AND 8178 1089
30  AND 8422 1120
10  CCC 8866 2012
5
50  AND 7363 1095
30  CCC 7445 2031
10  CCC 8137 2030
6
50  AND 8681 1127
30  AND 8847 1045
7
50  CCC 7696 1992
30  AND 7909 1094
10  CCC 8435 2028
8
50  CCC 7524 2002
30  AND 8629 1101
9
50  CCC 3709 1996
30  CCC 3804 2009
10  AND 4037 1072
10
50  AND 3468 1139
30  AND 4798 1146
10  AND 5266 1143
11
50  CCC 2076 2026
30  AND 2150 1034
10  AND 2224 1105
12
50  CCC 1634 2020
30  AND 2387 1066
10  CCC 2770 2032
13
50  AND 3820 1054
30  AND 3843 1107
10  AND 4206 1171
14
50  CCC 4125 2019
30  AND 4141 1080
10  CCC 4906 2017
15
50  AND 3380 1122
30  AND 3537 1059
10  AND 3630 1152
16
50  CCC 3407 2012
30  AND 3513 1079
10  AND 3896 1053
17
50  AND 6284 1121
30  AND 6286 1095
10  AND 7659 1161
18
50  AND 7423 1127
30  AND 8120 1100
10  AND 9373 1081
19
50  CCC 7116 1992
30  AND 7168 1108
10  AND 7177 1137
20
50  AND 5943 1125
30  CCC 6632 2002
10  AND 7119 1116
21
50  CCC 4272 1996
30  AND 4686 1072
10  AND 4868 1174
22
50  AND 4911 1139
30  AND 4974 1143
10  AND 6090 1146
23
50  CCC 2706 2023
30  AND 2751 1034
10  CCC 2868 2026
24
50  AND 2843 1066
30  AND 3783 1070
10  AND 3836 1084
25
50  AND 2055 1044
30  AND 2282 1171
10  AND 2349 1073
26
50  CCC 1947 2005
30  CCC 2432 2025
10  AND 2596 1035
27
50  AND 3713 1122
30  AND 4077 1041
10  AND 4785 1152
28
50  AND 3865 1120
30  CCC 4247 2012
10  AND 4801 1053
29
50  CCC 3810 2030
30  AND 3901 1068
10  AND 4043 1124
30
50  AND 4322 1127
30  AND 4348 1100
10  AND 4675 1081
31
80  CCC 3662 1992
40  CCC 3813 1998
0  AND 3907 1108
32
80  AND 3183 1125
40  AND 3636 1118
0  AND 4537 1101
33
80  CCC 2228 2026
40  CCC 3034 2024
0  AND 3553 1105
35
50  CCC 1819 2014
30  AND 1935 1090
10  AND 1953 1040
36
50  CCC 1891 2005
30  AND 2289 1035
10  CCC 2957 2025
37
50  AND 3932 1122
30  AND 3956 1059
10  CCC 4146 1991
38
50  AND 3591 1089
30  AND 3613 1120
10  CCC 4041 2027
39
50  AND 3193 1121
30  AND 3229 1095
10  CCC 3515 2031
40
50  AND 3823 1045
30  AND 4450 1100
41
50  CCC 3413 1992
30  AND 3548 1137
10  CCC 3736 2028
42
50  AND 3808 1116
43
50  AND 3225 1034
30  AND 3423 1071
10  CCC 3622 2024
45
50  AND 2051 1044
30  CCC 2209 2014
10  AND 2537 1054
46
50  AND 2599 1077
30  CCC 3109 1997
10  AND 3350 1134
47
50  AND 4259 1041
30  CCC 5041 1991
10  AND 5474 1126
48
50  AND 4420 1089
30  AND 5038 1079
10  CCC 5066 2027
49
50  CCC 3880 2031
30  AND 4009 1121
10  CCC 4603 2029
50
50  AND 4404 1081
30  AND 4473 1045
51
50  AND 4211 1094
30  AND 4288 1108
10  CCC 4305 2028
52
50  AND 4413 1101
54
50  AND 11193 1724
30  CCC 11834 1834
55
50  AND 16214 1726
30  CCC 19756 1835
56
50  AND 19643 1728
30  CCC 20399 1836
57
50  AND 20541 1729
59
50  AND 14394 1731
61
50  AND 12242 1732
SCORE:AND,CCC,3190,1670,152.0
