AND-LCC
1
50  AND 9931 1090
30  AND 10053 1040
10  AND 10600 1107
2
50  AND 15182 1134
3
50  LCC 7247 2844
30  AND 8533 1041
10  AND 9628 1059
4
50  LCC 7346 2868
30  AND 8178 1089
10  AND 8422 1120
5
50  LCC 7149 2861
30  LCC 7241 2846
10  AND 7363 1095
6
50  LCC 8146 2867
30  AND 8681 1127
10  AND 8847 1045
7
50  LCC 6395 2845
30  AND 7909 1094
10  LCC 8620 2858
8
50  LCC 6350 2871
30  LCC 6572 2836
10  LCC 7900 2851
9
50  AND 4037 1072
30  AND 4153 1046
10  AND 4725 1149
10
50  AND 3468 1139
30  AND 4798 1146
10  AND 5266 1143
11
50  AND 2150 1034
30  AND 2224 1105
10  LCC 2278 2859
12
50  AND 2387 1066
30  LCC 2865 2837
10  AND 2886 1070
13
50  LCC 3277 2869
30  AND 3820 1054
10  AND 3843 1107
14
50  AND 4141 1080
30  AND 5012 1163
10  LCC 5203 2831
15
50  AND 3380 1122
30  AND 3537 1059
10  AND 3630 1152
16
50  LCC 2821 2868
30  AND 3513 1079
10  AND 3896 1053
17
50  AND 6284 1121
30  AND 6286 1095
10  LCC 6550 2862
18
50  LCC 7280 2867
30  AND 7423 1127
10  AND 8120 1100
19
50  AND 7168 1108
30  AND 7177 1137
10  AND 7929 1113
20
50  LCC 5634 2836
30  LCC 5829 2835
10  AND 5943 1125
21
50  AND 4686 1072
30  LCC 4821 2842
10  AND 4868 1174
22
50  AND 4911 1139
30  AND 4974 1143
10  AND 6090 1146
23
50  LCC 2705 2832
30  AND 2751 1034
10  LCC 3055 2859
24
50  AND 2843 1066
30  AND 3783 1070
10  AND 3836 1084
25
50  LCC 1880 2869
30  AND 2055 1044
10  AND 2282 1171
26
50  AND 2596 1035
30  AND 2827 1080
10  LCC 2887 2831
27
50  LCC 3373 2844
30  AND 3713 1122
10  AND 4077 1041
28
50  AND 3865 1120
30  AND 4801 1053
29
50  LCC 3544 2862
30  AND 3901 1068
10  AND 4043 1124
30
50  AND 4322 1127
30  AND 4348 1100
10  LCC 4645 2847
31
80  LCC 3887 2858
40  AND 3907 1108
0  AND 4229 1113
32
80  LCC 2945 2871
40  AND 3183 1125
0  AND 3636 1118
33
80  AND 3553 1105
40  LCC 4011 2859
35
50  AND 1935 1090
30  AND 1953 1040
10  AND 2132 1054
36
50  AND 2289 1035
30  AND 3035 1163
10  AND 3543 1075
37
50  LCC 3470 2844
30  AND 3932 1122
10  AND 3956 1059
38
50  AND 3591 1089
30  AND 3613 1120
39
50  LCC 3019 2861
30  LCC 3026 2846
10  AND 3193 1121
40
50  AND 3823 1045
30  LCC 3952 2867
10  AND 4450 1100
41
50  LCC 2770 2845
30  AND 3548 1137
10  LCC 3963 2858
42
50  LCC 2625 2871
30  LCC 3019 2835
10  LCC 3132 2851
43
50  AND 3225 1034
30  AND 3423 1071
10  AND 3657 1109
45
50  AND 2051 1044
30  AND 2537 1054
10  AND 2609 1171
46
50  AND 2599 1077
30  LCC 2716 2831
10  AND 3350 1134
47
50  AND 4259 1041
30  LCC 5133 2860
10  AND 5474 1126
48
50  AND 4420 1089
30  AND 5038 1079
10  AND 5982 1053
49
50  LCC 3773 2861
30  LCC 3821 2846
10  AND 4009 1121
50
50  AND 4404 1081
30  AND 4473 1045
51
50  LCC 3654 2845
30  AND 4211 1094
10  AND 4288 1108
52
50  LCC 3518 2836
30  LCC 3734 2851
10  LCC 3784 2835
54
50  AND 11193 1724
55
50  AND 16214 1726
30  LCC 20217 1954
56
50  AND 19643 1728
57
50  LCC 16435 1955
30  AND 20541 1729
59
50  LCC 11929 1956
30  AND 14394 1731
60
50  LCC 17576 1957
61
50  LCC 11533 1959
30  AND 12242 1732
SCORE:AND,LCC,3040,1950,109.0
