AND-PO
1
50  PO 9340 2358
30  AND 9931 1090
10  AND 10053 1040
2
50  PO 10430 2359
30  PO 12613 2389
10  PO 13970 2307
3
50  AND 8533 1041
30  AND 9628 1059
10  PO 9899 2336
4
50  AND 8178 1089
30  AND 8422 1120
10  PO 9149 2391
5
50  AND 7363 1095
30  AND 9390 1124
10  PO 9593 2388
6
50  PO 7628 2297
30  PO 7677 2366
10  AND 8681 1127
7
50  AND 7909 1094
30  PO 8925 2320
10  PO 8952 2319
8
50  PO 7191 2298
30  AND 8629 1101
10  PO 8889 2300
9
50  PO 2428 2293
30  PO 3240 2374
10  PO 3401 2365
10
50  PO 2596 2346
30  PO 3253 2322
10  AND 3468 1139
11
50  PO 2096 2364
30  AND 2150 1034
10  AND 2224 1105
12
50  PO 2075 2402
30  PO 2097 2292
10  PO 2218 2345
13
50  AND 3820 1054
30  PO 3834 2317
10  AND 3843 1107
14
50  AND 4141 1080
30  PO 4212 2359
10  PO 4251 2389
15
50  AND 3380 1122
30  AND 3537 1059
10  AND 3630 1152
16
50  AND 3513 1079
30  PO 3749 2349
10  AND 3896 1053
17
50  AND 6284 1121
30  AND 6286 1095
10  AND 7659 1161
18
50  AND 7423 1127
30  PO 7672 2315
10  AND 8120 1100
19
50  AND 7168 1108
30  AND 7177 1137
10  PO 7887 2356
20
50  AND 5943 1125
30  PO 7108 2298
10  AND 7119 1116
21
50  PO 3271 2378
30  PO 3409 2293
10  PO 3913 2303
22
50  PO 3458 2346
30  PO 3540 2322
10  PO 4746 2305
23
50  PO 2579 2351
30  PO 2611 2330
10  PO 2634 2335
24
50  PO 2745 2345
30  AND 2843 1066
10  PO 2847 2292
25
50  AND 2055 1044
30  PO 2181 2317
10  AND 2282 1171
26
50  AND 2596 1035
30  PO 2667 2307
10  AND 2827 1080
27
50  AND 3713 1122
30  AND 4077 1041
10  AND 4785 1152
28
50  AND 3865 1120
30  AND 4801 1053
10  PO 5190 2396
29
50  AND 3901 1068
30  AND 4043 1124
10  AND 4116 1088
30
50  PO 3426 2297
30  PO 3614 2366
10  AND 4322 1127
31
80  AND 3907 1108
40  PO 4090 2319
0  PO 4220 2320
32
80  AND 3183 1125
40  AND 3636 1118
0  PO 4094 2300
33
80  PO 2769 2364
40  PO 3434 2330
0  AND 3553 1105
34
80  PO 2833 2345
40  PO 2866 2402
0  PO 2975 2355
35
50  PO 1754 2358
30  AND 1935 1090
10  PO 1951 2317
36
50  PO 2003 2359
30  AND 2289 1035
10  PO 2400 2400
37
50  AND 3932 1122
30  AND 3956 1059
10  AND 5766 1144
38
50  AND 3591 1089
30  AND 3613 1120
10  PO 4129 2391
39
50  AND 3193 1121
30  AND 3229 1095
10  AND 3929 1088
40
50  PO 3357 2297
30  PO 3587 2366
10  AND 3823 1045
41
50  AND 3548 1137
30  PO 3582 2353
10  PO 4020 2356
42
50  PO 3243 2298
30  PO 3741 2340
10  AND 3808 1116
43
50  AND 3225 1034
30  AND 3423 1071
10  PO 3567 2390
44
50  PO 3713 2355
45
50  AND 2051 1044
30  PO 2282 2358
10  AND 2537 1054
46
50  AND 2599 1077
30  PO 2697 2400
10  PO 3027 2296
47
50  AND 4259 1041
30  PO 4839 2336
10  AND 5474 1126
48
50  AND 4420 1089
30  AND 5038 1079
10  PO 5239 2391
49
50  AND 4009 1121
30  AND 4613 1124
10  AND 4620 1068
50
50  AND 4404 1081
30  AND 4473 1045
10  PO 4740 2331
51
50  AND 4211 1094
30  AND 4288 1108
10  PO 4338 2320
52
50  PO 4268 2300
30  AND 4413 1101
53
50  PO 12839 1888
54
50  PO 9464 1876
30  AND 11193 1724
55
50  AND 16214 1726
30  PO 17012 1877
56
50  AND 19643 1728
30  PO 19939 1879
57
50  PO 19083 1881
30  AND 20541 1729
58
50  PO 16272 1882
59
50  AND 14394 1731
30  PO 15543 1884
60
50  PO 13909 1886
61
50  AND 12242 1732
30  PO 12619 1887
SCORE:AND,PO,2850,2530,32.0
