AND-NSC
1
50  AND 9931 1090
30  AND 10053 1040
10  AND 10600 1107
2
50  NSC 10994 632
30  NSC 11871 607
10  AND 15182 1134
3
50  NSC 7928 660
30  AND 8533 1041
10  AND 9628 1059
4
50  AND 8178 1089
30  AND 8422 1120
10  NSC 10388 671
5
50  AND 7363 1095
30  NSC 7594 612
10  NSC 9172 625
6
50  NSC 7116 595
30  NSC 8581 601
10  NSC 8669 589
7
50  NSC 7146 664
30  NSC 7884 584
10  AND 7909 1094
8
50  NSC 6128 586
30  NSC 7101 569
10  NSC 7756 624
9
50  NSC 2872 634
30  NSC 3075 651
10  NSC 3385 674
10
50  NSC 3440 644
30  AND 3468 1139
10  NSC 3666 630
11
50  NSC 2137 672
30  AND 2150 1034
10  NSC 2175 643
12
50  NSC 2081 606
30  AND 2387 1066
10  NSC 2541 657
13
50  AND 3820 1054
30  AND 3843 1107
10  NSC 4031 640
14
50  NSC 3841 627
30  AND 4141 1080
10  NSC 4163 677
15
50  AND 3380 1122
30  AND 3537 1059
10  AND 3630 1152
16
50  AND 3513 1079
30  NSC 3888 642
10  AND 3896 1053
17
50  AND 6284 1121
30  AND 6286 1095
10  NSC 7472 656
18
50  AND 7423 1127
30  NSC 7620 617
10  NSC 7872 589
19
50  NSC 6697 573
30  NSC 7000 584
10  AND 7168 1108
20
50  NSC 5459 586
30  NSC 5678 661
10  AND 5943 1125
21
50  NSC 3888 634
30  NSC 4450 651
10  NSC 4558 575
22
50  NSC 4485 644
30  AND 4911 1139
10  AND 4974 1143
23
50  NSC 2553 643
30  NSC 2566 665
10  AND 2751 1034
24
50  NSC 2825 606
30  AND 2843 1066
10  NSC 3006 578
25
50  AND 2055 1044
30  NSC 2138 638
10  NSC 2170 666
26
50  NSC 2112 627
30  NSC 2384 677
10  NSC 2456 622
27
50  NSC 3566 660
30  AND 3713 1122
10  AND 4077 1041
28
50  AND 3865 1120
30  NSC 4747 642
10  AND 4801 1053
29
50  NSC 3691 612
30  AND 3901 1068
10  NSC 4012 656
30
50  NSC 4118 592
30  NSC 4137 617
10  AND 4322 1127
31
80  NSC 3358 664
40  NSC 3612 594
0  NSC 3720 573
32
80  NSC 2969 586
40  AND 3183 1125
0  NSC 3428 569
33
80  NSC 2650 665
40  NSC 2703 672
0  NSC 2825 603
34
80  NSC 2619 606
35
50  AND 1935 1090
30  AND 1953 1040
10  NSC 2060 640
36
50  NSC 2269 631
30  AND 2289 1035
10  NSC 2356 633
37
50  NSC 3546 660
30  AND 3932 1122
10  AND 3956 1059
38
50  AND 3591 1089
30  AND 3613 1120
10  NSC 5213 671
39
50  AND 3193 1121
30  AND 3229 1095
10  NSC 3901 656
40
50  AND 3823 1045
30  NSC 3934 601
10  NSC 3941 592
41
50  NSC 3315 573
30  NSC 3440 567
10  NSC 3545 584
42
50  NSC 2939 661
30  NSC 3104 591
10  NSC 3250 624
43
50  NSC 2800 672
30  AND 3225 1034
10  NSC 3390 626
44
50  NSC 2832 621
30  NSC 4644 614
45
50  AND 2051 1044
30  NSC 2497 640
10  AND 2537 1054
46
50  NSC 2409 632
30  NSC 2559 622
10  AND 2599 1077
47
50  AND 4259 1041
30  NSC 5122 593
10  NSC 5138 572
48
50  AND 4420 1089
30  AND 5038 1079
10  NSC 5044 671
49
50  AND 4009 1121
30  NSC 4059 612
10  NSC 4425 625
50
50  NSC 3590 595
30  AND 4404 1081
10  NSC 4453 592
51
50  NSC 3763 664
30  NSC 4044 567
10  NSC 4137 594
52
50  NSC 3544 661
30  NSC 3844 569
10  AND 4413 1101
53
50  NSC 15700 1685
54
50  NSC 9860 1672
30  AND 11193 1724
55
50  AND 16214 1726
30  NSC 20914 1675
56
50  NSC 17615 1677
30  AND 19643 1728
57
50  NSC 15450 1679
30  AND 20541 1729
59
50  AND 14394 1731
30  NSC 14494 1682
60
50  NSC 12959 1683
61
50  NSC 12194 1684
30  AND 12242 1732
SCORE:AND,NSC,1990,3340,-135.0
