BAR-CH
1
50  CH 2521 2272(Y) 1666
30  CH 2840 1449
10  CH 2872 37
2
50  CH 2750 1454
30  CH 3001 2704(Y) 55
10  BAR 3086 283
3
50  CH 3107 26
30  CH 3138 69
10  BAR 3199 2882(Y) 249
4
50  CH 2897 2610(Y) 115
30  CH 3008 1452
10  CH 3243 38
5
50  CH 2949 93
30  CH 3287 64
10  BAR 3814 225
6
50  CH 3166 2853(Y) 45
30  BAR 3348 3017(Y) 298
10  CH 3415 77
7
50  CH 1783 1460
30  BAR 1795 1618(Y) 224
10  BAR 1901 269
8
50  CH 1606 1447(Y) 111
30  CH 1668 1503(Y) 99
10  BAR 1684 1518(Y) 227
9
50  CH 2094 95
30  CH 2130 1919(Y) 17
10  CH 2171 108
10
50  CH 1883 1697(Y) 110
30  CH 1942 1750(Y) 67
10  CH 1966 1772(Y) 1457
11
50  CH 2124 1914(Y) 12
30  BAR 2566 2312(Y) 275
10  CH 3331 66
12
50  CH 2299 2072(Y) 101
30  CH 2325 2095(Y) 2
10  CH 3127 4
13
50  CH 6895 1666
30  CH 7326 37
10  CH 7728 1449
14
50  CH 6681 1454
30  CH 7440 7
10  CH 7681 55
15
50  CH 7984 69
30  CH 8241 26
10  BAR 8387 249
16
50  CH 7217 1452
30  CH 7599 115
10  CH 8289 109
17
50  CH 7391 93
30  CH 8168 7359(Y) 64
10  BAR 10659 226
18
50  CH 7963 7174(Y) 45
30  CH 9296 103
10  CH 9315 77
19
50  CH 10096 1667
30  BAR 10602 9552(Y) 269
10  CH 11093 1460
20
50  BAR 9689 8729(Y) 227
30  CH 10100 102
10  CH 10752 111
21
50  CH 3684 37
30  CH 3923 1449
10  BAR 3977 239
22
50  CH 3613 1454
30  CH 3872 7
10  BAR 4060 3658(Y) 236
23
50  BAR 4047 249
30  CH 4054 69
10  BAR 4521 1507
24
50  CH 3838 1452
30  BAR 4169 3756(Y) 237
10  BAR 4237 3818(Y) 276
25
50  CH 4013 3616(Y) 93
30  CH 4526 4078(Y) 64
10  CH 5193 1467
26
50  BAR 4333 3904(Y) 298
30  CH 4497 45
10  CH 4517 103
27
50  CH 2455 1460
30  BAR 2577 2322(Y) 269
10  BAR 2663 1505
28
50  CH 2191 102
30  BAR 2299 2072(Y) 227
10  CH 2419 2180(Y) 89
29
50  CH 2525 2275(Y) 14
30  CH 3002 17
10  CH 3044 1453
30
50  CH 2622 2363(Y) 57
30  CH 2634 110
10  CH 2789 112
31
80  CH 12616 1328
40  BAR 14630 1120
32
80  CH 15009 1330
40  BAR 17826 1469
33
80  CH 8573 1530
40  BAR 9737 2024
34
80  CH 9977 1874
40  BAR 12552 1663
35
50  CH 3082 1666
30  CH 3383 37
10  BAR 3631 244
36
50  CH 3238 2918(Y) 55
30  CH 3455 7
10  BAR 3582 283
37
50  CH 3690 26
30  CH 3937 69
10  BAR 4235 289
38
50  CH 3419 3081(Y) 115
30  CH 3716 38
10  CH 3794 109
39
50  CH 3439 93
30  CH 4135 64
10  BAR 4737 4268(Y) 293
40
50  CH 3726 45
30  CH 3968 77
10  BAR 4293 3868(Y) 298
41
50  CH 2084 1667
30  BAR 2305 2077(Y) 256
10  BAR 2414 2175(Y) 269
42
50  CH 2096 1889(Y) 99
30  CH 2120 1910(Y) 111
10  BAR 2388 227
43
50  CH 2592 2336(Y) 108
30  CH 2622 2363(Y) 14
10  CH 2778 95
44
50  CH 2177 1962(Y) 110
30  CH 2443 2201(Y) 67
10  CH 2455 2212(Y) 27
45
50  CH 2833 2553(Y) 12
30  CH 3769 50
10  CH 4050 84
46
50  CH 2768 2494(Y) 2
30  CH 3127 2818(Y) 101
10  CH 3559 113
47
50  CH 5520 4973(Y) 1666
30  CH 6719 1449
10  CH 7346 42
48
50  CH 6147 1454
30  CH 6587 7
10  BAR 6716 283
49
50  CH 7038 26
30  BAR 7378 249
10  BAR 7924 1507
50
50  CH 6343 1452
30  CH 6392 115
10  CH 7222 38
51
50  CH 8918 83
30  BAR 9143 226
10  BAR 9210 255
52
50  CH 7519 77
30  CH 7870 103
10  BAR 7957 7169(Y) 298
53
50  CH 3694 1667
30  CH 4220 1460
10  BAR 4510 256
54
50  CH 3729 3360(Y) 99
30  CH 3930 3541(Y) 111
10  CH 3976 102
55
50  CH 4762 95
30  CH 4874 4391(Y) 14
10  CH 5154 4644(Y) 108
56
50  CH 4218 3800(Y) 110
30  CH 4463 4021(Y) 57
10  BAR 4667 258
57
50  CH 3299 25
30  BAR 3308 239
10  CH 3729 1451
58
50  CH 3241 2920(Y) 55
30  CH 3447 36
10  BAR 3492 283
59
50  BAR 3992 289
30  CH 6032 75
60
50  CH 3460 97
30  BAR 3965 230
10  CH 4322 109
61
50  BAR 5105 293
30  BAR 5147 225
10  CH 5362 58
62
50  BAR 4404 228
30  BAR 4599 297
10  CH 4784 54
63
50  CH 2071 1667
30  CH 2478 47
10  BAR 2768 224
64
50  CH 1915 99
30  CH 2069 102
10  CH 2087 1881(Y) 11
65
50  CH 2471 95
30  CH 2844 17
10  CH 2953 12
66
50  BAR 2420 223
30  CH 2461 2218(Y) 1457
10  CH 2466 2222(Y) 57
67
80  CH 12825 1877
40  BAR 16704 2028
68
80  CH 13582 1345
40  BAR 16356 2029
SCORE:BAR,CH,1280,5010,-373.0
