BAR-WKW
1
50  WKW 2632 334
30  WKW 2698 2431(Y) 389
10  WKW 2990 317
2
50  WKW 2969 2675(Y) 382
30  WKW 3116 2808(Y) 1594
10  BAR 3219 599
3
50  BAR 2909 2621(Y) 585
30  BAR 3110 680
10  WKW 3292 331
4
50  WKW 3378 345
30  BAR 3429 598
10  WKW 3431 340
5
50  WKW 3265 2942(Y) 365
30  BAR 3405 3068(Y) 619
10  BAR 3538 3188(Y) 656
6
50  WKW 3188 1584
30  WKW 3585 333
10  BAR 3702 625
7
50  BAR 1577 1421(Y) 633
30  WKW 1592 1435(Y) 313
10  BAR 1732 1561(Y) 1606
8
50  WKW 1672 1587
30  WKW 1693 330
10  WKW 1714 341
9
50  BAR 1671 632
30  BAR 1865 678
10  BAR 1916 1727(Y) 644
10
50  WKW 2187 1971(Y) 371
30  WKW 2206 1988(Y) 364
10  BAR 2215 637
11
50  WKW 3033 297
30  BAR 3155 2843(Y) 652
10  WKW 4420 303
12
50  BAR 3357 630
30  WKW 3717 372
10  WKW 3965 378
13
50  WKW 6425 334
30  WKW 6806 6132(Y) 389
10  BAR 8696 7835(Y) 597
14
50  WKW 7549 6801(Y) 382
30  BAR 8181 7371(Y) 605
10  BAR 8214 603
15
50  BAR 7480 6739(Y) 585
30  BAR 7866 7087(Y) 634
10  BAR 8346 680
16
50  WKW 8704 329
30  BAR 9054 8157(Y) 645
10  WKW 9165 340
17
50  BAR 8713 7850(Y) 619
30  WKW 9319 365
10  WKW 9943 358
18
50  WKW 7391 6659(Y) 1584
30  WKW 9813 333
10  WKW 9892 1676
19
50  BAR 10086 9087(Y) 633
30  WKW 11119 313
10  BAR 11398 10269(Y) 632
20
50  WKW 8900 1587
30  WKW 9288 330
10  WKW 9797 8827(Y) 341
21
50  WKW 3398 334
30  WKW 3823 389
10  BAR 4450 677
22
50  BAR 3916 3528(Y) 605
30  WKW 4005 3609(Y) 1594
10  BAR 4396 3961(Y) 599
23
50  BAR 3891 3506(Y) 585
30  BAR 3910 1512
10  BAR 3989 3594(Y) 634
24
50  BAR 4182 3768(Y) 598
30  WKW 4416 386
10  WKW 4613 340
25
50  BAR 4320 1611
30  WKW 4650 4190(Y) 324
10  WKW 4710 4244(Y) 358
26
50  WKW 4763 4291(Y) 1676
30  BAR 5115 625
10  WKW 5293 327
27
50  BAR 2634 2373(Y) 633
30  BAR 2912 660
10  BAR 2932 662
28
50  BAR 2184 1968(Y) 1605
30  WKW 2264 2040(Y) 341
10  BAR 2333 2102(Y) 628
29
50  BAR 2589 2333(Y) 632
30  BAR 2667 2403(Y) 644
10  BAR 2707 2439(Y) 584
30
50  WKW 2966 364
30  BAR 3156 590
10  BAR 3279 640
31
80  WKW 13210 120
40  BAR 14277 960
32
80  BAR 16637 962
40  WKW 16884 686
33
80  WKW 8372 688
40  BAR 8865 964
34
80  BAR 10558 966
40  WKW 11882 691
35
50  WKW 3103 2796(Y) 389
30  BAR 3844 597
10  WKW 4024 294
36
50  WKW 3402 3065(Y) 382
30  BAR 3548 3197(Y) 603
10  WKW 4069 1594
37
50  BAR 3712 3345(Y) 634
30  BAR 3822 3444(Y) 585
10  WKW 4589 310
38
50  WKW 3953 307
30  BAR 4341 3911(Y) 669
10  BAR 4372 1521
39
50  BAR 3814 619
30  WKW 4401 3965(Y) 365
10  WKW 4456 358
40
50  WKW 3416 3078(Y) 1584
30  WKW 4484 333
10  BAR 4543 602
41
50  BAR 2264 2040(Y) 633
30  WKW 2291 359
10  BAR 2566 1606
42
50  WKW 2000 308
30  WKW 2006 1587
10  WKW 2021 330
43
50  BAR 2380 2145(Y) 678
30  BAR 2636 2375(Y) 632
10  WKW 2644 1596
44
50  BAR 2765 618
30  WKW 2900 364
10  WKW 2916 371
45
50  BAR 3725 3356(Y) 652
30  WKW 3975 297
10  WKW 4470 303
46
50  WKW 3944 378
30  BAR 4044 636
10  WKW 4116 372
47
50  WKW 5615 334
30  WKW 6850 317
10  BAR 7206 677
48
50  WKW 6502 5858(Y) 382
30  BAR 7090 6388(Y) 605
10  BAR 7146 6438(Y) 603
49
50  BAR 6607 5953(Y) 634
30  BAR 7461 680
10  WKW 7801 305
50
50  WKW 7399 6666(Y) 329
30  WKW 7603 345
10  WKW 7687 307
51
50  WKW 7730 6964(Y) 365
30  BAR 7883 7102(Y) 619
10  WKW 8091 7290(Y) 358
52
50  WKW 6506 5862(Y) 1584
30  WKW 8503 333
10  BAR 8760 7892(Y) 625
53
50  WKW 3661 3299(Y) 313
30  BAR 4005 3609(Y) 1606
10  WKW 4201 3785(Y) 359
54
50  WKW 3591 1587
30  WKW 3706 330
10  WKW 3744 341
55
50  BAR 4182 3768(Y) 644
30  BAR 4344 678
10  WKW 5216 325
56
50  WKW 5145 364
30  BAR 5388 637
10  BAR 5552 640
57
50  WKW 3700 317
30  BAR 3712 597
10  WKW 4365 1675
58
50  BAR 3291 2965(Y) 603
30  WKW 3605 337
10  BAR 3850 599
59
50  BAR 3619 680
30  WKW 4203 331
10  BAR 5437 673
60
50  WKW 3666 329
30  WKW 3787 307
10  WKW 4062 340
61
50  WKW 5016 324
30  BAR 5127 4619(Y) 665
10  BAR 5201 4686(Y) 656
62
50  BAR 4050 602
30  BAR 4785 4311(Y) 671
10  BAR 5884 608
63
50  WKW 2020 1820(Y) 313
30  WKW 2964 336
10  BAR 3186 2871(Y) 657
64
50  WKW 2069 308
30  BAR 2129 676
10  BAR 2320 1519
65
50  WKW 2870 1596
30  BAR 3292 644
10  BAR 4088 652
66
50  BAR 2522 637
30  WKW 3260 323
10  BAR 7204 636
67
80  BAR 13750 12388(Y) 1010
40  WKW 14382 955
68
80  WKW 13234 11923(Y) 1035
40  BAR 16031 970
SCORE:BAR,WKW,2880,3420,-54.0
