BAR-SR-MD
1
50  SR-MD 2730 359
30  SR-MD 2784 1658
10  BAR 2892 239
2
50  SR-MD 2973 2679(Y) 354
30  BAR 3086 283
10  BAR 3150 2838(Y) 236
3
50  SR-MD 2958 362
30  BAR 3199 2882(Y) 249
10  BAR 3286 1507
4
50  SR-MD 3087 355
30  SR-MD 3173 325
10  SR-MD 3303 399
5
50  SR-MD 3231 361
30  SR-MD 3323 2994(Y) 308
10  SR-MD 3627 377
6
50  SR-MD 3237 2917(Y) 316
30  BAR 3348 3017(Y) 298
10  BAR 3496 3150(Y) 228
7
50  BAR 1795 1618(Y) 224
30  SR-MD 1801 1623(Y) 345
10  SR-MD 1887 317
8
50  SR-MD 1648 1485(Y) 387
30  BAR 1684 1518(Y) 227
10  SR-MD 1686 1519(Y) 392
9
50  SR-MD 1870 1685(Y) 307
30  SR-MD 1916 1727(Y) 375
10  SR-MD 2129 306
10
50  SR-MD 1973 1778(Y) 323
30  SR-MD 2042 1840(Y) 373
10  SR-MD 2128 372
11
50  BAR 2566 2312(Y) 275
30  SR-MD 3633 371
10  BAR 3662 282
12
50  BAR 3204 301
30  SR-MD 3747 1403
10  SR-MD 3754 376
13
50  SR-MD 6677 6016(Y) 1658
30  SR-MD 7169 359
10  SR-MD 7543 315
14
50  BAR 7777 283
30  SR-MD 7813 354
10  BAR 8485 300
15
50  SR-MD 8124 362
30  BAR 8387 249
10  SR-MD 8719 314
16
50  SR-MD 7992 325
30  SR-MD 8193 399
10  BAR 9222 276
17
50  SR-MD 8661 7803(Y) 377
30  SR-MD 9799 308
10  BAR 10659 226
18
50  SR-MD 8122 316
30  SR-MD 9335 322
10  SR-MD 9522 352
19
50  BAR 10602 9552(Y) 269
30  SR-MD 12061 317
10  SR-MD 12849 307
20
50  BAR 9689 8729(Y) 227
30  SR-MD 9875 8897(Y) 353
10  SR-MD 10331 9308(Y) 335
21
50  SR-MD 3704 359
30  SR-MD 3802 1658
10  BAR 3977 239
22
50  BAR 4060 3658(Y) 236
30  BAR 4408 300
10  BAR 4481 1502
23
50  SR-MD 3950 3559(Y) 314
30  BAR 4047 249
10  BAR 4521 1507
24
50  BAR 4169 3756(Y) 237
30  BAR 4237 3818(Y) 276
10  SR-MD 4358 3927(Y) 399
25
50  SR-MD 4479 4036(Y) 308
30  SR-MD 4719 4252(Y) 377
10  BAR 5206 225
26
50  SR-MD 4183 3769(Y) 316
30  BAR 4333 3904(Y) 298
10  SR-MD 4514 4067(Y) 352
27
50  BAR 2577 2322(Y) 269
30  SR-MD 2628 2368(Y) 345
10  BAR 2663 1505
28
50  SR-MD 2241 2019(Y) 353
30  BAR 2299 2072(Y) 227
10  SR-MD 2500 403
29
50  SR-MD 2609 2351(Y) 307
30  SR-MD 2810 357
10  SR-MD 3137 324
30
50  SR-MD 2598 2341(Y) 373
30  BAR 3024 223
10  BAR 3065 258
31
80  SR-MD 13766 1954
40  BAR 14630 1120
32
80  SR-MD 16459 1513
40  BAR 17826 1469
33
80  SR-MD 8916 1723
40  BAR 9737 2024
34
80  SR-MD 10391 1519
40  BAR 12552 1663
35
50  SR-MD 3044 2743(Y) 1658
30  SR-MD 3341 3010(Y) 315
10  SR-MD 3413 359
36
50  SR-MD 3384 354
30  BAR 3582 283
10  BAR 3763 300
37
50  SR-MD 3765 362
30  BAR 4235 289
10  SR-MD 4280 390
38
50  SR-MD 3625 325
30  SR-MD 3747 355
10  SR-MD 4065 3663(Y) 399
39
50  SR-MD 4105 3699(Y) 377
30  SR-MD 4321 3893(Y) 308
10  SR-MD 4603 361
40
50  SR-MD 4062 316
30  SR-MD 4170 3757(Y) 322
10  BAR 4293 3868(Y) 298
41
50  BAR 2305 2077(Y) 256
30  SR-MD 2385 2149(Y) 380
10  BAR 2414 2175(Y) 269
42
50  SR-MD 1976 1781(Y) 387
30  SR-MD 2168 1954(Y) 368
10  SR-MD 2212 335
43
50  SR-MD 2204 1986(Y) 307
30  SR-MD 2446 2204(Y) 375
10  SR-MD 2699 2432(Y) 328
44
50  SR-MD 2396 2159(Y) 323
30  SR-MD 2559 373
10  SR-MD 2754 372
45
50  SR-MD 3749 349
30  BAR 4713 275
10  SR-MD 4762 371
46
50  SR-MD 4259 1403
30  SR-MD 4312 341
10  SR-MD 4425 1395
47
50  SR-MD 6557 315
30  SR-MD 7069 313
10  SR-MD 7270 383
48
50  BAR 6716 283
30  SR-MD 6965 354
10  BAR 6973 6282(Y) 236
49
50  SR-MD 6688 362
30  BAR 7378 249
10  SR-MD 7888 314
50
50  SR-MD 6818 355
30  BAR 7984 230
10  SR-MD 8231 336
51
50  SR-MD 7549 361
30  BAR 9143 226
10  BAR 9210 255
52
50  SR-MD 7773 7003(Y) 322
30  SR-MD 7930 7145(Y) 352
10  BAR 7957 7169(Y) 298
53
50  SR-MD 4138 3728(Y) 345
30  BAR 4172 3759(Y) 269
10  SR-MD 4429 317
54
50  SR-MD 3722 387
30  BAR 3875 3491(Y) 227
10  SR-MD 3978 3584(Y) 353
55
50  SR-MD 4353 3922(Y) 375
30  SR-MD 4780 4307(Y) 328
10  SR-MD 4971 306
56
50  SR-MD 4532 323
30  BAR 4667 258
10  BAR 4811 4335(Y) 223
57
50  BAR 3308 239
30  SR-MD 3654 313
10  SR-MD 3710 383
58
50  SR-MD 3863 398
30  BAR 3880 250
10  BAR 3903 215
59
50  SR-MD 3913 390
30  BAR 3992 289
10  SR-MD 4462 314
60
50  SR-MD 3345 325
30  SR-MD 3484 355
10  BAR 3965 230
61
50  SR-MD 3872 361
30  BAR 5105 293
10  BAR 5147 225
62
50  SR-MD 4051 3650(Y) 400
30  SR-MD 4113 3706(Y) 322
10  BAR 4404 228
63
50  SR-MD 2593 317
30  SR-MD 2616 345
10  SR-MD 2668 363
64
50  SR-MD 1875 1690(Y) 387
30  SR-MD 1974 1779(Y) 335
10  SR-MD 2025 1825(Y) 368
65
50  SR-MD 2835 375
30  SR-MD 3247 306
10  SR-MD 3956 324
66
50  SR-MD 2317 2088(Y) 323
30  SR-MD 2318 2089(Y) 373
10  BAR 2420 223
67
80  SR-MD 13818 1964
40  BAR 16704 2028
68
80  SR-MD 13772 1300
40  BAR 16356 2029
SCORE:BAR,SR-MD,1790,4510,-272.0
