BAR-VOU
1
50  BAR 2892 239
30  VOU 2893 1774
10  VOU 2916 976
2
50  VOU 2782 1488
30  VOU 2950 1018
10  BAR 3086 283
3
50  VOU 3142 1478
30  VOU 3149 981
10  VOU 3194 994
4
50  VOU 3237 2917(Y) 1476
30  VOU 3260 2937(Y) 1017
10  VOU 3398 3062(Y) 960
5
50  VOU 3327 961
30  VOU 3399 3063(Y) 1016
10  VOU 3419 969
6
50  VOU 3101 2794(Y) 1020
30  BAR 3348 3017(Y) 298
10  BAR 3496 3150(Y) 228
7
50  BAR 1795 1618(Y) 224
30  VOU 1800 1752
10  VOU 1834 1025
8
50  BAR 1684 1518(Y) 227
30  VOU 1741 1569(Y) 1065
10  VOU 1909 995
9
50  VOU 2105 1897(Y) 952
30  VOU 2230 1773
10  VOU 2330 963
10
50  VOU 2022 1822(Y) 939
30  VOU 2038 936
10  VOU 2091 1884(Y) 945
11
50  BAR 2566 2312(Y) 275
30  VOU 2760 2487(Y) 934
10  VOU 2838 947
12
50  VOU 3198 1499
30  BAR 3204 301
10  VOU 3212 991
13
50  VOU 7023 976
30  BAR 7998 239
10  BAR 8331 244
14
50  VOU 6832 1488
30  VOU 7627 1018
10  BAR 7777 283
15
50  VOU 7692 981
30  VOU 8313 994
10  BAR 8387 249
16
50  VOU 8264 1476
30  VOU 8712 1017
10  VOU 8913 960
17
50  VOU 8804 961
30  VOU 8888 1016
10  VOU 9457 1069
18
50  VOU 7649 1020
30  VOU 9406 942
10  VOU 9442 1005
19
50  VOU 9732 1752
30  BAR 10602 9552(Y) 269
10  VOU 10921 1006
20
50  BAR 9689 8729(Y) 227
30  VOU 11465 1065
10  VOU 11998 959
21
50  VOU 3557 976
30  BAR 3977 239
10  VOU 4034 1490
22
50  VOU 3847 941
30  BAR 4060 3658(Y) 236
10  VOU 4107 1018
23
50  VOU 3751 981
30  VOU 3933 3544(Y) 1478
10  BAR 4047 249
24
50  BAR 4169 3756(Y) 237
30  BAR 4237 3818(Y) 276
10  BAR 4416 3979(Y) 245
25
50  VOU 4342 961
30  VOU 4646 969
10  BAR 5206 225
26
50  VOU 3984 1020
30  BAR 4333 3904(Y) 298
10  BAR 4582 4128(Y) 297
27
50  VOU 2364 1752
30  VOU 2492 1006
10  VOU 2516 2267(Y) 974
28
50  BAR 2299 2072(Y) 227
30  VOU 2332 982
10  VOU 2429 2189(Y) 959
29
50  VOU 3153 1773
30  VOU 3155 963
10  VOU 3286 952
30
50  VOU 2787 967
30  VOU 2797 936
10  VOU 2833 1487
31
80  VOU 12729 1348
40  BAR 14630 1120
32
80  VOU 15516 1353
40  BAR 17826 1469
33
80  VOU 9327 1900
40  BAR 9737 2024
34
80  VOU 10088 1903
40  BAR 12552 1663
35
50  VOU 3434 976
30  BAR 3631 244
10  BAR 3775 239
36
50  VOU 3260 1488
30  VOU 3416 1018
10  BAR 3582 283
37
50  VOU 3824 994
30  VOU 3863 981
10  BAR 4235 289
38
50  VOU 3606 1476
30  VOU 3831 1017
10  VOU 4004 3608(Y) 960
39
50  VOU 3965 1016
30  VOU 4640 969
10  BAR 4737 4268(Y) 293
40
50  VOU 3631 1020
30  VOU 4072 942
10  BAR 4293 3868(Y) 298
41
50  VOU 2091 1884(Y) 1025
30  VOU 2161 1947(Y) 1007
10  VOU 2264 2040(Y) 1050
42
50  VOU 2167 1953(Y) 1065
30  VOU 2243 959
10  BAR 2388 227
43
50  VOU 2823 2544(Y) 1035
30  VOU 2884 1043
10  VOU 3002 952
44
50  VOU 2276 2051(Y) 1049
30  VOU 2360 990
10  VOU 2398 2161(Y) 939
45
50  VOU 3662 947
30  VOU 3709 934
10  VOU 4177 973
46
50  VOU 3779 1499
30  VOU 3920 983
10  VOU 4616 991
47
50  VOU 6803 1774
30  VOU 7098 943
10  VOU 7266 1490
48
50  VOU 6049 5450(Y) 1488
30  BAR 6716 283
10  BAR 6973 6282(Y) 236
49
50  VOU 7207 1051
30  BAR 7378 249
10  VOU 7850 962
50
50  VOU 7105 1476
30  VOU 7502 6759(Y) 960
10  VOU 7580 1017
51
50  VOU 7660 961
30  VOU 8082 969
10  VOU 8233 1016
52
50  VOU 7932 7146(Y) 942
30  BAR 7957 7169(Y) 298
10  VOU 8033 7237(Y) 1047
53
50  VOU 3869 1752
30  VOU 4038 1025
10  BAR 4172 3759(Y) 269
54
50  VOU 4105 3699(Y) 1065
30  VOU 4353 965
10  VOU 4511 1059
55
50  VOU 4911 4425(Y) 952
30  VOU 5409 1773
10  VOU 5678 1053
56
50  VOU 4585 4131(Y) 939
30  BAR 4667 258
10  BAR 4811 4335(Y) 223
57
50  VOU 3312 943
30  VOU 3514 1490
10  VOU 3551 1029
58
50  VOU 3733 951
30  VOU 3790 935
10  BAR 3880 250
59
50  VOU 3523 994
30  VOU 3700 1478
10  BAR 3958 249
60
50  BAR 3965 230
30  BAR 4697 276
10  BAR 4897 245
61
50  BAR 5105 293
30  BAR 5147 225
10  VOU 5348 1000
62
50  VOU 4293 1005
30  VOU 4379 942
10  BAR 4404 228
63
50  VOU 2021 1007
30  VOU 2257 1006
10  VOU 2366 1038
64
50  VOU 2109 968
30  VOU 2238 959
10  VOU 2356 995
65
50  VOU 3319 963
30  VOU 3689 1035
10  VOU 5505 1011
66
50  VOU 2409 939
30  BAR 2420 223
10  VOU 2499 936
67
80  VOU 13578 1225
40  BAR 16704 2028
68
80  VOU 13423 1370
40  BAR 16356 2029
SCORE:BAR,VOU,1390,4910,-352.0
