BAR-HC14
skip 1314 org.jytek.leaguemanager.view.TmResult@3f4452a7skip 1314 org.jytek.leaguemanager.view.TmResult@119d27fskip 1314 org.jytek.leaguemanager.view.TmResult@10868ac6skip 1314 org.jytek.leaguemanager.view.TmResult@24eeeefaskip 1314 org.jytek.leaguemanager.view.TmResult@392241aaskip 1314 org.jytek.leaguemanager.view.TmResult@7667f6dbskip 1314 org.jytek.leaguemanager.view.TmResult@5213926b1
50  HC14 2728 2458(Y) 830
30  HC14 2735 2464(Y) 865
10  HC14 2752 2480(Y) 1624
2
50  HC14 3142 2831(Y) 847
30  BAR 3160 2847(Y) 17
10  HC14 3338 1623
3
50  HC14 2895 2609(Y) 889
30  HC14 3029 2729(Y) 1575
10  BAR 3347 9
4
50  HC14 3207 2890(Y) 845
30  HC14 3345 856
10  BAR 3426 3087(Y) 11
5
50  HC14 2727 832
30  HC14 2918 2629(Y) 864
10  HC14 3004 2707(Y) 1716
6
50  HC14 3288 2963(Y) 1574
30  BAR 3362 10
10  HC14 3540 834
7
50  HC14 1596 1438(Y) 862
30  HC14 1668 826
10  HC14 1697 863
8
50  HC14 1592 1435(Y) 1560
30  HC14 1735 831
10  HC14 1740 850
9
50  BAR 1749 43
30  HC14 1803 833
10  BAR 2091 42
10
50  HC14 1878 852
30  HC14 1982 1786(Y) 860
10  HC14 2275 2050(Y) 1561
11
50  BAR 2127 1728
30  BAR 2988 1
10  HC14 3055 2753(Y) 878
12
50  HC14 2144 842
30  HC14 2433 2192(Y) 880
10  HC14 2604 853
13
50  HC14 6636 5979(Y) 830
30  HC14 6696 6033(Y) 865
10  HC14 7223 6508(Y) 857
14
50  HC14 7567 6818(Y) 872
30  BAR 8280 7460(Y) 18
10  HC14 8311 7488(Y) 1623
15
50  HC14 6788 6116(Y) 1717
30  HC14 7657 6899(Y) 1575
10  HC14 8069 889
16
50  HC14 8099 7297(Y) 856
30  HC14 8340 845
10  HC14 9056 8159(Y) 827
17
50  HC14 6819 832
30  HC14 7530 6784(Y) 864
10  HC14 7915 7131(Y) 881
18
50  HC14 7296 6573(Y) 840
30  HC14 8420 7586(Y) 1574
10  BAR 8957 10
19
50  HC14 8686 7826(Y) 862
30  HC14 9376 863
10  HC14 10182 9173(Y) 855
20
50  HC14 9004 8112(Y) 831
30  BAR 11366 10240(Y) 60
10  HC14 11499 10360(Y) 866
21
50  HC14 3501 865
30  HC14 3611 3254(Y) 830
10  BAR 3636 24
22
50  BAR 3834 18
30  HC14 3853 3472(Y) 872
10  BAR 4114 3707(Y) 17
23
50  HC14 3691 3326(Y) 1575
30  HC14 4509 889
10  BAR 4644 2
24
50  HC14 4403 827
30  HC14 4577 4124(Y) 856
10  BAR 4698 14
25
50  HC14 3811 832
30  HC14 4007 3610(Y) 1716
10  HC14 4401 3965(Y) 818
26
50  HC14 3928 840
30  BAR 4378 10
10  HC14 4525 1574
27
50  HC14 2279 2054(Y) 862
30  HC14 2329 2099(Y) 863
10  HC14 2353 826
28
50  HC14 2200 1982(Y) 831
30  HC14 2264 2040(Y) 1560
10  HC14 2415 1619
29
50  HC14 2919 833
30  BAR 3154 63
10  BAR 3320 74
30
50  HC14 2666 2402(Y) 1561
30  HC14 2928 2638(Y) 852
10  HC14 3076 2772(Y) 825
31
80  HC14 12848 11575(Y) 1064
40  BAR 14128 1
32
80  HC14 14143 12742(Y) 870
40  BAR 16624 809
33
80  HC14 7878 7098(Y) 872
40  BAR 9988 811
34
80  HC14 9700 8739(Y) 874
40  BAR 11468 813
35
50  HC14 2988 865
30  HC14 3184 2869(Y) 1624
10  HC14 3263 2940(Y) 857
36
50  HC14 3637 872
30  HC14 3700 3334(Y) 847
10  HC14 3830 3451(Y) 1623
37
50  HC14 3176 2862(Y) 1717
30  HC14 3450 3109(Y) 889
10  HC14 4084 3680(Y) 1565
38
50  HC14 3694 845
30  HC14 3788 3413(Y) 856
10  HC14 4250 3829(Y) 827
39
50  HC14 3431 3091(Y) 1716
30  HC14 3465 3122(Y) 864
10  HC14 3536 3186(Y) 818
40
50  HC14 3735 840
30  HC14 3892 839
10  BAR 4231 10
41
50  HC14 1946 1754(Y) 862
30  HC14 2053 863
10  HC14 2118 855
42
50  HC14 1871 1686(Y) 1560
30  HC14 1990 1793(Y) 831
10  HC14 2115 850
43
50  HC14 2437 2196(Y) 833
30  HC14 2545 2293(Y) 854
10  BAR 2613 42
44
50  HC14 2305 852
30  HC14 2339 2108(Y) 860
10  HC14 2393 2156(Y) 1561
45
50  BAR 2725 1728
30  HC14 3609 3252(Y) 878
10  BAR 4184 3770(Y) 1
46
50  HC14 2556 842
30  HC14 2707 2439(Y) 853
10  HC14 2967 1562
47
50  HC14 5805 5230(Y) 830
30  HC14 5997 5403(Y) 857
10  HC14 6001 1624
48
50  HC14 6836 6159(Y) 872
30  HC14 7057 6358(Y) 1623
10  BAR 7257 18
49
50  HC14 6759 6090(Y) 1575
30  BAR 7697 6935(Y) 9
10  HC14 7842 7065(Y) 1565
50
50  HC14 7134 845
30  HC14 7988 827
10  BAR 8038 11
51
50  HC14 5991 5398(Y) 832
30  HC14 6604 864
10  HC14 6615 5960(Y) 881
52
50  HC14 6303 5679(Y) 840
30  HC14 8043 7246(Y) 834
10  HC14 8137 7331(Y) 848
53
50  HC14 3765 826
30  HC14 3938 3548(Y) 1573
10  HC14 3994 855
54
50  HC14 3597 1560
30  BAR 4007 3610(Y) 34
10  HC14 4054 850
55
50  BAR 3807 43
30  HC14 4099 3693(Y) 833
10  BAR 4612 1728
56
50  HC14 4227 852
30  HC14 4425 3987(Y) 860
10  HC14 4928 4440(Y) 1561
57
50  HC14 2959 2666(Y) 1624
30  BAR 3077 21
10  BAR 3419 61
58
50  BAR 3766 3393(Y) 17
30  BAR 4038 48
59
50  HC14 2895 2609(Y) 1717
30  HC14 4005 1565
60
50  BAR 4024 3626(Y) 11
30  HC14 4322 3894(Y) 888
10  HC14 4443 4003(Y) 851
61
50  HC14 3452 3110(Y) 1716
30  HC14 3591 3236(Y) 881
10  HC14 3701 3335(Y) 1572
62
50  HC14 3649 3288(Y) 1574
30  HC14 4250 3829(Y) 834
10  BAR 4448 4008(Y) 38
63
50  HC14 2152 1939(Y) 855
30  HC14 2197 884
10  HC14 2269 2045(Y) 1573
64
50  HC14 2067 1863(Y) 850
30  HC14 2131 1920(Y) 875
10  HC14 2469 866
65
50  BAR 2322 42
30  BAR 3004 2707(Y) 43
10  BAR 4291 3866(Y) 58
66
50  HC14 2372 842
30  HC14 2572 2318(Y) 860
10  BAR 2957 4
67
80  HC14 11999 10810(Y) 876
40  BAR 13748 815
68
80  HC14 13886 12510(Y) 879
40  BAR 15157 817
SCORE:BAR,HC14,1190,5090,-390.0
