BAR-HC11
1
50  BAR 2892 239
30  BAR 3127 244
10  BAR 3140 261
2
50  BAR 3086 283
30  BAR 3150 2838(Y) 236
10  BAR 3277 250
3
50  BAR 3199 2882(Y) 249
30  BAR 3286 1507
10  BAR 3366 289
4
50  BAR 3512 295
30  BAR 3661 237
10  BAR 3667 245
5
50  BAR 3814 225
30  BAR 3884 293
10  BAR 3945 255
6
50  BAR 3348 3017(Y) 298
30  BAR 3496 3150(Y) 228
10  BAR 3674 3310(Y) 297
7
50  BAR 1795 1618(Y) 224
30  BAR 1901 269
10  BAR 1920 256
8
50  BAR 1684 1518(Y) 227
30  BAR 2012 263
10  BAR 2100 280
9
50  BAR 2565 232
30  BAR 2913 273
10
50  BAR 2168 258
30  BAR 2291 223
10  BAR 2449 271
11
50  BAR 2566 2312(Y) 275
30  BAR 3662 282
12
50  BAR 3204 301
30  BAR 4196 218
13
50  BAR 7998 239
30  BAR 8331 244
14
50  BAR 7777 283
30  BAR 8485 300
10  BAR 8658 236
15
50  BAR 8387 249
30  BAR 8829 289
10  BAR 9677 1507
16
50  BAR 9222 276
30  BAR 9292 230
10  BAR 10529 231
17
50  BAR 10659 226
30  BAR 12666 267
10  BAR 13818 268
18
50  BAR 9833 297
30  BAR 10779 228
10  BAR 11393 1511
19
50  BAR 10602 9552(Y) 269
30  BAR 13618 256
10  BAR 17637 286
20
50  BAR 9689 8729(Y) 227
21
50  BAR 3977 239
30  BAR 4329 261
22
50  BAR 4060 3658(Y) 236
30  BAR 4408 300
10  BAR 4481 1502
23
50  BAR 4047 249
30  BAR 4521 1507
10  BAR 4572 289
24
50  BAR 4169 3756(Y) 237
30  BAR 4237 3818(Y) 276
10  BAR 4416 3979(Y) 245
25
50  BAR 5206 225
30  BAR 5661 216
10  BAR 5720 226
26
50  BAR 4333 3904(Y) 298
30  BAR 4582 4128(Y) 297
10  BAR 5073 1511
27
50  BAR 2577 2322(Y) 269
30  BAR 2663 1505
10  BAR 2813 1512
28
50  BAR 2299 2072(Y) 227
30  BAR 2938 263
10  BAR 3031 292
30
50  BAR 3024 223
30  BAR 3065 258
10  BAR 3240 285
31
80  BAR 14630 1120
32
80  BAR 17826 1469
33
80  BAR 9737 2024
34
80  BAR 12552 1663
35
50  BAR 3631 244
30  BAR 3775 239
10  BAR 5093 261
36
50  BAR 3582 283
30  BAR 3763 300
10  BAR 4029 250
37
50  BAR 4235 289
30  BAR 4357 249
10  BAR 5660 254
38
50  BAR 4275 295
30  BAR 4378 230
10  BAR 4710 272
39
50  BAR 4737 4268(Y) 293
30  BAR 5001 225
10  BAR 5404 226
40
50  BAR 4293 3868(Y) 298
30  BAR 4988 296
10  BAR 5085 228
41
50  BAR 2305 2077(Y) 256
30  BAR 2414 2175(Y) 269
10  BAR 2487 224
42
50  BAR 2388 227
30  BAR 2490 280
10  BAR 2729 290
43
50  BAR 3487 232
30  BAR 3753 273
44
50  BAR 2983 258
30  BAR 3119 1510
10  BAR 3234 285
45
50  BAR 4713 275
46
50  BAR 4713 301
30  BAR 5498 218
47
50  BAR 8280 261
48
50  BAR 6716 283
30  BAR 6973 6282(Y) 236
10  BAR 7355 250
49
50  BAR 7924 1507
30  BAR 9833 1516
10  BAR 9893 254
50
50  BAR 7984 230
30  BAR 8237 295
10  BAR 8438 276
51
50  BAR 9143 226
30  BAR 9210 255
10  BAR 9619 225
52
50  BAR 7957 7169(Y) 298
30  BAR 9033 228
10  BAR 9438 296
53
50  BAR 4510 256
30  BAR 4527 224
10  BAR 4918 1505
54
50  BAR 5095 280
30  BAR 5278 253
10  BAR 5494 263
55
50  BAR 6418 232
30  BAR 6801 273
56
50  BAR 4667 258
30  BAR 4811 4335(Y) 223
10  BAR 6019 229
57
58
50  BAR 3880 250
30  BAR 3903 215
10  BAR 4854 252
59
60
50  BAR 3965 230
30  BAR 4697 276
10  BAR 4897 245
61
50  BAR 5105 293
30  BAR 6421 222
10  BAR 6446 268
62
50  BAR 4599 297
30  BAR 5949 260
10  BAR 6106 1514
63
50  BAR 2768 224
30  BAR 3520 286
10  BAR 3527 274
64
50  BAR 2629 263
30  BAR 2646 280
66
50  BAR 2420 223
30  BAR 2551 2299(Y) 229
10  BAR 3191 285
67
80  BAR 16704 2028
68
80  BAR 16356 2029
SCORE:BAR,HC11,5490,0,549.0
