BAR-WRST
1
50  BAR 2892 239
30  WRST 2988 1108
10  WRST 3112 1153
2
50  BAR 3086 283
30  WRST 3089 1112
10  BAR 3150 2838(Y) 236
3
50  WRST 2898 2611(Y) 1097
30  BAR 3199 2882(Y) 249
10  WRST 3226 1149
4
50  BAR 3512 295
30  BAR 3661 237
10  BAR 3667 245
5
50  WRST 3410 1636
30  WRST 3454 1143
10  WRST 3458 3116(Y) 1116
6
50  BAR 3348 3017(Y) 298
30  WRST 3481 1628
10  BAR 3496 3150(Y) 228
7
50  WRST 1718 1092
30  WRST 1738 1089
10  WRST 1751 1578(Y) 1623
8
50  BAR 1684 1518(Y) 227
30  BAR 2012 263
10  WRST 2022 1142
9
50  WRST 2105 1897(Y) 1137
30  WRST 2114 1160
10  WRST 2457 1094
10
50  WRST 1849 1666(Y) 1075
30  BAR 2168 258
10  BAR 2291 223
11
50  BAR 2566 2312(Y) 275
30  WRST 3009 1074
10  WRST 3237 1635
12
50  BAR 3204 301
30  WRST 3422 1106
10  WRST 3482 1095
13
50  WRST 7694 1108
30  BAR 7998 239
10  BAR 8331 244
14
50  WRST 7266 1111
30  BAR 7777 283
10  BAR 8485 300
15
50  WRST 7416 1097
30  BAR 8387 249
10  BAR 8829 289
16
50  BAR 9222 276
30  BAR 9292 230
10  WRST 9852 1621
17
50  WRST 9282 1636
30  WRST 9922 1638
10  WRST 10359 1099
18
50  WRST 9518 1634
30  WRST 9553 1138
10  WRST 9575 1628
19
50  BAR 10602 9552(Y) 269
30  WRST 10718 1092
10  WRST 12377 1089
20
50  BAR 9689 8729(Y) 227
30  WRST 10958 1075
10  WRST 14204 1156
21
50  BAR 3977 239
30  WRST 4169 1108
10  WRST 4297 1153
22
50  WRST 3837 1111
30  BAR 4060 3658(Y) 236
10  BAR 4408 300
23
50  BAR 4047 249
30  WRST 4500 1149
10  BAR 4521 1507
24
50  BAR 4169 3756(Y) 237
30  BAR 4237 3818(Y) 276
10  BAR 4416 3979(Y) 245
25
50  WRST 4766 1636
30  WRST 4842 4363(Y) 1144
10  WRST 4919 1116
26
50  BAR 4333 3904(Y) 298
30  BAR 4582 4128(Y) 297
10  WRST 4729 1138
27
50  BAR 2577 2322(Y) 269
30  BAR 2663 1505
10  BAR 2813 1512
28
50  BAR 2299 2072(Y) 227
30  BAR 2938 263
10  WRST 2950 1164
29
50  WRST 3131 1091
30  WRST 4337 1157
30
50  WRST 2631 2371(Y) 1075
30  BAR 3024 223
10  BAR 3065 258
31
80  WRST 13206 1449
40  BAR 14630 1120
32
80  WRST 17725 1600
40  BAR 17826 1469
33
80  BAR 9737 2024
40  WRST 10004 1455
34
80  WRST 10989 1236
40  BAR 12552 1663
35
50  WRST 3348 3017(Y) 1108
30  BAR 3631 244
10  BAR 3775 239
36
50  WRST 3444 1112
30  WRST 3456 1111
10  BAR 3582 283
37
50  BAR 4235 289
30  BAR 4357 249
10  WRST 4619 1104
38
50  BAR 4275 295
30  BAR 4378 230
10  WRST 4472 1621
39
50  WRST 4384 1143
30  BAR 4737 4268(Y) 293
10  WRST 4766 1638
40
50  WRST 4194 1628
30  WRST 4239 3819(Y) 1622
10  BAR 4293 3868(Y) 298
41
50  WRST 2160 1092
30  WRST 2241 1089
10  BAR 2305 2077(Y) 256
42
50  BAR 2388 227
30  BAR 2490 280
10  WRST 2659 1142
43
50  WRST 2715 2446(Y) 1141
30  WRST 2834 1160
10  WRST 2867 1137
44
50  WRST 2489 2243(Y) 1075
30  WRST 2699 1121
10  WRST 2850 1156
45
50  WRST 3393 3057(Y) 1635
30  WRST 3791 1155
10  WRST 3815 1074
46
50  WRST 3966 1095
30  WRST 4150 1106
10  WRST 4350 1090
47
50  WRST 7003 1145
30  WRST 7232 1153
10  WRST 8112 1690
48
50  WRST 6540 1112
30  BAR 6716 283
10  BAR 6973 6282(Y) 236
49
50  WRST 6372 1097
30  WRST 7828 1104
10  BAR 7924 1507
50
50  BAR 7984 230
30  BAR 8237 295
10  BAR 8438 276
51
50  WRST 7784 1636
30  WRST 7934 1143
10  WRST 7936 7150(Y) 1099
52
50  BAR 7957 7169(Y) 298
30  WRST 7978 1634
10  WRST 8161 7353(Y) 1622
53
50  WRST 3882 3498(Y) 1092
30  WRST 3896 1089
10  WRST 3977 3583(Y) 1623
54
50  BAR 5095 280
30  WRST 5127 1142
10  BAR 5278 253
55
50  WRST 5140 1160
30  WRST 5343 1137
10  WRST 5738 1141
56
50  BAR 4667 258
30  BAR 4811 4335(Y) 223
10  WRST 5903 1121
57
50  WRST 3484 1145
58
50  WRST 3243 1111
30  BAR 3880 250
10  BAR 3903 215
59
50  WRST 3177 2863(Y) 1097
30  BAR 3992 289
10  WRST 4349 1104
60
50  BAR 3965 230
30  WRST 4681 1146
10  BAR 4697 276
61
50  WRST 4103 1638
30  WRST 4662 1128
10  BAR 5105 293
62
50  WRST 4114 1628
30  WRST 4394 1634
10  BAR 4404 228
63
50  WRST 2295 1623
30  WRST 2378 1624
10  BAR 2386 269
64
50  BAR 2629 263
30  BAR 2646 280
10  WRST 3481 1164
65
50  WRST 2713 2445(Y) 1091
66
50  BAR 2420 223
30  BAR 2551 2299(Y) 229
10  WRST 3087 1156
67
80  WRST 13472 1860
40  BAR 16704 2028
68
80  WRST 14732 1609
40  BAR 16356 2029
SCORE:BAR,WRST,2610,3600,-99.0
