BAR-RMR
1
50  RMR 2853 1180
30  BAR 2892 239
10  RMR 3037 1597
2
50  BAR 3086 283
30  RMR 3130 2820(Y) 1188
10  BAR 3150 2838(Y) 236
3
50  RMR 2897 2610(Y) 1254
30  BAR 3199 2882(Y) 249
10  RMR 3228 1596
4
50  RMR 3152 2840(Y) 1231
30  RMR 3186 2871(Y) 1241
10  RMR 3459 1173
5
50  RMR 3426 3087(Y) 1237
30  RMR 3628 3269(Y) 1573
10  RMR 3654 1197
6
50  RMR 3281 1219
30  BAR 3348 3017(Y) 298
10  BAR 3496 3150(Y) 228
7
50  RMR 1731 1220
30  RMR 1737 1184
10  RMR 1788 1590
8
50  BAR 1684 1518(Y) 227
30  RMR 1768 1174
10  RMR 1844 1263
9
50  RMR 1730 1559(Y) 1221
30  BAR 2565 232
10  RMR 2641 1680
10
50  RMR 2022 1206
30  RMR 2029 1828(Y) 1228
10  RMR 2087 1242
11
50  BAR 2566 2312(Y) 275
30  RMR 2806 1176
10  RMR 3228 1194
12
50  RMR 2675 1175
30  RMR 3015 1236
10  BAR 3204 301
13
50  RMR 7365 1593
30  RMR 7497 1180
10  BAR 7998 239
14
50  BAR 7777 283
30  BAR 8485 300
10  RMR 8643 1227
15
50  RMR 7475 1254
30  RMR 8232 1596
10  BAR 8387 249
16
50  RMR 8169 1185
30  RMR 8497 1241
10  RMR 8566 1231
17
50  RMR 9555 1573
30  RMR 9831 1237
10  RMR 10028 1197
18
50  RMR 8106 7303(Y) 1219
30  RMR 8813 7940(Y) 1224
10  RMR 9740 1190
19
50  BAR 10602 9552(Y) 269
30  RMR 10847 1221
10  RMR 10856 1577
20
50  BAR 9689 8729(Y) 227
30  RMR 10406 1263
10  RMR 10882 1174
21
50  RMR 3702 3336(Y) 1195
30  RMR 3728 1593
10  RMR 3872 1180
22
50  BAR 4060 3658(Y) 236
30  RMR 4297 1168
10  BAR 4408 300
23
50  RMR 3645 3284(Y) 1596
30  RMR 3862 1254
10  BAR 4047 249
24
50  BAR 4169 3756(Y) 237
30  BAR 4237 3818(Y) 276
10  RMR 4242 3822(Y) 1241
25
50  RMR 4158 3746(Y) 1573
30  RMR 4715 1197
10  RMR 5128 1237
26
50  RMR 4129 3720(Y) 1219
30  RMR 4302 3876(Y) 1224
10  BAR 4333 3904(Y) 298
27
50  RMR 2454 1220
30  RMR 2535 2284(Y) 1258
10  BAR 2577 2322(Y) 269
28
50  BAR 2299 2072(Y) 227
30  RMR 2353 1263
10  RMR 2446 1189
29
50  RMR 2657 1221
30
50  RMR 2684 1242
30  BAR 3024 223
10  BAR 3065 258
31
80  RMR 13841 1996
40  BAR 14630 1120
32
80  RMR 16901 1425
40  BAR 17826 1469
33
80  RMR 8831 2000
40  BAR 9737 2024
34
80  RMR 10597 1249
40  BAR 12552 1663
35
50  RMR 3620 1597
30  BAR 3631 244
10  RMR 3669 1257
36
50  BAR 3582 283
30  BAR 3763 300
10  RMR 4016 1168
37
50  RMR 3603 1254
30  RMR 4219 1203
10  BAR 4235 289
38
50  RMR 3621 1185
30  RMR 3935 1241
10  RMR 4018 1268
39
50  RMR 4500 1197
30  RMR 4644 1588
10  BAR 4737 4268(Y) 293
40
50  RMR 3922 1219
30  RMR 4179 3765(Y) 1262
10  RMR 4187 1224
41
50  RMR 2175 1184
30  RMR 2265 1577
10  BAR 2305 2077(Y) 256
42
50  RMR 2194 1174
30  RMR 2318 1679
10  RMR 2367 1240
43
50  RMR 2247 1221
30  BAR 3487 232
10  RMR 3731 1234
44
50  RMR 2288 1206
30  RMR 2390 1228
10  RMR 2562 2309(Y) 1598
45
50  RMR 3519 1176
30  RMR 4185 1250
10  RMR 4443 1266
46
50  RMR 2984 1236
30  RMR 3125 1175
10  RMR 3469 1243
47
50  RMR 6314 5689(Y) 1180
30  RMR 6322 1593
10  RMR 6991 1257
48
50  BAR 6716 283
30  BAR 6973 6282(Y) 236
10  BAR 7355 250
49
50  BAR 7378 249
30  BAR 7924 1507
10  RMR 7975 1203
50
50  RMR 7025 1185
30  RMR 7159 1231
10  BAR 7984 230
51
50  RMR 7897 7115(Y) 1237
30  RMR 8866 1573
10  BAR 9143 226
52
50  RMR 7907 7124(Y) 1224
30  BAR 7957 7169(Y) 298
10  RMR 8750 1262
53
50  RMR 3894 1184
30  RMR 3928 1220
10  RMR 4050 1577
54
50  BAR 3875 3491(Y) 227
30  RMR 4122 1174
10  RMR 4266 1263
55
50  RMR 6009 1680
30  BAR 6418 232
10  RMR 6741 1176
56
50  RMR 4605 4149(Y) 1228
30  RMR 4643 1206
10  BAR 4667 258
57
50  BAR 3308 239
30  RMR 3327 1593
10  RMR 3369 1195
58
50  RMR 3843 1188
30  RMR 3869 1186
10  BAR 3880 250
59
50  RMR 3406 1596
30  BAR 3992 289
10  RMR 4397 1203
60
50  RMR 3559 1185
30  BAR 3965 230
10  RMR 3980 1268
61
50  RMR 4966 1182
30  BAR 5105 293
10  BAR 5147 225
62
50  RMR 4385 1190
30  BAR 4404 228
10  BAR 4599 297
63
50  RMR 1978 1184
30  RMR 2096 1220
10  BAR 2386 269
64
50  RMR 2531 1235
30  BAR 2629 263
10  BAR 2646 280
65
50  RMR 3753 1176
66
50  RMR 2340 2109(Y) 1242
30  BAR 2420 223
10  BAR 2551 2299(Y) 229
67
80  RMR 13393 1591
40  BAR 16704 2028
68
80  RMR 14112 1708
40  BAR 16356 2029
SCORE:BAR,RMR,1770,4450,-268.0
