BAR-UN
1
50  BAR 2796 291
30  BAR 3019 2720(Y) 333
10  BAR 3028 381
2
50  BAR 3052 2750(Y) 302
30  BAR 3082 306
10  BAR 3192 2876(Y) 309
3
50  BAR 3156 2844(Y) 342
30  BAR 3192 2876(Y) 329
10  BAR 3468 3125(Y) 358
4
50  BAR 3446 301
30  BAR 3697 3331(Y) 339
10  BAR 4774 4301(Y) 1760
5
50  BAR 3609 3252(Y) 1568
30  BAR 3693 367
10  BAR 3981 3587(Y) 308
6
50  BAR 3432 3092(Y) 337
30  BAR 3607 3250(Y) 305
10  BAR 3757 377
7
50  BAR 1850 319
30  BAR 1862 1678(Y) 359
10  BAR 1935 1744(Y) 361
8
50  BAR 1885 1699(Y) 299
30  BAR 1949 1756(Y) 1854
10  BAR 1953 373
9
50  BAR 1806 383
30  BAR 2001 290
10  BAR 2393 2156(Y) 325
10
50  BAR 2146 328
30  BAR 2275 2050(Y) 324
10  BAR 2666 311
11
50  BAR 3381 3046(Y) 352
30  BAR 3916 3528(Y) 375
10  BAR 5932 294
12
50  BAR 3456 3114(Y) 327
13
50  BAR 7084 6382(Y) 291
30  BAR 7869 7090(Y) 300
10  BAR 8747 7881(Y) 381
14
50  BAR 8075 7275(Y) 309
30  BAR 8251 7434(Y) 306
10  BAR 8340 302
15
50  BAR 8359 7531(Y) 342
30  BAR 8501 7659(Y) 329
10  BAR 9430 8496(Y) 350
16
50  BAR 9580 8631(Y) 301
30  BAR 9729 8765(Y) 339
17
50  BAR 11161 10055(Y) 308
30  BAR 12164 10959(Y) 1564
18
50  BAR 8866 7988(Y) 305
30  BAR 9298 8377(Y) 337
10  BAR 10200 9190(Y) 379
19
50  BAR 11202 361
30  BAR 11207 10097(Y) 290
10  BAR 14440 359
20
50  BAR 11386 10258(Y) 1854
30  BAR 11818 299
10  BAR 12100 10901(Y) 387
21
50  BAR 3477 3133(Y) 291
30  BAR 4018 3620(Y) 333
10  BAR 4453 300
22
50  BAR 3951 3560(Y) 309
30  BAR 4276 3853(Y) 302
10  BAR 4699 4234(Y) 293
23
50  BAR 3982 3588(Y) 386
30  BAR 4568 4116(Y) 342
10  BAR 4622 4164(Y) 350
24
50  BAR 4546 301
30  BAR 6611 5956(Y) 1760
25
50  BAR 5659 5099(Y) 367
30  BAR 5689 5126(Y) 1564
10  BAR 5727 5160(Y) 349
26
50  BAR 4739 4270(Y) 1855
30  BAR 5031 4533(Y) 356
10  BAR 5121 362
27
50  BAR 2488 361
30  BAR 2590 2334(Y) 297
10  BAR 2645 2383(Y) 296
28
50  BAR 2685 2419(Y) 387
30  BAR 2830 2550(Y) 299
10  BAR 2921 2632(Y) 1571
29
50  BAR 2459 2216(Y) 383
30  BAR 2492 290
10  BAR 4122 3714(Y) 336
30
50  BAR 2695 2428(Y) 328
30  BAR 2768 324
10  BAR 3822 3444(Y) 1762
31
80  BAR 13594 12247(Y) 1999
32
80  BAR 17014 15328(Y) 2002
33
80  BAR 9640 8685(Y) 2005
34
80  BAR 9972 8984(Y) 2008
35
50  BAR 3499 3153(Y) 291
30  BAR 3783 3409(Y) 300
10  BAR 4283 3859(Y) 307
36
50  BAR 3523 306
30  BAR 4074 3671(Y) 380
10  BAR 4143 3733(Y) 309
37
50  BAR 3692 329
30  BAR 3938 3548(Y) 342
10  BAR 4523 4075(Y) 386
38
50  BAR 4338 3909(Y) 339
30  BAR 4347 301
39
50  BAR 4644 1568
30  BAR 4815 4338(Y) 367
10  BAR 5198 4683(Y) 308
40
50  BAR 4441 4001(Y) 305
30  BAR 4587 377
10  BAR 4650 337
41
50  BAR 2442 2200(Y) 378
30  BAR 2445 319
10  BAR 2528 2278(Y) 359
42
50  BAR 2518 2269(Y) 299
30  BAR 2620 2361(Y) 387
10  BAR 2711 2443(Y) 314
43
50  BAR 2220 290
30  BAR 2356 383
10  BAR 3105 2798(Y) 1574
44
50  BAR 2496 328
30  BAR 2957 2664(Y) 1762
10  BAR 3086 2781(Y) 311
45
50  BAR 4110 3703(Y) 375
30  BAR 5967 294
10  BAR 6228 382
46
50  BAR 3797 3421(Y) 327
47
50  BAR 6795 6122(Y) 381
30  BAR 6913 6228(Y) 300
10  BAR 7446 333
48
50  BAR 6903 6219(Y) 302
30  BAR 7046 306
10  BAR 7667 6908(Y) 365
49
50  BAR 7541 6794(Y) 329
30  BAR 8571 7722(Y) 358
10  BAR 8962 386
50
50  BAR 8935 339
30  BAR 11393 10264(Y) 1760
51
50  BAR 8979 8090(Y) 1568
30  BAR 9097 308
10  BAR 9735 8771(Y) 349
52
50  BAR 7728 6963(Y) 305
30  BAR 7871 7091(Y) 337
10  BAR 8581 7731(Y) 377
53
50  BAR 4173 319
30  BAR 4176 361
10  BAR 4407 3971(Y) 346
54
50  BAR 4715 4248(Y) 373
30  BAR 4831 4353(Y) 1571
10  BAR 4949 4459(Y) 387
55
50  BAR 4090 383
30  BAR 5966 5375(Y) 325
10  BAR 6049 5450(Y) 354
56
50  BAR 4781 328
30  BAR 5205 4690(Y) 324
10  BAR 6360 1762
57
50  BAR 3653 3291(Y) 333
30  BAR 4491 372
58
50  BAR 3704 3337(Y) 365
30  BAR 3946 3555(Y) 1572
10  BAR 4270 3847(Y) 331
59
50  BAR 5115 350
60
61
50  BAR 4713 1568
30  BAR 5122 4615(Y) 367
10  BAR 6112 1564
62
50  BAR 4820 379
30  BAR 5371 340
10  BAR 5526 320
63
50  BAR 2792 2516(Y) 319
30  BAR 2965 2672(Y) 384
64
50  BAR 2141 1929(Y) 1854
30  BAR 2393 2156(Y) 373
10  BAR 2476 2231(Y) 1571
65
50  BAR 3464 354
66
50  BAR 3540 324
30  BAR 4008 3611(Y) 311
67
80  BAR 13961 1840
68
80  BAR 15490 1842
SCORE:BAR,UN,5730,0,573.0
