BJCCS-RW
1
50  RW 10009 718
30  RW 11222 768
2
50  BJCCS 7311 1954
30  RW 8968 753
10  RW 9600 762
3
50  RW 8982 725
30  BJCCS 9831 1977
10  RW 10153 686
4
50  BJCCS 8868 1970
30  BJCCS 8910 1964
10  RW 10600 736
5
50  BJCCS 7494 1958
30  RW 7908 773
10  RW 8319 735
6
50  BJCCS 7580 1985
30  RW 7729 752
10  BJCCS 8634 1960
7
50  RW 7459 772
30  BJCCS 7577 1975
10  BJCCS 8144 1986
8
50  BJCCS 6444 1974
30  BJCCS 6544 1984
10  RW 6948 733
9
50  BJCCS 2399 1956
30  RW 2557 688
10  BJCCS 3603 1978
10
50  RW 3534 751
30  RW 4054 720
10  RW 4172 695
11
50  RW 1975 771
30  BJCCS 2100 1973
10  BJCCS 2530 1957
12
50  RW 1829 726
30  BJCCS 1892 1955
10  RW 2055 696
13
50  RW 3735 718
30  RW 3906 701
10  RW 4695 760
14
50  BJCCS 2934 1954
30  RW 3905 762
10  BJCCS 4497 1988
15
50  RW 3539 727
30  RW 3832 725
10  RW 3900 743
16
50  RW 3402 724
30  BJCCS 3568 1964
10  BJCCS 3666 1970
17
50  BJCCS 7103 1958
30  RW 7229 735
10  BJCCS 7806 1972
18
50  BJCCS 6120 1966
30  RW 6623 752
10  BJCCS 7762 1960
19
50  RW 6387 772
30  BJCCS 6706 1975
10  BJCCS 7454 1986
20
50  RW 5551 716
30  BJCCS 5725 1974
10  RW 5951 763
21
50  BJCCS 2962 1956
30  RW 3450 688
10  BJCCS 3903 1989
22
50  RW 4079 695
30  RW 4291 751
10  RW 6353 717
23
50  BJCCS 2553 1973
30  BJCCS 3003 1957
10  RW 3624 703
24
50  BJCCS 2342 1955
30  RW 2427 726
10  BJCCS 2669 1981
25
50  RW 1989 701
30  RW 2244 715
10  RW 2482 768
26
50  RW 1908 753
30  BJCCS 2019 1983
10  RW 2256 749
27
50  RW 4563 743
30  RW 4912 729
10  BJCCS 5075 1977
28
50  BJCCS 4400 1970
30  RW 4728 724
10  RW 4906 766
29
50  RW 3721 735
30  BJCCS 3747 1958
10  BJCCS 4150 1972
30
50  BJCCS 3247 1966
30  BJCCS 3419 1985
10  BJCCS 4946 1980
31
80  BJCCS 3610 1986
40  RW 3927 722
32
80  BJCCS 2989 1984
40  RW 3041 716
0  RW 3259 742
33
80  RW 2497 771
40  BJCCS 2559 1973
0  RW 2947 740
34
80  BJCCS 2165 1981
40  RW 2609 696
0  RW 2669 747
35
50  RW 1973 718
30  RW 2525 758
10  RW 2574 687
36
50  BJCCS 1770 1983
30  RW 1899 762
10  BJCCS 2356 1988
37
50  RW 4372 686
30  RW 4780 689
10  RW 4900 764
38
50  BJCCS 4031 1970
30  BJCCS 4178 1964
10  RW 4420 736
39
50  RW 3435 773
30  RW 4221 767
10  BJCCS 4225 1972
40
50  BJCCS 3145 1966
30  BJCCS 4636 1980
10  RW 5377 769
41
50  RW 3266 772
30  RW 4106 722
42
50  RW 2739 716
30  RW 2939 733
10  BJCCS 3000 1974
43
50  RW 2462 771
30  BJCCS 4025 1957
10  BJCCS 4197 1956
44
50  RW 2621 726
30  BJCCS 3022 1955
10  RW 3435 748
45
50  RW 2351 701
30  RW 3161 715
10  RW 3240 693
46
50  BJCCS 1744 1954
30  RW 2123 753
10  RW 2953 749
47
50  RW 4334 725
30  RW 4809 727
10  BJCCS 5529 1977
48
50  BJCCS 4834 1964
30  RW 5496 766
10  BJCCS 5853 1987
49
50  BJCCS 3875 1958
30  RW 3988 773
10  RW 4944 754
50
50  RW 4049 752
30  BJCCS 4163 1985
10  BJCCS 4372 1960
51
50  RW 4707 722
52
50  RW 3837 763
30  BJCCS 3897 1984
10  RW 4031 710
53
50  RW 17717 1691
54
50  BJCCS 9233 1830
30  RW 10673 1686
55
50  RW 18245 1687
56
50  BJCCS 15437 1831
30  RW 19983 1688
57
50  RW 15355 1689
60
50  BJCCS 12532 1832
61
50  BJCCS 12031 1833
SCORE:BJCCS,RW,2260,2890,-63.0
