BJCCS-LCC
1
50  LCC 12900 2855
2
50  BJCCS 7311 1954
30  BJCCS 9619 1983
10  BJCCS 12100 1969
3
50  LCC 7247 2844
30  LCC 9800 2860
10  BJCCS 9831 1977
4
50  LCC 7346 2868
30  BJCCS 8868 1970
10  BJCCS 8910 1964
5
50  LCC 7149 2861
30  LCC 7241 2846
10  BJCCS 7494 1958
6
50  BJCCS 7580 1985
30  LCC 8146 2867
10  BJCCS 8634 1960
7
50  LCC 6395 2845
30  BJCCS 7577 1975
10  BJCCS 8144 1986
8
50  LCC 6350 2871
30  BJCCS 6444 1974
10  BJCCS 6544 1984
9
50  BJCCS 2399 1956
30  BJCCS 3603 1978
10  BJCCS 4022 1963
11
50  BJCCS 2100 1973
30  LCC 2278 2859
10  LCC 2345 2832
12
50  BJCCS 1892 1955
30  BJCCS 2070 1981
10  LCC 2865 2837
13
50  LCC 3277 2869
30  LCC 4483 2855
10  LCC 5635 2848
14
50  BJCCS 2934 1954
30  BJCCS 4497 1988
10  BJCCS 4521 1969
15
50  LCC 4085 2864
30  BJCCS 4347 1976
10  LCC 5274 2853
16
50  LCC 2821 2868
30  BJCCS 3568 1964
10  BJCCS 3666 1970
17
50  LCC 6550 2862
30  BJCCS 7103 1958
10  BJCCS 7806 1972
18
50  BJCCS 6120 1966
30  LCC 7280 2867
10  BJCCS 7762 1960
19
50  BJCCS 6706 1975
30  BJCCS 7454 1986
20
50  LCC 5634 2836
30  BJCCS 5725 1974
10  LCC 5829 2835
21
50  BJCCS 2962 1956
30  BJCCS 3903 1989
10  LCC 4821 2842
23
50  BJCCS 2553 1973
30  LCC 2705 2832
10  BJCCS 3003 1957
24
50  BJCCS 2342 1955
30  BJCCS 2669 1981
10  BJCCS 3650 1965
25
50  LCC 1880 2869
30  LCC 3190 2839
10  BJCCS 3262 1959
26
50  BJCCS 2019 1983
30  BJCCS 2356 1988
10  BJCCS 2601 1969
27
50  LCC 3373 2844
30  BJCCS 5075 1977
10  LCC 5359 2864
28
50  BJCCS 4400 1970
30  BJCCS 5672 1987
29
50  LCC 3544 2862
30  BJCCS 3747 1958
10  BJCCS 4150 1972
30
50  BJCCS 3247 1966
30  BJCCS 3419 1985
10  LCC 4645 2847
31
80  BJCCS 3610 1986
40  LCC 3887 2858
0  LCC 5175 2865
32
80  LCC 2945 2871
40  BJCCS 2989 1984
0  BJCCS 3687 1962
33
80  BJCCS 2559 1973
40  BJCCS 3103 1956
0  LCC 4011 2859
34
80  BJCCS 2165 1981
35
50  LCC 3666 2855
36
50  BJCCS 1770 1983
30  BJCCS 2356 1988
37
50  LCC 3470 2844
30  BJCCS 4916 1977
10  LCC 5231 2860
38
50  BJCCS 4031 1970
30  BJCCS 4178 1964
10  BJCCS 4825 1987
39
50  LCC 3019 2861
30  LCC 3026 2846
10  LCC 3614 2862
40
50  BJCCS 3145 1966
30  LCC 3952 2867
10  BJCCS 4636 1980
41
50  LCC 2770 2845
30  LCC 3963 2858
42
50  LCC 2625 2871
30  BJCCS 3000 1974
10  LCC 3019 2835
43
50  BJCCS 4025 1957
30  BJCCS 4197 1956
44
50  BJCCS 3022 1955
45
50  LCC 5274 2854
46
50  BJCCS 1744 1954
30  LCC 2716 2831
10  BJCCS 3508 1953
47
50  LCC 5133 2860
30  BJCCS 5529 1977
10  BJCCS 5931 1976
48
50  BJCCS 4834 1964
30  BJCCS 5853 1987
49
50  LCC 3773 2861
30  LCC 3821 2846
10  BJCCS 3875 1958
50
50  BJCCS 4163 1985
30  BJCCS 4372 1960
51
50  LCC 3654 2845
52
50  LCC 3518 2836
30  LCC 3734 2851
10  LCC 3784 2835
54
50  BJCCS 9233 1830
55
50  LCC 20217 1954
56
50  BJCCS 15437 1831
57
50  LCC 16435 1955
59
60
50  BJCCS 12532 1832
30  LCC 17576 1957
61
50  LCC 11533 1959
30  BJCCS 12031 1833
SCORE:BJCCS,LCC,2630,2040,59.0
