BJCCS-AND
1
50  AND 9931 1090
30  AND 10053 1040
10  AND 10600 1107
2
50  BJCCS 7311 1954
30  BJCCS 9619 1983
10  BJCCS 12100 1969
3
50  AND 8533 1041
30  AND 9628 1059
10  BJCCS 9831 1977
4
50  AND 8178 1089
30  AND 8422 1120
10  BJCCS 8868 1970
5
50  AND 7363 1095
30  BJCCS 7494 1958
10  BJCCS 9193 1972
6
50  BJCCS 7580 1985
30  BJCCS 8634 1960
10  AND 8681 1127
7
50  BJCCS 7577 1975
30  AND 7909 1094
10  BJCCS 8144 1986
8
50  BJCCS 6444 1974
30  BJCCS 6544 1984
10  BJCCS 7982 1962
9
50  BJCCS 2399 1956
30  BJCCS 3603 1978
10  BJCCS 4022 1963
10
50  AND 3468 1139
30  AND 4798 1146
10  AND 5266 1143
11
50  BJCCS 2100 1973
30  AND 2150 1034
10  AND 2224 1105
12
50  BJCCS 1892 1955
30  BJCCS 2070 1981
10  AND 2387 1066
13
50  AND 3820 1054
30  AND 3843 1107
10  AND 4206 1171
14
50  BJCCS 2934 1954
30  AND 4141 1080
10  BJCCS 4497 1988
15
50  AND 3380 1122
30  AND 3537 1059
10  AND 3630 1152
16
50  AND 3513 1079
30  BJCCS 3568 1964
10  BJCCS 3666 1970
17
50  AND 6284 1121
30  AND 6286 1095
10  BJCCS 7103 1958
18
50  BJCCS 6120 1966
30  AND 7423 1127
10  BJCCS 7762 1960
19
50  BJCCS 6706 1975
30  AND 7168 1108
10  AND 7177 1137
20
50  BJCCS 5725 1974
30  AND 5943 1125
10  BJCCS 6940 1962
21
50  BJCCS 2962 1956
30  BJCCS 3903 1989
10  AND 4686 1072
22
50  AND 4911 1139
30  AND 4974 1143
10  AND 6090 1146
23
50  BJCCS 2553 1973
30  AND 2751 1034
10  BJCCS 3003 1957
24
50  BJCCS 2342 1955
30  BJCCS 2669 1981
10  AND 2843 1066
25
50  AND 2055 1044
30  AND 2282 1171
10  AND 2349 1073
26
50  BJCCS 2019 1983
30  BJCCS 2356 1988
10  AND 2596 1035
27
50  AND 3713 1122
30  AND 4077 1041
10  AND 4785 1152
28
50  AND 3865 1120
30  BJCCS 4400 1970
10  AND 4801 1053
29
50  BJCCS 3747 1958
30  AND 3901 1068
10  AND 4043 1124
30
50  BJCCS 3247 1966
30  BJCCS 3419 1985
10  AND 4322 1127
31
80  BJCCS 3610 1986
40  AND 3907 1108
0  AND 4229 1113
32
80  BJCCS 2989 1984
40  AND 3183 1125
0  AND 3636 1118
33
80  BJCCS 2559 1973
40  BJCCS 3103 1956
0  AND 3553 1105
34
80  BJCCS 2165 1981
35
50  AND 1935 1090
30  AND 1953 1040
10  AND 2132 1054
36
50  BJCCS 1770 1983
30  AND 2289 1035
10  BJCCS 2356 1988
37
50  AND 3932 1122
30  AND 3956 1059
10  BJCCS 4916 1977
38
50  AND 3591 1089
30  AND 3613 1120
10  BJCCS 4031 1970
39
50  AND 3193 1121
30  AND 3229 1095
10  AND 3929 1088
40
50  BJCCS 3145 1966
30  AND 3823 1045
10  AND 4450 1100
41
50  AND 3548 1137
30  AND 4334 1162
10  AND 4565 1113
42
50  BJCCS 3000 1974
30  BJCCS 3739 1962
10  AND 3808 1116
43
50  AND 3225 1034
30  AND 3423 1071
10  AND 3657 1109
44
50  BJCCS 3022 1955
45
50  AND 2051 1044
30  AND 2537 1054
10  AND 2609 1171
46
50  BJCCS 1744 1954
30  AND 2599 1077
10  AND 3350 1134
47
50  AND 4259 1041
30  AND 5474 1126
10  BJCCS 5529 1977
48
50  AND 4420 1089
30  BJCCS 4834 1964
10  AND 5038 1079
49
50  BJCCS 3875 1958
30  AND 4009 1121
10  AND 4613 1124
50
50  BJCCS 4163 1985
30  BJCCS 4372 1960
10  AND 4404 1081
51
50  AND 4211 1094
30  AND 4288 1108
10  AND 4814 1097
52
50  BJCCS 3897 1984
30  BJCCS 4203 1982
10  AND 4413 1101
54
50  BJCCS 9233 1830
30  AND 11193 1724
55
50  AND 16214 1726
56
50  BJCCS 15437 1831
30  AND 19643 1728
57
50  AND 20541 1729
59
50  AND 14394 1731
60
50  BJCCS 12532 1832
61
50  BJCCS 12031 1833
30  AND 12242 1732
SCORE:BJCCS,AND,2460,2700,-24.0
