BJCCS-SPL
1
50  SPL 8802 1687
2
50  BJCCS 7311 1954
30  SPL 8844 1719
10  BJCCS 9619 1983
3
50  SPL 8969 1739
30  BJCCS 9831 1977
10  SPL 10281 1709
4
50  BJCCS 8868 1970
30  BJCCS 8910 1964
10  SPL 9290 1705
5
50  BJCCS 7494 1958
30  SPL 7969 1720
10  BJCCS 9193 1972
6
50  SPL 7284 1689
30  BJCCS 7580 1985
10  BJCCS 8634 1960
7
50  SPL 7357 1698
30  BJCCS 7577 1975
10  SPL 7863 1697
8
50  BJCCS 6444 1974
30  BJCCS 6544 1984
10  BJCCS 7982 1962
9
50  BJCCS 2399 1956
30  BJCCS 3603 1978
10  SPL 3863 1722
10
50  SPL 3256 1677
30  SPL 4251 1702
10  SPL 4288 1673
11
50  SPL 1950 1672
30  SPL 2012 1708
10  BJCCS 2100 1973
12
50  BJCCS 1892 1955
30  BJCCS 2070 1981
10  SPL 2437 1691
13
50  SPL 3444 1687
30  SPL 4902 1713
10  SPL 4925 1738
14
50  BJCCS 2934 1954
30  SPL 3591 1719
10  SPL 3692 1670
15
50  SPL 3532 1739
30  SPL 4178 1730
10  SPL 4193 1736
16
50  SPL 3479 1665
30  BJCCS 3568 1964
10  BJCCS 3666 1970
17
50  SPL 6478 1718
30  BJCCS 7103 1958
10  BJCCS 7806 1972
18
50  BJCCS 6120 1966
30  SPL 6409 1689
10  BJCCS 7762 1960
19
50  SPL 6384 1698
30  BJCCS 6706 1975
10  SPL 7006 1697
20
50  BJCCS 5725 1974
30  BJCCS 6940 1962
10  BJCCS 7134 1982
21
50  BJCCS 2962 1956
30  BJCCS 3903 1989
10  SPL 4433 1722
22
50  SPL 5737 1677
30  SPL 5804 1716
10  SPL 6652 1658
23
50  BJCCS 2553 1973
30  SPL 2555 1708
10  SPL 2828 1715
24
50  BJCCS 2342 1955
30  SPL 2646 1726
10  BJCCS 2669 1981
25
50  SPL 2515 1647
30  SPL 2518 1717
10  SPL 2522 1731
26
50  SPL 1913 1719
30  BJCCS 2019 1983
10  BJCCS 2356 1988
27
50  SPL 4400 1709
30  BJCCS 5075 1977
10  BJCCS 5514 1976
28
50  BJCCS 4400 1970
30  SPL 5351 1669
10  BJCCS 5672 1987
29
50  BJCCS 3747 1958
30  BJCCS 4150 1972
10  SPL 4667 1711
30
50  BJCCS 3247 1966
30  BJCCS 3419 1985
10  SPL 3484 1689
31
80  SPL 3483 1698
40  BJCCS 3610 1986
0  SPL 3735 1649
32
80  BJCCS 2989 1984
40  BJCCS 3687 1962
0  BJCCS 4237 1982
33
80  BJCCS 2559 1973
40  SPL 3037 1676
0  BJCCS 3103 1956
34
80  BJCCS 2165 1981
35
50  SPL 2331 1690
30  SPL 2492 1713
10  SPL 2627 1731
36
50  BJCCS 1770 1983
30  SPL 1860 1670
10  BJCCS 2356 1988
37
50  SPL 4055 1739
30  SPL 4759 1709
10  BJCCS 4916 1977
38
50  SPL 3981 1705
30  BJCCS 4031 1970
10  BJCCS 4178 1964
39
50  SPL 3246 1718
30  SPL 3531 1720
10  BJCCS 4225 1972
40
50  BJCCS 3145 1966
30  SPL 4193 1727
10  BJCCS 4636 1980
41
50  SPL 3366 1697
30  SPL 3625 1649
10  SPL 3772 1664
42
50  BJCCS 3000 1974
30  SPL 3697 1680
10  BJCCS 3739 1962
43
50  SPL 2652 1672
30  SPL 3321 1715
10  SPL 3331 1654
44
50  BJCCS 3022 1955
30  SPL 3371 1699
10  SPL 3403 1726
45
50  SPL 2033 1687
30  SPL 2546 1738
10  SPL 2765 1728
46
50  BJCCS 1744 1954
30  SPL 2422 1653
10  SPL 2747 1655
47
50  SPL 5018 1652
30  SPL 5207 1663
10  BJCCS 5529 1977
48
50  BJCCS 4834 1964
30  SPL 5462 1700
10  BJCCS 5853 1987
49
50  BJCCS 3875 1958
30  SPL 5095 1704
10  SPL 5615 1711
50
50  BJCCS 4163 1985
30  BJCCS 4372 1960
10  SPL 4475 1666
51
50  SPL 4402 1712
30  SPL 4475 1664
10  SPL 4639 1656
52
50  BJCCS 3897 1984
30  BJCCS 4203 1982
10  SPL 4552 1688
53
50  SPL 18907 1804
54
50  BJCCS 9233 1830
30  SPL 9289 1796
55
50  SPL 20778 1798
56
50  BJCCS 15437 1831
57
50  SPL 17312 1800
58
50  SPL 15425 1801
59
50  SPL 13914 1802
60
50  BJCCS 12532 1832
61
50  BJCCS 12031 1833
30  SPL 13256 1803
SCORE:BJCCS,SPL,2500,2730,-23.0
