BJCCS-SCSC
1
50  SCSC 9422 83
30  SCSC 9644 126
10  SCSC 12308 96
2
50  BJCCS 7311 1954
30  BJCCS 9619 1983
10  SCSC 10856 129
3
50  SCSC 8177 125
30  SCSC 8218 208
10  SCSC 9657 138
4
50  SCSC 8071 200
30  BJCCS 8868 1970
10  BJCCS 8910 1964
5
50  BJCCS 7494 1958
30  SCSC 7622 107
10  SCSC 8989 165
6
50  SCSC 6832 178
30  SCSC 7156 151
10  BJCCS 7580 1985
7
50  BJCCS 7577 1975
30  BJCCS 8144 1986
10  SCSC 8853 117
8
50  BJCCS 6444 1974
30  BJCCS 6544 1984
10  SCSC 6738 176
9
50  BJCCS 2399 1956
30  SCSC 3301 182
10  BJCCS 3603 1978
10
50  SCSC 2637 185
30  SCSC 4081 123
10  SCSC 5639 173
11
50  SCSC 2091 172
30  BJCCS 2100 1973
10  SCSC 2114 191
12
50  BJCCS 1892 1955
30  SCSC 1919 154
10  BJCCS 2070 1981
13
50  SCSC 3635 126
30  SCSC 3641 83
10  SCSC 3885 146
14
50  BJCCS 2934 1954
30  SCSC 3983 80
10  SCSC 4257 168
15
50  SCSC 2862 159
30  SCSC 3194 208
10  SCSC 3463 166
16
50  SCSC 3125 200
30  SCSC 3216 82
10  SCSC 3457 128
17
50  SCSC 6237 199
30  BJCCS 7103 1958
10  SCSC 7682 177
18
50  BJCCS 6120 1966
30  SCSC 6556 133
10  SCSC 6657 192
19
50  SCSC 6151 108
30  BJCCS 6706 1975
10  BJCCS 7454 1986
20
50  SCSC 5587 156
30  BJCCS 5725 1974
10  BJCCS 6940 1962
21
50  BJCCS 2962 1956
30  BJCCS 3903 1989
10  SCSC 4619 182
22
50  SCSC 4701 173
30  SCSC 5191 123
10  SCSC 5756 167
23
50  BJCCS 2553 1973
30  SCSC 2875 191
10  BJCCS 3003 1957
24
50  BJCCS 2342 1955
30  SCSC 2425 154
10  BJCCS 2669 1981
25
50  SCSC 2089 126
30  SCSC 2406 171
10  SCSC 2469 78
26
50  BJCCS 2019 1983
30  SCSC 2220 196
10  SCSC 2271 168
27
50  SCSC 3313 159
30  SCSC 3831 208
10  BJCCS 5075 1977
28
50  SCSC 3633 200
30  BJCCS 4400 1970
10  SCSC 4544 144
29
50  BJCCS 3747 1958
30  SCSC 4034 114
10  BJCCS 4150 1972
30
50  BJCCS 3247 1966
30  BJCCS 3419 1985
10  SCSC 3432 120
31
80  SCSC 3306 108
40  BJCCS 3610 1986
0  SCSC 4070 121
32
80  BJCCS 2989 1984
40  SCSC 3432 176
0  BJCCS 3687 1962
33
80  BJCCS 2559 1973
40  SCSC 2565 105
0  SCSC 3100 191
34
80  BJCCS 2165 1981
40  SCSC 3219 147
0  SCSC 3240 160
35
50  SCSC 1728 83
30  SCSC 1995 146
36
50  BJCCS 1770 1983
30  BJCCS 2356 1988
10  SCSC 2366 164
37
50  SCSC 3894 166
30  SCSC 4683 118
10  BJCCS 4916 1977
38
50  BJCCS 4031 1970
30  BJCCS 4178 1964
10  SCSC 4764 144
39
50  SCSC 3078 199
30  SCSC 4022 114
10  SCSC 4220 179
40
50  SCSC 3012 151
30  BJCCS 3145 1966
10  SCSC 3447 192
41
50  SCSC 4072 117
42
50  SCSC 2747 156
30  SCSC 2783 201
10  BJCCS 3000 1974
43
50  SCSC 3153 172
30  SCSC 3250 95
10  SCSC 3331 105
44
50  SCSC 2935 160
30  BJCCS 3022 1955
10  SCSC 3825 137
45
50  SCSC 2507 184
30  SCSC 2697 171
10  SCSC 2766 96
46
50  BJCCS 1744 1954
30  SCSC 2757 88
10  SCSC 2904 136
47
50  SCSC 4256 125
30  SCSC 5194 100
10  SCSC 5316 138
48
50  SCSC 4256 82
30  SCSC 4665 169
10  BJCCS 4834 1964
49
50  BJCCS 3875 1958
30  SCSC 3997 107
10  SCSC 4313 165
50
50  SCSC 3432 178
30  SCSC 3800 133
10  SCSC 3982 151
51
50  SCSC 4337 117
30  SCSC 5038 121
52
50  SCSC 3234 156
30  SCSC 3339 201
10  BJCCS 3897 1984
53
50  SCSC 16759 1641
54
50  SCSC 9056 1633
30  BJCCS 9233 1830
55
50  SCSC 19565 1634
56
50  BJCCS 15437 1831
30  SCSC 18470 1635
57
50  SCSC 13178 1636
58
50  SCSC 14856 1637
59
50  SCSC 13296 1638
60
50  BJCCS 12532 1832
30  SCSC 12758 1639
61
50  SCSC 11516 1640
30  BJCCS 12031 1833
SCORE:BJCCS,SCSC,1930,3380,-145.0
