BJCCS-CASC
1
50  CASC 10350 2559
2
50  BJCCS 7311 1954
30  BJCCS 9619 1983
10  BJCCS 12100 1969
3
50  CASC 8249 2560
30  CASC 9192 2568
10  BJCCS 9831 1977
4
50  BJCCS 8868 1970
30  BJCCS 8910 1964
10  CASC 9625 2570
5
50  BJCCS 7494 1958
30  BJCCS 9193 1972
6
50  BJCCS 7580 1985
30  BJCCS 8634 1960
7
50  CASC 7566 2596
30  BJCCS 7577 1975
10  BJCCS 8144 1986
8
50  BJCCS 6444 1974
30  BJCCS 6544 1984
10  CASC 6676 2589
9
50  BJCCS 2399 1956
30  BJCCS 3603 1978
10  BJCCS 4022 1963
11
50  BJCCS 2100 1973
30  BJCCS 2530 1957
10  CASC 3012 2590
12
50  BJCCS 1892 1955
30  CASC 1967 2569
10  BJCCS 2070 1981
13
50  CASC 5127 2583
30  CASC 5346 2562
10  BJCCS 6250 1959
14
50  BJCCS 2934 1954
30  CASC 3920 2567
10  CASC 4271 2592
15
50  CASC 3326 2560
30  CASC 3459 2595
10  CASC 3795 2576
16
50  BJCCS 3568 1964
30  BJCCS 3666 1970
10  CASC 3723 2565
17
50  BJCCS 7103 1958
30  BJCCS 7806 1972
18
50  BJCCS 6120 1966
30  BJCCS 7762 1960
10  BJCCS 7767 1980
19
50  BJCCS 6706 1975
30  CASC 7263 2581
10  BJCCS 7454 1986
20
50  BJCCS 5725 1974
30  CASC 5976 2589
10  CASC 6106 2585
21
50  BJCCS 2962 1956
30  BJCCS 3903 1989
10  CASC 4897 2558
23
50  BJCCS 2553 1973
30  BJCCS 3003 1957
10  CASC 3091 2590
24
50  BJCCS 2342 1955
30  BJCCS 2669 1981
10  CASC 2707 2569
25
50  CASC 2255 2559
30  CASC 2664 2562
10  CASC 3061 2583
26
50  BJCCS 2019 1983
30  CASC 2159 2567
10  BJCCS 2356 1988
27
50  CASC 4156 2595
30  CASC 4365 2568
10  CASC 4599 2580
28
50  BJCCS 4400 1970
30  CASC 5026 2573
10  BJCCS 5672 1987
29
50  BJCCS 3747 1958
30  BJCCS 4150 1972
30
50  BJCCS 3247 1966
30  BJCCS 3419 1985
10  BJCCS 4946 1980
31
80  CASC 3307 2596
40  BJCCS 3610 1986
0  CASC 3897 2581
32
80  BJCCS 2989 1984
40  CASC 3368 2582
0  CASC 3454 2593
33
80  BJCCS 2559 1973
40  BJCCS 3103 1956
34
80  BJCCS 2165 1981
35
50  CASC 2100 2559
30  CASC 3109 2583
36
50  BJCCS 1770 1983
30  BJCCS 2356 1988
10  CASC 2600 2561
37
50  CASC 3762 2560
30  CASC 4798 2580
10  BJCCS 4916 1977
38
50  BJCCS 4031 1970
30  BJCCS 4178 1964
10  BJCCS 4825 1987
39
50  BJCCS 4225 1972
40
50  BJCCS 3145 1966
30  BJCCS 4636 1980
41
50  CASC 3334 2596
30  CASC 4049 2594
42
50  BJCCS 3000 1974
30  CASC 3113 2593
10  CASC 3183 2585
43
50  BJCCS 4025 1957
30  CASC 4173 2590
10  BJCCS 4197 1956
44
50  CASC 2689 2569
30  BJCCS 3022 1955
45
50  CASC 2417 2559
30  CASC 2814 2583
10  CASC 3964 2562
46
50  BJCCS 1744 1954
30  CASC 2299 2567
10  CASC 2747 2592
47
50  CASC 4506 2568
30  CASC 4766 2595
10  CASC 5298 2574
48
50  BJCCS 4834 1964
30  BJCCS 5853 1987
10  CASC 6075 2584
49
50  BJCCS 3875 1958
50
50  BJCCS 4163 1985
30  BJCCS 4372 1960
51
50  CASC 4516 2594
30  CASC 4555 2581
52
50  CASC 3417 2589
30  CASC 3541 2585
10  CASC 3601 2593
54
50  BJCCS 9233 1830
30  CASC 12204 1913
56
50  BJCCS 15437 1831
30  CASC 18359 1914
57
50  CASC 14158 1915
58
50  CASC 16135 1917
60
50  BJCCS 12532 1832
61
50  BJCCS 12031 1833
30  CASC 12488 1918
SCORE:BJCCS,CASC,2870,1880,99.0
