BJCCS-HSC
1
50  HSC 12582 3422
2
50  BJCCS 7311 1954
30  BJCCS 9619 1983
10  BJCCS 12100 1969
3
50  BJCCS 9831 1977
30  HSC 10519 3445
4
50  HSC 8441 3463
30  BJCCS 8868 1970
10  BJCCS 8910 1964
5
50  BJCCS 7494 1958
30  HSC 7740 3466
10  HSC 7854 3424
6
50  BJCCS 7580 1985
30  HSC 7907 3446
10  HSC 8508 3458
7
50  BJCCS 7577 1975
30  BJCCS 8144 1986
10  HSC 8442 3457
8
50  BJCCS 6444 1974
30  BJCCS 6544 1984
10  HSC 6592 3462
9
50  BJCCS 2399 1956
30  BJCCS 3603 1978
10  BJCCS 4022 1963
10
50  HSC 3999 3459
11
50  HSC 1977 3430
30  HSC 2019 3464
10  BJCCS 2100 1973
12
50  BJCCS 1892 1955
30  BJCCS 2070 1981
10  BJCCS 3356 1965
13
50  HSC 4509 3422
30  HSC 4704 3467
10  HSC 5583 3440
14
50  BJCCS 2934 1954
30  HSC 4084 3420
10  BJCCS 4497 1988
15
50  HSC 3963 3445
30  BJCCS 4347 1976
10  HSC 5148 3425
16
50  HSC 3251 3453
30  HSC 3253 3463
10  HSC 3521 3421
17
50  HSC 6734 3466
30  HSC 6821 3424
10  BJCCS 7103 1958
18
50  BJCCS 6120 1966
30  HSC 6803 3423
10  HSC 7347 3458
19
50  BJCCS 6706 1975
30  HSC 7373 3448
10  BJCCS 7454 1986
20
50  HSC 5558 3462
30  BJCCS 5725 1974
10  HSC 5947 3460
21
50  BJCCS 2962 1956
30  BJCCS 3903 1989
10  BJCCS 4994 1963
22
50  HSC 8421 3459
23
50  BJCCS 2553 1973
30  HSC 2976 3430
10  BJCCS 3003 1957
24
50  BJCCS 2342 1955
30  BJCCS 2669 1981
10  BJCCS 3650 1965
25
50  HSC 2488 3422
30  HSC 3235 3440
10  BJCCS 3262 1959
26
50  BJCCS 2019 1983
30  BJCCS 2356 1988
10  BJCCS 2601 1969
27
50  BJCCS 5075 1977
30  BJCCS 5514 1976
10  HSC 6280 3425
28
50  HSC 4294 3421
30  HSC 4380 3453
10  BJCCS 4400 1970
29
50  BJCCS 3747 1958
30  HSC 3789 3444
10  BJCCS 4150 1972
30
50  BJCCS 3247 1966
30  BJCCS 3419 1985
10  HSC 3802 3446
31
80  BJCCS 3610 1986
40  HSC 3913 3448
0  HSC 4225 3447
32
80  BJCCS 2989 1984
40  BJCCS 3687 1962
0  HSC 3721 3461
33
80  BJCCS 2559 1973
40  BJCCS 3103 1956
34
80  BJCCS 2165 1981
36
50  BJCCS 1770 1983
30  BJCCS 2356 1988
10  HSC 3654 3436
37
50  BJCCS 4916 1977
30  HSC 4920 3445
10  BJCCS 5334 1976
38
50  BJCCS 4031 1970
30  BJCCS 4178 1964
10  HSC 4317 3453
39
50  HSC 3635 3424
30  HSC 3875 3444
10  BJCCS 4225 1972
40
50  BJCCS 3145 1966
30  HSC 3304 3446
10  HSC 3927 3423
41
50  HSC 3312 3457
30  HSC 4225 3448
42
50  HSC 2639 3462
30  HSC 2925 3460
10  BJCCS 3000 1974
43
50  HSC 2932 3430
30  HSC 3033 3464
10  HSC 3675 3431
44
50  BJCCS 3022 1955
45
50  HSC 3075 3440
46
50  BJCCS 1744 1954
30  HSC 3058 3420
10  HSC 3123 3436
47
50  BJCCS 5529 1977
30  BJCCS 5931 1976
10  HSC 6262 3445
48
50  HSC 4691 3463
30  BJCCS 4834 1964
10  HSC 5188 3435
49
50  BJCCS 3875 1958
30  HSC 4065 3466
10  HSC 4831 3429
50
50  BJCCS 4163 1985
30  HSC 4279 3423
10  BJCCS 4372 1960
51
50  HSC 4470 3448
30  HSC 4532 3457
52
50  HSC 3407 3460
30  HSC 3845 3454
10  BJCCS 3897 1984
54
50  BJCCS 9233 1830
56
50  BJCCS 15437 1831
30  HSC 19928 2040
58
50  HSC 15277 2041
59
50  HSC 12869 2042
60
50  BJCCS 12532 1832
30  HSC 12747 2043
61
50  BJCCS 12031 1833
30  HSC 12104 2044
SCORE:BJCCS,HSC,2660,2170,49.0
