BJCCS-WST
1
50  WST 9560 1393
30  WST 10214 1445
10  WST 10894 1396
2
50  BJCCS 7311 1954
30  BJCCS 9619 1983
10  WST 10409 1384
3
50  WST 9201 1410
30  WST 9728 1391
10  BJCCS 9831 1977
4
50  WST 8631 1444
30  BJCCS 8868 1970
10  BJCCS 8910 1964
5
50  BJCCS 7494 1958
30  WST 7806 1401
10  WST 8877 1387
6
50  BJCCS 7580 1985
30  BJCCS 8634 1960
10  WST 9363 1376
7
50  BJCCS 7577 1975
30  BJCCS 8144 1986
10  WST 9084 1399
8
50  BJCCS 6444 1974
30  BJCCS 6544 1984
10  WST 6800 1380
9
50  BJCCS 2399 1956
30  BJCCS 3603 1978
10  BJCCS 4022 1963
10
50  WST 3581 1423
30  WST 3746 1405
10  WST 3935 1442
11
50  WST 1954 1411
30  BJCCS 2100 1973
10  WST 2237 1389
12
50  WST 1846 1421
30  BJCCS 1892 1955
10  BJCCS 2070 1981
13
50  WST 4119 1445
30  WST 4175 1366
10  WST 4283 1386
14
50  BJCCS 2934 1954
30  WST 3938 1384
10  WST 4257 1392
15
50  WST 3622 1448
30  WST 3751 1410
10  WST 3823 1391
16
50  WST 3387 1444
30  BJCCS 3568 1964
10  BJCCS 3666 1970
17
50  BJCCS 7103 1958
30  WST 7747 1425
10  BJCCS 7806 1972
18
50  BJCCS 6120 1966
30  BJCCS 7762 1960
10  BJCCS 7767 1980
19
50  BJCCS 6706 1975
30  WST 7150 1461
10  BJCCS 7454 1986
20
50  BJCCS 5725 1974
30  WST 5963 1380
10  BJCCS 6940 1962
21
50  BJCCS 2962 1956
30  BJCCS 3903 1989
10  BJCCS 4994 1963
22
50  WST 3468 1423
30  WST 4919 1405
10  WST 7531 1442
23
50  BJCCS 2553 1973
30  WST 2557 1389
10  WST 2771 1404
24
50  WST 2217 1421
30  BJCCS 2342 1955
10  BJCCS 2669 1981
25
50  WST 2062 1393
30  WST 2282 1366
10  WST 2344 1379
26
50  BJCCS 2019 1983
30  WST 2282 1392
10  BJCCS 2356 1988
27
50  WST 4415 1391
30  WST 4528 1410
10  WST 4606 1375
28
50  BJCCS 4400 1970
30  BJCCS 5672 1987
10  WST 6243 1412
29
50  WST 3400 1401
30  BJCCS 3747 1958
10  WST 3975 1387
30
50  BJCCS 3247 1966
30  BJCCS 3419 1985
10  WST 4352 1376
31
80  BJCCS 3610 1986
40  WST 3713 1461
0  WST 4152 1399
32
80  BJCCS 2989 1984
40  BJCCS 3687 1962
0  WST 4072 1463
33
80  WST 2529 1411
40  BJCCS 2559 1973
0  WST 2560 1389
34
80  WST 2022 1421
40  BJCCS 2165 1981
0  WST 4708 1372
35
50  WST 1716 1393
30  WST 2115 1396
10  WST 2315 1386
36
50  BJCCS 1770 1983
30  BJCCS 2356 1988
10  WST 2963 1378
37
50  WST 4690 1448
30  WST 4878 1375
10  BJCCS 4916 1977
38
50  BJCCS 4031 1970
30  BJCCS 4178 1964
10  WST 4603 1444
39
50  WST 3694 1387
30  WST 4081 1456
10  BJCCS 4225 1972
40
50  BJCCS 3145 1966
30  WST 4535 1370
10  WST 4549 1369
41
50  WST 3744 1461
30  WST 4652 1454
42
50  WST 2927 1380
30  BJCCS 3000 1974
10  BJCCS 3739 1962
43
50  WST 2528 1411
30  WST 3299 1455
10  BJCCS 4025 1957
44
50  BJCCS 3022 1955
30  WST 3463 1421
10  WST 3545 1388
45
50  WST 2255 1445
30  WST 2335 1396
10  WST 2484 1379
46
50  BJCCS 1744 1954
30  WST 2591 1392
10  WST 2789 1458
47
50  WST 4922 1409
30  WST 5107 1402
10  BJCCS 5529 1977
48
50  WST 4406 1444
30  BJCCS 4834 1964
10  BJCCS 5853 1987
49
50  BJCCS 3875 1958
30  WST 4372 1456
10  WST 4502 1401
50
50  BJCCS 4163 1985
30  BJCCS 4372 1960
10  WST 5246 1460
51
50  WST 4490 1399
52
50  BJCCS 3897 1984
30  WST 4178 1463
10  BJCCS 4203 1982
53
50  WST 18453 1763
54
50  WST 8588 1752
30  BJCCS 9233 1830
55
50  WST 16994 1755
56
50  BJCCS 15437 1831
57
50  WST 15310 1758
59
50  WST 13947 1760
60
50  BJCCS 12532 1832
30  WST 14387 1761
61
50  BJCCS 12031 1833
30  WST 15394 1762
SCORE:BJCCS,WST,2450,2790,-34.0
