BJCCS-SL
1
50  SL 11744 2907
2
50  BJCCS 7311 1954
30  SL 8346 2877
10  SL 8361 2923
3
50  SL 8950 2918
30  SL 9075 2884
10  SL 9347 2920
4
50  BJCCS 8868 1970
30  BJCCS 8910 1964
10  SL 9534 2909
5
50  SL 7340 2901
30  SL 7391 2928
10  BJCCS 7494 1958
6
50  SL 7120 2921
30  SL 7529 2886
10  BJCCS 7580 1985
7
50  BJCCS 7577 1975
30  BJCCS 8144 1986
8
50  BJCCS 6444 1974
30  BJCCS 6544 1984
10  SL 7163 2917
9
50  BJCCS 2399 1956
30  BJCCS 3603 1978
10  BJCCS 4022 1963
10
50  SL 4113 2913
30  SL 4840 2875
11
50  SL 1652 2876
30  SL 1699 2908
10  SL 1840 2885
12
50  SL 1650 2874
30  BJCCS 1892 1955
10  BJCCS 2070 1981
13
50  SL 4839 2905
30  SL 5380 2881
10  SL 5388 2933
14
50  BJCCS 2934 1954
30  SL 3409 2923
10  SL 4400 2894
15
50  SL 3377 2884
30  SL 3550 2920
10  SL 3600 2918
16
50  SL 3384 2909
30  BJCCS 3568 1964
10  BJCCS 3666 1970
17
50  SL 6280 2928
30  SL 6354 2901
10  BJCCS 7103 1958
18
50  BJCCS 6120 1966
30  SL 6249 2921
10  SL 6403 2883
19
50  BJCCS 6706 1975
30  BJCCS 7454 1986
20
50  BJCCS 5725 1974
30  SL 5976 2917
10  BJCCS 6940 1962
21
50  BJCCS 2962 1956
30  BJCCS 3903 1989
10  BJCCS 4994 1963
23
50  SL 1968 2876
30  SL 2090 2908
10  SL 2282 2885
24
50  SL 2070 2874
30  BJCCS 2342 1955
10  BJCCS 2669 1981
25
50  SL 2450 2907
30  SL 2592 2905
10  SL 2964 2933
26
50  SL 1912 2877
30  BJCCS 2019 1983
10  SL 2043 2899
27
50  SL 4425 2918
30  SL 4534 2897
10  SL 4710 2912
28
50  SL 4029 2909
30  BJCCS 4400 1970
10  SL 5410 2880
29
50  SL 3388 2928
30  BJCCS 3747 1958
10  BJCCS 4150 1972
30
50  BJCCS 3247 1966
30  BJCCS 3419 1985
10  SL 3439 2883
31
80  BJCCS 3610 1986
32
80  BJCCS 2989 1984
40  SL 3410 2917
0  BJCCS 3687 1962
33
80  SL 1860 2876
40  SL 2121 2908
0  SL 2362 2885
34
80  SL 2033 2874
40  BJCCS 2165 1981
35
50  SL 2492 2907
30  SL 2657 2905
36
50  SL 1757 2877
30  BJCCS 1770 1983
10  SL 2149 2899
37
50  SL 4031 2920
30  BJCCS 4916 1977
10  SL 5065 2897
38
50  BJCCS 4031 1970
30  BJCCS 4178 1964
10  BJCCS 4825 1987
39
50  SL 3265 2928
30  SL 3427 2901
10  SL 4104 2915
40
50  BJCCS 3145 1966
30  SL 4456 2932
10  BJCCS 4636 1980
42
50  SL 2859 2917
30  BJCCS 3000 1974
10  BJCCS 3739 1962
43
50  SL 2284 2876
30  SL 2790 2885
10  BJCCS 4025 1957
44
50  SL 2286 2874
30  BJCCS 3022 1955
45
50  SL 2892 2907
30  SL 3801 2881
46
50  BJCCS 1744 1954
30  SL 1938 2923
10  SL 2446 2899
47
50  SL 4651 2912
30  SL 4742 2918
10  SL 5238 2920
48
50  BJCCS 4834 1964
30  BJCCS 5853 1987
10  SL 6701 2931
49
50  BJCCS 3875 1958
30  SL 3903 2901
10  SL 4117 2916
50
50  SL 3447 2921
30  SL 3884 2904
10  BJCCS 4163 1985
52
50  BJCCS 3897 1984
30  BJCCS 4203 1982
53
50  SL 23862 1969
54
50  BJCCS 9233 1830
30  SL 11727 1961
55
50  SL 20788 1963
56
50  SL 15044 1965
30  BJCCS 15437 1831
57
50  SL 15791 1966
59
50  SL 15156 1967
60
50  SL 12371 1968
30  BJCCS 12532 1832
61
50  BJCCS 12031 1833
SCORE:BJCCS,SL,1960,2910,-95.0
