BJCCS-CC
1
50  CC 10921 2939
2
50  BJCCS 7311 1954
30  CC 8850 2949
10  BJCCS 9619 1983
3
50  CC 8118 2938
30  CC 8262 2957
10  BJCCS 9831 1977
4
50  CC 8034 2948
30  BJCCS 8868 1970
10  BJCCS 8910 1964
5
50  BJCCS 7494 1958
30  CC 7882 2954
10  BJCCS 9193 1972
6
50  BJCCS 7580 1985
30  CC 8156 2963
10  CC 8302 2944
7
50  BJCCS 7577 1975
30  BJCCS 8144 1986
10  CC 9441 2943
8
50  BJCCS 6444 1974
30  BJCCS 6544 1984
10  CC 6620 2964
9
50  BJCCS 2399 1956
30  CC 3234 2960
10  BJCCS 3603 1978
11
50  BJCCS 2100 1973
30  CC 2302 2951
10  BJCCS 2530 1957
12
50  BJCCS 1892 1955
30  CC 1919 2950
10  BJCCS 2070 1981
13
50  CC 4125 2959
30  CC 4578 2958
10  CC 4686 2961
14
50  BJCCS 2934 1954
30  BJCCS 4497 1988
10  BJCCS 4521 1969
15
50  CC 3222 2938
30  CC 3295 2957
10  CC 3450 2965
16
50  CC 3277 2948
30  BJCCS 3568 1964
10  BJCCS 3666 1970
17
50  BJCCS 7103 1958
30  CC 7166 2937
10  BJCCS 7806 1972
18
50  BJCCS 6120 1966
30  CC 6925 2944
10  BJCCS 7762 1960
19
50  BJCCS 6706 1975
30  BJCCS 7454 1986
20
50  BJCCS 5725 1974
30  CC 6203 2934
10  BJCCS 6940 1962
21
50  CC 2950 2960
30  BJCCS 2962 1956
10  BJCCS 3903 1989
23
50  BJCCS 2553 1973
30  CC 2725 2951
10  BJCCS 3003 1957
24
50  BJCCS 2342 1955
30  CC 2439 2950
10  BJCCS 2669 1981
25
50  CC 2207 2939
30  CC 2372 2958
10  CC 2463 2961
26
50  CC 1737 2949
30  BJCCS 2019 1983
10  BJCCS 2356 1988
27
50  CC 4340 2965
30  BJCCS 5075 1977
10  BJCCS 5514 1976
28
50  BJCCS 4400 1970
30  BJCCS 5672 1987
10  CC 8178 2956
29
50  BJCCS 3747 1958
30  BJCCS 4150 1972
10  CC 4219 2937
30
50  BJCCS 3247 1966
30  BJCCS 3419 1985
10  CC 3806 2944
31
80  BJCCS 3610 1986
40  CC 4707 2943
32
80  BJCCS 2989 1984
40  CC 3128 2964
0  CC 3500 2934
33
80  BJCCS 2559 1973
40  BJCCS 3103 1956
34
80  BJCCS 2165 1981
40  CC 2484 2950
35
50  CC 2038 2939
30  CC 2359 2959
10  CC 2694 2961
36
50  CC 1658 2949
30  BJCCS 1770 1983
10  BJCCS 2356 1988
37
50  CC 3522 2938
30  CC 3640 2957
10  BJCCS 4916 1977
38
50  CC 3847 2948
30  BJCCS 4031 1970
10  BJCCS 4178 1964
39
50  CC 3449 2954
30  CC 3895 2942
10  BJCCS 4225 1972
40
50  BJCCS 3145 1966
30  CC 3527 2944
10  CC 4050 2963
41
50  CC 4125 2943
42
50  CC 2822 2964
30  BJCCS 3000 1974
10  CC 3266 2934
43
50  CC 3131 2951
30  BJCCS 4025 1957
10  BJCCS 4197 1956
44
50  CC 2945 2950
30  BJCCS 3022 1955
45
50  CC 2420 2939
30  CC 2485 2958
10  CC 2827 2961
46
50  BJCCS 1744 1954
30  CC 2719 2936
10  CC 2841 2941
47
50  CC 4600 2965
30  BJCCS 5529 1977
10  BJCCS 5931 1976
48
50  CC 4097 2948
30  BJCCS 4834 1964
10  BJCCS 5853 1987
49
50  CC 3807 2954
30  BJCCS 3875 1958
10  CC 4456 2942
50
50  CC 4108 2963
30  BJCCS 4163 1985
10  BJCCS 4372 1960
51
50  CC 5260 2943
52
50  CC 3294 2964
30  BJCCS 3897 1984
10  BJCCS 4203 1982
54
50  BJCCS 9233 1830
56
50  BJCCS 15437 1831
57
50  CC 15841 1971
59
60
50  BJCCS 12532 1832
61
50  BJCCS 12031 1833
SCORE:BJCCS,CC,2480,2250,23.0
