BJCCS-FV
1
50  FV 10025 3349
30  FV 13531 3375
2
50  BJCCS 7311 1954
30  BJCCS 9619 1983
10  FV 10634 3383
3
50  FV 8790 3380
30  FV 9695 3377
10  BJCCS 9831 1977
4
50  BJCCS 8868 1970
30  BJCCS 8910 1964
10  FV 11027 3350
5
50  BJCCS 7494 1958
30  FV 8295 3351
10  FV 8941 3381
6
50  BJCCS 7580 1985
30  BJCCS 8634 1960
10  FV 10438 3367
7
50  BJCCS 7577 1975
30  BJCCS 8144 1986
10  FV 10543 3373
8
50  BJCCS 6444 1974
30  BJCCS 6544 1984
10  FV 7139 3384
9
50  BJCCS 2399 1956
30  FV 3222 3343
10  BJCCS 3603 1978
10
50  FV 3344 3360
11
50  BJCCS 2100 1973
30  FV 2181 3382
10  FV 2232 3344
12
50  BJCCS 1892 1955
30  BJCCS 2070 1981
10  FV 2238 3368
13
50  FV 4412 3375
30  FV 5334 3376
10  FV 5806 3348
14
50  BJCCS 2934 1954
30  BJCCS 4497 1988
10  BJCCS 4521 1969
15
50  FV 3525 3380
30  FV 3960 3377
10  FV 3963 3370
16
50  BJCCS 3568 1964
30  BJCCS 3666 1970
10  FV 3762 3359
17
50  BJCCS 7103 1958
30  FV 7303 3351
10  FV 7582 3352
18
50  BJCCS 6120 1966
30  BJCCS 7762 1960
10  BJCCS 7767 1980
19
50  BJCCS 6706 1975
30  BJCCS 7454 1986
10  FV 8631 3373
20
50  BJCCS 5725 1974
30  FV 6359 3384
10  FV 6653 3355
21
50  BJCCS 2962 1956
30  BJCCS 3903 1989
10  FV 3926 3343
22
50  FV 5770 3360
23
50  BJCCS 2553 1973
30  FV 2641 3344
10  FV 2675 3382
24
50  BJCCS 2342 1955
30  BJCCS 2669 1981
10  BJCCS 3650 1965
25
50  FV 2089 3349
30  FV 2812 3353
10  FV 2813 3376
26
50  BJCCS 2019 1983
30  BJCCS 2356 1988
10  FV 2464 3369
27
50  FV 4028 3380
30  FV 4595 3377
10  FV 4784 3362
28
50  BJCCS 4400 1970
30  FV 4766 3359
10  FV 5353 3379
29
50  FV 3738 3351
30  BJCCS 3747 1958
10  BJCCS 4150 1972
30
50  BJCCS 3247 1966
30  BJCCS 3419 1985
10  BJCCS 4946 1980
31
80  BJCCS 3610 1986
40  FV 5164 3373
32
80  BJCCS 2989 1984
40  FV 3475 3364
0  FV 3512 3384
33
80  BJCCS 2559 1973
40  BJCCS 3103 1956
0  FV 3532 3344
34
80  BJCCS 2165 1981
40  FV 3213 3368
35
50  FV 1908 3349
30  FV 2653 3375
36
50  BJCCS 1770 1983
30  FV 2340 3383
10  BJCCS 2356 1988
37
50  FV 4444 3380
30  FV 4509 3362
10  FV 4872 3371
38
50  BJCCS 4031 1970
30  BJCCS 4178 1964
10  BJCCS 4825 1987
39
50  FV 3577 3351
30  FV 3887 3352
10  BJCCS 4225 1972
40
50  BJCCS 3145 1966
30  BJCCS 4636 1980
10  FV 5819 3367
41
50  FV 4947 3373
42
50  BJCCS 3000 1974
30  FV 3234 3384
10  FV 3381 3358
43
50  FV 3579 3382
30  BJCCS 4025 1957
10  BJCCS 4197 1956
44
50  BJCCS 3022 1955
30  FV 3925 3368
45
50  FV 3062 3348
30  FV 3069 3376
46
50  BJCCS 1744 1954
30  FV 2665 3383
10  FV 2806 3363
47
50  FV 5371 3377
30  BJCCS 5529 1977
10  BJCCS 5931 1976
48
50  BJCCS 4834 1964
30  FV 5718 3350
10  FV 5747 3356
49
50  BJCCS 3875 1958
30  FV 4203 3352
10  FV 4771 3381
50
50  BJCCS 4163 1985
30  BJCCS 4372 1960
10  FV 5175 3367
52
50  BJCCS 3897 1984
30  BJCCS 4203 1982
10  FV 4388 3355
54
50  BJCCS 9233 1830
30  FV 11293 2015
55
50  FV 20352 2016
56
50  BJCCS 15437 1831
30  FV 19896 2017
57
50  FV 17397 2018
58
50  FV 17403 2019
59
50  FV 16759 2020
60
50  BJCCS 12532 1832
61
50  BJCCS 12031 1833
SCORE:BJCCS,FV,2860,2150,71.0
