BJCCS-ALT
2
50  BJCCS 7311 1954
30  BJCCS 9619 1983
10  BJCCS 12100 1969
3
50  BJCCS 9831 1977
4
50  BJCCS 8868 1970
30  BJCCS 8910 1964
5
50  BJCCS 7494 1958
30  BJCCS 9193 1972
6
50  BJCCS 7580 1985
30  BJCCS 8634 1960
7
50  BJCCS 7577 1975
30  BJCCS 8144 1986
8
50  BJCCS 6444 1974
30  BJCCS 6544 1984
10  BJCCS 7982 1962
9
50  BJCCS 2399 1956
30  BJCCS 3603 1978
10  BJCCS 4022 1963
11
50  BJCCS 2100 1973
30  BJCCS 2530 1957
10  BJCCS 4247 1961
12
50  BJCCS 1892 1955
30  BJCCS 2070 1981
10  BJCCS 3356 1965
13
50  BJCCS 6250 1959
30  BJCCS 6475 1979
14
50  BJCCS 2934 1954
30  BJCCS 4497 1988
10  BJCCS 4521 1969
15
50  BJCCS 4347 1976
16
50  BJCCS 3568 1964
30  BJCCS 3666 1970
10  BJCCS 4350 1987
17
50  BJCCS 7103 1958
30  BJCCS 7806 1972
18
50  BJCCS 6120 1966
30  BJCCS 7762 1960
10  BJCCS 7767 1980
19
50  BJCCS 6706 1975
30  BJCCS 7454 1986
20
50  BJCCS 5725 1974
30  BJCCS 6940 1962
10  BJCCS 7134 1982
21
50  BJCCS 2962 1956
30  BJCCS 3903 1989
10  BJCCS 4994 1963
23
50  BJCCS 2553 1973
30  BJCCS 3003 1957
10  BJCCS 3896 1961
24
50  BJCCS 2342 1955
30  BJCCS 2669 1981
10  BJCCS 3650 1965
25
50  BJCCS 3262 1959
30  BJCCS 3546 1979
26
50  BJCCS 2019 1983
30  BJCCS 2356 1988
10  BJCCS 2601 1969
27
50  BJCCS 5075 1977
30  BJCCS 5514 1976
28
50  BJCCS 4400 1970
30  BJCCS 5672 1987
29
50  BJCCS 3747 1958
30  BJCCS 4150 1972
30
50  BJCCS 3247 1966
30  BJCCS 3419 1985
10  BJCCS 4946 1980
31
80  BJCCS 3610 1986
32
80  BJCCS 2989 1984
40  BJCCS 3687 1962
0  BJCCS 4237 1982
33
80  BJCCS 2559 1973
40  BJCCS 3103 1956
34
80  BJCCS 2165 1981
36
50  BJCCS 1770 1983
30  BJCCS 2356 1988
37
50  BJCCS 4916 1977
30  BJCCS 5334 1976
38
50  BJCCS 4031 1970
30  BJCCS 4178 1964
10  BJCCS 4825 1987
39
50  BJCCS 4225 1972
40
50  BJCCS 3145 1966
30  BJCCS 4636 1980
42
50  BJCCS 3000 1974
30  BJCCS 3739 1962
10  BJCCS 3892 1982
43
50  BJCCS 4025 1957
30  BJCCS 4197 1956
44
50  BJCCS 3022 1955
46
50  BJCCS 1744 1954
30  BJCCS 3508 1953
47
50  BJCCS 5529 1977
30  BJCCS 5931 1976
48
50  BJCCS 4834 1964
30  BJCCS 5853 1987
49
50  BJCCS 3875 1958
50
50  BJCCS 4163 1985
30  BJCCS 4372 1960
52
50  BJCCS 3897 1984
30  BJCCS 4203 1982
54
50  BJCCS 9233 1830
56
50  BJCCS 15437 1831
60
50  BJCCS 12532 1832
61
50  BJCCS 12031 1833
SCORE:BJCCS,ALT,3890,0,389.0
