BJCCS-CCC
1
50  CCC 9365 2014
2
50  BJCCS 7311 1954
30  BJCCS 9619 1983
10  CCC 10441 2005
3
50  CCC 9715 1991
30  BJCCS 9831 1977
4
50  CCC 8866 2012
30  BJCCS 8868 1970
10  BJCCS 8910 1964
5
50  CCC 7445 2031
30  BJCCS 7494 1958
10  CCC 8137 2030
6
50  BJCCS 7580 1985
30  BJCCS 8634 1960
7
50  BJCCS 7577 1975
30  CCC 7696 1992
10  BJCCS 8144 1986
8
50  BJCCS 6444 1974
30  BJCCS 6544 1984
10  CCC 7524 2002
9
50  BJCCS 2399 1956
30  BJCCS 3603 1978
10  CCC 3709 1996
11
50  CCC 2076 2026
30  BJCCS 2100 1973
10  CCC 2303 2010
12
50  CCC 1634 2020
30  BJCCS 1892 1955
10  BJCCS 2070 1981
13
50  CCC 4404 1995
30  CCC 4490 2006
10  CCC 5167 2021
14
50  BJCCS 2934 1954
30  CCC 4125 2019
10  BJCCS 4497 1988
15
50  CCC 3750 1991
30  BJCCS 4347 1976
10  CCC 5211 2011
16
50  CCC 3407 2012
30  BJCCS 3568 1964
10  BJCCS 3666 1970
17
50  BJCCS 7103 1958
30  BJCCS 7806 1972
10  CCC 8815 2029
18
50  BJCCS 6120 1966
30  BJCCS 7762 1960
10  BJCCS 7767 1980
19
50  BJCCS 6706 1975
30  CCC 7116 1992
10  BJCCS 7454 1986
20
50  BJCCS 5725 1974
30  CCC 6632 2002
10  BJCCS 6940 1962
21
50  BJCCS 2962 1956
30  BJCCS 3903 1989
10  CCC 4272 1996
23
50  BJCCS 2553 1973
30  CCC 2706 2023
10  CCC 2868 2026
24
50  BJCCS 2342 1955
30  BJCCS 2669 1981
10  BJCCS 3650 1965
25
50  CCC 2734 1995
30  CCC 3103 2021
10  CCC 3159 2006
26
50  CCC 1947 2005
30  BJCCS 2019 1983
10  BJCCS 2356 1988
27
50  BJCCS 5075 1977
30  BJCCS 5514 1976
10  CCC 9010 2033
28
50  CCC 4247 2012
30  BJCCS 4400 1970
10  BJCCS 5672 1987
29
50  BJCCS 3747 1958
30  CCC 3810 2030
10  BJCCS 4150 1972
30
50  BJCCS 3247 1966
30  BJCCS 3419 1985
10  BJCCS 4946 1980
31
80  BJCCS 3610 1986
40  CCC 3662 1992
0  CCC 3813 1998
32
80  BJCCS 2989 1984
40  BJCCS 3687 1962
0  BJCCS 4237 1982
33
80  CCC 2228 2026
40  BJCCS 2559 1973
0  CCC 3034 2024
34
80  BJCCS 2165 1981
35
50  CCC 1819 2014
36
50  BJCCS 1770 1983
30  CCC 1891 2005
10  BJCCS 2356 1988
37
50  CCC 4146 1991
30  BJCCS 4916 1977
10  BJCCS 5334 1976
38
50  BJCCS 4031 1970
30  CCC 4041 2027
10  BJCCS 4178 1964
39
50  CCC 3515 2031
30  CCC 3572 2030
10  BJCCS 4225 1972
40
50  BJCCS 3145 1966
30  BJCCS 4636 1980
41
50  CCC 3413 1992
30  CCC 3736 2028
10  CCC 3934 1998
42
50  BJCCS 3000 1974
30  BJCCS 3739 1962
10  BJCCS 3892 1982
43
50  CCC 3622 2024
30  CCC 3755 2010
10  BJCCS 4025 1957
44
50  BJCCS 3022 1955
45
50  CCC 2209 2014
30  CCC 2592 1995
10  CCC 2700 2006
46
50  BJCCS 1744 1954
30  CCC 3109 1997
10  CCC 3432 2008
47
50  CCC 5041 1991
30  BJCCS 5529 1977
10  BJCCS 5931 1976
48
50  BJCCS 4834 1964
30  CCC 5066 2027
10  BJCCS 5853 1987
49
50  BJCCS 3875 1958
30  CCC 3880 2031
10  CCC 4603 2029
50
50  BJCCS 4163 1985
30  BJCCS 4372 1960
51
50  CCC 4305 2028
30  CCC 4529 2013
10  CCC 4956 1990
52
50  BJCCS 3897 1984
30  BJCCS 4203 1982
54
50  BJCCS 9233 1830
30  CCC 11834 1834
55
50  CCC 19756 1835
56
50  BJCCS 15437 1831
30  CCC 20399 1836
60
50  BJCCS 12532 1832
61
50  BJCCS 12031 1833
SCORE:BJCCS,CCC,2780,1940,84.0
