BJCCS-PO
1
50  PO 9340 2358
30  PO 10953 2304
10  PO 12622 2333
2
50  BJCCS 7311 1954
30  BJCCS 9619 1983
10  PO 10430 2359
3
50  BJCCS 9831 1977
30  PO 9899 2336
10  PO 10541 2295
4
50  BJCCS 8868 1970
30  BJCCS 8910 1964
10  PO 9149 2391
5
50  BJCCS 7494 1958
30  BJCCS 9193 1972
10  PO 9593 2388
6
50  BJCCS 7580 1985
30  PO 7628 2297
10  PO 7677 2366
7
50  BJCCS 7577 1975
30  BJCCS 8144 1986
10  PO 8925 2320
8
50  BJCCS 6444 1974
30  BJCCS 6544 1984
10  PO 7191 2298
9
50  BJCCS 2399 1956
30  PO 2428 2293
10  PO 3240 2374
10
50  PO 2596 2346
30  PO 3253 2322
10  PO 3576 2305
11
50  PO 2096 2364
30  BJCCS 2100 1973
10  PO 2269 2351
12
50  BJCCS 1892 1955
30  BJCCS 2070 1981
10  PO 2075 2402
13
50  PO 3834 2317
30  PO 4408 2304
10  PO 5027 2321
14
50  BJCCS 2934 1954
30  PO 4212 2359
10  PO 4251 2389
15
50  PO 3896 2336
30  PO 4000 2295
10  BJCCS 4347 1976
16
50  BJCCS 3568 1964
30  BJCCS 3666 1970
10  PO 3749 2349
17
50  BJCCS 7103 1958
30  BJCCS 7806 1972
10  PO 8416 2312
18
50  BJCCS 6120 1966
30  PO 7672 2315
10  BJCCS 7762 1960
19
50  BJCCS 6706 1975
30  PO 7177 2353
10  BJCCS 7454 1986
20
50  BJCCS 5725 1974
30  BJCCS 6940 1962
10  PO 7108 2298
21
50  BJCCS 2962 1956
30  PO 3271 2378
10  PO 3409 2293
22
50  PO 3458 2346
30  PO 3540 2322
10  PO 4746 2305
23
50  BJCCS 2553 1973
30  PO 2579 2351
10  PO 2611 2330
24
50  BJCCS 2342 1955
30  BJCCS 2669 1981
10  PO 2745 2345
25
50  PO 2181 2317
30  PO 2479 2321
10  PO 2544 2368
26
50  BJCCS 2019 1983
30  BJCCS 2356 1988
10  BJCCS 2601 1969
27
50  BJCCS 5075 1977
30  BJCCS 5514 1976
10  PO 5895 2403
28
50  BJCCS 4400 1970
30  PO 5190 2396
10  BJCCS 5672 1987
29
50  BJCCS 3747 1958
30  BJCCS 4150 1972
10  PO 4596 2361
30
50  BJCCS 3247 1966
30  BJCCS 3419 1985
10  PO 3426 2297
31
80  BJCCS 3610 1986
40  PO 4090 2319
0  PO 4220 2320
32
80  BJCCS 2989 1984
40  BJCCS 3687 1962
0  PO 4094 2300
33
80  BJCCS 2559 1973
40  PO 2769 2364
0  BJCCS 3103 1956
34
80  BJCCS 2165 1981
40  PO 2833 2345
0  PO 2866 2402
35
50  PO 1754 2358
30  PO 1951 2317
10  PO 2282 2304
36
50  BJCCS 1770 1983
30  PO 2003 2359
10  BJCCS 2356 1988
37
50  BJCCS 4916 1977
30  BJCCS 5334 1976
10  PO 5814 2403
38
50  BJCCS 4031 1970
30  PO 4129 2391
10  BJCCS 4178 1964
39
50  BJCCS 4225 1972
30  PO 4303 2361
10  PO 4482 2312
40
50  BJCCS 3145 1966
30  PO 3357 2297
10  PO 3587 2366
41
50  PO 3582 2353
30  PO 4020 2356
10  PO 4687 2301
42
50  BJCCS 3000 1974
30  PO 3243 2298
10  BJCCS 3739 1962
43
50  PO 3567 2390
30  BJCCS 4025 1957
10  BJCCS 4197 1956
44
50  BJCCS 3022 1955
30  PO 3713 2355
45
50  PO 2282 2358
30  PO 2802 2333
10  PO 3133 2377
46
50  BJCCS 1744 1954
30  PO 2697 2400
10  PO 3027 2296
47
50  PO 4839 2336
30  BJCCS 5529 1977
10  BJCCS 5931 1976
48
50  BJCCS 4834 1964
30  PO 5239 2391
10  PO 5258 2349
49
50  BJCCS 3875 1958
30  PO 4732 2342
10  PO 5150 2388
50
50  BJCCS 4163 1985
30  BJCCS 4372 1960
10  PO 4740 2331
51
50  PO 4338 2320
30  PO 4744 2319
10  PO 5273 2301
52
50  BJCCS 3897 1984
30  BJCCS 4203 1982
10  PO 4268 2300
53
50  PO 12839 1888
54
50  BJCCS 9233 1830
30  PO 9464 1876
55
50  PO 17012 1877
56
50  BJCCS 15437 1831
30  PO 19939 1879
57
50  PO 19083 1881
58
50  PO 16272 1882
59
50  PO 15543 1884
60
50  BJCCS 12532 1832
30  PO 13909 1886
61
50  BJCCS 12031 1833
30  PO 12619 1887
SCORE:BJCCS,PO,3010,2350,66.0
