BJCCS-WW
1
50  WW 9347 1645
30  WW 13828 1598
2
50  BJCCS 7311 1954
30  BJCCS 9619 1983
10  WW 11716 1597
3
50  WW 9519 1584
30  BJCCS 9831 1977
10  WW 9887 1634
4
50  BJCCS 8868 1970
30  BJCCS 8910 1964
10  WW 10807 1577
5
50  BJCCS 7494 1958
30  WW 8091 1544
10  WW 8587 1626
6
50  WW 7547 1643
30  BJCCS 7580 1985
10  BJCCS 8634 1960
7
50  BJCCS 7577 1975
30  WW 7781 1616
10  BJCCS 8144 1986
8
50  BJCCS 6444 1974
30  BJCCS 6544 1984
10  WW 6700 1585
9
50  BJCCS 2399 1956
30  BJCCS 3603 1978
10  WW 3607 1555
10
50  WW 2803 1591
30  WW 4153 1615
10  WW 4281 1593
11
50  WW 1959 1580
30  BJCCS 2100 1973
10  WW 2471 1644
12
50  BJCCS 1892 1955
30  BJCCS 2070 1981
10  WW 2186 1619
13
50  WW 3890 1589
30  WW 4283 1638
10  WW 4853 1546
14
50  BJCCS 2934 1954
30  WW 4059 1552
10  WW 4381 1569
15
50  WW 3228 1625
30  WW 3729 1584
10  WW 4216 1578
16
50  BJCCS 3568 1964
30  BJCCS 3666 1970
10  WW 3762 1605
17
50  WW 6844 1581
30  WW 6869 1618
10  BJCCS 7103 1958
18
50  BJCCS 6120 1966
30  WW 7106 1583
10  BJCCS 7762 1960
19
50  WW 6303 1551
30  BJCCS 6706 1975
10  BJCCS 7454 1986
20
50  BJCCS 5725 1974
30  WW 6309 1582
10  WW 6444 1565
21
50  BJCCS 2962 1956
30  BJCCS 3903 1989
10  WW 4309 1555
22
50  WW 5181 1591
30  WW 5769 1615
10  WW 6866 1593
23
50  WW 2472 1580
30  BJCCS 2553 1973
10  BJCCS 3003 1957
24
50  BJCCS 2342 1955
30  BJCCS 2669 1981
10  WW 3006 1635
25
50  WW 2100 1645
30  WW 2475 1589
10  WW 2518 1598
26
50  BJCCS 2019 1983
30  BJCCS 2356 1988
10  WW 2428 1569
27
50  WW 4756 1634
30  BJCCS 5075 1977
10  WW 5269 1578
28
50  BJCCS 4400 1970
30  WW 4644 1605
10  WW 5342 1577
29
50  WW 3622 1618
30  WW 3709 1595
10  BJCCS 3747 1958
30
50  BJCCS 3247 1966
30  BJCCS 3419 1985
10  WW 3488 1643
31
80  WW 3531 1551
40  WW 3584 1616
0  BJCCS 3610 1986
32
80  BJCCS 2989 1984
40  WW 3043 1585
0  WW 3605 1582
33
80  BJCCS 2559 1973
40  WW 2604 1573
0  BJCCS 3103 1956
34
80  BJCCS 2165 1981
40  WW 3675 1635
35
50  WW 1864 1645
30  WW 2529 1638
10  WW 2996 1560
36
50  BJCCS 1770 1983
30  BJCCS 2356 1988
10  WW 2463 1639
37
50  WW 3816 1625
30  WW 3966 1572
10  WW 4694 1543
38
50  BJCCS 4031 1970
30  BJCCS 4178 1964
10  WW 4303 1636
39
50  WW 3473 1618
30  WW 3593 1581
10  WW 3706 1595
40
50  BJCCS 3145 1966
30  WW 3459 1643
10  WW 4190 1576
41
50  WW 3331 1616
30  WW 3788 1640
10  WW 3844 1562
42
50  WW 2879 1585
30  BJCCS 3000 1974
10  WW 3316 1565
43
50  WW 2591 1573
30  WW 3260 1601
10  WW 3675 1621
44
50  BJCCS 3022 1955
30  WW 3581 1620
10  WW 7800 1593
45
50  WW 2350 1589
30  WW 2469 1638
10  WW 2637 1542
46
50  BJCCS 1744 1954
30  WW 2640 1552
10  WW 2721 1629
47
50  WW 4207 1625
30  WW 4327 1572
10  WW 4363 1584
48
50  WW 4466 1636
30  BJCCS 4834 1964
10  WW 5481 1605
49
50  BJCCS 3875 1958
30  WW 3978 1544
10  WW 4063 1581
50
50  BJCCS 4163 1985
30  WW 4181 1583
10  BJCCS 4372 1960
51
50  WW 3768 1551
30  WW 4440 1596
10  WW 6650 1558
52
50  WW 3665 1608
30  WW 3700 1582
10  WW 3838 1550
53
50  WW 11534 1795
54
50  BJCCS 9233 1830
30  WW 9416 1776
55
50  WW 17160 1779
56
50  BJCCS 15437 1831
30  WW 18144 1782
57
50  WW 14228 1784
58
50  WW 20981 1788
59
50  WW 12400 1789
60
50  BJCCS 12532 1832
30  WW 13835 1791
61
50  WW 11479 1792
30  BJCCS 12031 1833
SCORE:BJCCS,WW,2250,3110,-86.0
