BJCCS-FR
1
50  FR 9756 1771
30  FR 11123 1757
10  FR 11833 1799
2
50  BJCCS 7311 1954
30  BJCCS 9619 1983
10  BJCCS 12100 1969
3
50  FR 9077 1829
30  FR 9742 1797
10  BJCCS 9831 1977
4
50  FR 7209 1825
30  BJCCS 8868 1970
10  BJCCS 8910 1964
5
50  BJCCS 7494 1958
30  FR 7641 1767
10  BJCCS 9193 1972
6
50  BJCCS 7580 1985
30  BJCCS 8634 1960
10  FR 8712 1781
7
50  BJCCS 7577 1975
30  FR 8011 1828
10  BJCCS 8144 1986
8
50  BJCCS 6444 1974
30  BJCCS 6544 1984
10  FR 7819 1749
9
50  BJCCS 2399 1956
30  BJCCS 3603 1978
10  BJCCS 4022 1963
10
50  FR 6518 1775
11
50  FR 2003 1815
30  BJCCS 2100 1973
10  FR 2238 1778
12
50  BJCCS 1892 1955
30  FR 2009 1740
10  FR 2057 1770
13
50  FR 4397 1757
30  FR 4501 1786
10  FR 4539 1741
14
50  BJCCS 2934 1954
30  BJCCS 4497 1988
10  BJCCS 4521 1969
15
50  FR 3487 1785
30  FR 3761 1797
10  FR 3957 1819
16
50  FR 2909 1825
30  BJCCS 3568 1964
10  BJCCS 3666 1970
17
50  BJCCS 7103 1958
30  BJCCS 7806 1972
10  FR 8153 1833
18
50  BJCCS 6120 1966
30  BJCCS 7762 1960
10  BJCCS 7767 1980
19
50  BJCCS 6706 1975
30  FR 6978 1828
10  BJCCS 7454 1986
20
50  BJCCS 5725 1974
30  BJCCS 6940 1962
10  BJCCS 7134 1982
21
50  BJCCS 2962 1956
30  BJCCS 3903 1989
10  FR 4902 1798
22
50  FR 5597 1775
23
50  FR 2359 1815
30  BJCCS 2553 1973
10  FR 2628 1778
24
50  BJCCS 2342 1955
30  FR 2369 1740
10  BJCCS 2669 1981
25
50  FR 2137 1771
30  FR 2467 1799
10  FR 2547 1801
26
50  BJCCS 2019 1983
30  BJCCS 2356 1988
10  FR 2488 1837
27
50  FR 4456 1785
30  FR 4617 1797
10  BJCCS 5075 1977
28
50  BJCCS 4400 1970
30  FR 4469 1826
10  FR 4849 1784
29
50  FR 3559 1767
30  BJCCS 3747 1958
10  FR 4101 1833
30
50  BJCCS 3247 1966
30  BJCCS 3419 1985
10  FR 4107 1781
31
80  FR 3485 1765
40  BJCCS 3610 1986
0  FR 4595 1835
32
80  BJCCS 2989 1984
40  FR 3537 1749
0  BJCCS 3687 1962
33
80  FR 2371 1815
40  BJCCS 2559 1973
0  FR 2673 1820
34
80  BJCCS 2165 1981
40  FR 2468 1740
0  FR 2562 1770
35
50  FR 2038 1771
30  FR 2295 1786
10  FR 2337 1757
36
50  BJCCS 1770 1983
30  BJCCS 2356 1988
37
50  FR 4082 1785
30  FR 4656 1829
10  FR 4838 1758
38
50  FR 3378 1825
30  BJCCS 4031 1970
10  BJCCS 4178 1964
39
50  FR 3359 1767
30  BJCCS 4225 1972
10  FR 4532 1783
40
50  BJCCS 3145 1966
30  FR 3883 1781
10  FR 3989 1756
41
50  FR 3181 1765
30  FR 3494 1828
10  FR 4517 1769
42
50  BJCCS 3000 1974
30  FR 3447 1749
10  BJCCS 3739 1962
43
50  FR 3201 1778
30  FR 3810 1820
10  BJCCS 4025 1957
44
50  FR 2806 1770
30  BJCCS 3022 1955
10  FR 4503 1746
45
50  FR 2412 1771
30  FR 2652 1741
10  FR 2765 1757
46
50  BJCCS 1744 1954
30  FR 2884 1794
10  FR 2992 1805
47
50  FR 4369 1829
30  FR 5456 1821
10  BJCCS 5529 1977
48
50  FR 3828 1825
30  BJCCS 4834 1964
10  FR 5026 1800
49
50  BJCCS 3875 1958
30  FR 4196 1767
10  FR 4599 1833
50
50  FR 4141 1781
30  BJCCS 4163 1985
10  BJCCS 4372 1960
51
50  FR 3700 1765
30  FR 4614 1769
10  FR 4743 1835
52
50  BJCCS 3897 1984
30  BJCCS 4203 1982
10  FR 4293 1748
53
50  FR 30704 1814
54
50  BJCCS 9233 1830
30  FR 11241 1805
55
50  FR 23538 1808
56
50  BJCCS 15437 1831
30  FR 25100 1809
57
50  FR 15370 1811
58
50  FR 15968 1812
60
50  BJCCS 12532 1832
61
50  FR 12000 1813
30  BJCCS 12031 1833
SCORE:BJCCS,FR,2440,2760,-32.0
