BJCCS-SD
1
50  SD 10430 3496
30  SD 12639 3479
2
50  BJCCS 7311 1954
30  BJCCS 9619 1983
10  BJCCS 12100 1969
3
50  SD 9045 3497
30  BJCCS 9831 1977
10  SD 11452 3488
4
50  BJCCS 8868 1970
30  BJCCS 8910 1964
10  SD 10282 3500
5
50  BJCCS 7494 1958
30  BJCCS 9193 1972
10  SD 9879 3521
6
50  SD 7475 3498
30  BJCCS 7580 1985
10  BJCCS 8634 1960
7
50  BJCCS 7577 1975
30  BJCCS 8144 1986
10  SD 9537 3481
8
50  BJCCS 6444 1974
30  BJCCS 6544 1984
10  BJCCS 7982 1962
9
50  BJCCS 2399 1956
30  SD 3290 3514
10  BJCCS 3603 1978
10
50  SD 2538 3513
30  SD 3182 3519
10  SD 3209 3512
11
50  BJCCS 2100 1973
30  BJCCS 2530 1957
10  SD 3290 3514
12
50  SD 1883 3478
30  BJCCS 1892 1955
10  BJCCS 2070 1981
13
50  SD 4896 3508
30  BJCCS 6250 1959
10  BJCCS 6475 1979
14
50  BJCCS 2934 1954
30  BJCCS 4497 1988
10  BJCCS 4521 1969
15
50  BJCCS 4347 1976
30  SD 4625 3488
10  SD 5097 3511
16
50  BJCCS 3568 1964
30  BJCCS 3666 1970
10  BJCCS 4350 1987
17
50  BJCCS 7103 1958
30  BJCCS 7806 1972
10  SD 8478 3521
18
50  BJCCS 6120 1966
30  SD 6208 3498
10  BJCCS 7762 1960
19
50  BJCCS 6706 1975
30  BJCCS 7454 1986
20
50  BJCCS 5725 1974
30  BJCCS 6940 1962
10  BJCCS 7134 1982
21
50  BJCCS 2962 1956
30  SD 3746 3506
10  BJCCS 3903 1989
22
50  SD 3064 3513
30  SD 3569 3519
10  SD 4264 3512
23
50  BJCCS 2553 1973
30  BJCCS 3003 1957
10  SD 3746 3506
24
50  BJCCS 2342 1955
30  SD 2452 3478
10  SD 2613 3499
25
50  SD 2087 3496
30  BJCCS 3262 1959
10  SD 3535 3486
26
50  BJCCS 2019 1983
30  BJCCS 2356 1988
10  SD 2570 3503
27
50  SD 4000 3497
30  BJCCS 5075 1977
10  BJCCS 5514 1976
28
50  BJCCS 4400 1970
30  SD 4532 3500
10  BJCCS 5672 1987
29
50  BJCCS 3747 1958
30  BJCCS 4150 1972
10  SD 4327 3521
30
50  BJCCS 3247 1966
30  BJCCS 3419 1985
10  SD 4615 3480
31
80  BJCCS 3610 1986
40  SD 4613 3481
32
80  BJCCS 2989 1984
40  BJCCS 3687 1962
0  BJCCS 4237 1982
33
80  BJCCS 2559 1973
40  BJCCS 3103 1956
34
80  BJCCS 2165 1981
40  SD 2528 3478
0  SD 2935 3499
35
50  SD 2064 3496
30  SD 2643 3479
36
50  BJCCS 1770 1983
30  BJCCS 2356 1988
10  SD 2477 3516
37
50  SD 4327 3497
30  BJCCS 4916 1977
10  BJCCS 5334 1976
38
50  BJCCS 4031 1970
30  BJCCS 4178 1964
10  BJCCS 4825 1987
39
50  BJCCS 4225 1972
30  SD 5118 3487
10  SD 5126 3521
40
50  BJCCS 3145 1966
30  SD 4488 3480
10  BJCCS 4636 1980
41
50  SD 4363 3481
42
50  BJCCS 3000 1974
30  BJCCS 3739 1962
10  BJCCS 3892 1982
43
50  BJCCS 4025 1957
30  BJCCS 4197 1956
10  SD 4865 3505
44
50  SD 2788 3478
30  BJCCS 3022 1955
10  SD 3101 3499
45
50  SD 2541 3479
30  SD 2955 3508
10  SD 3545 3493
46
50  BJCCS 1744 1954
30  SD 3234 3510
10  BJCCS 3508 1953
47
50  SD 4700 3497
30  BJCCS 5529 1977
10  BJCCS 5931 1976
48
50  BJCCS 4834 1964
30  SD 5057 3500
10  BJCCS 5853 1987
49
50  BJCCS 3875 1958
30  SD 4806 3487
50
50  BJCCS 4163 1985
30  BJCCS 4372 1960
10  SD 5284 3480
51
50  SD 5034 3481
52
50  BJCCS 3897 1984
30  SD 4000 3501
10  BJCCS 4203 1982
53
50  SD 15585 2067
54
50  BJCCS 9233 1830
30  SD 12488 2064
55
50  SD 21624 2065
56
50  BJCCS 15437 1831
30  SD 19897 2066
60
50  BJCCS 12532 1832
61
50  BJCCS 12031 1833
SCORE:BJCCS,SD,3280,1760,152.0
