BJCCS-WM
1
50  WM 11381 409
30  WM 12706 435
2
50  BJCCS 7311 1954
30  WM 9257 442
10  BJCCS 9619 1983
3
50  WM 9647 413
30  BJCCS 9831 1977
10  WM 10400 421
4
50  WM 8102 420
30  BJCCS 8868 1970
10  BJCCS 8910 1964
5
50  BJCCS 7494 1958
30  WM 7746 354
10  WM 8813 396
6
50  BJCCS 7580 1985
30  BJCCS 8634 1960
10  WM 9098 366
7
50  WM 7315 362
30  BJCCS 7577 1975
10  WM 7745 395
8
50  BJCCS 6444 1974
30  BJCCS 6544 1984
10  WM 6781 429
9
50  BJCCS 2399 1956
30  WM 2723 424
10  BJCCS 3603 1978
10
50  WM 2822 399
30  WM 3653 438
10  WM 4665 411
11
50  BJCCS 2100 1973
30  WM 2259 410
10  BJCCS 2530 1957
12
50  WM 1872 422
30  BJCCS 1892 1955
10  WM 2007 398
13
50  WM 4088 368
30  WM 4529 356
10  WM 4732 352
14
50  BJCCS 2934 1954
30  WM 3604 344
10  WM 3605 370
15
50  WM 3354 413
30  WM 3712 392
10  WM 3790 421
16
50  WM 3172 419
30  WM 3212 420
10  BJCCS 3568 1964
17
50  WM 6889 447
30  BJCCS 7103 1958
10  WM 7740 444
18
50  BJCCS 6120 1966
30  WM 6745 449
10  BJCCS 7762 1960
19
50  WM 6491 362
30  BJCCS 6706 1975
10  WM 6744 395
20
50  BJCCS 5725 1974
30  WM 6571 418
10  BJCCS 6940 1962
21
50  BJCCS 2962 1956
30  WM 3807 424
10  BJCCS 3903 1989
22
50  WM 3663 399
30  WM 3854 438
10  WM 5197 411
23
50  BJCCS 2553 1973
30  BJCCS 3003 1957
10  WM 3331 445
24
50  WM 2235 422
30  BJCCS 2342 1955
10  WM 2456 398
25
50  WM 2297 368
30  WM 2578 409
10  WM 2580 425
26
50  WM 1956 357
30  BJCCS 2019 1983
10  WM 2032 442
27
50  WM 4469 421
30  BJCCS 5075 1977
10  BJCCS 5514 1976
28
50  WM 3978 419
30  BJCCS 4400 1970
10  WM 4551 426
29
50  WM 3591 447
30  WM 3647 354
10  BJCCS 3747 1958
30
50  BJCCS 3247 1966
30  BJCCS 3419 1985
10  WM 3774 449
31
80  WM 3342 362
40  BJCCS 3610 1986
0  WM 3633 395
32
80  BJCCS 2989 1984
40  BJCCS 3687 1962
0  WM 4063 339
33
80  BJCCS 2559 1973
40  BJCCS 3103 1956
34
80  BJCCS 2165 1981
40  WM 2535 422
0  WM 3318 434
35
50  WM 2172 368
30  WM 2301 435
36
50  BJCCS 1770 1983
30  WM 1782 370
10  WM 1856 344
37
50  WM 3887 413
30  WM 4606 392
10  BJCCS 4916 1977
38
50  WM 3441 419
30  BJCCS 4031 1970
10  BJCCS 4178 1964
39
50  WM 3809 447
30  WM 3952 428
10  WM 4037 437
40
50  BJCCS 3145 1966
30  BJCCS 4636 1980
42
50  WM 2804 429
30  BJCCS 3000 1974
10  WM 3032 418
43
50  WM 2913 410
30  BJCCS 4025 1957
10  BJCCS 4197 1956
44
50  BJCCS 3022 1955
30  WM 3271 398
10  WM 3397 373
45
50  WM 2656 425
30  WM 2820 409
10  WM 2925 359
46
50  BJCCS 1744 1954
30  WM 2401 397
10  WM 2450 361
47
50  BJCCS 5529 1977
30  WM 5535 342
10  BJCCS 5931 1976
48
50  WM 4140 420
30  BJCCS 4834 1964
10  WM 5713 376
49
50  BJCCS 3875 1958
30  WM 3902 354
10  WM 4207 396
50
50  BJCCS 4163 1985
30  WM 4287 449
10  BJCCS 4372 1960
51
50  WM 4555 382
30  WM 5679 416
52
50  WM 3656 429
30  BJCCS 3897 1984
10  WM 4028 405
53
50  WM 18189 1662
54
50  BJCCS 9233 1830
30  WM 11382 1658
56
50  BJCCS 15437 1831
59
50  WM 14150 1660
60
50  BJCCS 12532 1832
61
50  BJCCS 12031 1833
30  WM 14309 1661
SCORE:BJCCS,WM,2260,2770,-51.0
