BJCCS-NSC
1
50  NSC 10734 638
30  NSC 10903 666
10  NSC 12257 610
2
50  BJCCS 7311 1954
30  BJCCS 9619 1983
10  NSC 10994 632
3
50  NSC 7928 660
30  BJCCS 9831 1977
10  NSC 9897 673
4
50  BJCCS 8868 1970
30  BJCCS 8910 1964
10  NSC 10388 671
5
50  BJCCS 7494 1958
30  NSC 7594 612
10  NSC 9172 625
6
50  NSC 7116 595
30  BJCCS 7580 1985
10  NSC 8581 601
7
50  NSC 7146 664
30  BJCCS 7577 1975
10  NSC 7884 584
8
50  NSC 6128 586
30  BJCCS 6444 1974
10  BJCCS 6544 1984
9
50  BJCCS 2399 1956
30  NSC 2872 634
10  NSC 3075 651
10
50  NSC 3440 644
30  NSC 3666 630
10  NSC 4779 654
11
50  BJCCS 2100 1973
30  NSC 2137 672
10  NSC 2175 643
12
50  BJCCS 1892 1955
30  BJCCS 2070 1981
10  NSC 2081 606
13
50  NSC 4031 640
30  NSC 4131 638
10  NSC 4587 618
14
50  BJCCS 2934 1954
30  NSC 3841 627
10  NSC 4163 677
15
50  NSC 3797 635
30  NSC 3807 576
10  NSC 3847 593
16
50  BJCCS 3568 1964
30  BJCCS 3666 1970
10  NSC 3888 642
17
50  BJCCS 7103 1958
30  NSC 7472 656
10  BJCCS 7806 1972
18
50  BJCCS 6120 1966
30  NSC 7620 617
10  BJCCS 7762 1960
19
50  NSC 6697 573
30  BJCCS 6706 1975
10  NSC 7000 584
20
50  NSC 5459 586
30  NSC 5678 661
10  BJCCS 5725 1974
21
50  BJCCS 2962 1956
30  NSC 3888 634
10  BJCCS 3903 1989
22
50  NSC 4485 644
30  NSC 5784 654
23
50  BJCCS 2553 1973
30  NSC 2566 665
10  NSC 2839 648
24
50  BJCCS 2342 1955
30  BJCCS 2669 1981
10  NSC 2825 606
25
50  NSC 2138 638
30  NSC 2170 666
10  NSC 2409 616
26
50  BJCCS 2019 1983
30  NSC 2112 627
10  BJCCS 2356 1988
27
50  NSC 3566 660
30  NSC 4984 649
10  BJCCS 5075 1977
28
50  BJCCS 4400 1970
30  NSC 4747 642
10  NSC 5616 613
29
50  NSC 3691 612
30  BJCCS 3747 1958
10  NSC 4012 656
30
50  BJCCS 3247 1966
30  BJCCS 3419 1985
10  NSC 4118 592
31
80  NSC 3358 664
40  BJCCS 3610 1986
0  NSC 3612 594
32
80  NSC 2969 586
40  BJCCS 2989 1984
0  NSC 3428 569
33
80  BJCCS 2559 1973
40  NSC 2650 665
0  NSC 2703 672
34
80  BJCCS 2165 1981
40  NSC 2619 606
35
50  NSC 2060 640
30  NSC 2512 618
10  NSC 2552 616
36
50  BJCCS 1770 1983
30  NSC 2269 631
10  BJCCS 2356 1988
37
50  NSC 3546 660
30  NSC 4490 576
10  NSC 4800 673
38
50  BJCCS 4031 1970
30  BJCCS 4178 1964
10  BJCCS 4825 1987
39
50  NSC 3901 656
30  BJCCS 4225 1972
10  NSC 4338 669
40
50  BJCCS 3145 1966
30  NSC 3934 601
10  NSC 3941 592
41
50  NSC 3315 573
30  NSC 3440 567
10  NSC 3545 584
42
50  NSC 2939 661
30  BJCCS 3000 1974
10  NSC 3104 591
43
50  NSC 2800 672
30  NSC 3390 626
10  NSC 3700 648
44
50  NSC 2832 621
30  BJCCS 3022 1955
10  NSC 4644 614
45
50  NSC 2497 640
30  NSC 2538 666
10  NSC 2752 610
46
50  BJCCS 1744 1954
30  NSC 2409 632
10  NSC 2559 622
47
50  NSC 5122 593
30  NSC 5138 572
10  NSC 5259 673
48
50  BJCCS 4834 1964
30  NSC 5044 671
10  NSC 5400 613
49
50  BJCCS 3875 1958
30  NSC 4059 612
10  NSC 4425 625
50
50  NSC 3590 595
30  BJCCS 4163 1985
10  BJCCS 4372 1960
51
50  NSC 3763 664
30  NSC 4044 567
10  NSC 4137 594
52
50  NSC 3544 661
30  NSC 3844 569
10  BJCCS 3897 1984
53
50  NSC 15700 1685
54
50  BJCCS 9233 1830
30  NSC 9860 1672
55
50  NSC 20914 1675
56
50  BJCCS 15437 1831
30  NSC 17615 1677
57
50  NSC 15450 1679
59
50  NSC 14494 1682
60
50  BJCCS 12532 1832
30  NSC 12959 1683
61
50  BJCCS 12031 1833
30  NSC 12194 1684
SCORE:BJCCS,NSC,2160,3150,-99.0
