BJCCS-SHC
1
50  SHC 8773 492
30  SHC 10263 463
10  SHC 10669 513
2
50  BJCCS 7311 1954
30  BJCCS 9619 1983
10  SHC 10517 475
3
50  SHC 8951 533
30  SHC 9627 514
10  BJCCS 9831 1977
4
50  SHC 7872 552
30  BJCCS 8868 1970
10  BJCCS 8910 1964
5
50  BJCCS 7494 1958
30  SHC 8052 501
10  BJCCS 9193 1972
6
50  SHC 6757 549
30  BJCCS 7580 1985
10  BJCCS 8634 1960
7
50  BJCCS 7577 1975
30  SHC 7710 459
10  SHC 7723 479
8
50  BJCCS 6444 1974
30  BJCCS 6544 1984
10  SHC 7306 502
9
50  BJCCS 2399 1956
30  SHC 3479 481
10  SHC 3513 528
10
50  SHC 3037 565
30  SHC 3619 471
10  SHC 3666 534
11
50  BJCCS 2100 1973
30  SHC 2143 564
10  SHC 2346 491
12
50  BJCCS 1892 1955
30  BJCCS 2070 1981
10  SHC 2783 535
13
50  SHC 3514 492
30  SHC 3799 547
10  SHC 3929 522
14
50  BJCCS 2934 1954
30  SHC 4207 537
10  BJCCS 4497 1988
15
50  SHC 3479 533
30  SHC 3687 514
10  SHC 3807 515
16
50  SHC 3036 552
30  BJCCS 3568 1964
10  BJCCS 3666 1970
17
50  BJCCS 7103 1958
30  SHC 7129 546
10  SHC 7729 478
18
50  BJCCS 6120 1966
30  SHC 7143 493
10  BJCCS 7762 1960
19
50  SHC 6655 479
30  BJCCS 6706 1975
10  SHC 6933 459
20
50  BJCCS 5725 1974
30  SHC 5949 490
10  SHC 6294 497
21
50  SHC 2812 540
30  BJCCS 2962 1956
10  SHC 3757 481
22
50  SHC 3253 565
30  SHC 3894 471
10  SHC 4737 534
23
50  SHC 2502 564
30  BJCCS 2553 1973
10  SHC 2827 554
24
50  BJCCS 2342 1955
30  BJCCS 2669 1981
10  SHC 2900 464
25
50  SHC 2013 550
30  SHC 2044 513
10  SHC 2203 547
26
50  BJCCS 2019 1983
30  BJCCS 2356 1988
10  BJCCS 2601 1969
27
50  SHC 4386 533
30  SHC 4756 487
10  BJCCS 5075 1977
28
50  BJCCS 4400 1970
30  SHC 4765 451
10  SHC 5445 525
29
50  SHC 3509 546
30  BJCCS 3747 1958
10  BJCCS 4150 1972
30
50  BJCCS 3247 1966
30  BJCCS 3419 1985
10  SHC 4305 493
31
80  BJCCS 3610 1986
40  SHC 3706 558
0  SHC 3828 458
32
80  BJCCS 2989 1984
40  SHC 3169 502
0  SHC 3619 526
33
80  BJCCS 2559 1973
40  SHC 2923 554
0  SHC 2977 491
34
80  BJCCS 2165 1981
40  SHC 3849 511
35
50  SHC 1906 463
30  SHC 2377 524
10  SHC 2601 557
36
50  BJCCS 1770 1983
30  SHC 2075 537
10  SHC 2173 539
37
50  SHC 4158 514
30  SHC 4610 487
10  BJCCS 4916 1977
38
50  SHC 3333 552
30  BJCCS 4031 1970
10  BJCCS 4178 1964
39
50  SHC 3290 501
30  SHC 3653 546
10  BJCCS 4225 1972
40
50  SHC 2951 549
30  BJCCS 3145 1966
10  SHC 3667 493
41
50  SHC 3356 459
30  SHC 3443 479
42
50  SHC 2906 490
30  BJCCS 3000 1974
10  SHC 3016 502
43
50  SHC 3154 553
30  SHC 3207 469
10  SHC 3212 491
44
50  BJCCS 3022 1955
30  SHC 3788 464
45
50  SHC 2141 550
30  SHC 2513 522
10  SHC 2620 524
46
50  BJCCS 1744 1954
30  SHC 2295 475
10  SHC 2475 539
47
50  SHC 5463 482
30  BJCCS 5529 1977
10  SHC 5543 515
48
50  BJCCS 4834 1964
30  SHC 5134 542
10  SHC 5643 466
49
50  BJCCS 3875 1958
30  SHC 4671 478
50
50  SHC 3461 549
30  BJCCS 4163 1985
10  BJCCS 4372 1960
51
50  SHC 4114 458
30  SHC 4837 489
52
50  SHC 3760 490
30  SHC 3804 497
10  BJCCS 3897 1984
53
50  SHC 16298 1670
54
50  BJCCS 9233 1830
55
50  SHC 14927 1665
56
50  BJCCS 15437 1831
30  SHC 18851 1666
57
50  SHC 18766 1667
60
50  BJCCS 12532 1832
61
50  BJCCS 12031 1833
SCORE:BJCCS,SHC,2210,2930,-72.0
