BJCCS-NJST
1
50  NJST 10050 3229
2
50  BJCCS 7311 1954
30  BJCCS 9619 1983
10  NJST 11875 3221
3
50  NJST 7090 3206
30  NJST 7422 3238
10  NJST 8059 3224
4
50  BJCCS 8868 1970
30  BJCCS 8910 1964
10  NJST 10567 3243
5
50  BJCCS 7494 1958
30  NJST 8025 3231
10  BJCCS 9193 1972
6
50  BJCCS 7580 1985
30  BJCCS 8634 1960
7
50  BJCCS 7577 1975
30  NJST 7619 3234
10  BJCCS 8144 1986
8
50  BJCCS 6444 1974
30  BJCCS 6544 1984
10  NJST 7947 3230
9
50  NJST 2247 3222
30  BJCCS 2399 1956
10  BJCCS 3603 1978
11
50  NJST 1965 3197
30  BJCCS 2100 1973
10  NJST 2321 3215
12
50  BJCCS 1892 1955
30  NJST 2010 3225
10  BJCCS 2070 1981
13
50  NJST 4263 3229
30  NJST 4753 3212
10  NJST 4789 3196
14
50  BJCCS 2934 1954
30  NJST 4209 3226
10  BJCCS 4497 1988
15
50  NJST 2836 3206
30  NJST 2929 3238
10  NJST 3194 3191
16
50  NJST 3353 3236
30  BJCCS 3568 1964
10  BJCCS 3666 1970
17
50  BJCCS 7103 1958
30  BJCCS 7806 1972
18
50  BJCCS 6120 1966
30  BJCCS 7762 1960
10  BJCCS 7767 1980
19
50  BJCCS 6706 1975
30  NJST 6731 3234
10  BJCCS 7454 1986
20
50  BJCCS 5725 1974
30  BJCCS 6940 1962
10  BJCCS 7134 1982
21
50  NJST 2794 3222
30  BJCCS 2962 1956
10  BJCCS 3903 1989
23
50  BJCCS 2553 1973
30  NJST 2604 3197
10  NJST 2613 3215
24
50  NJST 2287 3225
30  BJCCS 2342 1955
10  BJCCS 2669 1981
25
50  NJST 2256 3212
30  NJST 2372 3196
10  NJST 2822 3237
26
50  BJCCS 2019 1983
30  BJCCS 2356 1988
10  NJST 2381 3221
27
50  NJST 3425 3213
30  NJST 3872 3191
10  NJST 4666 3232
28
50  BJCCS 4400 1970
30  NJST 4575 3236
10  NJST 5369 3214
29
50  BJCCS 3747 1958
30  NJST 3852 3231
10  BJCCS 4150 1972
30
50  BJCCS 3247 1966
30  BJCCS 3419 1985
10  BJCCS 4946 1980
31
80  BJCCS 3610 1986
40  NJST 3781 3234
0  NJST 4162 3211
32
80  BJCCS 2989 1984
40  BJCCS 3687 1962
0  NJST 3987 3230
33
80  BJCCS 2559 1973
40  BJCCS 3103 1956
0  NJST 3345 3197
34
80  BJCCS 2165 1981
35
50  NJST 2103 3229
30  NJST 2528 3196
36
50  BJCCS 1770 1983
30  NJST 2091 3226
10  BJCCS 2356 1988
37
50  NJST 3407 3206
30  NJST 3522 3238
10  NJST 3778 3224
38
50  BJCCS 4031 1970
30  BJCCS 4178 1964
10  BJCCS 4825 1987
39
50  NJST 3557 3231
30  BJCCS 4225 1972
40
50  BJCCS 3145 1966
30  BJCCS 4636 1980
41
50  NJST 3315 3234
30  NJST 4063 3240
42
50  BJCCS 3000 1974
30  NJST 3604 3230
10  BJCCS 3739 1962
43
50  NJST 3128 3219
30  NJST 3909 3233
10  BJCCS 4025 1957
44
50  BJCCS 3022 1955
30  NJST 3275 3225
10  NJST 4603 3205
45
50  NJST 2662 3194
46
50  BJCCS 1744 1954
30  NJST 3038 3221
10  BJCCS 3508 1953
47
50  NJST 4290 3224
30  NJST 5129 3232
10  BJCCS 5529 1977
48
50  BJCCS 4834 1964
30  NJST 5291 3214
10  NJST 5836 3236
49
50  BJCCS 3875 1958
30  NJST 4193 3231
50
50  BJCCS 4163 1985
30  BJCCS 4372 1960
51
50  NJST 4359 3211
30  NJST 4675 3240
52
50  NJST 3787 3230
30  BJCCS 3897 1984
10  BJCCS 4203 1982
54
50  BJCCS 9233 1830
30  NJST 10675 1997
55
50  NJST 19643 1998
56
50  BJCCS 15437 1831
30  NJST 22728 1999
57
50  NJST 12482 2000
58
50  NJST 18127 2002
60
50  BJCCS 12532 1832
61
50  BJCCS 12031 1833
SCORE:BJCCS,NJST,2670,2150,52.0
