BJCCS-CR
1
50  CR 11712 3318
30  CR 12022 3334
2
50  BJCCS 7311 1954
30  BJCCS 9619 1983
10  BJCCS 12100 1969
3
50  CR 9232 3319
30  BJCCS 9831 1977
4
50  CR 8600 3475
30  BJCCS 8868 1970
10  BJCCS 8910 1964
5
50  BJCCS 7494 1958
30  CR 8527 3299
10  BJCCS 9193 1972
6
50  BJCCS 7580 1985
30  BJCCS 8634 1960
7
50  BJCCS 7577 1975
30  BJCCS 8144 1986
10  CR 9051 3476
8
50  BJCCS 6444 1974
30  BJCCS 6544 1984
10  CR 6896 3314
9
50  BJCCS 2399 1956
30  CR 2966 3340
10  CR 2986 3297
10
50  CR 3769 3292
30  CR 4727 3291
10  CR 5039 3468
11
50  BJCCS 2100 1973
30  CR 2470 3325
10  BJCCS 2530 1957
12
50  BJCCS 1892 1955
30  BJCCS 2070 1981
10  CR 2227 3313
13
50  CR 4676 3318
30  CR 4850 3321
10  CR 5027 3309
14
50  BJCCS 2934 1954
30  BJCCS 4497 1988
10  BJCCS 4521 1969
15
50  CR 3501 3319
30  BJCCS 4347 1976
16
50  CR 3247 3475
30  BJCCS 3568 1964
10  BJCCS 3666 1970
17
50  BJCCS 7103 1958
30  CR 7574 3299
10  BJCCS 7806 1972
18
50  BJCCS 6120 1966
30  BJCCS 7762 1960
10  BJCCS 7767 1980
19
50  BJCCS 6706 1975
30  BJCCS 7454 1986
10  CR 8297 3476
20
50  BJCCS 5725 1974
30  CR 6211 3314
10  CR 6259 3298
21
50  BJCCS 2962 1956
30  CR 3135 3340
10  CR 3330 3342
23
50  BJCCS 2553 1973
30  CR 2932 3302
10  BJCCS 3003 1957
24
50  BJCCS 2342 1955
30  BJCCS 2669 1981
10  CR 2928 3313
25
50  CR 2378 3334
30  CR 2545 3321
10  CR 2590 3309
26
50  BJCCS 2019 1983
30  BJCCS 2356 1988
10  CR 2584 3337
27
50  CR 4382 3319
30  BJCCS 5075 1977
10  BJCCS 5514 1976
28
50  CR 3958 3475
30  BJCCS 4400 1970
10  CR 4915 3315
29
50  BJCCS 3747 1958
30  CR 3934 3299
10  BJCCS 4150 1972
30
50  BJCCS 3247 1966
30  BJCCS 3419 1985
10  BJCCS 4946 1980
31
80  BJCCS 3610 1986
40  CR 4231 3476
32
80  BJCCS 2989 1984
40  CR 3125 3314
0  BJCCS 3687 1962
33
80  BJCCS 2559 1973
40  BJCCS 3103 1956
0  CR 3483 3332
34
80  BJCCS 2165 1981
40  CR 3214 3313
35
50  CR 2349 3321
30  CR 2500 3334
10  CR 3434 3318
36
50  BJCCS 1770 1983
30  BJCCS 2356 1988
37
50  BJCCS 4916 1977
30  BJCCS 5334 1976
38
50  CR 3709 3475
30  BJCCS 4031 1970
10  BJCCS 4178 1964
39
50  CR 4012 3299
30  BJCCS 4225 1972
10  CR 4917 3341
40
50  BJCCS 3145 1966
30  BJCCS 4636 1980
41
50  CR 3916 3476
42
50  BJCCS 3000 1974
30  CR 3003 3298
10  BJCCS 3739 1962
43
50  CR 3545 3332
30  BJCCS 4025 1957
10  BJCCS 4197 1956
44
50  BJCCS 3022 1955
45
50  CR 2738 3321
30  CR 3376 3318
46
50  BJCCS 1744 1954
30  CR 2711 3301
10  BJCCS 3508 1953
47
50  CR 4747 3319
30  BJCCS 5529 1977
10  BJCCS 5931 1976
48
50  BJCCS 4834 1964
30  BJCCS 5853 1987
10  CR 6163 3312
49
50  BJCCS 3875 1958
30  CR 5183 3305
10  CR 5388 3300
50
50  BJCCS 4163 1985
30  BJCCS 4372 1960
52
50  CR 3675 3314
30  BJCCS 3897 1984
10  CR 3995 3298
54
50  BJCCS 9233 1830
30  CR 12468 2010
56
50  BJCCS 15437 1831
58
50  CR 15619 2063
59
50  CR 17846 2014
60
50  BJCCS 12532 1832
61
50  BJCCS 12031 1833
SCORE:BJCCS,CR,2940,1840,110.0
