BSW-HC11
1
50  BSW 3046 2745(Y) 530
30  BSW 3151 1526
10  BSW 4112 526
2
50  BSW 3893 542
30  BSW 4168 511
10  BSW 4636 536
3
50  BSW 3291 2965(Y) 509
30  BSW 3429 552
10  BSW 3813 3436(Y) 560
4
50  BSW 3189 2873(Y) 527
30  BSW 3805 3428(Y) 503
10  BSW 3999 3603(Y) 555
5
50  BSW 3861 3479(Y) 507
30  BSW 4869 522
10  BSW 5374 546
6
50  BSW 4203 550
30  BSW 4211 571
10  BSW 4241 1525
7
50  BSW 1694 1527(Y) 506
30  BSW 1934 537
10  BSW 2656 525
8
50  BSW 1733 1562(Y) 514
30  BSW 1794 549
10  BSW 2180 541
9
50  BSW 2410 1518
30  BSW 2593 508
10  BSW 2848 559
10
50  BSW 2506 523
30  BSW 2854 534
10  BSW 2943 1527
11
50  BSW 3490 539
30  BSW 4000 1519
12
50  BSW 4756 548
13
50  BSW 8191 7380(Y) 530
15
50  BSW 8740 509
30  BSW 9129 8225(Y) 552
10  BSW 10743 560
16
50  BSW 8145 7338(Y) 527
30  BSW 10659 9603(Y) 555
10  BSW 12194 10986(Y) 563
17
50  BSW 11413 507
19
50  BSW 11849 537
30  BSW 12349 506
20
50  BSW 9500 8559(Y) 514
30  BSW 10978 549
21
50  BSW 3843 530
30  BSW 6150 526
22
50  BSW 6169 511
30  BSW 6186 5573(Y) 553
10  BSW 6604 5950(Y) 536
23
50  BSW 4666 552
30  BSW 5273 560
10  BSW 6372 524
24
50  BSW 4356 3925(Y) 527
30  BSW 5519 503
10  BSW 5628 563
25
50  BSW 6315 522
30  BSW 7093 507
10  BSW 8905 515
26
50  BSW 5191 550
30  BSW 5287 1525
10  BSW 5721 1521
27
50  BSW 3000 537
30  BSW 3040 506
10  BSW 3343 1520
28
50  BSW 2472 514
30  BSW 2540 549
10  BSW 2709 517
29
50  BSW 3477 1518
30  BSW 6028 559
30
50  BSW 3947 523
31
80  BSW 16636 14988(Y) 1160
32
80  BSW 20135 2043
33
80  BSW 10535 1713
35
50  BSW 3913 1526
30  BSW 5100 526
36
50  BSW 4899 542
30  BSW 5562 510
10  BSW 7026 6330(Y) 554
37
50  BSW 4107 509
30  BSW 4507 4061(Y) 552
10  BSW 5303 560
38
50  BSW 3978 527
30  BSW 5576 520
10  BSW 5662 5101(Y) 512
39
50  BSW 5111 4605(Y) 507
30  BSW 5797 546
10  BSW 6554 5905(Y) 522
40
50  BSW 4982 1521
30  BSW 5072 550
10  BSW 5331 4803(Y) 518
41
50  BSW 2226 2006(Y) 506
30  BSW 2258 2035(Y) 537
10  BSW 3327 2998(Y) 525
42
50  BSW 1984 1788(Y) 514
30  BSW 2465 549
10  BSW 2702 2435(Y) 541
43
50  BSW 3159 508
30  BSW 3197 1518
10  BSW 3507 3160(Y) 559
44
50  BSW 2666 523
30  BSW 3328 534
10  BSW 3867 505
46
50  BSW 5788 548
47
50  BSW 7479 1526
30  BSW 9644 526
48
50  BSW 8775 542
30  BSW 9981 511
10  BSW 10410 510
49
50  BSW 7422 6687(Y) 509
30  BSW 11138 524
50
50  BSW 9894 555
30  BSW 10463 563
10  BSW 10612 9561(Y) 543
51
50  BSW 11641 522
30  BSW 13024 546
10  BSW 13712 515
52
50  BSW 9925 550
30  BSW 9944 518
10  BSW 12410 11181(Y) 513
53
50  BSW 6419 1520
30  BSW 6433 525
10  BSW 8088 569
54
50  BSW 5367 545
30  BSW 5440 562
10  BSW 5487 570
55
50  BSW 5880 1518
30  BSW 6010 508
10  BSW 6516 559
56
50  BSW 7103 523
57
50  BSW 3363 530
30  BSW 4317 1526
60
50  BSW 4804 503
30  BSW 5829 555
10  BSW 7309 516
62
50  BSW 5466 1521
63
64
50  BSW 2862 517
30  BSW 3463 570
10  BSW 3866 556
67
80  BSW 16164 2044
68
80  BSW 18222 1621
SCORE:BSW,HC11,4800,0,480.0
