BSW-WRST
1
50  WRST 2988 1108
30  BSW 3046 2745(Y) 530
10  WRST 3112 1153
2
50  WRST 3089 1112
30  WRST 3225 1629
10  WRST 3389 1109
3
50  WRST 2898 2611(Y) 1097
30  WRST 3226 1149
10  WRST 3278 1104
4
50  BSW 3189 2873(Y) 527
30  WRST 3750 1621
10  BSW 3805 3428(Y) 503
5
50  WRST 3410 1636
30  WRST 3454 1143
10  WRST 3458 3116(Y) 1116
6
50  WRST 3481 1628
30  WRST 3615 3257(Y) 1634
10  WRST 3743 1622
7
50  BSW 1694 1527(Y) 506
30  WRST 1718 1092
10  WRST 1738 1089
8
50  BSW 1733 1562(Y) 514
30  BSW 1794 549
10  WRST 2022 1142
9
50  WRST 2105 1897(Y) 1137
30  WRST 2114 1160
10  BSW 2410 1518
10
50  WRST 1849 1666(Y) 1075
30  WRST 2327 1127
10  WRST 2364 1121
11
50  WRST 3009 1074
30  WRST 3237 1635
10  WRST 3439 1133
12
50  WRST 3422 1106
30  WRST 3482 1095
10  WRST 3739 1090
13
50  WRST 7694 1108
30  BSW 8191 7380(Y) 530
10  WRST 8603 1145
14
50  WRST 7266 1111
15
50  WRST 7416 1097
30  BSW 8740 509
10  BSW 9129 8225(Y) 552
16
50  BSW 8145 7338(Y) 527
30  WRST 9852 1621
10  WRST 10107 1146
17
50  WRST 9282 1636
30  WRST 9922 1638
10  WRST 10359 1099
18
50  WRST 9518 1634
30  WRST 9553 1138
10  WRST 9575 1628
19
50  WRST 10718 1092
30  BSW 11849 537
10  BSW 12349 506
20
50  BSW 9500 8559(Y) 514
30  WRST 10958 1075
10  BSW 10978 549
21
50  BSW 3843 530
30  WRST 4169 1108
10  WRST 4297 1153
22
50  WRST 3837 1111
30  WRST 4459 1629
10  WRST 4460 1109
23
50  WRST 4500 1149
30  BSW 4666 552
10  WRST 4956 1093
24
50  BSW 4356 3925(Y) 527
30  BSW 5519 503
10  WRST 5606 1621
25
50  WRST 4766 1636
30  WRST 4842 4363(Y) 1144
10  WRST 4919 1116
26
50  WRST 4729 1138
30  BSW 5191 550
10  WRST 5250 1628
27
50  WRST 2815 1092
30  WRST 2818 1623
10  WRST 2869 1089
28
50  BSW 2472 514
30  BSW 2540 549
10  BSW 2709 517
29
50  WRST 3131 1091
30  BSW 3477 1518
10  WRST 4337 1157
30
50  WRST 2631 2371(Y) 1075
30  WRST 3222 1114
10  WRST 3404 1127
31
80  WRST 13206 1449
40  BSW 16636 14988(Y) 1160
32
80  WRST 17725 1600
40  BSW 20135 2043
33
80  WRST 10004 1455
40  BSW 10535 1713
34
80  WRST 10989 1236
35
50  WRST 3348 3017(Y) 1108
30  BSW 3913 1526
10  WRST 4377 1145
36
50  WRST 3444 1112
30  WRST 3456 1111
10  WRST 3782 1629
37
50  BSW 4107 509
30  BSW 4507 4061(Y) 552
10  WRST 4619 1104
38
50  BSW 3978 527
30  WRST 4472 1621
10  WRST 5432 1082
39
50  WRST 4384 1143
30  WRST 4766 1638
10  WRST 4796 1144
40
50  WRST 4194 1628
30  WRST 4239 3819(Y) 1622
10  WRST 4329 3900(Y) 1634
41
50  WRST 2160 1092
30  BSW 2226 2006(Y) 506
10  WRST 2241 1089
42
50  BSW 1984 1788(Y) 514
30  BSW 2465 549
10  WRST 2659 1142
43
50  WRST 2715 2446(Y) 1141
30  WRST 2834 1160
10  WRST 2867 1137
44
50  WRST 2489 2243(Y) 1075
30  BSW 2666 523
10  WRST 2699 1121
45
50  WRST 3393 3057(Y) 1635
30  WRST 3791 1155
10  WRST 3815 1074
46
50  WRST 3966 1095
30  WRST 4150 1106
10  WRST 4350 1090
47
50  WRST 7003 1145
30  WRST 7232 1153
10  BSW 7479 1526
48
50  WRST 6540 1112
30  WRST 7344 1629
10  WRST 7779 1109
49
50  WRST 6372 1097
30  BSW 7422 6687(Y) 509
10  WRST 7828 1104
50
50  WRST 8747 1146
30  WRST 9859 1129
10  BSW 9894 555
51
50  WRST 7784 1636
30  WRST 7934 1143
10  WRST 7936 7150(Y) 1099
52
50  WRST 7978 1634
30  WRST 8161 7353(Y) 1622
10  WRST 9897 1626
53
50  WRST 3896 1089
30  WRST 3977 3583(Y) 1623
10  BSW 4033 3634(Y) 506
54
50  WRST 5127 1142
30  WRST 5297 1164
10  BSW 5367 545
55
50  WRST 5140 1160
30  WRST 5343 1137
10  WRST 5738 1141
56
50  WRST 5903 1121
30  WRST 6275 1637
10  WRST 6350 1134
57
50  BSW 3363 530
30  WRST 3484 1145
10  BSW 4317 1526
58
50  WRST 3243 1111
59
50  WRST 3177 2863(Y) 1097
30  WRST 4349 1104
10  WRST 4854 1686
60
50  WRST 4681 1146
30  BSW 4804 503
10  WRST 4960 1082
61
50  WRST 4103 1638
30  WRST 4662 1128
10  WRST 5246 1154
62
50  WRST 4501 1622
30  WRST 4648 1138
10  BSW 5466 1521
63
50  BSW 2272 537
30  WRST 2295 1623
10  WRST 2378 1624
64
50  BSW 2862 517
30  BSW 3463 570
10  WRST 3481 1164
65
50  WRST 2713 2445(Y) 1091
66
50  WRST 3087 1156
30  WRST 3225 1114
10  WRST 3591 1127
67
80  WRST 13472 1860
40  BSW 16164 2044
68
80  WRST 14732 1609
SCORE:BSW,WRST,1520,4580,-306.0
