BSW-LL
1
50  LL 2903 901
30  LL 2950 897
10  LL 3041 822
2
50  LL 3083 2778(Y) 842
30  LL 3097 869
10  LL 3162 856
3
50  LL 3266 920
30  BSW 3291 2965(Y) 509
10  LL 3306 930
4
50  BSW 3189 2873(Y) 527
30  LL 3271 2947(Y) 896
10  LL 3510 825
5
50  LL 3422 903
30  LL 3732 877
10  LL 3775 872
6
50  LL 3499 3153(Y) 1570
30  LL 3566 3213(Y) 1675
10  LL 3584 834
7
50  LL 1643 888
30  BSW 1694 1527(Y) 506
10  LL 1730 1559(Y) 876
8
50  LL 1684 826
30  BSW 1733 1562(Y) 514
10  LL 1763 1551
9
50  LL 2060 1856(Y) 1568
30  LL 2145 1552
10  LL 2188 919
10
50  LL 2032 1562
30  LL 2341 923
10  LL 2475 917
11
50  LL 2626 2366(Y) 873
30  LL 2657 2394(Y) 926
10  LL 2982 875
12
50  LL 3131 880
30  LL 3656 847
10  LL 3768 840
13
50  LL 7788 901
30  BSW 8191 7380(Y) 530
10  LL 8326 892
14
50  LL 7582 6831(Y) 856
30  LL 8234 869
10  LL 8421 842
15
50  BSW 8740 509
30  LL 8819 920
10  BSW 9129 8225(Y) 552
16
50  BSW 8145 7338(Y) 527
30  LL 8910 896
10  LL 9059 825
17
50  LL 9216 903
30  LL 10525 877
10  BSW 11413 507
18
50  LL 9315 834
30  LL 9413 1570
10  LL 9484 1675
19
50  LL 9603 888
30  BSW 11849 537
10  BSW 12349 506
20
50  BSW 9500 8559(Y) 514
30  LL 10306 826
10  LL 10375 1551
21
50  LL 3635 3275(Y) 897
30  BSW 3843 530
10  LL 3972 901
22
50  LL 3815 3437(Y) 869
30  LL 3968 3575(Y) 870
10  LL 4233 3814(Y) 842
23
50  LL 4479 828
30  LL 4487 920
10  BSW 4666 552
24
50  BSW 4356 3925(Y) 527
30  LL 4400 825
10  LL 4528 1557
25
50  LL 5285 903
30  LL 5309 877
10  LL 5778 872
26
50  LL 4640 4181(Y) 1570
30  LL 4969 1675
10  LL 4994 834
27
50  LL 2325 888
30  LL 2812 1802
10  LL 2838 876
28
50  BSW 2472 514
30  LL 2506 826
10  BSW 2540 549
29
50  LL 3006 919
30  LL 3112 1552
10  BSW 3477 1518
30
50  LL 3266 1562
30  LL 3747 830
10  LL 3853 853
31
80  LL 14223 1206
40  BSW 16636 14988(Y) 1160
32
80  LL 18313 1415
40  BSW 20135 2043
33
80  LL 9522 1559
40  BSW 10535 1713
34
80  LL 12447 1843
35
50  LL 3788 901
30  BSW 3913 1526
10  LL 3956 897
36
50  LL 3622 856
30  LL 3828 929
10  LL 3909 842
37
50  BSW 4107 509
30  LL 4231 920
10  LL 4376 918
38
50  BSW 3978 527
30  LL 4014 3617(Y) 896
10  LL 4316 825
39
50  LL 4140 903
30  BSW 5111 4605(Y) 507
10  LL 5206 877
40
50  LL 4225 1570
30  LL 4237 3818(Y) 855
10  LL 4275 834
41
50  LL 1997 888
30  BSW 2226 2006(Y) 506
10  LL 2234 876
42
50  BSW 1984 1788(Y) 514
30  LL 2093 826
10  LL 2171 1551
43
50  LL 2600 1568
30  LL 2712 2444(Y) 919
10  LL 2715 1552
44
50  LL 2572 1562
30  BSW 2666 523
10  LL 2759 923
45
50  LL 2812 2534(Y) 873
30  LL 3772 926
10  LL 3803 858
46
50  LL 3778 880
30  LL 4306 840
10  LL 4329 847
47
50  LL 7159 897
30  LL 7308 822
10  LL 7406 892
48
50  LL 6663 856
30  LL 7541 869
10  LL 7585 929
49
50  BSW 7422 6687(Y) 509
30  BSW 7852 552
10  LL 8072 930
50
50  LL 7349 6621(Y) 896
30  LL 8056 885
10  LL 9406 916
51
50  LL 9600 872
30  LL 10034 1556
10  LL 10528 1553
52
50  LL 8276 7456(Y) 1675
30  LL 9028 855
10  LL 9309 891
53
50  LL 3812 876
30  BSW 4033 3634(Y) 506
10  LL 4388 1554
54
50  LL 3853 1551
30  LL 4275 1561
10  LL 4578 902
55
50  LL 4878 1552
30  LL 4895 4410(Y) 919
10  LL 4994 1568
56
50  LL 4691 1562
30  LL 5957 830
10  LL 6250 923
57
50  LL 3343 822
30  BSW 3363 530
10  LL 3615 892
58
50  LL 3628 929
30  LL 4085 870
10  LL 5138 1565
59
50  LL 4403 828
30  LL 4559 918
10  LL 4931 835
60
50  LL 4691 885
30  BSW 4804 503
10  LL 5132 916
61
50  LL 6103 872
30  LL 7315 1553
62
50  LL 4781 865
30  LL 4791 855
10  LL 5222 908
63
50  BSW 2272 537
30  LL 3262 1560
64
50  BSW 2284 2058(Y) 549
30  LL 2335 922
10  LL 2395 902
65
66
50  LL 3078 830
30  LL 3209 883
67
80  LL 13806 1845
40  BSW 16164 2044
68
80  LL 13778 1847
40  BSW 18222 1621
SCORE:BSW,LL,1280,4860,-358.0
