BSW-RMR
1
50  RMR 2853 1180
30  RMR 3037 1597
10  BSW 3046 2745(Y) 530
2
50  RMR 3130 2820(Y) 1188
30  RMR 3547 1199
10  RMR 3566 1227
3
50  RMR 2897 2610(Y) 1254
30  RMR 3228 1596
10  BSW 3291 2965(Y) 509
4
50  RMR 3152 2840(Y) 1231
30  RMR 3186 2871(Y) 1241
10  BSW 3189 2873(Y) 527
5
50  RMR 3426 3087(Y) 1237
30  RMR 3628 3269(Y) 1573
10  RMR 3654 1197
6
50  RMR 3281 1219
30  RMR 3499 3153(Y) 1586
10  RMR 3647 1224
7
50  BSW 1694 1527(Y) 506
30  RMR 1731 1220
10  RMR 1737 1184
8
50  BSW 1733 1562(Y) 514
30  RMR 1768 1174
10  BSW 1794 549
9
50  RMR 1730 1559(Y) 1221
30  BSW 2410 1518
10  BSW 2593 508
10
50  RMR 2022 1206
30  RMR 2029 1828(Y) 1228
10  RMR 2087 1242
11
50  RMR 2806 1176
30  RMR 3228 1194
10  BSW 3490 539
12
50  RMR 2675 1175
30  RMR 3015 1236
10  RMR 3372 1243
13
50  RMR 7365 1593
30  RMR 7497 1180
10  RMR 8070 1195
14
50  RMR 8643 1227
30  RMR 8687 1168
10  RMR 8872 1188
15
50  RMR 7475 1254
30  RMR 8232 1596
10  BSW 8740 509
16
50  BSW 8145 7338(Y) 527
30  RMR 8169 1185
10  RMR 8497 1241
17
50  RMR 9555 1573
30  RMR 9831 1237
10  RMR 10028 1197
18
50  RMR 8106 7303(Y) 1219
30  RMR 8813 7940(Y) 1224
10  RMR 9740 1190
19
50  RMR 10847 1221
30  RMR 10856 1577
10  RMR 10928 1220
20
50  BSW 9500 8559(Y) 514
30  RMR 10406 1263
10  RMR 10882 1174
21
50  RMR 3702 3336(Y) 1195
30  RMR 3728 1593
10  BSW 3843 530
22
50  RMR 4297 1168
30  RMR 4562 1227
10  RMR 4803 1191
23
50  RMR 3645 3284(Y) 1596
30  RMR 3862 1254
10  BSW 4666 552
24
50  RMR 4242 3822(Y) 1241
30  BSW 4356 3925(Y) 527
10  RMR 4577 1268
25
50  RMR 4158 3746(Y) 1573
30  RMR 4715 1197
10  RMR 5128 1237
26
50  RMR 4129 3720(Y) 1219
30  RMR 4302 3876(Y) 1224
10  RMR 4690 1190
27
50  RMR 2454 1220
30  RMR 2535 2284(Y) 1258
10  RMR 2781 1590
28
50  RMR 2353 1263
30  RMR 2446 1189
10  BSW 2472 514
29
50  RMR 2657 1221
30  BSW 3477 1518
10  BSW 6028 559
30
50  RMR 2684 1242
30  RMR 3212 1228
10  BSW 3947 523
31
80  RMR 13841 1996
40  BSW 16636 14988(Y) 1160
32
80  RMR 16901 1425
40  BSW 20135 2043
33
80  RMR 8831 2000
40  BSW 10535 1713
34
80  RMR 10597 1249
35
50  RMR 3620 1597
30  RMR 3669 1257
10  RMR 3693 1594
36
50  RMR 4016 1168
30  RMR 4056 1227
10  RMR 4084 1188
37
50  RMR 3603 1254
30  BSW 4107 509
10  RMR 4219 1203
38
50  RMR 3621 1185
30  RMR 3935 1241
10  BSW 3978 527
39
50  RMR 4500 1197
30  RMR 4644 1588
10  RMR 4750 1182
40
50  RMR 3922 1219
30  RMR 4179 3765(Y) 1262
10  RMR 4187 1224
41
50  RMR 2175 1184
30  BSW 2226 2006(Y) 506
10  BSW 2258 2035(Y) 537
42
50  BSW 1984 1788(Y) 514
30  RMR 2194 1174
10  RMR 2318 1679
43
50  RMR 2247 1221
30  BSW 3159 508
10  BSW 3197 1518
44
50  RMR 2288 1206
30  RMR 2390 1228
10  RMR 2562 2309(Y) 1598
45
50  RMR 3519 1176
30  RMR 4185 1250
10  RMR 4443 1266
46
50  RMR 2984 1236
30  RMR 3125 1175
10  RMR 3469 1243
47
50  RMR 6314 5689(Y) 1180
30  RMR 6322 1593
10  RMR 6991 1257
48
50  RMR 7432 1188
30  RMR 7988 1186
10  RMR 8119 1187
49
50  BSW 7422 6687(Y) 509
30  BSW 7852 552
10  RMR 7975 1203
50
50  RMR 7025 1185
30  RMR 7159 1231
10  RMR 8106 1268
51
50  RMR 7897 7115(Y) 1237
30  RMR 8866 1573
10  RMR 9321 1212
52
50  RMR 8750 1262
30  RMR 9297 1586
10  RMR 9748 1248
53
50  RMR 3894 1184
30  RMR 3928 1220
10  BSW 4033 3634(Y) 506
54
50  RMR 4122 1174
30  RMR 4266 1263
10  RMR 4359 1252
55
50  BSW 5880 1518
30  RMR 6009 1680
10  BSW 6010 508
56
50  RMR 4605 4149(Y) 1228
30  RMR 4643 1206
10  RMR 4763 4291(Y) 1242
57
50  RMR 3216 1180
30  RMR 3327 1593
10  BSW 3363 530
58
50  RMR 3869 1186
30  RMR 4138 1168
10  RMR 4212 1187
59
50  RMR 3406 1596
30  RMR 4397 1203
10  RMR 4485 1581
60
50  RMR 3559 1185
30  RMR 3980 1268
10  RMR 3993 1231
61
50  RMR 4966 1182
30  RMR 5193 1269
62
50  RMR 4385 1190
30  RMR 4922 1262
10  RMR 5090 1248
63
50  RMR 1978 1184
30  BSW 2272 537
10  BSW 2337 506
64
50  RMR 2072 1263
30  BSW 2284 2058(Y) 549
10  RMR 2531 1235
65
50  RMR 3753 1176
66
50  RMR 2340 2109(Y) 1242
30  RMR 3241 1598
67
80  RMR 13393 1591
40  BSW 16164 2044
68
80  RMR 14112 1708
40  BSW 18222 1621
SCORE:BSW,RMR,1010,5190,-418.0
