BSW-RSST
1
50  RSST 2750 205
30  RSST 2972 189
10  BSW 3046 2745(Y) 530
2
50  RSST 3178 158
30  RSST 3297 157
10  RSST 3412 150
3
50  BSW 3291 2965(Y) 509
30  RSST 3352 207
10  BSW 3429 552
4
50  RSST 3153 183
30  BSW 3189 2873(Y) 527
10  RSST 3433 213
5
50  RSST 3086 149
30  RSST 3437 3097(Y) 127
10  RSST 3818 1617
6
50  RSST 3332 159
30  RSST 3412 212
10  RSST 3574 3220(Y) 151
7
50  BSW 1694 1527(Y) 506
30  RSST 1709 1540(Y) 123
10  RSST 1919 211
8
50  BSW 1733 1562(Y) 514
30  BSW 1794 549
10  RSST 1876 1611
9
50  RSST 1897 126
30  RSST 1908 1719(Y) 122
10  RSST 2069 1614
10
50  RSST 1887 1700(Y) 191
30  RSST 2039 1837(Y) 164
10  RSST 2098 1606
11
50  RSST 3078 163
30  BSW 3490 539
10  RSST 3600 147
12
50  RSST 3979 1603
30  RSST 4169 117
10  BSW 4756 548
13
50  RSST 7643 205
30  RSST 7872 189
10  BSW 8191 7380(Y) 530
14
50  RSST 7538 6791(Y) 158
30  RSST 7722 6957(Y) 157
10  RSST 9203 150
15
50  BSW 8740 509
30  BSW 9129 8225(Y) 552
10  RSST 9219 207
16
50  BSW 8145 7338(Y) 527
30  RSST 8346 7519(Y) 183
10  RSST 8824 193
17
50  RSST 8047 7250(Y) 149
30  RSST 9497 127
10  RSST 10978 200
18
50  RSST 8500 159
30  RSST 8826 7952(Y) 146
10  RSST 9625 212
19
50  RSST 11315 123
30  BSW 11849 537
10  BSW 12349 506
20
50  BSW 9500 8559(Y) 514
30  BSW 10978 549
10  RSST 11315 201
21
50  RSST 3467 3124(Y) 189
30  BSW 3843 530
10  RSST 3928 205
22
50  RSST 4172 157
30  RSST 5380 150
10  BSW 6169 511
23
50  RSST 4450 207
30  BSW 4666 552
10  RSST 5157 125
24
50  RSST 4215 3798(Y) 183
30  BSW 4356 3925(Y) 527
10  RSST 4626 213
25
50  RSST 4509 149
30  RSST 5297 127
10  RSST 5859 200
26
50  RSST 4500 159
30  RSST 4697 4232(Y) 151
10  RSST 4741 212
27
50  RSST 2521 2272(Y) 143
30  RSST 2565 123
10  BSW 3000 537
28
50  RSST 2360 2127(Y) 135
30  BSW 2472 514
10  BSW 2540 549
29
50  RSST 2887 122
30  RSST 3262 1614
10  RSST 3274 1601
30
50  RSST 2496 2249(Y) 145
30  RSST 2534 144
10  RSST 2761 2488(Y) 1606
31
80  RSST 13250 1437
40  BSW 16636 14988(Y) 1160
32
80  RSST 16562 1984
40  BSW 20135 2043
33
80  RSST 9462 1571
40  BSW 10535 1713
34
80  RSST 10434 1690
35
50  BSW 3913 1526
30  RSST 4022 166
10  RSST 4425 209
36
50  RSST 3503 3156(Y) 158
30  RSST 3781 157
10  RSST 4181 150
37
50  BSW 4107 509
30  RSST 4384 125
10  BSW 4507 4061(Y) 552
38
50  RSST 3931 183
30  RSST 3940 213
10  BSW 3978 527
39
50  RSST 4107 3700(Y) 127
30  RSST 4254 149
10  RSST 4552 4101(Y) 200
40
50  RSST 4230 146
30  RSST 4314 3887(Y) 165
10  RSST 4340 3910(Y) 151
41
50  RSST 2185 123
30  BSW 2226 2006(Y) 506
10  BSW 2258 2035(Y) 537
42
50  BSW 1984 1788(Y) 514
30  RSST 2135 1924(Y) 201
10  RSST 2306 173
43
50  RSST 2403 126
30  RSST 2569 2315(Y) 1614
10  RSST 2664 2400(Y) 142
44
50  RSST 2365 2131(Y) 191
30  RSST 2414 2175(Y) 164
10  RSST 2473 2228(Y) 145
45
50  RSST 3250 2928(Y) 163
30  RSST 4058 179
10  RSST 4568 175
46
50  RSST 5100 117
30  BSW 5788 548
10  RSST 5866 1603
47
50  RSST 6619 205
30  RSST 6969 189
10  RSST 7166 166
48
50  RSST 6615 158
30  BSW 8775 542
10  RSST 9075 190
49
50  BSW 7422 6687(Y) 509
30  RSST 8806 207
10  BSW 8941 560
50
50  RSST 7597 193
30  RSST 7844 136
10  RSST 8171 132
51
50  RSST 9609 1602
30  RSST 9632 1616
10  RSST 10075 181
52
50  RSST 7250 159
30  RSST 7894 7112(Y) 146
10  RSST 8239 7423(Y) 151
53
50  BSW 4033 3634(Y) 506
30  RSST 4259 211
10  BSW 4667 537
54
50  RSST 4278 173
30  RSST 4413 201
10  RSST 4616 194
55
50  RSST 4418 126
30  RSST 4509 4063(Y) 122
10  RSST 4745 4275(Y) 1614
56
50  RSST 4471 4028(Y) 164
30  RSST 4529 4081(Y) 191
10  RSST 4697 1606
57
50  BSW 3363 530
30  RSST 3507 166
10  BSW 4317 1526
58
59
50  RSST 4585 125
60
50  RSST 3781 129
30  RSST 4025 193
10  RSST 4166 136
61
50  RSST 6006 1602
30  RSST 6331 1617
62
50  RSST 4054 3653(Y) 146
30  RSST 4325 165
10  RSST 4597 184
63
50  RSST 2903 130
30  RSST 3050 211
64
50  RSST 2241 201
30  BSW 2284 2058(Y) 549
10  RSST 2434 153
65
50  RSST 2556 1601
30  RSST 2919 122
10  RSST 3037 126
66
50  RSST 2257 2034(Y) 164
30  RSST 2578 145
10  RSST 3036 124
67
80  RSST 15766 1577
40  BSW 16164 2044
68
80  RSST 14039 1993
40  BSW 18222 1621
SCORE:BSW,RSST,1360,4750,-339.0
