BSW-HC15
1
50  HC15 2559 2306(Y) 1736
30  HC15 2632 2372(Y) 1378
10  HC15 2695 2428(Y) 11
2
50  HC15 3116 2808(Y) 1599
30  HC15 3418 3080(Y) 26
10  BSW 3550 1117
3
50  HC15 2629 2369(Y) 1380
30  BSW 2795 1122
10  HC15 2915 2627(Y) 38
4
50  HC15 3081 2776(Y) 1387
30  HC15 3225 53
10  HC15 3240 31
5
50  BSW 3160 2847(Y) 1104
30  HC15 3653 3291(Y) 57
10  HC15 3821 3443(Y) 30
6
50  HC15 2989 2693(Y) 54
30  HC15 3263 2940(Y) 15
10  BSW 3275 1174
7
50  HC15 1409 1270(Y) 7
30  HC15 1683 1517(Y) 14
10  BSW 1775 1125
8
50  HC15 1490 1343(Y) 1379
30  HC15 1686 1519(Y) 10
10  HC15 1696 1528(Y) 29
9
50  HC15 1999 55
30  HC15 2097 1890(Y) 62
10  BSW 2350 1126
10
50  HC15 1942 1750(Y) 6
30  HC15 2021 1821(Y) 20
10  HC15 2120 1910(Y) 1382
11
50  HC15 2257 2034(Y) 36
30  BSW 3016 1173
10  BSW 3402 1163
12
50  BSW 3136 1172
30  BSW 3495 1159
10  BSW 3742 1128
13
50  HC15 6506 5862(Y) 1736
30  HC15 6566 5916(Y) 39
10  HC15 6876 6195(Y) 11
14
50  HC15 8550 7703(Y) 1599
30  BSW 9051 1134
10  HC15 9524 8581(Y) 26
15
50  HC15 6566 5916(Y) 1380
30  BSW 6759 6090(Y) 1122
10  HC15 7210 6496(Y) 1374
16
50  BSW 7668 1719
30  HC15 8023 7228(Y) 31
10  HC15 8160 7352(Y) 53
17
50  BSW 8361 7533(Y) 1104
30  HC15 10173 9165(Y) 30
10  HC15 10225 9212(Y) 57
18
50  HC15 7254 6536(Y) 54
30  BSW 8305 1174
10  HC15 8553 15
19
50  HC15 8041 7245(Y) 7
30  BSW 10337 9313(Y) 1158
10  HC15 10822 9750(Y) 1739
20
50  HC15 8422 7588(Y) 1379
30  HC15 10929 9846(Y) 29
10  HC15 11147 10043(Y) 1381
21
50  HC15 3365 3032(Y) 39
30  HC15 3368 3035(Y) 11
10  HC15 3628 3269(Y) 12
22
50  BSW 4578 1117
30  HC15 4703 4237(Y) 26
10  BSW 5164 1653
23
50  BSW 3409 3072(Y) 1122
30  HC15 3522 3173(Y) 1380
10  BSW 3791 3416(Y) 1123
24
50  BSW 4219 1719
30  HC15 4676 4213(Y) 53
10  HC15 4701 4236(Y) 28
25
50  BSW 4865 1104
30  HC15 5181 4668(Y) 57
10  BSW 5316 1127
26
50  HC15 3885 3500(Y) 54
30  HC15 4666 4204(Y) 25
10  BSW 4875 1174
27
50  HC15 1789 1612(Y) 7
30  BSW 2259 2036(Y) 1125
10  BSW 2284 2058(Y) 1158
28
50  HC15 2001 1803(Y) 1379
30  HC15 2249 2027(Y) 1381
10  HC15 2268 2044(Y) 10
29
50  HC15 2289 2063(Y) 55
30  BSW 2545 2293(Y) 1126
10  HC15 3283 2958(Y) 36
30
50  HC15 2601 2344(Y) 6
30  HC15 2784 2509(Y) 1382
10  HC15 3409 3072(Y) 64
31
80  HC15 13175 11870(Y) 794
40  BSW 14011 818
32
80  HC15 15603 14057(Y) 859
40  BSW 17268 234
33
80  HC15 7513 6769(Y) 861
40  BSW 10021 532
34
80  HC15 10031 9037(Y) 802
40  BSW 12276 748
35
50  HC15 2951 2659(Y) 39
30  HC15 3021 2722(Y) 1378
10  HC15 3166 2853(Y) 32
36
50  HC15 3755 3383(Y) 1599
30  BSW 3918 1134
10  HC15 4302 3876(Y) 26
37
50  BSW 3091 1122
30  HC15 3215 2897(Y) 38
10  HC15 3256 2934(Y) 1374
38
50  HC15 3756 3384(Y) 53
30  HC15 3790 3415(Y) 31
10  HC15 3832 3453(Y) 1386
39
50  BSW 3829 1104
30  HC15 4517 4070(Y) 30
10  HC15 4932 4444(Y) 57
40
50  HC15 3466 3123(Y) 54
30  BSW 3869 1174
10  HC15 3994 3599(Y) 15
41
50  HC15 1848 1665(Y) 7
30  HC15 2064 1860(Y) 14
10  BSW 2272 2047(Y) 1109
42
50  HC15 1893 1706(Y) 1379
30  HC15 2061 1857(Y) 10
10  HC15 2125 1915(Y) 29
43
50  HC15 2373 2138(Y) 55
30  HC15 2716 2447(Y) 62
10  BSW 2818 1126
44
50  HC15 2453 20
30  HC15 2458 2215(Y) 1382
10  BSW 2908 1654
45
50  HC15 2681 2416(Y) 36
30  HC15 3737 3367(Y) 1392
10  BSW 3875 1163
46
50  BSW 4009 1128
30  BSW 4027 1172
10  BSW 4192 1159
47
50  HC15 5757 5187(Y) 1378
30  HC15 5793 5219(Y) 39
10  HC15 5921 5335(Y) 11
48
50  HC15 7368 6638(Y) 1599
30  BSW 8063 1134
10  BSW 8096 1117
49
50  HC15 5696 5132(Y) 1380
30  HC15 6433 5796(Y) 38
10  HC15 6483 5841(Y) 1374
50
50  HC15 6971 6281(Y) 31
30  BSW 7139 1719
10  HC15 7302 6579(Y) 23
51
50  BSW 9006 1152
30  HC15 9220 8307(Y) 30
10  HC15 9236 8321(Y) 27
52
50  HC15 7168 6458(Y) 15
30  HC15 7559 6810(Y) 25
10  HC15 8439 7603(Y) 18
53
50  HC15 3729 3360(Y) 14
30  BSW 4010 3613(Y) 1158
10  BSW 4026 1125
54
50  HC15 3828 3449(Y) 29
30  HC15 3876 3492(Y) 10
10  HC15 4502 4056(Y) 16
55
50  HC15 4215 3798(Y) 55
30  HC15 4886 4402(Y) 62
10  HC15 5208 4692(Y) 36
56
50  HC15 4446 4006(Y) 6
30  HC15 4598 4143(Y) 20
10  HC15 5400 4865(Y) 64
57
50  HC15 2726 2456(Y) 1378
30  HC15 2767 2493(Y) 1736
10  BSW 2984 2689(Y) 1140
58
50  BSW 4790 1653
30  BSW 5112 1178
10  BSW 5706 1161
59
50  HC15 2984 2689(Y) 38
30  HC15 3374 3040(Y) 56
10  BSW 3537 1123
60
50  BSW 3249 1719
30  HC15 3842 23
10  HC15 4502 4056(Y) 1386
61
50  HC15 4999 4504(Y) 1740
30  HC15 5362 4831(Y) 48
10  BSW 5596 1152
62
50  BSW 4381 1167
30  HC15 4489 4045(Y) 40
10  HC15 4526 4078(Y) 1388
63
50  HC15 1833 1652(Y) 14
30  BSW 2270 1109
10  BSW 2381 1158
64
50  HC15 2279 2054(Y) 1384
30  HC15 2384 2148(Y) 3
10  HC15 2987 2691(Y) 47
65
66
50  HC15 2185 1969(Y) 20
30  HC15 2323 2093(Y) 6
10  HC15 2701 2434(Y) 1382
67
80  HC15 13100 11802(Y) 865
40  BSW 14663 824
68
80  HC15 14370 12946(Y) 805
40  BSW 17706 750
SCORE:BSW,HC15,1730,4480,-275.0
