BSW-WKW
1
50  WKW 2632 334
30  WKW 2698 2431(Y) 389
10  BSW 2865 1140
2
50  WKW 2969 2675(Y) 382
30  WKW 3116 2808(Y) 1594
10  WKW 3338 337
3
50  BSW 2795 1122
30  BSW 3061 2758(Y) 1108
10  BSW 3139 1123
4
50  WKW 3378 345
30  WKW 3431 340
10  WKW 3437 307
5
50  BSW 3160 2847(Y) 1104
30  WKW 3265 2942(Y) 365
10  WKW 3570 3217(Y) 358
6
50  WKW 3188 1584
30  BSW 3275 1174
10  WKW 3585 333
7
50  WKW 1592 1435(Y) 313
30  WKW 1772 1597(Y) 359
10  BSW 1775 1125
8
50  WKW 1672 1587
30  WKW 1693 330
10  WKW 1714 341
9
50  WKW 2163 293
30  WKW 2247 1596
10  WKW 2307 325
10
50  WKW 2187 1971(Y) 371
30  WKW 2206 1988(Y) 364
10  WKW 2312 323
11
50  BSW 3016 1173
30  WKW 3033 297
10  BSW 3402 1163
12
50  BSW 3136 1172
30  BSW 3495 1159
10  WKW 3717 372
13
50  WKW 6425 334
30  WKW 6806 6132(Y) 389
10  BSW 7315 1110
14
50  WKW 7549 6801(Y) 382
30  WKW 8254 1594
10  BSW 9051 1134
15
50  BSW 6759 6090(Y) 1122
30  BSW 7839 1123
10  BSW 8647 1108
16
50  BSW 7668 1719
30  WKW 8704 329
10  WKW 9165 340
17
50  BSW 8361 7533(Y) 1104
30  WKW 9319 365
10  WKW 9943 358
18
50  WKW 7391 6659(Y) 1584
30  BSW 8305 1174
10  WKW 9813 333
19
50  BSW 10337 9313(Y) 1158
30  WKW 11119 313
10  BSW 11331 1125
20
50  WKW 8900 1587
30  WKW 9288 330
10  WKW 9797 8827(Y) 341
21
50  WKW 3398 334
30  WKW 3823 389
10  BSW 4052 1140
22
50  WKW 4005 3609(Y) 1594
30  BSW 4578 1117
10  WKW 4679 335
23
50  BSW 3409 3072(Y) 1122
30  BSW 3791 3416(Y) 1123
10  WKW 4352 361
24
50  BSW 4219 1719
30  WKW 4416 386
10  WKW 4613 340
25
50  WKW 4650 4190(Y) 324
30  WKW 4710 4244(Y) 358
10  BSW 4865 1104
26
50  WKW 4763 4291(Y) 1676
30  BSW 4875 1174
10  BSW 5048 1157
27
50  BSW 2259 2036(Y) 1125
30  BSW 2284 2058(Y) 1158
10  WKW 3117 351
28
50  WKW 2264 2040(Y) 341
30  WKW 2372 308
10  WKW 2409 1587
29
50  BSW 2545 2293(Y) 1126
30  WKW 3614 1596
10  WKW 4297 325
30
50  WKW 2966 364
30  WKW 3294 323
10  WKW 3727 353
31
80  WKW 13210 120
40  BSW 14011 818
32
80  WKW 16884 686
40  BSW 17268 234
33
80  WKW 8372 688
40  BSW 10021 532
34
80  WKW 11882 691
40  BSW 12276 748
35
50  WKW 3103 2796(Y) 389
30  BSW 3407 1140
10  BSW 3505 1110
36
50  WKW 3402 3065(Y) 382
30  BSW 3918 1134
10  WKW 4069 1594
37
50  BSW 3091 1122
30  BSW 3577 3223(Y) 1108
10  BSW 3651 3290(Y) 1123
38
50  WKW 3953 307
30  WKW 4457 340
10  WKW 4463 1590
39
50  BSW 3829 1104
30  WKW 4401 3965(Y) 365
10  WKW 4456 358
40
50  WKW 3416 3078(Y) 1584
30  BSW 3869 1174
10  WKW 4484 333
41
50  BSW 2272 2047(Y) 1109
30  WKW 2291 359
10  BSW 2354 2121(Y) 1125
42
50  WKW 2000 308
30  WKW 2006 1587
10  WKW 2021 330
43
50  WKW 2644 1596
30  WKW 2723 2454(Y) 293
10  WKW 2797 2520(Y) 360
44
50  WKW 2900 364
30  BSW 2908 1654
10  WKW 2916 371
45
50  BSW 3875 1163
30  WKW 3975 297
10  WKW 4470 303
46
50  WKW 3944 378
30  BSW 4009 1128
10  BSW 4027 1172
47
50  WKW 5615 334
30  BSW 6219 5603(Y) 1110
10  BSW 6237 5619(Y) 1140
48
50  WKW 6502 5858(Y) 382
30  WKW 7826 369
10  BSW 8063 1134
49
50  BSW 6915 6230(Y) 1108
30  WKW 7801 305
10  WKW 7894 331
50
50  BSW 7139 1719
30  WKW 7399 6666(Y) 329
10  WKW 7603 345
51
50  WKW 7730 6964(Y) 365
30  BSW 9006 1152
10  WKW 9131 314
52
50  WKW 6506 5862(Y) 1584
30  WKW 8503 333
10  WKW 8872 388
53
50  WKW 3661 3299(Y) 313
30  BSW 4010 3613(Y) 1158
10  WKW 4201 3785(Y) 359
54
50  WKW 3706 330
30  WKW 3744 341
10  WKW 4627 322
55
50  WKW 5216 325
30  WKW 5281 1596
10  WKW 5681 293
56
50  WKW 5145 364
30  BSW 5541 1171
10  WKW 5980 381
57
50  BSW 3147 1110
30  WKW 3700 317
10  WKW 4365 1675
58
50  WKW 3605 337
30  WKW 4094 369
10  WKW 4547 363
59
50  WKW 4203 331
60
50  BSW 3249 1719
30  WKW 3666 329
10  WKW 3787 307
61
50  WKW 5016 324
30  BSW 5596 1152
10  WKW 5902 1589
62
50  BSW 4381 1167
30  BSW 5027 1157
10  BSW 5231 1151
63
50  WKW 2020 1820(Y) 313
30  BSW 2270 1109
10  BSW 2381 1158
64
50  WKW 2069 308
30  WKW 2355 290
10  WKW 2691 367
65
66
50  WKW 3260 323
30  BSW 3495 1171
67
80  WKW 14382 955
40  BSW 14663 824
68
80  WKW 13234 11923(Y) 1035
40  BSW 17706 750
SCORE:BSW,WKW,2170,3990,-182.0
