BSW-CH
1
50  CH 2521 2272(Y) 1666
30  CH 2840 1449
10  CH 2872 37
2
50  CH 2750 1454
30  CH 3001 2704(Y) 55
10  CH 3113 7
3
50  CH 3107 26
30  CH 3138 69
10  BSW 3291 2965(Y) 509
4
50  CH 2897 2610(Y) 115
30  CH 3008 1452
10  BSW 3189 2873(Y) 527
5
50  CH 2949 93
30  CH 3287 64
10  BSW 3861 3479(Y) 507
6
50  CH 3166 2853(Y) 45
30  CH 3415 77
10  CH 3573 3219(Y) 103
7
50  BSW 1694 1527(Y) 506
30  CH 1783 1460
10  BSW 1934 537
8
50  CH 1606 1447(Y) 111
30  CH 1668 1503(Y) 99
10  BSW 1733 1562(Y) 514
9
50  CH 2094 95
30  CH 2130 1919(Y) 17
10  CH 2171 108
10
50  CH 1883 1697(Y) 110
30  CH 1942 1750(Y) 67
10  CH 1966 1772(Y) 1457
11
50  CH 2124 1914(Y) 12
30  CH 3331 66
10  CH 3360 50
12
50  CH 2299 2072(Y) 101
30  CH 2325 2095(Y) 2
10  CH 3127 4
13
50  CH 6895 1666
30  CH 7326 37
10  CH 7728 1449
14
50  CH 6681 1454
30  CH 7440 7
10  CH 7681 55
15
50  CH 7984 69
30  CH 8241 26
10  BSW 8740 509
16
50  CH 7217 1452
30  CH 7599 115
10  BSW 8145 7338(Y) 527
17
50  CH 7391 93
30  CH 8168 7359(Y) 64
10  CH 10906 74
18
50  CH 7963 7174(Y) 45
30  CH 9296 103
10  CH 9315 77
19
50  CH 10096 1667
30  CH 11093 1460
10  CH 11722 47
20
50  BSW 9500 8559(Y) 514
30  CH 10100 102
10  CH 10752 111
21
50  CH 3684 37
30  BSW 3843 530
10  CH 3923 1449
22
50  CH 3613 1454
30  CH 3872 7
10  CH 4441 71
23
50  CH 4054 69
30  BSW 4666 552
10  CH 5059 75
24
50  CH 3838 1452
30  CH 4279 38
10  BSW 4356 3925(Y) 527
25
50  CH 4013 3616(Y) 93
30  CH 4526 4078(Y) 64
10  CH 5193 1467
26
50  CH 4497 45
30  CH 4517 103
10  CH 4758 114
27
50  CH 2455 1460
30  CH 2872 28
10  CH 2951 1461
28
50  CH 2191 102
30  CH 2419 2180(Y) 89
10  CH 2450 2208(Y) 111
29
50  CH 2525 2275(Y) 14
30  CH 3002 17
10  CH 3044 1453
30
50  CH 2622 2363(Y) 57
30  CH 2634 110
10  CH 2789 112
31
80  CH 12616 1328
40  BSW 16636 14988(Y) 1160
32
80  CH 15009 1330
40  BSW 20135 2043
33
80  CH 8573 1530
40  BSW 10535 1713
34
80  CH 9977 1874
35
50  CH 3082 1666
30  CH 3383 37
10  CH 3847 1449
36
50  CH 3238 2918(Y) 55
30  CH 3455 7
10  CH 3766 36
37
50  CH 3690 26
30  CH 3937 69
10  BSW 4107 509
38
50  CH 3419 3081(Y) 115
30  CH 3716 38
10  CH 3794 109
39
50  CH 3439 93
30  CH 4135 64
10  CH 5013 83
40
50  CH 3726 45
30  CH 3968 77
10  CH 4373 103
41
50  CH 2084 1667
30  BSW 2226 2006(Y) 506
10  BSW 2258 2035(Y) 537
42
50  BSW 1984 1788(Y) 514
30  CH 2096 1889(Y) 99
10  CH 2120 1910(Y) 111
43
50  CH 2592 2336(Y) 108
30  CH 2622 2363(Y) 14
10  CH 2778 95
44
50  CH 2177 1962(Y) 110
30  CH 2443 2201(Y) 67
10  CH 2455 2212(Y) 27
45
50  CH 2833 2553(Y) 12
30  CH 3769 50
10  CH 4050 84
46
50  CH 2768 2494(Y) 2
30  CH 3127 2818(Y) 101
10  CH 3559 113
47
50  CH 5520 4973(Y) 1666
30  CH 7346 42
10  BSW 7479 1526
48
50  CH 6147 1454
30  CH 6853 55
10  CH 7227 36
49
50  CH 7038 26
30  BSW 7422 6687(Y) 509
10  BSW 7852 552
50
50  CH 6343 1452
30  CH 6392 115
10  BSW 6950 6262(Y) 527
51
50  CH 8918 83
30  CH 9787 72
10  CH 9837 58
52
50  CH 7519 77
30  CH 8722 63
10  CH 9332 52
53
50  CH 3694 1667
30  BSW 4033 3634(Y) 506
10  CH 4220 1460
54
50  BSW 3658 3296(Y) 514
30  CH 3729 3360(Y) 99
10  CH 3976 102
55
50  CH 4762 95
30  CH 4874 4391(Y) 14
10  CH 5154 4644(Y) 108
56
50  CH 4218 3800(Y) 110
30  CH 4463 4021(Y) 57
10  CH 4735 4266(Y) 67
57
50  CH 3299 25
30  BSW 3363 530
10  CH 3729 1451
58
50  CH 3447 36
30  CH 3931 71
10  CH 4213 33
59
50  CH 6032 75
60
50  CH 3460 97
30  CH 4322 109
10  BSW 4804 503
61
50  CH 5362 58
30  CH 5538 74
62
50  CH 4784 54
30  CH 4996 13
10  CH 5155 52
63
50  CH 2071 1667
30  BSW 2272 537
10  BSW 2337 506
64
50  CH 1915 99
30  CH 2069 102
10  CH 2087 1881(Y) 11
65
50  CH 2471 95
30  CH 2844 17
10  CH 2953 12
66
50  CH 2461 2218(Y) 1457
30  CH 2466 2222(Y) 57
10  CH 2725 27
67
80  CH 12825 1877
40  BSW 16164 2044
68
80  CH 13582 1345
40  BSW 18222 1621
SCORE:BSW,CH,760,5450,-469.0
