BSW-BAR
1
50  BAR 2892 239
30  BSW 3046 2745(Y) 530
10  BAR 3127 244
2
50  BAR 3086 283
30  BAR 3150 2838(Y) 236
10  BAR 3277 250
3
50  BAR 3199 2882(Y) 249
30  BAR 3286 1507
10  BSW 3291 2965(Y) 509
4
50  BSW 3189 2873(Y) 527
30  BAR 3512 295
10  BAR 3661 237
5
50  BAR 3814 225
30  BSW 3861 3479(Y) 507
10  BAR 3884 293
6
50  BAR 3348 3017(Y) 298
30  BAR 3496 3150(Y) 228
10  BAR 3674 3310(Y) 297
7
50  BSW 1694 1527(Y) 506
30  BAR 1795 1618(Y) 224
10  BAR 1901 269
8
50  BAR 1684 1518(Y) 227
30  BSW 1733 1562(Y) 514
10  BSW 1794 549
9
50  BSW 2410 1518
30  BAR 2565 232
10  BSW 2593 508
10
50  BAR 2168 258
30  BAR 2291 223
10  BAR 2449 271
11
50  BAR 2566 2312(Y) 275
30  BSW 3490 539
10  BAR 3662 282
12
50  BAR 3204 301
30  BAR 4196 218
10  BSW 4756 548
13
50  BAR 7998 239
30  BSW 8191 7380(Y) 530
10  BAR 8331 244
14
50  BAR 7777 283
30  BAR 8485 300
10  BAR 8658 236
15
50  BAR 8387 249
30  BSW 8740 509
10  BAR 8829 289
16
50  BSW 8145 7338(Y) 527
30  BAR 9222 276
10  BAR 9292 230
17
50  BAR 10659 226
30  BSW 11413 507
10  BAR 12666 267
18
50  BAR 9833 297
30  BAR 10779 228
10  BAR 11393 1511
19
50  BAR 10602 9552(Y) 269
30  BSW 11849 537
10  BSW 12349 506
20
50  BSW 9500 8559(Y) 514
30  BAR 9689 8729(Y) 227
10  BSW 10978 549
21
50  BSW 3843 530
30  BAR 3977 239
10  BAR 4329 261
22
50  BAR 4060 3658(Y) 236
30  BAR 4408 300
10  BAR 4481 1502
23
50  BAR 4047 249
30  BAR 4521 1507
10  BAR 4572 289
24
50  BAR 4169 3756(Y) 237
30  BAR 4237 3818(Y) 276
10  BSW 4356 3925(Y) 527
25
50  BAR 5206 225
30  BAR 5661 216
10  BAR 5720 226
26
50  BAR 4333 3904(Y) 298
30  BAR 4582 4128(Y) 297
10  BAR 5073 1511
27
50  BAR 2577 2322(Y) 269
30  BAR 2663 1505
10  BAR 2813 1512
28
50  BAR 2299 2072(Y) 227
30  BSW 2472 514
10  BSW 2540 549
29
50  BSW 3477 1518
30  BSW 6028 559
30
50  BAR 3024 223
30  BAR 3065 258
10  BAR 3240 285
31
80  BAR 14630 1120
40  BSW 16636 14988(Y) 1160
32
80  BAR 17826 1469
40  BSW 20135 2043
33
80  BAR 9737 2024
40  BSW 10535 1713
34
80  BAR 12552 1663
35
50  BAR 3631 244
30  BAR 3775 239
10  BSW 3913 1526
36
50  BAR 3582 283
30  BAR 3763 300
10  BAR 4029 250
37
50  BSW 4107 509
30  BAR 4235 289
10  BAR 4357 249
38
50  BSW 3978 527
30  BAR 4275 295
10  BAR 4378 230
39
50  BAR 4737 4268(Y) 293
30  BAR 5001 225
10  BSW 5111 4605(Y) 507
40
50  BAR 4293 3868(Y) 298
30  BSW 4982 1521
10  BAR 4988 296
41
50  BSW 2226 2006(Y) 506
30  BSW 2258 2035(Y) 537
10  BAR 2305 2077(Y) 256
42
50  BSW 1984 1788(Y) 514
30  BAR 2388 227
10  BSW 2465 549
43
50  BSW 3159 508
30  BSW 3197 1518
10  BAR 3487 232
44
50  BSW 2666 523
30  BAR 2983 258
10  BAR 3119 1510
45
50  BAR 4713 275
46
50  BAR 4713 301
30  BAR 5498 218
10  BSW 5788 548
47
50  BSW 7479 1526
30  BAR 8280 261
10  BSW 9644 526
48
50  BAR 6716 283
30  BAR 6973 6282(Y) 236
10  BAR 7355 250
49
50  BSW 7422 6687(Y) 509
30  BSW 7852 552
10  BAR 7924 1507
50
50  BAR 7984 230
30  BAR 8237 295
10  BAR 8438 276
51
50  BAR 9143 226
30  BAR 9210 255
10  BAR 9619 225
52
50  BAR 7957 7169(Y) 298
30  BAR 9033 228
10  BAR 9438 296
53
50  BSW 4033 3634(Y) 506
30  BAR 4172 3759(Y) 269
10  BAR 4510 256
54
50  BAR 5095 280
30  BAR 5278 253
10  BSW 5367 545
55
50  BSW 5880 1518
30  BSW 6010 508
10  BAR 6418 232
56
50  BAR 4667 258
30  BAR 4811 4335(Y) 223
10  BAR 6019 229
57
50  BSW 3363 530
30  BSW 4317 1526
58
50  BAR 3880 250
30  BAR 3903 215
10  BAR 4854 252
59
50  BAR 3992 289
60
50  BAR 3965 230
30  BAR 4697 276
10  BSW 4804 503
61
50  BAR 5105 293
30  BAR 6421 222
10  BAR 6446 268
62
50  BAR 4404 228
30  BAR 4599 297
10  BSW 5466 1521
63
50  BSW 2272 537
30  BAR 2768 224
10  BAR 3520 286
64
50  BAR 2629 263
30  BAR 2646 280
10  BSW 2862 517
66
50  BAR 2420 223
30  BAR 2551 2299(Y) 229
10  BAR 3191 285
67
80  BSW 16164 2044
40  BAR 16704 2028
68
80  BAR 16356 2029
40  BSW 18222 1621
SCORE:BSW,BAR,1840,4230,-239.0
