BSW-SR-MD
1
50  SR-MD 2730 359
30  SR-MD 2784 1658
10  SR-MD 2925 315
2
50  SR-MD 2973 2679(Y) 354
30  SR-MD 3447 360
10  SR-MD 3522 334
3
50  SR-MD 2958 362
30  BSW 3291 2965(Y) 509
10  SR-MD 3353 314
4
50  SR-MD 3087 355
30  SR-MD 3173 325
10  BSW 3189 2873(Y) 527
5
50  SR-MD 3231 361
30  SR-MD 3323 2994(Y) 308
10  SR-MD 3627 377
6
50  SR-MD 3237 2917(Y) 316
30  SR-MD 3505 3158(Y) 352
10  SR-MD 3607 322
7
50  BSW 1694 1527(Y) 506
30  SR-MD 1801 1623(Y) 345
10  SR-MD 1887 317
8
50  SR-MD 1648 1485(Y) 387
30  SR-MD 1686 1519(Y) 392
10  BSW 1733 1562(Y) 514
9
50  SR-MD 1870 1685(Y) 307
30  SR-MD 1916 1727(Y) 375
10  SR-MD 2129 306
10
50  SR-MD 1973 1778(Y) 323
30  SR-MD 2042 1840(Y) 373
10  SR-MD 2128 372
11
50  BSW 3490 539
30  SR-MD 3633 371
10  SR-MD 3736 349
12
50  SR-MD 3747 1403
30  SR-MD 3754 376
10  SR-MD 3769 1395
13
50  SR-MD 6677 6016(Y) 1658
30  SR-MD 7169 359
10  SR-MD 7543 315
14
50  SR-MD 7813 354
30  SR-MD 8490 398
10  SR-MD 9063 360
15
50  SR-MD 8124 362
30  SR-MD 8719 314
10  BSW 8740 509
16
50  SR-MD 7992 325
30  BSW 8145 7338(Y) 527
10  SR-MD 8193 399
17
50  SR-MD 8661 7803(Y) 377
30  SR-MD 9799 308
10  BSW 11413 507
18
50  SR-MD 8122 316
30  SR-MD 9335 322
10  SR-MD 9522 352
19
50  BSW 11849 537
30  SR-MD 12061 317
10  BSW 12349 506
20
50  BSW 9500 8559(Y) 514
30  SR-MD 9875 8897(Y) 353
10  SR-MD 10331 9308(Y) 335
21
50  SR-MD 3704 359
30  SR-MD 3802 1658
10  BSW 3843 530
22
50  SR-MD 4518 398
30  SR-MD 4697 354
10  SR-MD 4953 360
23
50  SR-MD 3950 3559(Y) 314
30  BSW 4666 552
10  SR-MD 4886 1410
24
50  BSW 4356 3925(Y) 527
30  SR-MD 4358 3927(Y) 399
10  SR-MD 4500 325
25
50  SR-MD 4479 4036(Y) 308
30  SR-MD 4719 4252(Y) 377
10  SR-MD 5319 356
26
50  SR-MD 4183 3769(Y) 316
30  SR-MD 4514 4067(Y) 352
10  SR-MD 4569 4117(Y) 322
27
50  SR-MD 2577 397
30  SR-MD 2628 2368(Y) 345
10  SR-MD 2897 363
28
50  SR-MD 2241 2019(Y) 353
30  BSW 2472 514
10  SR-MD 2500 403
29
50  SR-MD 2609 2351(Y) 307
30  SR-MD 2810 357
10  SR-MD 3137 324
30
50  SR-MD 2598 2341(Y) 373
30  SR-MD 3454 372
10  SR-MD 3485 323
31
80  SR-MD 13766 1954
40  BSW 16636 14988(Y) 1160
32
80  SR-MD 16459 1513
40  BSW 20135 2043
33
80  SR-MD 8916 1723
40  BSW 10535 1713
34
80  SR-MD 10391 1519
35
50  SR-MD 3044 2743(Y) 1658
30  SR-MD 3341 3010(Y) 315
10  SR-MD 3413 359
36
50  SR-MD 3384 354
30  SR-MD 3985 360
10  SR-MD 4234 334
37
50  SR-MD 3765 362
30  BSW 4107 509
10  SR-MD 4280 390
38
50  SR-MD 3625 325
30  SR-MD 3747 355
10  BSW 3978 527
39
50  SR-MD 4105 3699(Y) 377
30  SR-MD 4321 3893(Y) 308
10  SR-MD 4603 361
40
50  SR-MD 4062 316
30  SR-MD 4170 3757(Y) 322
10  SR-MD 4447 4007(Y) 400
41
50  BSW 2226 2006(Y) 506
30  BSW 2258 2035(Y) 537
10  SR-MD 2385 2149(Y) 380
42
50  SR-MD 1976 1781(Y) 387
30  BSW 1984 1788(Y) 514
10  SR-MD 2168 1954(Y) 368
43
50  SR-MD 2204 1986(Y) 307
30  SR-MD 2446 2204(Y) 375
10  SR-MD 2699 2432(Y) 328
44
50  SR-MD 2396 2159(Y) 323
30  SR-MD 2559 373
10  BSW 2666 523
45
50  SR-MD 3749 349
30  SR-MD 4762 371
10  SR-MD 5640 1413
46
50  SR-MD 4259 1403
30  SR-MD 4312 341
10  SR-MD 4425 1395
47
50  SR-MD 6557 315
30  SR-MD 7069 313
10  SR-MD 7270 383
48
50  SR-MD 7625 398
30  SR-MD 7975 334
10  SR-MD 8759 339
49
50  SR-MD 6688 362
30  BSW 7422 6687(Y) 509
10  BSW 7852 552
50
50  SR-MD 6818 355
30  SR-MD 7223 399
10  SR-MD 8231 336
51
50  SR-MD 7549 361
30  SR-MD 9609 356
10  SR-MD 10036 1405
52
50  SR-MD 7930 7145(Y) 352
30  SR-MD 8985 346
10  SR-MD 9795 338
53
50  BSW 4033 3634(Y) 506
30  SR-MD 4138 3728(Y) 345
10  SR-MD 4429 317
54
50  SR-MD 3722 387
30  SR-MD 3978 3584(Y) 353
10  SR-MD 3997 3601(Y) 392
55
50  SR-MD 4353 3922(Y) 375
30  SR-MD 4780 4307(Y) 328
10  SR-MD 4971 306
56
50  SR-MD 4532 323
30  SR-MD 5060 372
10  SR-MD 5298 373
57
50  BSW 3363 530
30  SR-MD 3654 313
10  SR-MD 3710 383
58
50  SR-MD 3863 398
30  SR-MD 4437 334
59
50  SR-MD 3913 390
30  SR-MD 4462 314
10  SR-MD 4761 413
60
50  SR-MD 3484 355
30  SR-MD 3600 3244(Y) 399
10  SR-MD 4603 336
61
50  SR-MD 3872 361
30  SR-MD 7195 310
62
50  SR-MD 4051 3650(Y) 400
30  SR-MD 5108 338
10  SR-MD 5136 346
63
50  BSW 2272 537
30  SR-MD 2593 317
10  SR-MD 2616 345
64
50  SR-MD 1875 1690(Y) 387
30  SR-MD 1974 1779(Y) 335
10  SR-MD 2025 1825(Y) 368
65
50  SR-MD 2261 2037(Y) 307
30  SR-MD 2835 375
10  SR-MD 3247 306
66
50  SR-MD 2538 372
30  SR-MD 3167 396
10  SR-MD 3468 321
67
80  SR-MD 13818 1964
40  BSW 16164 2044
68
80  SR-MD 13772 1300
40  BSW 18222 1621
SCORE:BSW,SR-MD,980,5260,-428.0
