CASC-WRC
1
50  CASC 10350 2559
30  WRC 10759 2171
2
50  WRC 10377 2161
30  WRC 13057 2144
3
50  CASC 8249 2560
30  WRC 8371 2156
10  CASC 9192 2568
4
50  CASC 9625 2570
30  CASC 9843 2565
10  WRC 10200 2180
5
50  WRC 8003 2147
30  WRC 9690 2155
6
50  WRC 7619 2174
7
50  CASC 7566 2596
30  WRC 8182 2146
10  WRC 8594 2169
8
50  CASC 6676 2589
30  CASC 7000 2582
10  WRC 7292 2182
9
50  WRC 3100 2162
30  CASC 4132 2558
10
50  WRC 3732 2165
30  WRC 6075 2168
11
50  WRC 1881 2176
30  WRC 1968 2196
10  WRC 2449 2148
12
50  CASC 1967 2569
30  WRC 2313 2150
10  CASC 2387 2571
13
50  WRC 3889 2175
30  CASC 5127 2583
10  CASC 5346 2562
14
50  CASC 3920 2567
30  CASC 4271 2592
10  WRC 4383 2191
15
50  CASC 3326 2560
30  CASC 3459 2595
10  WRC 3553 2167
16
50  CASC 3723 2565
30  CASC 3791 2570
10  CASC 4378 2584
17
50  WRC 6896 2147
30  WRC 7375 2153
10  WRC 7397 2178
18
50  WRC 6674 2174
30  WRC 7522 2189
19
50  WRC 6727 2145
30  WRC 7127 2146
10  CASC 7263 2581
20
50  CASC 5976 2589
30  WRC 6001 2181
10  CASC 6106 2585
21
50  WRC 3722 2162
30  CASC 4897 2558
22
50  WRC 4550 2165
23
50  WRC 2194 2196
30  CASC 3091 2590
10  WRC 3359 2148
24
50  CASC 2707 2569
30  CASC 2839 2571
10  WRC 3389 2183
25
50  CASC 2255 2559
30  WRC 2256 2171
10  CASC 2664 2562
26
50  WRC 2103 2161
30  CASC 2159 2567
10  WRC 2347 2191
27
50  WRC 4144 2151
30  CASC 4156 2595
10  CASC 4365 2568
28
50  CASC 5026 2573
30  CASC 5736 2584
10  WRC 5894 2188
29
50  WRC 3476 2178
30  WRC 4006 2153
10  WRC 4513 2155
30
50  WRC 3546 2174
30  WRC 4187 2189
31
80  CASC 3307 2596
40  WRC 3850 2146
0  CASC 3897 2581
32
80  WRC 3201 2181
40  CASC 3368 2582
0  CASC 3454 2593
33
80  WRC 2358 2196
40  WRC 2458 2176
0  WRC 3150 2148
35
50  WRC 1814 2175
30  CASC 2100 2559
10  CASC 3109 2583
36
50  WRC 2018 2161
30  WRC 2403 2191
10  CASC 2600 2561
37
50  CASC 3762 2560
30  WRC 3987 2156
10  WRC 4400 2167
38
50  CASC 6298 2573
39
50  WRC 3559 2178
30  WRC 3650 2153
10  WRC 6052 2194
40
50  WRC 3512 2174
30  WRC 4271 2189
41
50  CASC 3334 2596
30  WRC 3456 2145
10  WRC 3719 2169
42
50  WRC 3052 2182
30  WRC 3094 2181
10  CASC 3113 2593
43
50  WRC 2683 2176
30  WRC 3264 2184
10  CASC 4173 2590
44
50  CASC 2689 2569
45
50  CASC 2417 2559
30  WRC 2627 2171
10  WRC 2653 2175
46
50  CASC 2299 2567
30  WRC 2445 2161
10  WRC 2487 2191
47
50  WRC 4069 2156
30  CASC 4506 2568
10  CASC 4766 2595
48
50  CASC 4834 2565
30  WRC 4896 2188
10  CASC 6075 2584
49
50  WRC 4226 2147
30  WRC 4882 2155
10  WRC 6945 2194
50
50  WRC 4032 2189
51
50  WRC 3802 2145
30  CASC 4516 2594
10  CASC 4555 2581
52
50  CASC 3417 2589
30  CASC 3541 2585
10  CASC 3601 2593
54
50  WRC 9339 1855
30  CASC 12204 1913
55
50  WRC 20388 1858
56
50  CASC 18359 1914
57
50  CASC 14158 1915
30  WRC 14518 1859
58
50  CASC 16135 1917
59
50  WRC 13206 1860
61
50  CASC 12488 1918
30  WRC 13246 1861
SCORE:CASC,WRC,2070,2760,-69.0
