CASC-GBP
1
50  CASC 10350 2559
30  GBP 11741 3412
10  GBP 13410 3402
2
50  GBP 9298 3408
30  GBP 9322 3416
10  GBP 11916 3391
3
50  CASC 8249 2560
30  CASC 9192 2568
10  CASC 10382 2591
4
50  CASC 9625 2570
30  CASC 9843 2565
10  GBP 10451 3407
6
50  GBP 7190 3414
30  GBP 8906 3399
10  GBP 8937 3401
7
50  GBP 7477 3415
30  CASC 7566 2596
8
50  CASC 6676 2589
30  CASC 7000 2582
10  CASC 7362 2566
9
50  GBP 2550 3410
30  GBP 3697 3404
10  GBP 3837 3409
11
50  GBP 2046 3413
30  GBP 2550 3410
10  GBP 2875 3396
12
50  GBP 1853 3388
30  CASC 1967 2569
10  CASC 2387 2571
13
50  GBP 3943 3412
30  CASC 5127 2583
10  CASC 5346 2562
14
50  GBP 3432 3408
30  CASC 3920 2567
10  CASC 4271 2592
15
50  CASC 3326 2560
30  CASC 3459 2595
10  CASC 3795 2576
16
50  CASC 3723 2565
30  CASC 3791 2570
10  GBP 3813 3407
18
50  GBP 8007 3399
30  GBP 8147 3400
19
50  GBP 6648 3415
30  GBP 7221 3418
10  CASC 7263 2581
20
50  CASC 5976 2589
30  CASC 6106 2585
10  CASC 6517 2593
21
50  GBP 3449 3404
30  GBP 3872 3410
10  CASC 4897 2558
23
50  GBP 2762 3396
30  CASC 3091 2590
10  GBP 3449 3404
24
50  GBP 2508 3388
30  GBP 2585 3395
10  CASC 2707 2569
25
50  CASC 2255 2559
30  GBP 2384 3412
10  CASC 2664 2562
26
50  GBP 1909 3416
30  CASC 2159 2567
10  CASC 2461 2561
27
50  CASC 4156 2595
30  CASC 4365 2568
10  CASC 4599 2580
28
50  CASC 5026 2573
30  GBP 5637 3407
10  CASC 5736 2584
30
50  GBP 3294 3414
30  GBP 5037 3400
31
80  CASC 3307 2596
40  CASC 3897 2581
32
80  CASC 3368 2582
40  CASC 3454 2593
0  CASC 3535 2585
33
80  GBP 2384 3413
34
80  GBP 2772 3388
40  GBP 3281 3395
35
50  CASC 2100 2559
30  GBP 2647 3412
10  GBP 3097 3402
36
50  GBP 1660 3408
30  GBP 2481 3391
10  CASC 2600 2561
37
50  CASC 3762 2560
30  CASC 4798 2580
10  GBP 5136 3417
38
50  CASC 6298 2573
40
50  GBP 3096 3414
30  GBP 4228 3399
10  GBP 4262 3401
41
50  CASC 3334 2596
30  CASC 4049 2594
42
50  CASC 3113 2593
30  CASC 3183 2585
10  CASC 3367 2566
43
50  GBP 3213 3413
30  CASC 4173 2590
44
50  CASC 2689 2569
30  GBP 3047 3403
10  GBP 3172 3388
45
50  CASC 2417 2559
30  CASC 2814 2583
10  GBP 3181 3402
46
50  GBP 2090 3416
30  CASC 2299 2567
10  GBP 2550 3406
47
50  CASC 4506 2568
30  CASC 4766 2595
10  CASC 5298 2574
48
50  CASC 4834 2565
30  GBP 5239 3407
10  CASC 6075 2584
50
50  GBP 4584 3400
30  GBP 5112 3401
51
50  GBP 4132 3418
30  CASC 4516 2594
10  CASC 4555 2581
52
50  CASC 3417 2589
30  CASC 3541 2585
10  CASC 3601 2593
54
50  GBP 9875 2033
30  CASC 12204 1913
56
50  GBP 16283 2035
30  CASC 18359 1914
57
50  CASC 14158 1915
58
50  CASC 16135 1917
60
50  GBP 13453 2036
61
50  CASC 12488 1918
SCORE:CASC,GBP,2310,2080,23.0
