CASC-SPL
1
50  SPL 8802 1687
30  CASC 10350 2559
2
50  SPL 8844 1719
30  SPL 12689 1653
3
50  CASC 8249 2560
30  SPL 8969 1739
10  CASC 9192 2568
4
50  SPL 9290 1705
30  SPL 9620 1671
10  CASC 9625 2570
5
50  SPL 7969 1720
6
50  SPL 7284 1689
30  SPL 8876 1666
7
50  SPL 7357 1698
30  CASC 7566 2596
10  SPL 7863 1697
8
50  CASC 6676 2589
30  CASC 7000 2582
10  CASC 7362 2566
9
50  SPL 3863 1722
30  CASC 4132 2558
10  SPL 4440 1735
10
50  SPL 3256 1677
30  SPL 4251 1702
10  SPL 4288 1673
11
50  SPL 1950 1672
30  SPL 2012 1708
10  SPL 2412 1657
12
50  CASC 1967 2569
30  CASC 2387 2571
10  SPL 2437 1691
13
50  SPL 3444 1687
30  SPL 4902 1713
10  SPL 4925 1738
14
50  SPL 3591 1719
30  SPL 3692 1670
10  CASC 3920 2567
15
50  CASC 3326 2560
30  CASC 3459 2595
10  SPL 3532 1739
16
50  SPL 3479 1665
30  CASC 3723 2565
10  CASC 3791 2570
17
50  SPL 6478 1718
30  SPL 8753 1704
10  SPL 13043 1706
18
50  SPL 6409 1689
30  SPL 8355 1727
19
50  SPL 6384 1698
30  SPL 7006 1697
10  CASC 7263 2581
20
50  CASC 5976 2589
30  CASC 6106 2585
10  CASC 6517 2593
21
50  SPL 4433 1722
30  CASC 4897 2558
10  SPL 5750 1696
22
50  SPL 5737 1677
30  SPL 5804 1716
10  SPL 6652 1658
23
50  SPL 2555 1708
30  SPL 2828 1715
10  SPL 3084 1729
24
50  SPL 2646 1726
30  CASC 2707 2569
10  CASC 2839 2571
25
50  CASC 2255 2559
30  SPL 2515 1647
10  SPL 2518 1717
26
50  SPL 1913 1719
30  CASC 2159 2567
10  CASC 2461 2561
27
50  CASC 4156 2595
30  CASC 4365 2568
10  SPL 4400 1709
28
50  CASC 5026 2573
30  SPL 5351 1669
10  CASC 5736 2584
29
50  SPL 4667 1711
30  SPL 6367 1706
30
50  SPL 3484 1689
30  SPL 3934 1666
31
80  CASC 3307 2596
40  SPL 3483 1698
0  SPL 3735 1649
32
80  CASC 3368 2582
40  CASC 3454 2593
0  CASC 3535 2585
33
80  SPL 3037 1676
40  SPL 3209 1715
0  SPL 3710 1734
35
50  CASC 2100 2559
30  SPL 2331 1690
10  SPL 2492 1713
36
50  SPL 1860 1670
30  SPL 2421 1653
10  SPL 2546 1655
37
50  CASC 3762 2560
30  SPL 4055 1739
10  SPL 4759 1709
38
50  SPL 3981 1705
30  SPL 4577 1671
10  SPL 4672 1679
39
50  SPL 3246 1718
30  SPL 3531 1720
40
50  SPL 4193 1727
41
50  CASC 3334 2596
30  SPL 3366 1697
10  SPL 3625 1649
42
50  CASC 3113 2593
30  CASC 3183 2585
10  CASC 3367 2566
43
50  SPL 2652 1672
30  SPL 3321 1715
10  SPL 3331 1654
44
50  CASC 2689 2569
30  SPL 3371 1699
10  SPL 3403 1726
45
50  SPL 2033 1687
30  CASC 2417 2559
10  SPL 2546 1738
46
50  CASC 2299 2567
30  SPL 2422 1653
10  CASC 2747 2592
47
50  CASC 4506 2568
30  CASC 4766 2595
10  SPL 5018 1652
48
50  CASC 4834 2565
30  SPL 5462 1700
10  CASC 6075 2584
49
50  SPL 5095 1704
30  SPL 5615 1711
50
50  SPL 4475 1666
30  SPL 5344 1727
51
50  SPL 4402 1712
30  SPL 4475 1664
10  CASC 4516 2594
52
50  CASC 3417 2589
30  CASC 3541 2585
10  CASC 3601 2593
53
50  SPL 18907 1804
54
50  SPL 9289 1796
30  CASC 12204 1913
55
50  SPL 20778 1798
56
50  CASC 18359 1914
57
50  CASC 14158 1915
30  SPL 17312 1800
58
50  SPL 15425 1801
30  CASC 16135 1917
59
50  SPL 13914 1802
61
50  CASC 12488 1918
30  SPL 13256 1803
SCORE:CASC,SPL,1890,3140,-125.0
