CASC-DUL
1
50  CASC 10350 2559
30  DUL 10606 1303
10  DUL 11379 1307
3
50  CASC 8249 2560
30  CASC 9192 2568
10  DUL 9243 1320
4
50  CASC 9625 2570
30  CASC 9843 2565
10  DUL 10659 1300
5
50  DUL 9208 1347
30  DUL 9752 1319
10  DUL 10513 1298
7
50  CASC 7566 2596
30  DUL 8048 1349
10  DUL 8394 1296
8
50  CASC 6676 2589
30  CASC 7000 2582
10  DUL 7197 1305
9
50  DUL 3522 1291
30  DUL 3850 1313
10  CASC 4132 2558
10
50  DUL 3298 1361
30  DUL 4187 1325
10  DUL 4641 1336
11
50  DUL 2237 1318
30  DUL 2304 1322
10  DUL 2405 1330
12
50  CASC 1967 2569
30  DUL 2127 1297
10  CASC 2387 2571
13
50  DUL 4160 1303
30  DUL 4350 1338
10  DUL 4498 1331
14
50  CASC 3920 2567
30  CASC 4271 2592
10  CASC 4516 2564
15
50  CASC 3326 2560
30  CASC 3459 2595
10  CASC 3795 2576
16
50  CASC 3723 2565
30  CASC 3791 2570
10  CASC 4378 2584
17
50  DUL 10604 1345
30  DUL 13283 1350
19
50  CASC 7263 2581
30  DUL 8299 1356
10  DUL 8634 1348
20
50  CASC 5976 2589
30  CASC 6106 2585
10  CASC 6517 2593
21
50  DUL 3983 1332
30  DUL 4739 1352
10  CASC 4897 2558
22
50  DUL 4059 1361
30  DUL 6140 1309
23
50  DUL 2695 1337
30  DUL 2847 1351
10  CASC 3091 2590
24
50  CASC 2707 2569
30  CASC 2839 2571
10  DUL 2994 1297
25
50  DUL 2093 1303
30  DUL 2238 1304
10  CASC 2255 2559
26
50  CASC 2159 2567
30  CASC 2461 2561
10  CASC 2643 2564
27
50  CASC 4156 2595
30  CASC 4365 2568
10  CASC 4599 2580
28
50  CASC 5026 2573
30  DUL 5527 1300
10  CASC 5736 2584
29
50  DUL 4352 1347
30  DUL 4490 1319
10  DUL 5725 1345
31
80  CASC 3307 2596
40  CASC 3897 2581
0  DUL 3909 1349
32
80  CASC 3368 2582
40  CASC 3454 2593
0  CASC 3535 2585
33
80  DUL 2739 1337
40  DUL 3487 1351
35
50  DUL 1873 1303
30  CASC 2100 2559
10  DUL 2175 1304
36
50  CASC 2600 2561
30  CASC 2771 2592
10  CASC 2843 2564
37
50  CASC 3762 2560
30  DUL 4325 1320
10  DUL 4438 1294
38
50  DUL 4950 1300
30  CASC 6298 2573
39
50  DUL 3977 1347
30  DUL 4454 1319
10  DUL 5547 1298
41
50  CASC 3334 2596
30  DUL 3374 1349
10  DUL 3887 1296
42
50  CASC 3113 2593
30  DUL 3122 1305
10  CASC 3183 2585
43
50  DUL 2877 1322
30  DUL 3127 1337
10  DUL 3831 1306
44
50  CASC 2689 2569
45
50  DUL 2291 1307
30  CASC 2417 2559
10  DUL 2775 1331
46
50  CASC 2299 2567
30  CASC 2747 2592
10  DUL 2757 1293
47
50  CASC 4506 2568
30  CASC 4766 2595
10  DUL 5163 1320
48
50  CASC 4834 2565
30  DUL 5469 1300
10  CASC 6075 2584
49
50  DUL 4732 1347
30  DUL 5381 1298
10  DUL 5534 1319
51
50  DUL 4042 1296
30  DUL 4289 1349
10  DUL 4327 1357
52
50  CASC 3417 2589
30  DUL 3484 1295
10  CASC 3541 2585
53
50  DUL 18537 1749
54
50  DUL 12181 1742
30  CASC 12204 1913
55
50  DUL 24027 1744
56
50  CASC 18359 1914
57
50  CASC 14158 1915
30  DUL 16909 1746
58
50  CASC 16135 1917
61
50  CASC 12488 1918
30  DUL 13150 1748
SCORE:CASC,DUL,2310,2200,11.0
