CASC-NSC
1
50  CASC 10350 2559
30  NSC 10734 638
10  NSC 10903 666
2
50  NSC 10994 632
30  NSC 11871 607
10  NSC 15677 668
3
50  NSC 7928 660
30  CASC 8249 2560
10  CASC 9192 2568
4
50  CASC 9625 2570
30  CASC 9843 2565
10  NSC 10388 671
5
50  NSC 7594 612
30  NSC 9172 625
6
50  NSC 7116 595
30  NSC 8581 601
10  NSC 8669 589
7
50  NSC 7146 664
30  CASC 7566 2596
10  NSC 7884 584
8
50  NSC 6128 586
30  CASC 6676 2589
10  CASC 7000 2582
9
50  NSC 2872 634
30  NSC 3075 651
10  NSC 3385 674
10
50  NSC 3440 644
30  NSC 3666 630
10  NSC 4779 654
11
50  NSC 2137 672
30  NSC 2175 643
10  NSC 2285 611
12
50  CASC 1967 2569
30  NSC 2081 606
10  CASC 2387 2571
13
50  NSC 4031 640
30  NSC 4131 638
10  NSC 4587 618
14
50  NSC 3841 627
30  CASC 3920 2567
10  NSC 4163 677
15
50  CASC 3326 2560
30  CASC 3459 2595
10  CASC 3795 2576
16
50  CASC 3723 2565
30  CASC 3791 2570
10  NSC 3888 642
17
50  NSC 7472 656
30  NSC 8125 669
10  NSC 8218 604
18
50  NSC 7620 617
30  NSC 7872 589
10  NSC 8006 570
19
50  NSC 6697 573
30  NSC 7000 584
10  CASC 7263 2581
20
50  NSC 5459 586
30  NSC 5678 661
10  CASC 5976 2589
21
50  NSC 3888 634
30  NSC 4450 651
10  NSC 4558 575
22
50  NSC 4485 644
30  NSC 5784 654
23
50  NSC 2553 643
30  NSC 2566 665
10  NSC 2839 648
24
50  CASC 2707 2569
30  NSC 2825 606
10  CASC 2839 2571
25
50  NSC 2138 638
30  NSC 2170 666
10  CASC 2255 2559
26
50  NSC 2112 627
30  CASC 2159 2567
10  NSC 2384 677
27
50  NSC 3566 660
30  CASC 4156 2595
10  CASC 4365 2568
28
50  NSC 4747 642
30  CASC 5026 2573
10  NSC 5616 613
29
50  NSC 3691 612
30  NSC 4012 656
10  NSC 4510 667
30
50  NSC 4118 592
30  NSC 4137 617
10  NSC 4447 589
31
80  CASC 3307 2596
40  NSC 3358 664
0  NSC 3612 594
32
80  NSC 2969 586
40  CASC 3368 2582
0  NSC 3428 569
33
80  NSC 2650 665
40  NSC 2703 672
0  NSC 2825 603
34
80  NSC 2619 606
35
50  NSC 2060 640
30  CASC 2100 2559
10  NSC 2512 618
36
50  NSC 2269 631
30  NSC 2356 633
10  CASC 2600 2561
37
50  NSC 3546 660
30  CASC 3762 2560
10  NSC 4490 576
38
50  NSC 5213 671
30  CASC 6298 2573
39
50  NSC 3901 656
30  NSC 4338 669
10  NSC 4578 604
40
50  NSC 3934 601
30  NSC 3941 592
10  NSC 4331 570
41
50  NSC 3315 573
30  CASC 3334 2596
10  NSC 3440 567
42
50  NSC 2939 661
30  NSC 3104 591
10  CASC 3113 2593
43
50  NSC 2800 672
30  NSC 3390 626
10  NSC 3700 648
44
50  CASC 2689 2569
30  NSC 2832 621
10  NSC 4644 614
45
50  CASC 2417 2559
30  NSC 2497 640
10  NSC 2538 666
46
50  CASC 2299 2567
30  NSC 2409 632
10  NSC 2559 622
47
50  CASC 4506 2568
30  CASC 4766 2595
10  NSC 5122 593
48
50  CASC 4834 2565
30  NSC 5044 671
10  NSC 5400 613
49
50  NSC 4059 612
30  NSC 4425 625
10  NSC 4694 667
50
50  NSC 3590 595
30  NSC 4453 592
51
50  NSC 3763 664
30  NSC 4044 567
10  NSC 4137 594
52
50  CASC 3417 2589
30  CASC 3541 2585
10  NSC 3544 661
53
50  NSC 15700 1685
54
50  NSC 9860 1672
30  CASC 12204 1913
55
50  NSC 20914 1675
56
50  NSC 17615 1677
30  CASC 18359 1914
57
50  CASC 14158 1915
30  NSC 15450 1679
58
50  CASC 16135 1917
59
50  NSC 14494 1682
60
50  NSC 12959 1683
61
50  NSC 12194 1684
30  CASC 12488 1918
SCORE:CASC,NSC,1500,3790,-229.0
