CASC-HH
1
50  CASC 10350 2559
30  HH 10833 2255
10  HH 10937 2250
2
50  HH 11531 2218
30  HH 12748 2221
10  HH 14319 2273
3
50  CASC 8249 2560
30  HH 8407 2211
10  CASC 9192 2568
4
50  CASC 9625 2570
30  CASC 9843 2565
10  HH 11712 2279
5
50  HH 7706 2236
30  HH 7812 2240
10  HH 8182 2224
6
50  HH 8663 2233
30  HH 9413 2227
10  HH 10125 2269
7
50  CASC 7566 2596
30  HH 7733 2237
10  HH 8933 2246
8
50  CASC 6676 2589
30  CASC 7000 2582
10  HH 7209 2235
9
50  HH 4109 2220
30  CASC 4132 2558
10  HH 5221 2214
10
50  HH 3377 2222
30  HH 3744 2225
10  HH 6128 2290
11
50  HH 2287 2212
30  HH 2390 2230
10  HH 2678 2213
12
50  CASC 1967 2569
30  CASC 2387 2571
10  HH 2565 2260
13
50  HH 4202 2249
30  HH 4503 2255
10  HH 4897 2287
14
50  CASC 3920 2567
30  CASC 4271 2592
10  HH 4512 2221
15
50  HH 3227 2211
30  CASC 3326 2560
10  CASC 3459 2595
16
50  CASC 3723 2565
30  CASC 3791 2570
10  HH 3967 2266
17
50  HH 6947 2240
30  HH 7712 2223
10  HH 7895 2253
18
50  HH 8103 2227
30  HH 9845 2204
10  HH 9954 2271
19
50  HH 6752 2237
30  CASC 7263 2581
10  HH 7974 2206
20
50  CASC 5976 2589
30  CASC 6106 2585
10  CASC 6517 2593
21
50  CASC 4897 2558
30  HH 5075 2214
10  HH 5333 2220
22
50  HH 5363 2225
30  HH 5694 2222
10  HH 7483 2290
23
50  HH 3027 2289
30  CASC 3091 2590
10  HH 3149 2230
24
50  CASC 2707 2569
30  CASC 2839 2571
10  HH 4215 2274
25
50  CASC 2255 2559
30  HH 2290 2255
10  HH 2331 2249
26
50  CASC 2159 2567
30  CASC 2461 2561
10  CASC 2643 2564
27
50  CASC 4156 2595
30  CASC 4365 2568
10  CASC 4599 2580
28
50  HH 4889 2248
30  CASC 5026 2573
10  HH 5064 2266
29
50  HH 3628 2236
30  HH 3878 2223
10  HH 3909 2224
30
50  HH 4996 2269
30  HH 5063 2227
10  HH 6102 2271
31
80  CASC 3307 2596
40  HH 3649 2237
0  CASC 3897 2581
32
80  CASC 3368 2582
40  CASC 3454 2593
0  CASC 3535 2585
33
80  HH 3238 2212
40  HH 3519 2230
0  HH 3922 2289
34
80  HH 4222 2260
40  HH 5513 2239
35
50  HH 1913 2263
30  HH 2028 2249
10  CASC 2100 2559
36
50  HH 2421 2218
30  CASC 2600 2561
10  HH 2652 2221
37
50  CASC 3762 2560
30  HH 3806 2211
10  HH 4734 2285
38
50  HH 5450 2268
30  HH 5463 2248
10  HH 5563 2279
39
50  HH 3508 2240
30  HH 3614 2224
10  HH 3709 2223
40
50  HH 4760 2269
30  HH 5189 2204
10  HH 5371 2271
41
50  HH 3301 2237
30  CASC 3334 2596
10  HH 3977 2246
42
50  CASC 3113 2593
30  CASC 3183 2585
10  CASC 3367 2566
43
50  HH 4070 2198
30  CASC 4173 2590
10  HH 4343 2291
44
50  CASC 2689 2569
45
50  HH 2358 2250
30  CASC 2417 2559
10  HH 2470 2263
46
50  CASC 2299 2567
30  CASC 2747 2592
10  CASC 2795 2561
47
50  CASC 4506 2568
30  CASC 4766 2595
10  HH 4890 2285
48
50  CASC 4834 2565
30  CASC 6075 2584
49
50  HH 3832 2236
30  HH 4790 2278
10  HH 4977 2280
50
50  HH 5039 2271
30  HH 6403 2201
51
50  CASC 4516 2594
30  HH 4534 2246
10  CASC 4555 2581
52
50  CASC 3417 2589
30  CASC 3541 2585
10  CASC 3601 2593
53
50  HH 18253 1874
54
50  HH 11083 1862
30  CASC 12204 1913
55
50  HH 17450 1864
56
50  CASC 18359 1914
30  HH 20332 1866
57
50  CASC 14158 1915
30  HH 15031 1868
58
50  CASC 16135 1917
30  HH 18633 1869
59
50  HH 13502 1870
61
50  HH 12364 1873
30  CASC 12488 1918
SCORE:CASC,HH,2300,2990,-69.0
