CASC-WV
1
50  WV 9634 3126
30  CASC 10350 2559
10  WV 10830 3164
2
50  WV 9582 3183
30  WV 10834 3137
10  WV 12243 3138
3
50  CASC 8249 2560
30  WV 8547 3175
10  CASC 9192 2568
4
50  WV 9062 3187
30  CASC 9625 2570
10  CASC 9843 2565
5
50  WV 8203 3127
30  WV 9550 3188
10  WV 10028 3174
6
50  WV 8053 3169
7
50  CASC 7566 2596
30  WV 7778 3180
10  WV 8888 3143
8
50  CASC 6676 2589
30  CASC 7000 2582
10  CASC 7362 2566
9
50  WV 2925 3155
30  CASC 4132 2558
10  WV 4315 3166
10
50  WV 4763 3145
30  WV 10260 3149
10  WV 12916 3161
11
50  WV 1953 3125
30  WV 2356 3184
10  WV 2358 3179
12
50  CASC 1967 2569
30  WV 2122 3186
10  WV 2162 3157
13
50  WV 3669 3126
30  WV 4250 3154
10  WV 4362 3173
14
50  WV 3866 3137
30  CASC 3920 2567
10  WV 4043 3183
15
50  WV 3300 3175
30  CASC 3326 2560
10  CASC 3459 2595
16
50  CASC 3723 2565
30  CASC 3791 2570
10  CASC 4378 2584
17
50  WV 8916 3188
30  WV 9272 3174
10  WV 9353 3133
18
50  WV 7144 3169
19
50  WV 6813 3180
30  CASC 7263 2581
10  WV 8390 3142
20
50  CASC 5976 2589
30  CASC 6106 2585
10  CASC 6517 2593
21
50  WV 4028 3155
30  CASC 4897 2558
10  WV 4987 3166
22
50  WV 5456 3161
30  WV 9569 3145
10  WV 16103 3149
23
50  WV 2531 3125
30  WV 3012 3184
10  WV 3021 3179
24
50  CASC 2707 2569
30  CASC 2839 2571
10  WV 2869 3157
25
50  CASC 2255 2559
30  WV 2540 3173
10  CASC 2664 2562
26
50  CASC 2159 2567
30  WV 2374 3128
10  WV 2384 3137
27
50  WV 3719 3175
30  CASC 4156 2595
10  CASC 4365 2568
28
50  CASC 5026 2573
30  CASC 5736 2584
10  WV 7090 3150
29
50  WV 3922 3127
30  WV 5481 3133
31
80  CASC 3307 2596
40  CASC 3897 2581
0  WV 4296 3143
32
80  CASC 3368 2582
40  CASC 3454 2593
0  CASC 3535 2585
33
80  WV 2975 3179
40  WV 4516 3160
0  WV 6890 3185
34
80  WV 3246 3157
40  WV 3944 3148
0  WV 3975 3168
35
50  WV 2047 3126
30  WV 2066 3164
10  CASC 2100 2559
36
50  WV 2003 3183
30  WV 2541 3135
10  WV 2578 3128
37
50  CASC 3762 2560
30  CASC 4798 2580
10  WV 5409 3151
38
50  WV 5762 3153
30  CASC 6298 2573
39
50  WV 3641 3127
30  WV 4318 3188
10  WV 4556 3174
40
50  WV 3619 3169
41
50  CASC 3334 2596
30  CASC 4049 2594
10  WV 4306 3163
42
50  CASC 3113 2593
30  CASC 3183 2585
10  CASC 3367 2566
43
50  WV 3034 3125
30  WV 3416 3184
10  CASC 4173 2590
44
50  CASC 2689 2569
30  WV 2947 3186
10  WV 4212 3168
45
50  WV 2325 3173
30  CASC 2417 2559
10  WV 2512 3154
46
50  CASC 2299 2567
30  CASC 2747 2592
10  CASC 2795 2561
47
50  CASC 4506 2568
30  WV 4675 3175
10  CASC 4766 2595
48
50  CASC 4834 2565
30  WV 5571 3153
10  CASC 6075 2584
49
50  WV 4422 3127
30  WV 4728 3188
10  WV 4981 3174
50
50  WV 4337 3169
51
50  WV 4218 3180
30  CASC 4516 2594
10  CASC 4555 2581
52
50  CASC 3417 2589
30  CASC 3541 2585
10  CASC 3601 2593
53
50  WV 28353 1996
54
50  WV 9372 1991
30  CASC 12204 1913
55
50  WV 16756 1993
56
50  WV 16555 1994
30  CASC 18359 1914
57
50  CASC 14158 1915
58
50  CASC 16135 1917
61
50  CASC 12488 1918
30  WV 13737 1995
SCORE:CASC,WV,2140,2830,-69.0
