CASC-CC
1
50  CASC 10350 2559
30  CC 10921 2939
2
50  CC 8850 2949
3
50  CC 8118 2938
30  CASC 8249 2560
10  CC 8262 2957
4
50  CC 8034 2948
30  CASC 9625 2570
10  CASC 9843 2565
5
50  CC 7882 2954
30  CC 9281 2937
10  CC 9328 2952
6
50  CC 8156 2963
30  CC 8302 2944
7
50  CASC 7566 2596
30  CC 9441 2943
8
50  CC 6620 2964
30  CASC 6676 2589
10  CASC 7000 2582
9
50  CC 3234 2960
30  CASC 4132 2558
11
50  CC 2302 2951
30  CASC 3012 2590
10  CASC 4024 2575
12
50  CC 1919 2950
30  CASC 1967 2569
10  CASC 2387 2571
13
50  CC 4125 2959
30  CC 4578 2958
10  CC 4686 2961
14
50  CASC 3920 2567
30  CASC 4271 2592
10  CASC 4516 2564
15
50  CC 3222 2938
30  CC 3295 2957
10  CASC 3326 2560
16
50  CC 3277 2948
30  CASC 3723 2565
10  CASC 3791 2570
17
50  CC 7166 2937
30  CC 7925 2942
10  CC 8272 2955
18
50  CC 6925 2944
19
50  CASC 7263 2581
20
50  CASC 5976 2589
30  CASC 6106 2585
10  CC 6203 2934
21
50  CC 2950 2960
30  CASC 4897 2558
23
50  CC 2725 2951
30  CASC 3091 2590
10  CC 4975 2962
24
50  CC 2439 2950
30  CASC 2707 2569
10  CASC 2839 2571
25
50  CC 2207 2939
30  CASC 2255 2559
10  CC 2372 2958
26
50  CC 1737 2949
30  CASC 2159 2567
10  CASC 2461 2561
27
50  CASC 4156 2595
30  CC 4340 2965
10  CASC 4365 2568
28
50  CASC 5026 2573
30  CASC 5736 2584
10  CC 8178 2956
29
50  CC 4219 2937
30  CC 4225 2952
10  CC 4957 2955
30
50  CC 3806 2944
30  CC 3850 2963
31
80  CASC 3307 2596
40  CASC 3897 2581
0  CC 4707 2943
32
80  CC 3128 2964
40  CASC 3368 2582
0  CASC 3454 2593
34
80  CC 2484 2950
35
50  CC 2038 2939
30  CASC 2100 2559
10  CC 2359 2959
36
50  CC 1658 2949
30  CASC 2600 2561
10  CASC 2771 2592
37
50  CC 3522 2938
30  CC 3640 2957
10  CASC 3762 2560
38
50  CC 3847 2948
30  CASC 6298 2573
39
50  CC 3449 2954
30  CC 3895 2942
10  CC 4238 2952
40
50  CC 3527 2944
30  CC 4050 2963
41
50  CASC 3334 2596
30  CASC 4049 2594
10  CC 4125 2943
42
50  CC 2822 2964
30  CASC 3113 2593
10  CASC 3183 2585
43
50  CC 3131 2951
30  CASC 4173 2590
44
50  CASC 2689 2569
30  CC 2945 2950
45
50  CASC 2417 2559
30  CC 2420 2939
10  CC 2485 2958
46
50  CASC 2299 2567
30  CC 2719 2936
10  CASC 2747 2592
47
50  CASC 4506 2568
30  CC 4600 2965
10  CASC 4766 2595
48
50  CC 4097 2948
30  CASC 4834 2565
10  CASC 6075 2584
49
50  CC 3807 2954
30  CC 4456 2942
10  CC 5294 2955
50
50  CC 4108 2963
51
50  CASC 4516 2594
30  CASC 4555 2581
10  CC 5260 2943
52
50  CC 3294 2964
30  CASC 3417 2589
10  CASC 3541 2585
54
50  CASC 12204 1913
56
50  CASC 18359 1914
30  CC 19707 1970
57
50  CASC 14158 1915
30  CC 15841 1971
58
50  CASC 16135 1917
59
50  CC 13789 1972
61
50  CASC 12488 1918
SCORE:CASC,CC,1950,2610,-66.0
