CASC-ROR
1
50  ROR 9794 13
30  CASC 10350 2559
10  ROR 10469 56
2
50  ROR 10266 6
3
50  ROR 7756 33
30  ROR 8009 14
10  CASC 8249 2560
4
50  ROR 7966 7
30  CASC 9625 2570
10  CASC 9843 2565
5
50  ROR 7441 10
6
50  ROR 7169 27
30  ROR 8022 64
7
50  ROR 7410 35
30  CASC 7566 2596
10  ROR 9194 23
8
50  ROR 6656 68
30  CASC 6676 2589
10  CASC 7000 2582
9
50  ROR 2537 63
30  ROR 3150 31
10  CASC 4132 2558
10
50  ROR 3291 67
30  ROR 4050 39
10  ROR 5797 9
11
50  ROR 1994 48
30  ROR 2388 21
10  ROR 2540 58
12
50  CASC 1967 2569
30  ROR 2081 32
10  ROR 2137 5
13
50  ROR 3966 15
30  ROR 3968 56
10  ROR 3978 13
14
50  CASC 3920 2567
30  CASC 4271 2592
10  ROR 4316 20
15
50  CASC 3326 2560
30  CASC 3459 2595
10  CASC 3795 2576
16
50  ROR 3175 36
30  CASC 3723 2565
10  CASC 3791 2570
17
50  ROR 6372 47
30  ROR 7128 57
10  ROR 7938 18
18
50  ROR 6254 28
30  ROR 6944 64
19
50  ROR 6487 35
30  CASC 7263 2581
10  ROR 7791 24
20
50  ROR 5890 68
30  CASC 5976 2589
10  CASC 6106 2585
21
50  ROR 2909 63
30  CASC 4897 2558
22
50  ROR 3997 67
30  ROR 5540 39
10  ROR 7285 9
23
50  ROR 2778 21
30  CASC 3091 2590
10  ROR 3097 66
24
50  ROR 2470 5
30  ROR 2659 49
10  CASC 2707 2569
25
50  ROR 2044 56
30  CASC 2255 2559
10  ROR 2278 15
26
50  ROR 2088 26
30  CASC 2159 2567
10  CASC 2461 2561
27
50  ROR 3778 16
30  CASC 4156 2595
10  CASC 4365 2568
28
50  ROR 3850 36
30  ROR 4956 59
10  CASC 5026 2573
29
50  ROR 3806 57
30  ROR 4128 69
10  ROR 4562 60
30
50  ROR 3847 25
31
80  CASC 3307 2596
40  ROR 3550 35
0  ROR 3828 24
32
80  CASC 3368 2582
40  CASC 3454 2593
0  CASC 3535 2585
33
80  ROR 2116 34
40  ROR 2636 48
0  ROR 3409 66
34
80  ROR 2250 38
40  ROR 2288 5
0  ROR 2943 32
35
50  ROR 1889 61
30  CASC 2100 2559
10  ROR 2712 30
36
50  ROR 1883 6
30  ROR 2194 26
10  ROR 2291 17
37
50  ROR 3327 33
30  ROR 3482 14
10  CASC 3762 2560
38
50  ROR 3441 7
30  ROR 5214 44
10  ROR 5678 59
39
50  ROR 3241 10
30  ROR 3500 18
10  ROR 3513 57
40
50  ROR 3207 28
30  ROR 3788 25
41
50  CASC 3334 2596
30  ROR 3589 23
10  ROR 3606 24
42
50  CASC 3113 2593
30  CASC 3183 2585
10  CASC 3367 2566
43
50  ROR 2875 34
30  CASC 4173 2590
44
50  CASC 2689 2569
30  ROR 2753 38
10  ROR 3152 55
45
50  ROR 2326 61
30  CASC 2417 2559
10  CASC 2814 2583
46
50  CASC 2299 2567
30  ROR 2672 20
10  CASC 2747 2592
47
50  CASC 4506 2568
30  CASC 4766 2595
10  ROR 5050 16
48
50  CASC 4834 2565
30  ROR 5233 43
10  ROR 5885 41
49
50  ROR 3527 47
30  ROR 4453 22
10  ROR 5015 69
50
50  ROR 3632 27
51
50  CASC 4516 2594
30  CASC 4555 2581
10  ROR 5203 23
52
50  CASC 3417 2589
30  ROR 3534 68
10  CASC 3541 2585
54
50  ROR 9445 1624
30  CASC 12204 1913
55
50  ROR 18003 1627
56
50  ROR 16518 1628
30  CASC 18359 1914
57
50  ROR 13885 1629
30  CASC 14158 1915
58
50  ROR 14409 1630
30  CASC 16135 1917
59
50  ROR 12591 1631
60
50  ROR 12175 1632
61
50  CASC 12488 1918
SCORE:CASC,ROR,1680,3430,-175.0
