CASC-CCC
1
50  CCC 9365 2014
30  CASC 10350 2559
2
50  CCC 10441 2005
30  CCC 11056 2019
10  CCC 13615 1994
3
50  CASC 8249 2560
30  CASC 9192 2568
10  CCC 9715 1991
4
50  CCC 8866 2012
30  CCC 9346 2027
10  CASC 9625 2570
5
50  CCC 7445 2031
30  CCC 8137 2030
7
50  CASC 7566 2596
30  CCC 7696 1992
10  CCC 8435 2028
8
50  CASC 6676 2589
30  CASC 7000 2582
10  CASC 7362 2566
9
50  CCC 3709 1996
30  CCC 3804 2009
10  CASC 4132 2558
11
50  CCC 2076 2026
30  CCC 2303 2010
10  CCC 2637 2023
12
50  CCC 1634 2020
30  CASC 1967 2569
10  CASC 2387 2571
13
50  CCC 4404 1995
30  CCC 4490 2006
10  CASC 5127 2583
14
50  CASC 3920 2567
30  CCC 4125 2019
10  CASC 4271 2592
15
50  CASC 3326 2560
30  CASC 3459 2595
10  CCC 3750 1991
16
50  CCC 3407 2012
30  CASC 3723 2565
10  CASC 3791 2570
17
50  CCC 8815 2029
30  CCC 9053 2018
18
50  CCC 12918 2015
19
50  CCC 7116 1992
30  CASC 7263 2581
10  CCC 7469 2028
20
50  CASC 5976 2589
30  CASC 6106 2585
10  CASC 6517 2593
21
50  CCC 4272 1996
30  CASC 4897 2558
10  CCC 6403 2016
23
50  CCC 2706 2023
30  CCC 2868 2026
10  CASC 3091 2590
24
50  CASC 2707 2569
30  CASC 2839 2571
10  CCC 4210 2000
25
50  CASC 2255 2559
30  CASC 2664 2562
10  CCC 2734 1995
26
50  CCC 1947 2005
30  CASC 2159 2567
10  CCC 2432 2025
27
50  CASC 4156 2595
30  CASC 4365 2568
10  CASC 4599 2580
28
50  CCC 4247 2012
30  CASC 5026 2573
10  CASC 5736 2584
29
50  CCC 3810 2030
30  CCC 4488 2018
10  CCC 4572 2029
31
80  CASC 3307 2596
40  CCC 3662 1992
0  CCC 3813 1998
32
80  CASC 3368 2582
40  CASC 3454 2593
0  CASC 3535 2585
33
80  CCC 2228 2026
40  CCC 3034 2024
35
50  CCC 1819 2014
30  CASC 2100 2559
10  CASC 3109 2583
36
50  CCC 1891 2005
30  CASC 2600 2561
10  CASC 2771 2592
37
50  CASC 3762 2560
30  CCC 4146 1991
10  CASC 4798 2580
38
50  CCC 4041 2027
30  CCC 4268 2012
10  CASC 6298 2573
39
50  CCC 3515 2031
30  CCC 3572 2030
41
50  CASC 3334 2596
30  CCC 3413 1992
10  CCC 3736 2028
42
50  CASC 3113 2593
30  CASC 3183 2585
10  CASC 3367 2566
43
50  CCC 3622 2024
30  CCC 3755 2010
10  CASC 4173 2590
44
50  CASC 2689 2569
45
50  CCC 2209 2014
30  CASC 2417 2559
10  CCC 2592 1995
46
50  CASC 2299 2567
30  CASC 2747 2592
10  CASC 2795 2561
47
50  CASC 4506 2568
30  CASC 4766 2595
10  CCC 5041 1991
48
50  CASC 4834 2565
30  CCC 5066 2027
10  CASC 6075 2584
49
50  CCC 3880 2031
30  CCC 4603 2029
51
50  CCC 4305 2028
30  CASC 4516 2594
10  CCC 4529 2013
52
50  CASC 3417 2589
30  CASC 3541 2585
10  CASC 3601 2593
54
50  CCC 11834 1834
30  CASC 12204 1913
55
50  CCC 19756 1835
56
50  CASC 18359 1914
30  CCC 20399 1836
57
50  CASC 14158 1915
58
50  CASC 16135 1917
61
50  CASC 12488 1918
SCORE:CASC,CCC,2140,2230,-9.0
