CASC-WST
1
50  WST 9560 1393
30  WST 10214 1445
10  CASC 10350 2559
2
50  WST 10409 1384
30  WST 15063 1458
3
50  CASC 8249 2560
30  CASC 9192 2568
10  WST 9201 1410
4
50  WST 8631 1444
30  CASC 9625 2570
10  CASC 9843 2565
5
50  WST 7806 1401
30  WST 8877 1387
10  WST 9115 1456
6
50  WST 9363 1376
30  WST 9634 1370
10  WST 10053 1460
7
50  CASC 7566 2596
30  WST 9084 1399
8
50  CASC 6676 2589
30  WST 6800 1380
10  CASC 7000 2582
9
50  CASC 4132 2558
30  WST 5891 1427
10
50  WST 3581 1423
30  WST 3746 1405
10  WST 3935 1442
11
50  WST 1954 1411
30  WST 2237 1389
10  WST 2277 1455
12
50  WST 1846 1421
30  CASC 1967 2569
10  CASC 2387 2571
13
50  WST 4119 1445
30  WST 4175 1366
10  WST 4283 1386
14
50  CASC 3920 2567
30  WST 3938 1384
10  WST 4257 1392
15
50  CASC 3326 2560
30  CASC 3459 2595
10  WST 3622 1448
16
50  WST 3387 1444
30  CASC 3723 2565
10  CASC 3791 2570
17
50  WST 7747 1425
30  WST 7844 1456
10  WST 8190 1436
18
50  WST 7996 1370
30  WST 8036 1460
10  WST 8139 1376
19
50  WST 7150 1461
30  CASC 7263 2581
10  WST 7878 1399
20
50  WST 5963 1380
30  CASC 5976 2589
10  CASC 6106 2585
21
50  CASC 4897 2558
22
50  WST 3468 1423
30  WST 4919 1405
10  WST 7531 1442
23
50  WST 2557 1389
30  WST 2771 1404
10  CASC 3091 2590
24
50  WST 2217 1421
30  CASC 2707 2569
10  CASC 2839 2571
25
50  WST 2062 1393
30  CASC 2255 2559
10  WST 2282 1366
26
50  CASC 2159 2567
30  WST 2282 1392
10  CASC 2461 2561
27
50  CASC 4156 2595
30  CASC 4365 2568
10  WST 4415 1391
28
50  CASC 5026 2573
30  CASC 5736 2584
10  WST 6243 1412
29
50  WST 3400 1401
30  WST 3975 1387
10  WST 4552 1436
30
50  WST 4352 1376
30  WST 4367 1369
31
80  CASC 3307 2596
40  WST 3713 1461
0  CASC 3897 2581
32
80  CASC 3368 2582
40  CASC 3454 2593
0  CASC 3535 2585
33
80  WST 2529 1411
40  WST 2560 1389
0  WST 2919 1455
34
80  WST 2022 1421
40  WST 4708 1372
0  WST 4744 1408
35
50  WST 1716 1393
30  CASC 2100 2559
10  WST 2115 1396
36
50  CASC 2600 2561
30  CASC 2771 2592
10  CASC 2843 2564
37
50  CASC 3762 2560
30  WST 4690 1448
10  CASC 4798 2580
38
50  WST 4603 1444
30  WST 6015 1412
10  CASC 6298 2573
39
50  WST 3694 1387
30  WST 4081 1456
10  WST 4397 1420
40
50  WST 4535 1370
30  WST 4549 1369
41
50  CASC 3334 2596
30  WST 3744 1461
10  CASC 4049 2594
42
50  WST 2927 1380
30  CASC 3113 2593
10  CASC 3183 2585
43
50  WST 2528 1411
30  WST 3299 1455
10  CASC 4173 2590
44
50  CASC 2689 2569
30  WST 3463 1421
10  WST 3545 1388
45
50  WST 2255 1445
30  WST 2335 1396
10  CASC 2417 2559
46
50  CASC 2299 2567
30  WST 2591 1392
10  CASC 2747 2592
47
50  CASC 4506 2568
30  CASC 4766 2595
10  WST 4922 1409
48
50  WST 4406 1444
30  CASC 4834 2565
10  CASC 6075 2584
49
50  WST 4372 1456
30  WST 4502 1401
10  WST 5088 1425
50
50  WST 5246 1460
30  WST 5342 1369
51
50  WST 4490 1399
30  CASC 4516 2594
10  CASC 4555 2581
52
50  CASC 3417 2589
30  CASC 3541 2585
10  CASC 3601 2593
53
50  WST 18453 1763
54
50  WST 8588 1752
30  CASC 12204 1913
55
50  WST 16994 1755
56
50  CASC 18359 1914
57
50  CASC 14158 1915
30  WST 15310 1758
58
50  CASC 16135 1917
59
50  WST 13947 1760
60
50  WST 14387 1761
61
50  CASC 12488 1918
30  WST 15394 1762
SCORE:CASC,WST,2020,3220,-120.0
