CASC-CVST
1
50  CASC 10350 2559
30  CVST 11587 2418
10  CVST 13418 2455
2
50  CVST 12734 2437
30  CVST 12739 2416
10  CVST 14447 2421
3
50  CASC 8249 2560
30  CASC 9192 2568
10  CASC 10382 2591
4
50  CASC 9625 2570
30  CVST 9787 2472
10  CASC 9843 2565
5
50  CVST 8095 2417
30  CVST 10977 2423
10  CVST 10988 2442
6
50  CVST 10273 2480
30  CVST 10653 2474
7
50  CASC 7566 2596
30  CVST 8300 2486
10  CVST 9113 2471
8
50  CASC 6676 2589
30  CASC 7000 2582
10  CVST 7131 2460
9
50  CASC 4132 2558
30  CVST 5503 2431
10
50  CVST 4087 2450
11
50  CVST 2134 2473
30  CVST 2340 2433
10  CVST 2530 2427
12
50  CASC 1967 2569
30  CVST 2072 2430
10  CASC 2387 2571
13
50  CVST 4397 2469
30  CVST 4878 2455
10  CVST 5113 2424
14
50  CASC 3920 2567
30  CASC 4271 2592
10  CVST 4356 2416
15
50  CASC 3326 2560
30  CASC 3459 2595
10  CASC 3795 2576
16
50  CASC 3723 2565
30  CASC 3791 2570
10  CVST 3974 2415
17
50  CVST 7332 2417
30  CVST 8221 2454
10  CVST 9380 2442
18
50  CVST 9025 2474
30  CVST 9203 2458
10  CVST 10007 2411
19
50  CVST 7231 2447
30  CASC 7263 2581
10  CVST 7352 2486
20
50  CASC 5976 2589
30  CASC 6106 2585
10  CVST 6471 2460
21
50  CASC 4897 2558
22
50  CVST 7122 2450
23
50  CVST 2512 2473
30  CVST 2834 2464
10  CVST 2993 2461
24
50  CVST 2544 2430
30  CASC 2707 2569
10  CASC 2839 2571
25
50  CASC 2255 2559
30  CVST 2453 2418
10  CASC 2664 2562
26
50  CASC 2159 2567
30  CVST 2446 2466
10  CASC 2461 2561
27
50  CASC 4156 2595
30  CASC 4365 2568
10  CASC 4599 2580
28
50  CVST 4787 2472
30  CASC 5026 2573
10  CVST 5099 2408
29
50  CVST 4394 2454
30  CVST 4825 2423
10  CVST 6525 2434
30
50  CVST 5015 2474
30  CVST 5300 2411
10  CVST 5356 2458
31
80  CASC 3307 2596
40  CVST 3768 2467
0  CASC 3897 2581
32
80  CASC 3368 2582
40  CASC 3454 2593
0  CASC 3535 2585
33
80  CVST 2497 2473
40  CVST 3566 2461
34
80  CVST 2670 2430
35
50  CASC 2100 2559
30  CVST 2464 2418
10  CVST 2891 2424
36
50  CVST 2475 2413
30  CASC 2600 2561
10  CASC 2771 2592
37
50  CASC 3762 2560
30  CASC 4798 2580
10  CVST 5131 2463
38
50  CVST 5369 2472
30  CVST 5604 2415
10  CASC 6298 2573
39
50  CVST 3459 2417
30  CVST 4433 2454
10  CVST 5262 2423
40
50  CVST 4744 2480
30  CVST 5309 2458
41
50  CASC 3334 2596
30  CVST 3789 2486
10  CVST 3790 2447
42
50  CASC 3113 2593
30  CASC 3183 2585
10  CASC 3367 2566
43
50  CVST 3090 2433
30  CVST 3214 2414
10  CASC 4173 2590
44
50  CASC 2689 2569
30  CVST 3410 2429
45
50  CASC 2417 2559
30  CVST 2777 2478
10  CASC 2814 2583
46
50  CASC 2299 2567
30  CVST 2589 2437
10  CASC 2747 2592
47
50  CASC 4506 2568
30  CASC 4766 2595
10  CASC 5298 2574
48
50  CASC 4834 2565
30  CVST 5286 2408
10  CASC 6075 2584
49
50  CVST 4415 2417
30  CVST 4738 2442
10  CVST 6327 2434
50
50  CVST 4978 2480
30  CVST 5988 2411
51
50  CASC 4516 2594
30  CASC 4555 2581
10  CVST 4631 2471
52
50  CASC 3417 2589
30  CVST 3446 2460
10  CASC 3541 2585
54
50  CVST 9359 1890
30  CASC 12204 1913
55
50  CVST 19053 1892
56
50  CASC 18359 1914
30  CVST 18637 1894
57
50  CASC 14158 1915
30  CVST 17503 1896
58
50  CASC 16135 1917
30  CVST 17620 1898
59
50  CVST 17112 1900
60
50  CVST 15547 1901
61
50  CASC 12488 1918
30  CVST 12697 1902
SCORE:CASC,CVST,2350,2790,-44.0
