CASC-SHC
1
50  SHC 8773 492
30  SHC 10263 463
10  CASC 10350 2559
2
50  SHC 10517 475
30  SHC 10644 539
10  SHC 12246 531
3
50  CASC 8249 2560
30  SHC 8951 533
10  CASC 9192 2568
4
50  SHC 7872 552
30  CASC 9625 2570
10  CASC 9843 2565
5
50  SHC 8052 501
6
50  SHC 6757 549
30  SHC 11721 476
7
50  CASC 7566 2596
30  SHC 7710 459
10  SHC 7723 479
8
50  CASC 6676 2589
30  CASC 7000 2582
10  SHC 7306 502
9
50  SHC 3479 481
30  SHC 3513 528
10  SHC 3803 486
10
50  SHC 3037 565
30  SHC 3619 471
10  SHC 3666 534
11
50  SHC 2143 564
30  SHC 2346 491
10  SHC 2353 541
12
50  CASC 1967 2569
30  CASC 2387 2571
10  SHC 2783 535
13
50  SHC 3514 492
30  SHC 3799 547
10  SHC 3929 522
14
50  CASC 3920 2567
30  SHC 4207 537
10  CASC 4271 2592
15
50  CASC 3326 2560
30  CASC 3459 2595
10  SHC 3479 533
16
50  SHC 3036 552
30  CASC 3723 2565
10  CASC 3791 2570
17
50  SHC 7129 546
30  SHC 7729 478
10  SHC 10400 462
18
50  SHC 7143 493
30  SHC 8607 488
10  SHC 9696 476
19
50  SHC 6655 479
30  SHC 6933 459
10  CASC 7263 2581
20
50  SHC 5949 490
30  CASC 5976 2589
10  CASC 6106 2585
21
50  SHC 2812 540
30  SHC 3757 481
10  SHC 4366 528
22
50  SHC 3253 565
30  SHC 3894 471
10  SHC 4737 534
23
50  SHC 2502 564
30  SHC 2827 554
10  SHC 2833 553
24
50  CASC 2707 2569
30  CASC 2839 2571
10  SHC 2900 464
25
50  SHC 2013 550
30  SHC 2044 513
10  SHC 2203 547
26
50  CASC 2159 2567
30  CASC 2461 2561
10  CASC 2643 2564
27
50  CASC 4156 2595
30  CASC 4365 2568
10  SHC 4386 533
28
50  SHC 4765 451
30  CASC 5026 2573
10  SHC 5445 525
29
50  SHC 3509 546
30  SHC 5790 462
30
50  SHC 4305 493
30  SHC 4891 488
31
80  CASC 3307 2596
40  SHC 3706 558
0  SHC 3828 458
32
80  SHC 3169 502
40  CASC 3368 2582
0  CASC 3454 2593
33
80  SHC 2923 554
40  SHC 2977 491
0  SHC 2997 540
34
80  SHC 3849 511
35
50  SHC 1906 463
30  CASC 2100 2559
10  SHC 2377 524
36
50  SHC 2075 537
30  SHC 2173 539
10  SHC 2534 506
37
50  CASC 3762 2560
30  SHC 4158 514
10  SHC 4610 487
38
50  SHC 3333 552
30  SHC 4793 525
10  SHC 6116 505
39
50  SHC 3290 501
30  SHC 3653 546
40
50  SHC 2951 549
30  SHC 3667 493
41
50  CASC 3334 2596
30  SHC 3356 459
10  SHC 3443 479
42
50  SHC 2906 490
30  SHC 3016 502
10  CASC 3113 2593
43
50  SHC 3154 553
30  SHC 3207 469
10  SHC 3212 491
44
50  CASC 2689 2569
30  SHC 3788 464
45
50  SHC 2141 550
30  CASC 2417 2559
10  SHC 2513 522
46
50  SHC 2295 475
30  CASC 2299 2567
10  SHC 2475 539
47
50  CASC 4506 2568
30  CASC 4766 2595
10  CASC 5298 2574
48
50  CASC 4834 2565
30  SHC 5134 542
10  SHC 5643 466
49
50  SHC 4671 478
50
50  SHC 3461 549
30  SHC 5967 476
51
50  SHC 4114 458
30  CASC 4516 2594
10  CASC 4555 2581
52
50  CASC 3417 2589
30  CASC 3541 2585
10  CASC 3601 2593
53
50  SHC 16298 1670
54
50  CASC 12204 1913
55
50  SHC 14927 1665
56
50  CASC 18359 1914
30  SHC 18851 1666
57
50  CASC 14158 1915
30  SHC 18766 1667
58
50  CASC 16135 1917
61
50  CASC 12488 1918
SCORE:CASC,SHC,1720,3300,-158.0
