CASC-FV
1
50  FV 10025 3349
30  CASC 10350 2559
10  FV 13531 3375
2
50  FV 10634 3383
3
50  CASC 8249 2560
30  FV 8790 3380
10  CASC 9192 2568
4
50  CASC 9625 2570
30  CASC 9843 2565
10  FV 11027 3350
5
50  FV 8295 3351
30  FV 8941 3381
10  FV 10281 3357
6
50  FV 10438 3367
7
50  CASC 7566 2596
30  FV 10543 3373
8
50  CASC 6676 2589
30  CASC 7000 2582
10  FV 7139 3384
9
50  FV 3222 3343
30  CASC 4132 2558
10  FV 11425 3361
10
50  FV 3344 3360
11
50  FV 2181 3382
30  FV 2232 3344
10  CASC 3012 2590
12
50  CASC 1967 2569
30  FV 2238 3368
10  CASC 2387 2571
13
50  FV 4412 3375
30  CASC 5127 2583
10  FV 5334 3376
14
50  CASC 3920 2567
30  CASC 4271 2592
10  CASC 4516 2564
15
50  CASC 3326 2560
30  CASC 3459 2595
10  FV 3525 3380
16
50  CASC 3723 2565
30  FV 3762 3359
10  FV 3785 3379
17
50  FV 7303 3351
30  FV 7582 3352
10  FV 12406 3354
19
50  CASC 7263 2581
30  FV 8631 3373
20
50  CASC 5976 2589
30  CASC 6106 2585
10  FV 6359 3384
21
50  FV 3926 3343
30  CASC 4897 2558
22
50  FV 5770 3360
23
50  FV 2641 3344
30  FV 2675 3382
10  CASC 3091 2590
24
50  CASC 2707 2569
30  CASC 2839 2571
10  FV 3748 3374
25
50  FV 2089 3349
30  CASC 2255 2559
10  CASC 2664 2562
26
50  CASC 2159 2567
30  CASC 2461 2561
10  FV 2464 3369
27
50  FV 4028 3380
30  CASC 4156 2595
10  CASC 4365 2568
28
50  FV 4766 3359
30  CASC 5026 2573
10  FV 5353 3379
29
50  FV 3738 3351
30  FV 4328 3357
10  FV 6035 3354
30
50  FV 5003 3367
31
80  CASC 3307 2596
40  CASC 3897 2581
0  FV 5164 3373
32
80  CASC 3368 2582
40  CASC 3454 2593
0  FV 3475 3364
33
80  FV 3532 3344
34
80  FV 3213 3368
35
50  FV 1908 3349
30  CASC 2100 2559
10  FV 2653 3375
36
50  FV 2340 3383
30  CASC 2600 2561
10  CASC 2771 2592
37
50  CASC 3762 2560
30  FV 4444 3380
10  FV 4509 3362
38
50  FV 5006 3359
30  CASC 6298 2573
39
50  FV 3577 3351
30  FV 3887 3352
10  FV 4240 3381
40
50  FV 5819 3367
41
50  CASC 3334 2596
30  CASC 4049 2594
10  FV 4947 3373
42
50  CASC 3113 2593
30  CASC 3183 2585
10  FV 3234 3384
43
50  FV 3579 3382
30  CASC 4173 2590
10  FV 4928 3365
44
50  CASC 2689 2569
30  FV 3925 3368
45
50  CASC 2417 2559
30  CASC 2814 2583
10  FV 3062 3348
46
50  CASC 2299 2567
30  FV 2665 3383
10  CASC 2747 2592
47
50  CASC 4506 2568
30  CASC 4766 2595
10  CASC 5298 2574
48
50  CASC 4834 2565
30  FV 5718 3350
10  FV 5747 3356
49
50  FV 4203 3352
30  FV 4771 3381
10  FV 5169 3357
50
50  FV 5175 3367
51
50  CASC 4516 2594
30  CASC 4555 2581
52
50  CASC 3417 2589
30  CASC 3541 2585
10  CASC 3601 2593
54
50  FV 11293 2015
30  CASC 12204 1913
55
50  FV 20352 2016
56
50  CASC 18359 1914
30  FV 19896 2017
57
50  CASC 14158 1915
30  FV 17397 2018
58
50  CASC 16135 1917
30  FV 17403 2019
59
50  FV 16759 2020
61
50  CASC 12488 1918
SCORE:CASC,FV,2400,2360,4.0
