CASC-HSC
1
50  CASC 10350 2559
30  HSC 12582 3422
2
50  HSC 13133 3465
30  HSC 13628 3436
3
50  CASC 8249 2560
30  CASC 9192 2568
10  CASC 10382 2591
4
50  HSC 8441 3463
30  CASC 9625 2570
10  CASC 9843 2565
5
50  HSC 7740 3466
30  HSC 7854 3424
10  HSC 9238 3429
6
50  HSC 7907 3446
30  HSC 8508 3458
7
50  CASC 7566 2596
30  HSC 8442 3457
10  HSC 8729 3447
8
50  HSC 6592 3462
30  CASC 6676 2589
10  CASC 7000 2582
9
50  CASC 4132 2558
30  HSC 5143 3442
10  HSC 5829 3441
10
50  HSC 3999 3459
11
50  HSC 1977 3430
30  HSC 2019 3464
10  HSC 2923 3431
12
50  CASC 1967 2569
30  CASC 2387 2571
10  HSC 3999 3459
13
50  HSC 4509 3422
30  HSC 4704 3467
10  CASC 5127 2583
14
50  CASC 3920 2567
30  HSC 4084 3420
10  CASC 4271 2592
15
50  CASC 3326 2560
30  CASC 3459 2595
10  CASC 3795 2576
16
50  HSC 3251 3453
30  HSC 3253 3463
10  HSC 3521 3421
17
50  HSC 6734 3466
30  HSC 6821 3424
10  HSC 7172 3444
18
50  HSC 6803 3423
30  HSC 7347 3458
10  HSC 8261 3432
19
50  CASC 7263 2581
30  HSC 7373 3448
10  HSC 7776 3447
20
50  HSC 5558 3462
30  HSC 5947 3460
10  CASC 5976 2589
21
50  CASC 4897 2558
30  HSC 5788 3441
10  HSC 7357 3442
22
50  HSC 8421 3459
23
50  HSC 2976 3430
30  CASC 3091 2590
10  HSC 3307 3456
24
50  CASC 2707 2569
30  CASC 2839 2571
10  HSC 4538 3452
25
50  CASC 2255 2559
30  HSC 2488 3422
10  CASC 2664 2562
26
50  CASC 2159 2567
30  CASC 2461 2561
10  CASC 2643 2564
27
50  CASC 4156 2595
30  CASC 4365 2568
10  CASC 4599 2580
28
50  HSC 4294 3421
30  HSC 4380 3453
10  HSC 4906 3435
29
50  HSC 3789 3444
30  HSC 5238 3434
10  HSC 9505 3433
30
50  HSC 3802 3446
30  HSC 3893 3423
10  HSC 5022 3432
31
80  CASC 3307 2596
40  CASC 3897 2581
0  HSC 3913 3448
32
80  CASC 3368 2582
40  CASC 3454 2593
0  CASC 3535 2585
35
50  CASC 2100 2559
30  CASC 3109 2583
36
50  CASC 2600 2561
30  CASC 2771 2592
10  CASC 2843 2564
37
50  CASC 3762 2560
30  CASC 4798 2580
10  HSC 4920 3445
38
50  HSC 4317 3453
30  CASC 6298 2573
39
50  HSC 3635 3424
30  HSC 3875 3444
10  HSC 4412 3429
40
50  HSC 3304 3446
30  HSC 3927 3423
41
50  HSC 3312 3457
30  CASC 3334 2596
10  CASC 4049 2594
42
50  HSC 2639 3462
30  HSC 2925 3460
10  CASC 3113 2593
43
50  HSC 2932 3430
30  HSC 3033 3464
10  HSC 3675 3431
44
50  CASC 2689 2569
45
50  CASC 2417 2559
30  CASC 2814 2583
10  HSC 3075 3440
46
50  CASC 2299 2567
30  CASC 2747 2592
10  CASC 2795 2561
47
50  CASC 4506 2568
30  CASC 4766 2595
10  CASC 5298 2574
48
50  HSC 4691 3463
30  CASC 4834 2565
10  HSC 5188 3435
49
50  HSC 4065 3466
30  HSC 4831 3429
10  HSC 5062 3434
50
50  HSC 4279 3423
30  HSC 4618 3432
10  HSC 5319 3458
51
50  HSC 4470 3448
30  CASC 4516 2594
10  HSC 4532 3457
52
50  HSC 3407 3460
30  CASC 3417 2589
10  CASC 3541 2585
54
50  CASC 12204 1913
56
50  CASC 18359 1914
30  HSC 19928 2040
57
50  CASC 14158 1915
58
50  HSC 15277 2041
30  CASC 16135 1917
59
50  HSC 12869 2042
60
50  HSC 12747 2043
61
50  HSC 12104 2044
30  CASC 12488 1918
SCORE:CASC,HSC,2210,2610,-40.0
