CASC-SD
1
50  CASC 10350 2559
30  SD 10430 3496
10  SD 12639 3479
2
50  SD 13250 3516
30  SD 13371 3510
3
50  CASC 8249 2560
30  SD 9045 3497
10  CASC 9192 2568
4
50  CASC 9625 2570
30  CASC 9843 2565
10  SD 10282 3500
5
50  SD 9879 3521
30  SD 9928 3487
6
50  SD 7475 3498
30  SD 9590 3480
7
50  CASC 7566 2596
30  SD 9537 3481
8
50  CASC 6676 2589
30  CASC 7000 2582
10  CASC 7362 2566
9
50  SD 3290 3514
30  SD 3633 3515
10  SD 4007 3491
10
50  SD 2538 3513
30  SD 3182 3519
10  SD 3209 3512
11
50  CASC 3012 2590
30  SD 3290 3514
10  SD 3370 3505
12
50  SD 1883 3478
30  CASC 1967 2569
10  SD 2227 3499
13
50  SD 4896 3508
30  CASC 5127 2583
10  CASC 5346 2562
14
50  CASC 3920 2567
30  CASC 4271 2592
10  CASC 4516 2564
15
50  CASC 3326 2560
30  CASC 3459 2595
10  CASC 3795 2576
16
50  CASC 3723 2565
30  CASC 3791 2570
10  CASC 4378 2584
17
50  SD 8478 3521
18
50  SD 6208 3498
19
50  CASC 7263 2581
20
50  CASC 5976 2589
30  CASC 6106 2585
10  CASC 6517 2593
21
50  SD 3746 3506
30  SD 3990 3515
10  SD 4595 3491
22
50  SD 3064 3513
30  SD 3569 3519
10  SD 4264 3512
23
50  CASC 3091 2590
30  SD 3746 3506
10  SD 3990 3515
24
50  SD 2452 3478
30  SD 2613 3499
10  CASC 2707 2569
25
50  SD 2087 3496
30  CASC 2255 2559
10  CASC 2664 2562
26
50  CASC 2159 2567
30  CASC 2461 2561
10  SD 2570 3503
27
50  SD 4000 3497
30  CASC 4156 2595
10  CASC 4365 2568
28
50  SD 4532 3500
30  CASC 5026 2573
10  CASC 5736 2584
29
50  SD 4327 3521
30  SD 4726 3487
30
50  SD 4615 3480
31
80  CASC 3307 2596
40  CASC 3897 2581
0  SD 4613 3481
32
80  CASC 3368 2582
40  CASC 3454 2593
0  CASC 3535 2585
34
80  SD 2528 3478
40  SD 2935 3499
0  SD 3640 3509
35
50  SD 2064 3496
30  CASC 2100 2559
10  SD 2643 3479
36
50  SD 2477 3516
30  CASC 2600 2561
10  CASC 2771 2592
37
50  CASC 3762 2560
30  SD 4327 3497
10  CASC 4798 2580
38
50  SD 5521 3500
30  CASC 6298 2573
39
50  SD 5118 3487
30  SD 5126 3521
40
50  SD 4488 3480
41
50  CASC 3334 2596
30  CASC 4049 2594
10  SD 4363 3481
42
50  CASC 3113 2593
30  CASC 3183 2585
10  CASC 3367 2566
43
50  CASC 4173 2590
30  SD 4865 3505
44
50  CASC 2689 2569
30  SD 2788 3478
10  SD 3101 3499
45
50  CASC 2417 2559
30  SD 2541 3479
10  CASC 2814 2583
46
50  CASC 2299 2567
30  CASC 2747 2592
10  CASC 2795 2561
47
50  CASC 4506 2568
30  SD 4700 3497
10  CASC 4766 2595
48
50  CASC 4834 2565
30  SD 5057 3500
10  CASC 6075 2584
49
50  SD 4806 3487
50
50  SD 5284 3480
51
50  CASC 4516 2594
30  CASC 4555 2581
10  SD 5034 3481
52
50  CASC 3417 2589
30  CASC 3541 2585
10  CASC 3601 2593
53
50  SD 15585 2067
54
50  CASC 12204 1913
30  SD 12488 2064
55
50  SD 21624 2065
56
50  CASC 18359 1914
30  SD 19897 2066
57
50  CASC 14158 1915
58
50  CASC 16135 1917
61
50  CASC 12488 1918
SCORE:CASC,SD,2480,2250,23.0
