CASC-WCSC
1
50  WCSC 8690 844
30  WCSC 9353 884
10  CASC 10350 2559
2
50  WCSC 10839 784
3
50  WCSC 7943 800
30  CASC 8249 2560
10  WCSC 8633 883
4
50  WCSC 8409 810
30  CASC 9625 2570
10  WCSC 9688 775
5
50  WCSC 7784 895
30  WCSC 9901 832
6
50  WCSC 7896 776
30  WCSC 8833 821
7
50  CASC 7566 2596
30  WCSC 8963 860
10  WCSC 9778 900
8
50  CASC 6676 2589
30  CASC 7000 2582
10  CASC 7362 2566
9
50  WCSC 3175 869
30  WCSC 3328 872
10  CASC 4132 2558
10
50  WCSC 3536 830
30  WCSC 3673 786
10  WCSC 5096 822
11
50  WCSC 1889 855
30  WCSC 2129 826
10  WCSC 2194 862
12
50  WCSC 1740 870
30  WCSC 1904 877
10  CASC 1967 2569
13
50  WCSC 3738 871
30  WCSC 3787 884
10  WCSC 4163 839
14
50  CASC 3920 2567
30  WCSC 4129 831
10  CASC 4271 2592
15
50  WCSC 3219 896
30  WCSC 3312 840
10  CASC 3326 2560
16
50  WCSC 3434 775
30  WCSC 3517 863
10  CASC 3723 2565
17
50  WCSC 7082 859
30  WCSC 7348 845
10  WCSC 8671 828
18
50  WCSC 6674 798
30  WCSC 6843 776
10  WCSC 7480 821
19
50  CASC 7263 2581
30  WCSC 7938 860
10  WCSC 7996 881
20
50  CASC 5976 2589
30  CASC 6106 2585
10  WCSC 6297 843
21
50  WCSC 3090 869
30  WCSC 4438 872
10  CASC 4897 2558
22
50  WCSC 4634 830
30  WCSC 5263 777
10  WCSC 5283 822
23
50  WCSC 2098 817
30  WCSC 2637 898
10  WCSC 2662 879
24
50  WCSC 1929 801
30  WCSC 2358 877
10  CASC 2707 2569
25
50  WCSC 2043 816
30  CASC 2255 2559
10  WCSC 2299 839
26
50  WCSC 2111 784
30  CASC 2159 2567
10  CASC 2461 2561
27
50  WCSC 3813 800
30  CASC 4156 2595
10  CASC 4365 2568
28
50  WCSC 4178 810
30  CASC 5026 2573
10  WCSC 5603 847
29
50  WCSC 3500 895
30  WCSC 4621 858
10  WCSC 4831 832
30
50  WCSC 3909 821
30  WCSC 4312 791
10  WCSC 4536 880
31
80  CASC 3307 2596
40  WCSC 3840 803
0  CASC 3897 2581
32
80  CASC 3368 2582
40  CASC 3454 2593
0  CASC 3535 2585
33
80  WCSC 2225 826
40  WCSC 2500 817
34
80  WCSC 2223 877
40  WCSC 2855 857
0  WCSC 3469 812
35
50  WCSC 1938 871
30  CASC 2100 2559
10  WCSC 2327 816
36
50  WCSC 2122 876
30  CASC 2600 2561
10  CASC 2771 2592
37
50  CASC 3762 2560
30  WCSC 3982 840
10  CASC 4798 2580
38
50  WCSC 4317 863
30  WCSC 4653 775
10  CASC 6298 2573
39
50  WCSC 3434 859
30  WCSC 4315 828
10  WCSC 5219 796
40
50  WCSC 3463 798
30  WCSC 4046 880
41
50  CASC 3334 2596
30  WCSC 3803 803
10  WCSC 3928 900
42
50  CASC 3113 2593
30  WCSC 3134 787
10  CASC 3183 2585
43
50  WCSC 2682 855
30  WCSC 3027 826
10  CASC 4173 2590
44
50  WCSC 2112 801
30  WCSC 2583 870
10  CASC 2689 2569
45
50  WCSC 2151 844
30  CASC 2417 2559
10  CASC 2814 2583
46
50  CASC 2299 2567
30  WCSC 2403 831
10  CASC 2747 2592
47
50  WCSC 4162 896
30  CASC 4506 2568
10  CASC 4766 2595
48
50  WCSC 4555 810
30  CASC 4834 2565
10  CASC 6075 2584
49
50  WCSC 4656 845
30  WCSC 6387 788
50
50  WCSC 4113 776
30  WCSC 4549 798
51
50  WCSC 4467 860
30  CASC 4516 2594
10  CASC 4555 2581
52
50  CASC 3417 2589
30  CASC 3541 2585
10  CASC 3601 2593
53
50  WCSC 16033 1707
54
50  WCSC 7650 1692
30  CASC 12204 1913
55
50  WCSC 16081 1695
56
50  WCSC 17798 1697
30  CASC 18359 1914
57
50  WCSC 13322 1699
30  CASC 14158 1915
58
50  CASC 16135 1917
30  WCSC 18199 1702
59
50  WCSC 13190 1703
60
50  WCSC 15089 1704
61
50  CASC 12488 1918
30  WCSC 12596 1705
SCORE:CASC,WCSC,1570,3740,-217.0
