CASC-SCSC
1
50  SCSC 9422 83
30  SCSC 9644 126
10  CASC 10350 2559
2
50  SCSC 10856 129
30  SCSC 11107 196
10  SCSC 13452 134
3
50  SCSC 8177 125
30  SCSC 8218 208
10  CASC 8249 2560
4
50  SCSC 8071 200
30  SCSC 9385 128
10  CASC 9625 2570
5
50  SCSC 7622 107
30  SCSC 8989 165
10  SCSC 9215 114
6
50  SCSC 6832 178
30  SCSC 7156 151
10  SCSC 7837 192
7
50  CASC 7566 2596
30  SCSC 8853 117
10  SCSC 9719 135
8
50  CASC 6676 2589
30  SCSC 6738 176
10  CASC 7000 2582
9
50  SCSC 3301 182
30  SCSC 3619 94
10  SCSC 3926 97
10
50  SCSC 2637 185
30  SCSC 4081 123
10  SCSC 5639 173
11
50  SCSC 2091 172
30  SCSC 2114 191
10  SCSC 2637 95
12
50  SCSC 1919 154
30  CASC 1967 2569
10  CASC 2387 2571
13
50  SCSC 3635 126
30  SCSC 3641 83
10  SCSC 3885 146
14
50  CASC 3920 2567
30  SCSC 3983 80
10  SCSC 4257 168
15
50  SCSC 2862 159
30  SCSC 3194 208
10  CASC 3326 2560
16
50  SCSC 3125 200
30  SCSC 3216 82
10  SCSC 3457 128
17
50  SCSC 6237 199
30  SCSC 7682 177
10  SCSC 8159 198
18
50  SCSC 6556 133
30  SCSC 6657 192
10  SCSC 7412 127
19
50  SCSC 6151 108
30  CASC 7263 2581
10  SCSC 8854 135
20
50  SCSC 5587 156
30  CASC 5976 2589
10  CASC 6106 2585
21
50  SCSC 4619 182
30  CASC 4897 2558
10  SCSC 5152 183
22
50  SCSC 4701 173
30  SCSC 5191 123
10  SCSC 5756 167
23
50  SCSC 2875 191
30  CASC 3091 2590
10  SCSC 3672 153
24
50  SCSC 2425 154
30  CASC 2707 2569
10  CASC 2839 2571
25
50  SCSC 2089 126
30  CASC 2255 2559
10  SCSC 2406 171
26
50  CASC 2159 2567
30  SCSC 2220 196
10  SCSC 2271 168
27
50  SCSC 3313 159
30  SCSC 3831 208
10  CASC 4156 2595
28
50  SCSC 3633 200
30  SCSC 4544 144
10  SCSC 4628 128
29
50  SCSC 4034 114
30  SCSC 4203 198
10  SCSC 4647 204
30
50  SCSC 3432 120
30  SCSC 3545 178
10  SCSC 4538 106
31
80  SCSC 3306 108
40  CASC 3307 2596
0  CASC 3897 2581
32
80  CASC 3368 2582
40  SCSC 3432 176
0  CASC 3454 2593
33
80  SCSC 2565 105
40  SCSC 3100 191
0  SCSC 3621 77
34
80  SCSC 3219 147
40  SCSC 3240 160
0  SCSC 5418 145
35
50  SCSC 1728 83
30  SCSC 1995 146
10  CASC 2100 2559
36
50  SCSC 2366 164
30  SCSC 2500 134
10  CASC 2600 2561
37
50  CASC 3762 2560
30  SCSC 3894 166
10  SCSC 4683 118
38
50  SCSC 4764 144
30  SCSC 4775 109
10  SCSC 5003 202
39
50  SCSC 3078 199
30  SCSC 4022 114
10  SCSC 4220 179
40
50  SCSC 3012 151
30  SCSC 3447 192
10  SCSC 3459 120
41
50  CASC 3334 2596
30  CASC 4049 2594
10  SCSC 4072 117
42
50  SCSC 2747 156
30  SCSC 2783 201
10  CASC 3113 2593
43
50  SCSC 3153 172
30  SCSC 3250 95
10  SCSC 3331 105
44
50  CASC 2689 2569
30  SCSC 2935 160
10  SCSC 3825 137
45
50  CASC 2417 2559
30  SCSC 2507 184
10  SCSC 2697 171
46
50  CASC 2299 2567
30  CASC 2747 2592
10  SCSC 2757 88
47
50  SCSC 4256 125
30  CASC 4506 2568
10  CASC 4766 2595
48
50  SCSC 4256 82
30  SCSC 4665 169
10  CASC 4834 2565
49
50  SCSC 3997 107
30  SCSC 4313 165
10  SCSC 4750 155
50
50  SCSC 3432 178
30  SCSC 3800 133
10  SCSC 3982 151
51
50  SCSC 4337 117
30  CASC 4516 2594
10  CASC 4555 2581
52
50  SCSC 3234 156
30  SCSC 3339 201
10  CASC 3417 2589
53
50  SCSC 16759 1641
54
50  SCSC 9056 1633
30  CASC 12204 1913
55
50  SCSC 19565 1634
56
50  CASC 18359 1914
30  SCSC 18470 1635
57
50  SCSC 13178 1636
30  CASC 14158 1915
58
50  SCSC 14856 1637
30  CASC 16135 1917
59
50  SCSC 13296 1638
60
50  SCSC 12758 1639
61
50  SCSC 11516 1640
30  CASC 12488 1918
SCORE:CASC,SCSC,1230,4170,-294.0
