CASC-SL
1
50  CASC 10350 2559
30  SL 11744 2907
2
50  SL 8346 2877
30  SL 8361 2923
3
50  CASC 8249 2560
30  SL 8950 2918
10  SL 9075 2884
4
50  SL 9534 2909
30  CASC 9625 2570
10  CASC 9843 2565
5
50  SL 7340 2901
30  SL 7391 2928
10  SL 9206 2915
6
50  SL 7120 2921
30  SL 7529 2886
10  SL 7588 2883
7
50  CASC 7566 2596
8
50  CASC 6676 2589
30  CASC 7000 2582
10  SL 7163 2917
9
50  CASC 4132 2558
30  SL 5934 2911
10  SL 5950 2896
10
50  SL 4113 2913
30  SL 4840 2875
11
50  SL 1652 2876
30  SL 1699 2908
10  SL 1840 2885
12
50  SL 1650 2874
30  CASC 1967 2569
10  CASC 2387 2571
13
50  SL 4839 2905
30  CASC 5127 2583
10  CASC 5346 2562
14
50  SL 3409 2923
30  CASC 3920 2567
10  CASC 4271 2592
15
50  CASC 3326 2560
30  SL 3377 2884
10  CASC 3459 2595
16
50  SL 3384 2909
30  SL 3680 2880
10  CASC 3723 2565
17
50  SL 6280 2928
30  SL 6354 2901
10  SL 8231 2915
18
50  SL 6249 2921
30  SL 6403 2883
10  SL 7270 2932
19
50  CASC 7263 2581
20
50  CASC 5976 2589
30  CASC 6106 2585
10  CASC 6517 2593
21
50  CASC 4897 2558
23
50  SL 1968 2876
30  SL 2090 2908
10  SL 2282 2885
24
50  SL 2070 2874
30  CASC 2707 2569
10  CASC 2839 2571
25
50  CASC 2255 2559
30  SL 2450 2907
10  SL 2592 2905
26
50  SL 1912 2877
30  SL 2043 2899
10  CASC 2159 2567
27
50  CASC 4156 2595
30  CASC 4365 2568
10  SL 4425 2918
28
50  SL 4029 2909
30  CASC 5026 2573
10  SL 5410 2880
29
50  SL 3388 2928
30  SL 4860 2902
30
50  SL 3439 2883
30  SL 4214 2932
10  SL 4382 2904
31
80  CASC 3307 2596
40  CASC 3897 2581
32
80  CASC 3368 2582
40  SL 3410 2917
0  CASC 3454 2593
33
80  SL 1860 2876
40  SL 2121 2908
0  SL 2362 2885
34
80  SL 2033 2874
35
50  CASC 2100 2559
30  SL 2492 2907
10  SL 2657 2905
36
50  SL 1757 2877
30  SL 2149 2899
10  SL 2374 2894
37
50  CASC 3762 2560
30  SL 4031 2920
10  CASC 4798 2580
38
50  SL 4922 2909
30  SL 5777 2880
10  CASC 6298 2573
39
50  SL 3265 2928
30  SL 3427 2901
10  SL 4104 2915
40
50  SL 4456 2932
41
50  CASC 3334 2596
30  CASC 4049 2594
42
50  SL 2859 2917
30  CASC 3113 2593
10  CASC 3183 2585
43
50  SL 2284 2876
30  SL 2790 2885
10  CASC 4173 2590
44
50  SL 2286 2874
30  CASC 2689 2569
45
50  CASC 2417 2559
30  CASC 2814 2583
10  SL 2892 2907
46
50  SL 1938 2923
30  CASC 2299 2567
10  SL 2446 2899
47
50  CASC 4506 2568
30  SL 4651 2912
10  SL 4742 2918
48
50  CASC 4834 2565
30  CASC 6075 2584
10  SL 6701 2931
49
50  SL 3903 2901
30  SL 4117 2916
10  SL 4626 2902
50
50  SL 3447 2921
30  SL 3884 2904
51
50  CASC 4516 2594
30  CASC 4555 2581
52
50  CASC 3417 2589
30  CASC 3541 2585
10  CASC 3601 2593
53
50  SL 23862 1969
54
50  SL 11727 1961
30  CASC 12204 1913
55
50  SL 20788 1963
56
50  SL 15044 1965
30  CASC 18359 1914
57
50  CASC 14158 1915
30  SL 15791 1966
58
50  CASC 16135 1917
59
50  SL 15156 1967
60
50  SL 12371 1968
61
50  CASC 12488 1918
SCORE:CASC,SL,2010,2960,-95.0
