CASC-SH
1
50  SH 10278 2639
30  CASC 10350 2559
10  SH 11089 2607
3
50  CASC 8249 2560
30  SH 8498 2619
10  CASC 9192 2568
4
50  CASC 9625 2570
30  CASC 9843 2565
10  SH 9948 2647
5
50  SH 7836 2618
30  SH 8931 2640
10  SH 8961 2641
7
50  CASC 7566 2596
30  SH 9090 2631
8
50  SH 6485 2605
30  CASC 6676 2589
10  CASC 7000 2582
9
50  CASC 4132 2558
30  SH 4522 2646
10
50  SH 5726 2645
11
50  SH 2056 2629
30  SH 2378 2626
10  SH 2460 2627
12
50  CASC 1967 2569
30  SH 2009 2642
10  CASC 2387 2571
13
50  SH 3852 2639
30  SH 4190 2603
10  SH 4442 2607
14
50  CASC 3920 2567
30  CASC 4271 2592
10  CASC 4516 2564
15
50  CASC 3326 2560
30  CASC 3459 2595
10  SH 3463 2619
16
50  CASC 3723 2565
30  CASC 3791 2570
10  SH 3946 2630
17
50  SH 6858 2618
30  SH 8035 2641
10  SH 8570 2637
19
50  CASC 7263 2581
30  SH 8136 2631
20
50  SH 5747 2605
30  CASC 5976 2589
10  CASC 6106 2585
21
50  CASC 4897 2558
23
50  SH 2543 2629
30  SH 3060 2626
10  CASC 3091 2590
24
50  CASC 2707 2569
30  CASC 2839 2571
10  SH 2892 2642
25
50  CASC 2255 2559
30  SH 2416 2639
10  SH 2471 2643
26
50  CASC 2159 2567
30  CASC 2461 2561
10  CASC 2643 2564
27
50  CASC 4156 2595
30  CASC 4365 2568
10  SH 4434 2612
28
50  SH 4732 2630
30  CASC 5026 2573
10  SH 5383 2625
29
50  SH 3769 2618
30  SH 4517 2637
31
80  CASC 3307 2596
40  CASC 3897 2581
32
80  SH 3178 2605
40  CASC 3368 2582
0  CASC 3454 2593
33
80  SH 2598 2629
40  SH 3369 2626
0  SH 3657 2627
34
80  SH 2623 2642
35
50  CASC 2100 2559
30  SH 2202 2638
10  SH 2288 2607
36
50  CASC 2600 2561
30  CASC 2771 2592
10  CASC 2843 2564
37
50  CASC 3762 2560
30  SH 3979 2619
10  CASC 4798 2580
38
50  SH 5382 2636
30  SH 5677 2625
10  CASC 6298 2573
39
50  SH 3807 2640
30  SH 3932 2641
41
50  CASC 3334 2596
30  CASC 4049 2594
42
50  SH 2953 2605
30  CASC 3113 2593
10  SH 3161 2613
43
50  SH 2875 2629
30  CASC 4173 2590
44
50  CASC 2689 2569
30  SH 2983 2642
10  SH 3532 2644
45
50  SH 2408 2639
30  CASC 2417 2559
10  SH 2480 2603
46
50  CASC 2299 2567
30  CASC 2747 2592
10  CASC 2795 2561
47
50  CASC 4506 2568
30  SH 4632 2619
10  CASC 4766 2595
48
50  CASC 4834 2565
30  CASC 6075 2584
10  SH 6956 2597
49
50  SH 4600 2640
30  SH 5657 2637
51
50  CASC 4516 2594
30  CASC 4555 2581
10  SH 4738 2631
52
50  SH 3350 2613
30  CASC 3417 2589
10  CASC 3541 2585
54
50  SH 11370 1919
30  CASC 12204 1913
55
50  SH 19413 1921
56
50  CASC 18359 1914
57
50  CASC 14158 1915
58
50  CASC 16135 1917
30  SH 19108 1923
59
50  SH 13886 1924
61
50  CASC 12488 1918
SCORE:CASC,SH,2270,2110,16.0
