CASC-NC
1
50  NC 9537 1485
30  CASC 10350 2559
10  NC 11022 1472
2
50  NC 10859 1532
30  NC 13682 1467
3
50  NC 7906 1477
30  CASC 8249 2560
10  CASC 9192 2568
4
50  NC 8479 1533
30  NC 9094 1471
10  CASC 9625 2570
5
50  NC 8092 1476
30  NC 9066 1506
10  NC 9262 1535
6
50  NC 9079 1524
30  NC 9428 1514
7
50  CASC 7566 2596
30  NC 8569 1497
10  NC 9537 1466
8
50  CASC 6676 2589
30  CASC 7000 2582
10  NC 7103 1483
9
50  NC 2950 1526
30  CASC 4132 2558
10  NC 4638 1486
11
50  NC 2056 1515
30  NC 2663 1510
10  NC 2691 1527
12
50  CASC 1967 2569
30  NC 2144 1487
10  NC 2181 1530
13
50  NC 4184 1474
30  NC 5063 1520
10  CASC 5127 2583
14
50  CASC 3920 2567
30  CASC 4271 2592
10  NC 4309 1528
15
50  NC 3160 1477
30  CASC 3326 2560
10  CASC 3459 2595
16
50  NC 3250 1517
30  NC 3447 1533
10  CASC 3723 2565
17
50  NC 7388 1470
30  NC 8268 1535
10  NC 8512 1506
18
50  NC 7797 1537
30  NC 7947 1524
10  NC 8323 1514
19
50  CASC 7263 2581
30  NC 7391 1497
10  NC 8413 1505
20
50  CASC 5976 2589
30  CASC 6106 2585
10  NC 6181 1483
21
50  NC 4007 1526
30  CASC 4897 2558
10  NC 5883 1486
23
50  NC 2606 1516
30  CASC 3091 2590
10  NC 3179 1527
24
50  NC 2572 1487
30  CASC 2707 2569
10  CASC 2839 2571
25
50  NC 1994 1485
30  CASC 2255 2559
10  NC 2363 1475
26
50  CASC 2159 2567
30  NC 2422 1525
10  CASC 2461 2561
27
50  NC 3567 1477
30  CASC 4156 2595
10  CASC 4365 2568
28
50  NC 4119 1533
30  NC 4179 1471
10  CASC 5026 2573
29
50  NC 3790 1470
30  NC 4284 1506
10  NC 4613 1484
30
50  NC 4540 1537
30  NC 4856 1524
10  NC 5037 1508
31
80  CASC 3307 2596
40  CASC 3897 2581
0  NC 3954 1497
32
80  NC 3181 1492
40  CASC 3368 2582
0  NC 3437 1509
33
80  NC 2860 1516
40  NC 2900 1515
0  NC 2912 1510
34
80  NC 2659 1530
40  NC 3803 1487
35
50  NC 1873 1485
30  CASC 2100 2559
10  NC 2172 1472
36
50  NC 2300 1525
30  NC 2389 1532
10  NC 2462 1528
37
50  CASC 3762 2560
30  NC 4296 1519
10  NC 4328 1504
38
50  NC 3571 1517
30  NC 4003 1471
10  CASC 6298 2573
39
50  NC 3541 1470
30  NC 3618 1476
10  NC 3825 1506
40
50  NC 4068 1537
30  NC 4128 1514
41
50  CASC 3334 2596
30  NC 3763 1497
10  CASC 4049 2594
42
50  NC 2993 1483
30  CASC 3113 2593
10  CASC 3183 2585
43
50  NC 3047 1516
30  NC 3862 1515
10  CASC 4173 2590
44
50  CASC 2689 2569
30  NC 2992 1494
10  NC 3066 1489
45
50  CASC 2417 2559
30  NC 2462 1474
10  NC 2653 1472
46
50  CASC 2299 2567
30  NC 2525 1532
10  CASC 2747 2592
47
50  NC 4322 1477
30  CASC 4506 2568
10  NC 4701 1519
48
50  NC 4507 1517
30  CASC 4834 2565
10  NC 5165 1502
49
50  NC 4160 1476
30  NC 5303 1468
10  NC 5769 1484
50
50  NC 4410 1524
30  NC 5575 1508
10  NC 5723 1480
51
50  CASC 4516 2594
30  CASC 4555 2581
10  NC 4844 1505
52
50  CASC 3417 2589
30  CASC 3541 2585
10  CASC 3601 2593
54
50  NC 9591 1764
30  CASC 12204 1913
55
50  NC 18144 1766
56
50  NC 18106 1768
30  CASC 18359 1914
57
50  CASC 14158 1915
30  NC 15191 1770
58
50  NC 14393 1772
30  CASC 16135 1917
59
50  NC 14019 1773
60
50  NC 14844 1774
61
50  CASC 12488 1918
30  NC 14235 1775
SCORE:CASC,NC,1740,3400,-166.0
