CASC-FO
1
50  CASC 10350 2559
30  FO 10771 2035
10  FO 12495 2122
2
50  FO 10637 2042
30  FO 11528 2114
10  FO 12258 2088
3
50  FO 8237 2055
30  CASC 8249 2560
10  CASC 9192 2568
4
50  FO 8422 2127
30  CASC 9625 2570
10  FO 9837 2079
5
50  FO 8487 2036
30  FO 9789 2067
10  FO 10519 2125
6
50  FO 8478 2053
30  FO 8720 2121
7
50  CASC 7566 2596
30  FO 7744 2061
8
50  FO 6400 2077
30  CASC 6676 2589
10  FO 6997 2094
9
50  FO 3181 2050
30  FO 4028 2064
10  CASC 4132 2558
10
50  FO 2470 2128
30  FO 2776 2049
10  FO 3569 2106
11
50  FO 2071 2043
30  FO 2090 2078
10  FO 2652 2097
12
50  FO 1906 2065
30  CASC 1967 2569
10  FO 2293 2107
13
50  FO 4515 2110
30  FO 4844 2074
10  CASC 5127 2583
14
50  CASC 3920 2567
30  FO 4140 2042
10  CASC 4271 2592
15
50  CASC 3326 2560
30  CASC 3459 2595
10  CASC 3795 2576
16
50  FO 3571 2066
30  CASC 3723 2565
10  CASC 3791 2570
17
50  FO 7118 2036
30  FO 7692 2071
10  FO 8075 2092
18
50  FO 7319 2121
30  FO 7333 2053
10  FO 7915 2047
19
50  FO 6721 2061
30  CASC 7263 2581
10  FO 9947 2039
20
50  FO 5738 2077
30  FO 5938 2094
10  CASC 5976 2589
21
50  FO 3857 2050
30  FO 4878 2143
10  CASC 4897 2558
22
50  FO 2925 2128
30  FO 3814 2049
10  FO 5522 2106
23
50  FO 2619 2139
30  FO 2720 2043
10  FO 2837 2078
24
50  FO 2552 2065
30  CASC 2707 2569
10  CASC 2839 2571
25
50  CASC 2255 2559
30  FO 2372 2074
10  FO 2381 2035
26
50  CASC 2159 2567
30  FO 2225 2048
10  FO 2312 2114
27
50  FO 3759 2055
30  CASC 4156 2595
10  CASC 4365 2568
28
50  FO 4134 2127
30  FO 4747 2066
10  FO 4991 2079
29
50  FO 4128 2067
30  FO 4135 2060
10  FO 5259 2099
30
50  FO 4253 2121
30  FO 4432 2047
10  FO 4922 2131
31
80  CASC 3307 2596
40  CASC 3897 2581
0  FO 4765 2039
32
80  FO 3047 2077
40  CASC 3368 2582
0  FO 3414 2076
33
80  FO 2181 2139
40  FO 2381 2078
0  FO 2700 2043
34
80  FO 3806 2120
35
50  CASC 2100 2559
30  FO 2208 2035
10  FO 2598 2122
36
50  FO 2122 2104
30  FO 2222 2048
10  FO 2563 2114
37
50  CASC 3762 2560
30  FO 4659 2109
10  CASC 4798 2580
38
50  FO 4043 2127
30  FO 5475 2079
10  CASC 6298 2573
39
50  FO 3744 2036
30  FO 3968 2060
10  FO 4015 2071
40
50  FO 3906 2053
41
50  CASC 3334 2596
30  FO 3459 2061
10  CASC 4049 2594
42
50  FO 2884 2094
30  CASC 3113 2593
10  CASC 3183 2585
43
50  FO 2740 2139
30  FO 3895 2097
10  CASC 4173 2590
44
50  CASC 2689 2569
45
50  CASC 2417 2559
30  CASC 2814 2583
10  FO 2901 2110
46
50  CASC 2299 2567
30  FO 2462 2104
10  FO 2484 2130
47
50  FO 4008 2055
30  CASC 4506 2568
10  CASC 4766 2595
48
50  FO 4576 2066
30  CASC 4834 2565
10  CASC 6075 2584
49
50  FO 4431 2092
30  FO 4695 2071
10  FO 5006 2099
50
50  FO 4110 2053
30  FO 4971 2047
10  FO 5393 2131
51
50  FO 3932 2061
30  CASC 4516 2594
10  CASC 4555 2581
52
50  CASC 3417 2589
30  CASC 3541 2585
10  CASC 3601 2593
53
50  FO 14008 1854
54
50  FO 9738 1838
30  CASC 12204 1913
55
50  FO 19576 1843
56
50  CASC 18359 1914
30  FO 18719 1846
57
50  CASC 14158 1915
30  FO 15307 1849
58
50  FO 14984 1850
30  CASC 16135 1917
59
50  FO 15100 1853
61
50  CASC 12488 1918
SCORE:CASC,FO,1660,3520,-186.0
