CASC-WH
1
50  WH 9640 1193
30  CASC 10350 2559
10  WH 11865 1245
2
50  WH 10577 1271
30  WH 10928 1228
3
50  WH 8247 1194
30  CASC 8249 2560
10  CASC 9192 2568
4
50  WH 9193 1192
30  CASC 9625 2570
10  CASC 9843 2565
5
50  WH 7892 1191
30  WH 9129 1190
10  WH 9812 1241
6
50  WH 10114 1226
30  WH 10162 1274
10  WH 10719 1273
7
50  CASC 7566 2596
30  WH 8651 1276
8
50  CASC 6676 2589
30  CASC 7000 2582
10  CASC 7362 2566
9
50  WH 3735 1229
30  CASC 4132 2558
10
50  WH 4124 1181
30  WH 4823 1257
10  WH 5578 1265
11
50  WH 2018 1188
30  WH 2124 1236
10  WH 2493 1234
12
50  CASC 1967 2569
30  CASC 2387 2571
10  WH 2443 1211
13
50  WH 4773 1288
30  WH 4802 1239
10  WH 5114 1287
14
50  CASC 3920 2567
30  WH 4037 1228
10  CASC 4271 2592
15
50  CASC 3326 2560
30  WH 3344 1194
10  CASC 3459 2595
16
50  WH 3582 1197
30  CASC 3723 2565
10  CASC 3791 2570
17
50  WH 7845 1178
30  WH 8026 1224
10  WH 8275 1190
18
50  WH 6598 1277
30  WH 8628 1206
10  WH 8715 1274
19
50  WH 6868 1187
30  WH 7183 1240
10  CASC 7263 2581
20
50  CASC 5976 2589
30  CASC 6106 2585
10  CASC 6517 2593
21
50  CASC 4897 2558
30  WH 5483 1229
23
50  WH 2603 1188
30  WH 2802 1236
10  WH 2865 1234
24
50  CASC 2707 2569
30  CASC 2839 2571
10  WH 3673 1256
25
50  WH 2213 1193
30  CASC 2255 2559
10  WH 2308 1245
26
50  CASC 2159 2567
30  WH 2321 1271
10  CASC 2461 2561
27
50  WH 3950 1194
30  CASC 4156 2595
10  CASC 4365 2568
28
50  WH 4251 1192
30  WH 4716 1197
10  CASC 5026 2573
29
50  WH 3513 1191
30  WH 4098 1178
10  WH 4288 1190
30
50  WH 3788 1277
30  WH 4543 1226
10  WH 5338 1261
31
80  CASC 3307 2596
40  WH 3613 1240
0  WH 3877 1187
32
80  CASC 3368 2582
40  CASC 3454 2593
0  CASC 3535 2585
35
50  CASC 2100 2559
30  WH 2132 1245
10  WH 2897 1281
36
50  WH 1815 1189
30  WH 2148 1228
10  CASC 2600 2561
37
50  CASC 3762 2560
30  CASC 4798 2580
10  WH 4920 1176
38
50  WH 4260 1192
30  WH 4851 1221
10  WH 4959 1186
39
50  WH 3611 1191
30  WH 5122 1248
10  WH 5656 1252
40
50  WH 4022 1274
41
50  CASC 3334 2596
30  WH 3517 1187
10  WH 3852 1276
42
50  CASC 3113 2593
30  CASC 3183 2585
10  CASC 3367 2566
43
50  WH 3268 1188
30  WH 3453 1279
10  WH 3673 1234
44
50  CASC 2689 2569
45
50  WH 2335 1193
30  CASC 2417 2559
10  CASC 2814 2583
46
50  WH 2147 1271
30  CASC 2299 2567
10  WH 2444 1189
47
50  CASC 4506 2568
30  CASC 4766 2595
10  WH 5269 1195
48
50  CASC 4834 2565
30  WH 5403 1197
10  WH 5668 1179
49
50  WH 4345 1220
30  WH 4565 1178
10  WH 4685 1241
50
50  WH 3827 1277
30  WH 4859 1206
10  WH 5274 1261
51
50  WH 4341 1240
30  CASC 4516 2594
10  CASC 4555 2581
52
50  CASC 3417 2589
30  CASC 3541 2585
10  CASC 3601 2593
53
50  WH 24955 1733
54
50  WH 11963 1734
30  CASC 12204 1913
55
50  WH 28845 1735
56
50  CASC 18359 1914
30  WH 27833 1736
57
50  CASC 14158 1915
30  WH 23321 1737
58
50  CASC 16135 1917
30  WH 21021 1738
61
50  CASC 12488 1918
30  WH 15727 1739
SCORE:CASC,WH,1980,2870,-89.0
