CASC-WM
1
50  CASC 10350 2559
30  WM 11381 409
10  WM 12706 435
2
50  WM 9257 442
30  WM 10290 397
10  WM 11085 361
3
50  CASC 8249 2560
30  CASC 9192 2568
10  WM 9647 413
4
50  WM 8102 420
30  CASC 9625 2570
10  CASC 9843 2565
5
50  WM 7746 354
30  WM 8813 396
10  WM 8982 437
6
50  WM 9098 366
7
50  WM 7315 362
30  CASC 7566 2596
10  WM 7745 395
8
50  CASC 6676 2589
30  WM 6781 429
10  CASC 7000 2582
9
50  WM 2723 424
30  CASC 4132 2558
10  WM 4715 386
10
50  WM 2822 399
30  WM 3653 438
10  WM 4665 411
11
50  WM 2259 410
30  WM 2925 408
10  CASC 3012 2590
12
50  WM 1872 422
30  CASC 1967 2569
10  WM 2007 398
13
50  WM 4088 368
30  WM 4529 356
10  WM 4732 352
14
50  WM 3604 344
30  WM 3605 370
10  WM 3615 442
15
50  CASC 3326 2560
30  WM 3354 413
10  CASC 3459 2595
16
50  WM 3172 419
30  WM 3212 420
10  WM 3678 376
17
50  WM 6889 447
30  WM 7740 444
10  WM 7768 428
18
50  WM 6745 449
30  WM 7763 417
10  WM 7980 366
19
50  WM 6491 362
30  WM 6744 395
10  CASC 7263 2581
20
50  CASC 5976 2589
30  CASC 6106 2585
10  CASC 6517 2593
21
50  WM 3807 424
30  WM 4444 369
10  WM 4552 400
22
50  WM 3663 399
30  WM 3854 438
10  WM 5197 411
23
50  CASC 3091 2590
30  WM 3331 445
10  WM 3738 427
24
50  WM 2235 422
30  WM 2456 398
10  CASC 2707 2569
25
50  CASC 2255 2559
30  WM 2297 368
10  WM 2578 409
26
50  WM 1956 357
30  WM 2032 442
10  CASC 2159 2567
27
50  CASC 4156 2595
30  CASC 4365 2568
10  WM 4469 421
28
50  WM 3978 419
30  WM 4551 426
10  CASC 5026 2573
29
50  WM 3591 447
30  WM 3647 354
10  WM 4010 444
30
50  WM 3774 449
30  WM 4159 366
10  WM 4888 417
31
80  CASC 3307 2596
40  WM 3342 362
0  WM 3633 395
32
80  CASC 3368 2582
40  CASC 3454 2593
0  CASC 3535 2585
34
80  WM 2535 422
40  WM 3318 434
35
50  CASC 2100 2559
30  WM 2172 368
10  WM 2301 435
36
50  WM 1782 370
30  WM 1856 344
10  WM 2326 361
37
50  CASC 3762 2560
30  WM 3887 413
10  WM 4606 392
38
50  WM 3441 419
30  WM 5119 426
10  CASC 6298 2573
39
50  WM 3809 447
30  WM 3952 428
10  WM 4037 437
41
50  CASC 3334 2596
30  CASC 4049 2594
42
50  WM 2804 429
30  WM 3032 418
10  CASC 3113 2593
43
50  WM 2913 410
30  CASC 4173 2590
44
50  CASC 2689 2569
30  WM 3271 398
10  WM 3397 373
45
50  CASC 2417 2559
30  WM 2656 425
10  CASC 2814 2583
46
50  CASC 2299 2567
30  WM 2401 397
10  WM 2450 361
47
50  CASC 4506 2568
30  CASC 4766 2595
10  CASC 5298 2574
48
50  WM 4140 420
30  CASC 4834 2565
10  WM 5713 376
49
50  WM 3902 354
30  WM 4207 396
10  WM 4446 428
50
50  WM 4287 449
30  WM 5900 406
10  WM 6501 417
51
50  CASC 4516 2594
30  CASC 4555 2581
10  WM 5679 416
52
50  CASC 3417 2589
30  CASC 3541 2585
10  CASC 3601 2593
53
50  WM 18189 1662
54
50  WM 11382 1658
30  CASC 12204 1913
56
50  CASC 18359 1914
57
50  CASC 14158 1915
58
50  CASC 16135 1917
59
50  WM 14150 1660
61
50  CASC 12488 1918
30  WM 14309 1661
SCORE:CASC,WM,1810,3130,-132.0
