CASC-CR
1
50  CASC 10350 2559
30  CR 11712 3318
10  CR 12022 3334
2
50  CR 13265 3320
3
50  CASC 8249 2560
30  CASC 9192 2568
10  CR 9232 3319
4
50  CR 8600 3475
30  CASC 9625 2570
10  CASC 9843 2565
5
50  CR 8527 3299
30  CR 9890 3341
10  CR 10659 3305
7
50  CASC 7566 2596
30  CR 9051 3476
8
50  CASC 6676 2589
30  CR 6896 3314
10  CASC 7000 2582
9
50  CR 2966 3340
30  CR 2986 3297
10  CR 3035 3342
10
50  CR 3769 3292
30  CR 4727 3291
10  CR 5039 3468
11
50  CR 2470 3325
30  CR 2591 3332
10  CR 2844 3307
12
50  CASC 1967 2569
30  CR 2227 3313
10  CASC 2387 2571
13
50  CR 4676 3318
30  CR 4850 3321
10  CR 5027 3309
14
50  CASC 3920 2567
30  CASC 4271 2592
10  CASC 4516 2564
15
50  CASC 3326 2560
30  CASC 3459 2595
10  CR 3501 3319
16
50  CR 3247 3475
30  CR 3667 3315
10  CASC 3723 2565
17
50  CR 7574 3299
30  CR 9432 3341
10  CR 9596 3305
19
50  CASC 7263 2581
30  CR 8297 3476
20
50  CASC 5976 2589
30  CASC 6106 2585
10  CR 6211 3314
21
50  CR 3135 3340
30  CR 3330 3342
10  CR 3584 3297
23
50  CR 2932 3302
30  CASC 3091 2590
10  CR 3135 3340
24
50  CASC 2707 2569
30  CASC 2839 2571
10  CR 2928 3313
25
50  CASC 2255 2559
30  CR 2378 3334
10  CR 2545 3321
26
50  CASC 2159 2567
30  CASC 2461 2561
10  CR 2584 3337
27
50  CASC 4156 2595
30  CASC 4365 2568
10  CR 4382 3319
28
50  CR 3958 3475
30  CR 4915 3315
10  CASC 5026 2573
29
50  CR 3934 3299
30  CR 4923 3305
10  CR 6274 3300
31
80  CASC 3307 2596
40  CASC 3897 2581
0  CR 4231 3476
32
80  CR 3125 3314
40  CASC 3368 2582
0  CASC 3454 2593
33
80  CR 3483 3332
40  CR 5117 3325
0  CR 5174 3307
34
80  CR 3214 3313
35
50  CASC 2100 2559
30  CR 2349 3321
10  CR 2500 3334
36
50  CASC 2600 2561
30  CASC 2771 2592
10  CASC 2843 2564
37
50  CASC 3762 2560
30  CASC 4798 2580
38
50  CR 3709 3475
30  CR 4460 3470
10  CR 5271 3315
39
50  CR 4012 3299
30  CR 4917 3341
41
50  CASC 3334 2596
30  CR 3916 3476
10  CASC 4049 2594
42
50  CR 3003 3298
30  CASC 3113 2593
10  CASC 3183 2585
43
50  CR 3545 3332
30  CASC 4173 2590
10  CR 4834 3302
44
50  CASC 2689 2569
45
50  CASC 2417 2559
30  CR 2738 3321
10  CASC 2814 2583
46
50  CASC 2299 2567
30  CR 2711 3301
10  CASC 2747 2592
47
50  CASC 4506 2568
30  CR 4747 3319
10  CASC 4766 2595
48
50  CASC 4834 2565
30  CASC 6075 2584
10  CR 6163 3312
49
50  CR 5183 3305
30  CR 5388 3300
51
50  CASC 4516 2594
30  CASC 4555 2581
52
50  CASC 3417 2589
30  CASC 3541 2585
10  CASC 3601 2593
54
50  CASC 12204 1913
30  CR 12468 2010
56
50  CASC 18359 1914
57
50  CASC 14158 1915
58
50  CR 15619 2063
30  CASC 16135 1917
59
50  CR 17846 2014
61
50  CASC 12488 1918
SCORE:CASC,CR,2200,2240,-4.0
