CASC-WAW
1
50  WAW 9200 1022
30  CASC 10350 2559
10  WAW 11537 930
2
50  WAW 8528 1033
30  WAW 10693 964
10  WAW 12492 926
3
50  CASC 8249 2560
30  WAW 9045 931
10  CASC 9192 2568
4
50  WAW 7781 940
30  CASC 9625 2570
10  CASC 9843 2565
5
50  WAW 7833 908
30  WAW 8719 1004
10  WAW 9249 991
6
50  WAW 6684 904
30  WAW 7572 1032
7
50  CASC 7566 2596
30  WAW 7606 975
10  WAW 10288 957
8
50  WAW 6267 1012
30  CASC 6676 2589
10  CASC 7000 2582
9
50  WAW 2516 959
30  CASC 4132 2558
10  WAW 4256 933
10
50  WAW 2569 916
30  WAW 3534 947
10  WAW 4040 932
11
50  WAW 1876 1021
30  WAW 2419 1011
10  WAW 2690 907
12
50  CASC 1967 2569
30  WAW 2056 961
10  WAW 2233 956
13
50  WAW 3626 939
30  CASC 5127 2583
10  CASC 5346 2562
14
50  WAW 3897 964
30  CASC 3920 2567
10  WAW 4081 996
15
50  WAW 3166 938
30  CASC 3326 2560
10  CASC 3459 2595
16
50  CASC 3723 2565
30  CASC 3791 2570
10  WAW 4262 998
17
50  WAW 7038 929
30  WAW 7763 909
10  WAW 8048 1023
18
50  WAW 6524 1030
30  WAW 7990 943
10  WAW 8181 951
19
50  WAW 7012 975
30  CASC 7263 2581
10  WAW 8919 957
20
50  CASC 5976 2589
30  CASC 6106 2585
10  CASC 6517 2593
21
50  WAW 3312 959
30  CASC 4897 2558
10  WAW 4987 913
22
50  WAW 3255 916
30  WAW 3816 947
10  WAW 6113 960
23
50  WAW 2516 1021
30  CASC 3091 2590
10  WAW 3094 980
24
50  WAW 2659 902
30  CASC 2707 2569
10  CASC 2839 2571
25
50  CASC 2255 2559
30  WAW 2369 906
10  CASC 2664 2562
26
50  WAW 1809 915
30  CASC 2159 2567
10  WAW 2300 996
27
50  CASC 4156 2595
30  CASC 4365 2568
10  WAW 4452 918
28
50  WAW 3533 940
30  CASC 5026 2573
10  CASC 5736 2584
29
50  WAW 3721 929
30  WAW 5483 969
10  WAW 5694 953
30
50  WAW 3430 1030
30  WAW 5037 1010
31
80  CASC 3307 2596
40  CASC 3897 2581
0  WAW 5869 1018
32
80  WAW 3298 976
40  CASC 3368 2582
0  WAW 3409 948
35
50  CASC 2100 2559
30  WAW 2463 906
10  WAW 2667 955
36
50  WAW 1765 915
30  WAW 2451 1031
10  CASC 2600 2561
37
50  WAW 3497 938
30  CASC 3762 2560
10  WAW 4319 970
38
50  WAW 3681 940
30  WAW 5851 998
10  CASC 6298 2573
39
50  WAW 3972 1004
30  WAW 4388 991
40
50  WAW 2938 904
30  WAW 4697 951
41
50  CASC 3334 2596
30  WAW 3582 971
10  CASC 4049 2594
42
50  WAW 2976 976
30  CASC 3113 2593
10  CASC 3183 2585
43
50  WAW 2456 1021
30  WAW 3985 925
10  CASC 4173 2590
44
50  CASC 2689 2569
30  WAW 3223 902
10  WAW 4112 945
45
50  WAW 2035 1022
30  WAW 2119 939
10  CASC 2417 2559
46
50  WAW 1937 1033
30  CASC 2299 2567
10  WAW 2572 912
47
50  CASC 4506 2568
30  WAW 4628 931
10  CASC 4766 2595
48
50  CASC 4834 2565
30  WAW 5776 998
10  CASC 6075 2584
49
50  WAW 4032 908
30  WAW 4501 909
10  WAW 4536 1023
50
50  WAW 3637 1032
30  WAW 4833 943
10  WAW 5357 1010
51
50  WAW 3975 971
30  CASC 4516 2594
10  CASC 4555 2581
52
50  WAW 3347 1012
30  CASC 3417 2589
10  CASC 3541 2585
53
50  WAW 14403 1722
54
50  WAW 9827 1709
30  CASC 12204 1913
55
50  WAW 16351 1711
56
50  WAW 15537 1713
30  CASC 18359 1914
57
50  CASC 14158 1915
30  WAW 14803 1715
58
50  CASC 16135 1917
30  WAW 30791 1717
59
50  WAW 13606 1718
60
50  WAW 11946 1720
61
50  WAW 11575 1721
30  CASC 12488 1918
SCORE:CASC,WAW,1770,3350,-158.0
