CASC-OMST
1
50  CASC 10350 2559
30  OMST 11741 3251
2
50  OMST 8160 3253
30  OMST 11720 3256
3
50  OMST 8244 3275
30  CASC 8249 2560
10  CASC 9192 2568
4
50  CASC 9625 2570
30  CASC 9843 2565
10  OMST 12479 3247
5
50  OMST 7843 3258
6
50  OMST 8919 3263
7
50  OMST 7093 3269
30  CASC 7566 2596
10  OMST 7725 3285
8
50  OMST 6319 3274
30  CASC 6676 2589
10  CASC 7000 2582
9
50  CASC 4132 2558
30  OMST 4425 3259
10
50  OMST 6597 3248
30  OMST 7467 3252
11
50  OMST 2477 3286
30  OMST 2692 3260
10  OMST 2700 3255
12
50  CASC 1967 2569
30  CASC 2387 2571
10  OMST 2603 3284
13
50  CASC 5127 2583
30  CASC 5346 2562
10  OMST 5372 3268
14
50  CASC 3920 2567
30  OMST 3975 3261
10  CASC 4271 2592
15
50  CASC 3326 2560
30  CASC 3459 2595
10  OMST 3544 3279
16
50  OMST 3447 3266
30  CASC 3723 2565
10  CASC 3791 2570
17
50  OMST 8269 3271
30  OMST 9440 3281
10  OMST 9734 3254
18
50  OMST 7259 3257
30  OMST 9822 3273
19
50  OMST 6744 3285
30  CASC 7263 2581
20
50  CASC 5976 2589
30  CASC 6106 2585
10  CASC 6517 2593
21
50  OMST 4632 3259
30  CASC 4897 2558
23
50  OMST 3056 3286
30  CASC 3091 2590
10  OMST 4035 3289
24
50  CASC 2707 2569
30  CASC 2839 2571
10  OMST 3206 3284
25
50  CASC 2255 2559
30  OMST 2406 3251
10  CASC 2664 2562
26
50  OMST 1790 3253
30  CASC 2159 2567
10  CASC 2461 2561
27
50  OMST 3878 3275
30  CASC 4156 2595
10  CASC 4365 2568
28
50  CASC 5026 2573
30  CASC 5736 2584
10  OMST 5844 3283
29
50  OMST 3722 3258
30  OMST 4518 3271
10  OMST 4688 3265
30
50  OMST 4116 3263
30  OMST 5097 3273
31
80  CASC 3307 2596
40  OMST 3750 3285
0  CASC 3897 2581
32
80  CASC 3368 2582
40  CASC 3454 2593
0  CASC 3535 2585
33
80  OMST 4259 3289
35
50  CASC 2100 2559
30  OMST 2550 3251
10  CASC 3109 2583
36
50  OMST 1563 3253
30  OMST 2553 3256
10  CASC 2600 2561
37
50  CASC 3762 2560
30  OMST 4713 3279
10  CASC 4798 2580
38
50  OMST 6100 3283
30  CASC 6298 2573
10  OMST 7372 3247
39
50  OMST 3721 3258
30  OMST 4880 3271
10  OMST 5750 3287
40
50  OMST 3669 3257
41
50  OMST 3053 3269
30  CASC 3334 2596
10  CASC 4049 2594
42
50  OMST 2766 3274
30  CASC 3113 2593
10  CASC 3183 2585
43
50  CASC 4173 2590
30  OMST 4881 3260
10  OMST 7537 3264
44
50  CASC 2689 2569
30  OMST 3195 3284
45
50  CASC 2417 2559
30  CASC 2814 2583
10  CASC 3964 2562
46
50  CASC 2299 2567
30  CASC 2747 2592
10  OMST 2777 3246
47
50  CASC 4506 2568
30  OMST 4560 3275
10  CASC 4766 2595
48
50  CASC 4834 2565
30  OMST 4907 3266
10  OMST 5397 3249
49
50  OMST 5025 3265
30  OMST 5644 3254
10  OMST 5716 3281
50
50  OMST 6900 3273
51
50  OMST 3703 3269
30  CASC 4516 2594
10  CASC 4555 2581
52
50  OMST 3415 3274
30  CASC 3417 2589
10  CASC 3541 2585
54
50  CASC 12204 1913
30  OMST 12837 2003
55
50  OMST 27406 2004
56
50  OMST 16499 2005
30  CASC 18359 1914
57
50  CASC 14158 1915
58
50  CASC 16135 1917
30  OMST 17262 2007
59
50  OMST 15246 2008
61
50  OMST 12078 2009
30  CASC 12488 1918
SCORE:CASC,OMST,2220,2550,-33.0
