CC-CCC
1
50  CCC 9365 2014
30  CC 10921 2939
2
50  CC 8850 2949
30  CCC 10441 2005
10  CCC 11056 2019
3
50  CC 8118 2938
30  CC 8262 2957
10  CCC 9715 1991
4
50  CC 8034 2948
30  CCC 8866 2012
10  CCC 9346 2027
5
50  CCC 7445 2031
30  CC 7882 2954
10  CCC 8137 2030
6
50  CC 8156 2963
30  CC 8302 2944
7
50  CCC 7696 1992
30  CCC 8435 2028
10  CCC 8545 1998
8
50  CC 6620 2964
30  CCC 7524 2002
10  CC 7634 2934
9
50  CC 3234 2960
30  CCC 3709 1996
10  CCC 3804 2009
11
50  CCC 2076 2026
30  CC 2302 2951
10  CCC 2303 2010
12
50  CCC 1634 2020
30  CC 1919 2950
10  CCC 2770 2032
13
50  CC 4125 2959
30  CCC 4404 1995
10  CCC 4490 2006
14
50  CCC 4125 2019
30  CC 4768 2941
10  CC 4781 2953
15
50  CC 3222 2938
30  CC 3295 2957
10  CC 3450 2965
16
50  CC 3277 2948
30  CCC 3407 2012
10  CCC 4175 1993
17
50  CC 7166 2937
30  CC 7925 2942
10  CC 8272 2955
18
50  CC 6925 2944
30  CCC 12918 2015
19
50  CCC 7116 1992
30  CCC 7469 2028
10  CCC 7747 1998
20
50  CC 6203 2934
30  CCC 6632 2002
10  CC 7121 2935
21
50  CC 2950 2960
30  CCC 4272 1996
10  CCC 6403 2016
23
50  CCC 2706 2023
30  CC 2725 2951
10  CCC 2868 2026
24
50  CC 2439 2950
30  CCC 4210 2000
10  CCC 4712 2032
25
50  CC 2207 2939
30  CC 2372 2958
10  CC 2463 2961
26
50  CC 1737 2949
30  CCC 1947 2005
10  CCC 2432 2025
27
50  CC 4340 2965
30  CCC 9010 2033
28
50  CCC 4247 2012
30  CC 8178 2956
29
50  CCC 3810 2030
30  CC 4219 2937
10  CC 4225 2952
30
50  CC 3806 2944
30  CC 3850 2963
31
80  CCC 3662 1992
40  CCC 3813 1998
0  CCC 4203 2013
32
80  CC 3128 2964
40  CC 3500 2934
0  CC 4581 2947
33
80  CCC 2228 2026
40  CCC 3034 2024
34
80  CC 2484 2950
35
50  CCC 1819 2014
30  CC 2038 2939
10  CC 2359 2959
36
50  CC 1658 2949
30  CCC 1891 2005
10  CC 2789 2941
37
50  CC 3522 2938
30  CC 3640 2957
10  CCC 4146 1991
38
50  CC 3847 2948
30  CCC 4041 2027
10  CCC 4268 2012
39
50  CC 3449 2954
30  CCC 3515 2031
10  CCC 3572 2030
40
50  CC 3527 2944
30  CC 4050 2963
41
50  CCC 3413 1992
30  CCC 3736 2028
10  CCC 3934 1998
42
50  CC 2822 2964
30  CC 3266 2934
10  CC 4269 2935
43
50  CC 3131 2951
30  CCC 3622 2024
10  CCC 3755 2010
44
50  CC 2945 2950
45
50  CCC 2209 2014
30  CC 2420 2939
10  CC 2485 2958
46
50  CC 2719 2936
30  CC 2841 2941
10  CC 2912 2953
47
50  CC 4600 2965
30  CCC 5041 1991
48
50  CC 4097 2948
30  CCC 5066 2027
49
50  CC 3807 2954
30  CCC 3880 2031
10  CC 4456 2942
50
50  CC 4108 2963
51
50  CCC 4305 2028
30  CCC 4529 2013
10  CCC 4956 1990
52
50  CC 3294 2964
30  CC 4506 2947
10  CC 4563 2935
54
50  CCC 11834 1834
55
50  CCC 19756 1835
56
50  CC 19707 1970
30  CCC 20399 1836
57
50  CC 15841 1971
59
50  CC 13789 1972
SCORE:CC,CCC,2720,1970,75.0
