CC-CH
1
50  CH 9387 3108
30  CH 9994 3070
10  CC 10921 2939
2
50  CC 8850 2949
30  CH 13943 3123
10  CH 15191 3087
3
50  CH 8038 3083
30  CC 8118 2938
10  CC 8262 2957
4
50  CC 8034 2948
30  CH 10107 3111
10  CH 10791 3081
5
50  CC 7882 2954
30  CH 8338 3086
10  CC 9281 2937
6
50  CC 8156 2963
30  CH 8290 3085
10  CC 8302 2944
7
50  CC 9441 2943
8
50  CC 6620 2964
30  CC 7634 2934
10  CC 8990 2935
9
50  CH 2656 3080
30  CH 3053 3062
10  CC 3234 2960
10
50  CH 2587 3076
30  CH 3566 3067
10  CH 3896 3117
11
50  CC 2302 2951
30  CH 2405 3069
10  CH 2406 3120
12
50  CC 1919 2950
30  CH 2153 3119
10  CH 3169 3110
13
50  CH 3818 3108
30  CH 3875 3070
10  CH 4100 3066
14
50  CC 4768 2941
30  CC 4781 2953
10  CC 4785 2936
15
50  CC 3222 2938
30  CH 3274 3083
10  CC 3295 2957
16
50  CC 3277 2948
30  CH 4012 3111
10  CH 4029 3081
17
50  CC 7166 2937
30  CH 7585 3086
10  CC 7925 2942
18
50  CC 6925 2944
30  CH 7168 3085
10  CH 9206 3095
20
50  CC 6203 2934
30  CC 7121 2935
10  CC 8313 2947
21
50  CC 2950 2960
30  CH 3358 3062
10  CH 3632 3080
22
50  CH 4122 3076
30  CH 5985 3117
10  CH 6728 3109
23
50  CC 2725 2951
30  CH 2922 3120
10  CH 3278 3093
24
50  CC 2439 2950
30  CH 3088 3119
10  CH 3578 3110
25
50  CH 2178 3108
30  CC 2207 2939
10  CC 2372 2958
26
50  CC 1737 2949
30  CH 2538 3087
10  CC 2684 2953
27
50  CH 3922 3083
30  CC 4340 2965
10  CH 5050 3088
28
50  CH 4947 3073
30  CH 4950 3111
10  CH 5001 3081
29
50  CH 3618 3086
30  CC 4219 2937
10  CC 4225 2952
30
50  CC 3806 2944
30  CC 3850 2963
10  CH 5310 3071
31
80  CC 4707 2943
32
80  CC 3128 2964
40  CC 3500 2934
0  CC 4581 2947
33
80  CH 3087 3069
40  CH 4651 3077
34
80  CC 2484 2950
40  CH 2778 3119
35
50  CH 1913 3066
30  CH 1999 3108
10  CC 2038 2939
36
50  CC 1658 2949
30  CC 2789 2941
10  CH 3640 3123
37
50  CC 3522 2938
30  CC 3640 2957
10  CH 3868 3083
38
50  CC 3847 2948
30  CH 5581 3111
10  CH 6155 3060
39
50  CC 3449 2954
30  CH 3546 3086
10  CC 3895 2942
40
50  CC 3527 2944
30  CC 4050 2963
10  CH 4072 3085
41
50  CC 4125 2943
42
50  CC 2822 2964
30  CC 3266 2934
10  CC 4269 2935
43
50  CC 3131 2951
30  CH 3694 3120
10  CH 4434 3090
44
50  CC 2945 2950
30  CH 4025 3119
45
50  CC 2420 2939
30  CH 2458 3070
10  CC 2485 2958
46
50  CC 2719 2936
30  CC 2841 2941
10  CC 2912 2953
47
50  CC 4600 2965
30  CH 5384 3068
10  CH 5616 3098
48
50  CC 4097 2948
30  CH 6846 3060
10  CH 7466 3073
49
50  CC 3807 2954
30  CC 4456 2942
10  CC 5294 2955
50
50  CC 4108 2963
30  CH 5263 3095
10  CH 7240 3059
51
50  CC 5260 2943
52
50  CC 3294 2964
30  CC 4506 2947
10  CC 4563 2935
53
50  CH 14214 1989
54
50  CH 12912 1982
55
50  CH 17409 1984
56
50  CC 19707 1970
30  CH 25353 1985
57
50  CC 15841 1971
30  CH 18681 1986
58
50  CH 21965 1987
59
50  CC 13789 1972
60
50  CH 15906 1988
SCORE:CC,CH,2880,2120,76.0
