CC-CVST
1
50  CC 10921 2939
30  CVST 11587 2418
10  CVST 13418 2455
2
50  CC 8850 2949
30  CVST 12734 2437
10  CVST 12739 2416
3
50  CC 8118 2938
30  CC 8262 2957
10  CVST 10802 2463
4
50  CC 8034 2948
30  CVST 9787 2472
10  CVST 10762 2415
5
50  CC 7882 2954
30  CVST 8095 2417
10  CC 9281 2937
6
50  CC 8156 2963
30  CC 8302 2944
10  CVST 10273 2480
7
50  CVST 8300 2486
30  CVST 9113 2471
10  CC 9441 2943
8
50  CC 6620 2964
30  CVST 7131 2460
10  CC 7634 2934
9
50  CC 3234 2960
30  CVST 5503 2431
10
50  CVST 4087 2450
11
50  CVST 2134 2473
30  CC 2302 2951
10  CVST 2340 2433
12
50  CC 1919 2950
30  CVST 2072 2430
10  CVST 2494 2479
13
50  CC 4125 2959
30  CVST 4397 2469
10  CC 4578 2958
14
50  CVST 4356 2416
30  CVST 4514 2466
10  CVST 4633 2413
15
50  CC 3222 2938
30  CC 3295 2957
10  CC 3450 2965
16
50  CC 3277 2948
30  CVST 3974 2415
10  CVST 3988 2483
17
50  CC 7166 2937
30  CVST 7332 2417
10  CC 7925 2942
18
50  CC 6925 2944
30  CVST 9025 2474
10  CVST 9203 2458
19
50  CVST 7231 2447
30  CVST 7352 2486
10  CVST 7602 2467
20
50  CC 6203 2934
30  CVST 6471 2460
10  CVST 7039 2475
21
50  CC 2950 2960
22
50  CVST 7122 2450
23
50  CVST 2512 2473
30  CC 2725 2951
10  CVST 2834 2464
24
50  CC 2439 2950
30  CVST 2544 2430
10  CVST 3310 2453
25
50  CC 2207 2939
30  CC 2372 2958
10  CVST 2453 2418
26
50  CC 1737 2949
30  CVST 2446 2466
10  CC 2684 2953
27
50  CC 4340 2965
30  CVST 4985 2448
10  CVST 5287 2465
28
50  CVST 4787 2472
30  CVST 5099 2408
10  CVST 5134 2481
29
50  CC 4219 2937
30  CC 4225 2952
10  CVST 4394 2454
30
50  CC 3806 2944
30  CC 3850 2963
10  CVST 5015 2474
31
80  CVST 3768 2467
40  CVST 4033 2447
0  CVST 4566 2428
32
80  CC 3128 2964
40  CC 3500 2934
0  CVST 3903 2443
33
80  CVST 2497 2473
40  CVST 3566 2461
34
80  CC 2484 2950
40  CVST 2670 2430
35
50  CC 2038 2939
30  CC 2359 2959
10  CVST 2464 2418
36
50  CC 1658 2949
30  CVST 2475 2413
10  CC 2789 2941
37
50  CC 3522 2938
30  CC 3640 2957
10  CVST 5131 2463
38
50  CC 3847 2948
30  CVST 5369 2472
10  CVST 5604 2415
39
50  CC 3449 2954
30  CVST 3459 2417
10  CC 3895 2942
40
50  CC 3527 2944
30  CC 4050 2963
10  CVST 4744 2480
41
50  CVST 3789 2486
30  CVST 3790 2447
10  CVST 3822 2467
42
50  CC 2822 2964
30  CC 3266 2934
10  CVST 4069 2475
43
50  CVST 3090 2433
30  CC 3131 2951
10  CVST 3214 2414
44
50  CC 2945 2950
30  CVST 3410 2429
45
50  CC 2420 2939
30  CC 2485 2958
10  CVST 2777 2478
46
50  CVST 2589 2437
30  CC 2719 2936
10  CVST 2769 2416
47
50  CC 4600 2965
30  CVST 5630 2459
10  CVST 5639 2448
48
50  CC 4097 2948
30  CVST 5286 2408
10  CVST 6513 2481
49
50  CC 3807 2954
30  CVST 4415 2417
10  CC 4456 2942
50
50  CC 4108 2963
30  CVST 4978 2480
10  CVST 5988 2411
51
50  CVST 4631 2471
30  CVST 5069 2456
10  CVST 5203 2428
52
50  CC 3294 2964
30  CVST 3446 2460
10  CC 4506 2947
54
50  CVST 9359 1890
55
50  CVST 19053 1892
56
50  CVST 18637 1894
30  CC 19707 1970
57
50  CC 15841 1971
30  CVST 17503 1896
58
50  CVST 17620 1898
59
50  CC 13789 1972
30  CVST 17112 1900
60
50  CVST 15547 1901
61
50  CVST 12697 1902
SCORE:CC,CVST,2690,2460,23.0
