CC-DUL
1
50  DUL 10606 1303
30  CC 10921 2939
10  DUL 11379 1307
2
50  CC 8850 2949
3
50  CC 8118 2938
30  CC 8262 2957
10  DUL 9243 1320
4
50  CC 8034 2948
30  DUL 10659 1300
5
50  CC 7882 2954
30  DUL 9208 1347
10  CC 9281 2937
6
50  CC 8156 2963
30  CC 8302 2944
7
50  DUL 8048 1349
30  DUL 8394 1296
10  DUL 8832 1357
8
50  CC 6620 2964
30  DUL 7197 1305
10  DUL 7268 1295
9
50  CC 3234 2960
30  DUL 3522 1291
10  DUL 3850 1313
10
50  DUL 3298 1361
30  DUL 4187 1325
10  DUL 4641 1336
11
50  DUL 2237 1318
30  CC 2302 2951
10  DUL 2304 1322
12
50  CC 1919 2950
30  DUL 2127 1297
10  DUL 3045 1355
13
50  CC 4125 2959
30  DUL 4160 1303
10  DUL 4350 1338
14
50  CC 4768 2941
30  CC 4781 2953
10  CC 4785 2936
15
50  CC 3222 2938
30  CC 3295 2957
10  CC 3450 2965
16
50  CC 3277 2948
30  DUL 5700 1363
10  CC 5782 2956
17
50  CC 7166 2937
30  CC 7925 2942
10  CC 8272 2955
18
50  CC 6925 2944
19
50  DUL 8299 1356
30  DUL 8634 1348
10  DUL 8830 1292
20
50  CC 6203 2934
30  DUL 6944 1299
10  CC 7121 2935
21
50  CC 2950 2960
30  DUL 3983 1332
10  DUL 4739 1352
22
50  DUL 4059 1361
30  DUL 6140 1309
23
50  DUL 2695 1337
30  CC 2725 2951
10  DUL 2847 1351
24
50  CC 2439 2950
30  DUL 2994 1297
10  DUL 3733 1317
25
50  DUL 2093 1303
30  CC 2207 2939
10  DUL 2238 1304
26
50  CC 1737 2949
30  CC 2684 2953
10  CC 2900 2936
27
50  CC 4340 2965
30  DUL 4920 1294
10  DUL 5019 1334
28
50  DUL 5527 1300
30  DUL 7231 1363
10  CC 8178 2956
29
50  CC 4219 2937
30  CC 4225 2952
10  DUL 4352 1347
30
50  CC 3806 2944
30  CC 3850 2963
31
80  DUL 3909 1349
40  DUL 4014 1296
0  DUL 4300 1357
32
80  CC 3128 2964
40  CC 3500 2934
0  DUL 3673 1305
33
80  DUL 2739 1337
40  DUL 3487 1351
34
80  CC 2484 2950
35
50  DUL 1873 1303
30  CC 2038 2939
10  DUL 2175 1304
36
50  CC 1658 2949
30  CC 2789 2941
10  DUL 3350 1315
37
50  CC 3522 2938
30  CC 3640 2957
10  DUL 4325 1320
38
50  CC 3847 2948
30  DUL 4950 1300
39
50  CC 3449 2954
30  CC 3895 2942
10  DUL 3977 1347
40
50  CC 3527 2944
30  CC 4050 2963
41
50  DUL 3374 1349
30  DUL 3887 1296
10  DUL 4107 1357
42
50  CC 2822 2964
30  DUL 3122 1305
10  CC 3266 2934
43
50  DUL 2877 1322
30  DUL 3127 1337
10  CC 3131 2951
44
50  CC 2945 2950
45
50  DUL 2291 1307
30  CC 2420 2939
10  CC 2485 2958
46
50  CC 2719 2936
30  DUL 2757 1293
10  CC 2841 2941
47
50  CC 4600 2965
30  DUL 5163 1320
10  DUL 5656 1294
48
50  CC 4097 2948
30  DUL 5469 1300
10  DUL 7927 1363
49
50  CC 3807 2954
30  CC 4456 2942
10  DUL 4732 1347
50
50  CC 4108 2963
51
50  DUL 4042 1296
30  DUL 4289 1349
10  DUL 4327 1357
52
50  CC 3294 2964
30  DUL 3484 1295
10  DUL 3871 1299
53
50  DUL 18537 1749
54
50  DUL 12181 1742
55
50  DUL 24027 1744
56
50  CC 19707 1970
57
50  CC 15841 1971
30  DUL 16909 1746
59
50  CC 13789 1972
61
50  DUL 13150 1748
SCORE:CC,DUL,2740,2180,56.0
