CC-FV
1
50  FV 10025 3349
30  CC 10921 2939
10  FV 13531 3375
2
50  CC 8850 2949
30  FV 10634 3383
3
50  CC 8118 2938
30  CC 8262 2957
10  FV 8790 3380
4
50  CC 8034 2948
30  FV 11027 3350
10  FV 11813 3356
5
50  CC 7882 2954
30  FV 8295 3351
10  FV 8941 3381
6
50  CC 8156 2963
30  CC 8302 2944
10  FV 10438 3367
7
50  CC 9441 2943
30  FV 10543 3373
8
50  CC 6620 2964
30  FV 7139 3384
10  FV 7577 3364
9
50  FV 3222 3343
30  CC 3234 2960
10  FV 11425 3361
10
50  FV 3344 3360
11
50  FV 2181 3382
30  FV 2232 3344
10  CC 2302 2951
12
50  CC 1919 2950
30  FV 2238 3368
10  FV 3459 3374
13
50  CC 4125 2959
30  FV 4412 3375
10  CC 4578 2958
14
50  FV 4650 3369
30  CC 4768 2941
10  CC 4781 2953
15
50  CC 3222 2938
30  CC 3295 2957
10  CC 3450 2965
16
50  CC 3277 2948
30  FV 3762 3359
10  FV 3785 3379
17
50  CC 7166 2937
30  FV 7303 3351
10  FV 7582 3352
18
50  CC 6925 2944
19
50  FV 8631 3373
20
50  CC 6203 2934
30  FV 6359 3384
10  FV 6653 3355
21
50  CC 2950 2960
30  FV 3926 3343
22
50  FV 5770 3360
23
50  FV 2641 3344
30  FV 2675 3382
10  CC 2725 2951
24
50  CC 2439 2950
30  FV 3748 3374
25
50  FV 2089 3349
30  CC 2207 2939
10  CC 2372 2958
26
50  CC 1737 2949
30  FV 2464 3369
10  CC 2684 2953
27
50  FV 4028 3380
30  CC 4340 2965
10  FV 4595 3377
28
50  FV 4766 3359
30  FV 5353 3379
10  FV 5591 3356
29
50  FV 3738 3351
30  CC 4219 2937
10  CC 4225 2952
30
50  CC 3806 2944
30  CC 3850 2963
10  FV 5003 3367
31
80  CC 4707 2943
40  FV 5164 3373
32
80  CC 3128 2964
40  FV 3475 3364
0  CC 3500 2934
33
80  FV 3532 3344
34
80  CC 2484 2950
40  FV 3213 3368
35
50  FV 1908 3349
30  CC 2038 2939
10  CC 2359 2959
36
50  CC 1658 2949
30  FV 2340 3383
10  CC 2789 2941
37
50  CC 3522 2938
30  CC 3640 2957
10  FV 4444 3380
38
50  CC 3847 2948
30  FV 5006 3359
39
50  CC 3449 2954
30  FV 3577 3351
10  FV 3887 3352
40
50  CC 3527 2944
30  CC 4050 2963
10  FV 5819 3367
41
50  CC 4125 2943
30  FV 4947 3373
42
50  CC 2822 2964
30  FV 3234 3384
10  CC 3266 2934
43
50  CC 3131 2951
30  FV 3579 3382
10  FV 4928 3365
44
50  CC 2945 2950
30  FV 3925 3368
45
50  CC 2420 2939
30  CC 2485 2958
10  CC 2827 2961
46
50  FV 2665 3383
30  CC 2719 2936
10  FV 2806 3363
47
50  CC 4600 2965
30  FV 5371 3377
10  FV 7506 3347
48
50  CC 4097 2948
30  FV 5718 3350
10  FV 5747 3356
49
50  CC 3807 2954
30  FV 4203 3352
10  CC 4456 2942
50
50  CC 4108 2963
30  FV 5175 3367
51
50  CC 5260 2943
52
50  CC 3294 2964
30  FV 4388 3355
10  FV 4463 3364
54
50  FV 11293 2015
55
50  FV 20352 2016
56
50  CC 19707 1970
30  FV 19896 2017
57
50  CC 15841 1971
30  FV 17397 2018
58
50  FV 17403 2019
59
50  CC 13789 1972
30  FV 16759 2020
SCORE:CC,FV,2670,2200,47.0
