CC-HSC
1
50  CC 10921 2939
30  HSC 12582 3422
2
50  CC 8850 2949
30  HSC 13133 3465
10  HSC 13628 3436
3
50  CC 8118 2938
30  CC 8262 2957
10  HSC 10519 3445
4
50  CC 8034 2948
30  HSC 8441 3463
5
50  HSC 7740 3466
30  HSC 7854 3424
10  CC 7882 2954
6
50  HSC 7907 3446
30  CC 8156 2963
10  CC 8302 2944
7
50  HSC 8442 3457
30  HSC 8729 3447
10  CC 9441 2943
8
50  HSC 6592 3462
30  CC 6620 2964
10  CC 7634 2934
9
50  CC 3234 2960
30  HSC 5143 3442
10  HSC 5829 3441
10
50  HSC 3999 3459
11
50  HSC 1977 3430
30  HSC 2019 3464
10  CC 2302 2951
12
50  CC 1919 2950
30  HSC 3999 3459
10  HSC 4838 3452
13
50  CC 4125 2959
30  HSC 4509 3422
10  CC 4578 2958
14
50  HSC 4084 3420
30  HSC 4704 3465
10  CC 4768 2941
15
50  CC 3222 2938
30  CC 3295 2957
10  CC 3450 2965
16
50  HSC 3251 3453
30  HSC 3253 3463
10  CC 3277 2948
17
50  HSC 6734 3466
30  HSC 6821 3424
10  CC 7166 2937
18
50  HSC 6803 3423
30  CC 6925 2944
10  HSC 7347 3458
19
50  HSC 7373 3448
30  HSC 7776 3447
20
50  HSC 5558 3462
30  HSC 5947 3460
10  CC 6203 2934
21
50  CC 2950 2960
30  HSC 5788 3441
10  HSC 7357 3442
22
50  HSC 8421 3459
23
50  CC 2725 2951
30  HSC 2976 3430
10  HSC 3307 3456
24
50  CC 2439 2950
30  HSC 4538 3452
10  HSC 8421 3459
25
50  CC 2207 2939
30  CC 2372 2958
10  CC 2463 2961
26
50  CC 1737 2949
30  CC 2684 2953
10  HSC 2844 3420
27
50  CC 4340 2965
30  HSC 6280 3425
28
50  HSC 4294 3421
30  HSC 4380 3453
10  HSC 4906 3435
29
50  HSC 3789 3444
30  CC 4219 2937
10  CC 4225 2952
30
50  HSC 3802 3446
30  CC 3806 2944
10  CC 3850 2963
31
80  HSC 3913 3448
40  HSC 4225 3447
0  CC 4707 2943
32
80  CC 3128 2964
40  CC 3500 2934
0  HSC 3721 3461
34
80  CC 2484 2950
35
50  CC 2038 2939
30  CC 2359 2959
10  CC 2694 2961
36
50  CC 1658 2949
30  CC 2789 2941
10  HSC 3654 3436
37
50  CC 3522 2938
30  CC 3640 2957
10  HSC 4920 3445
38
50  CC 3847 2948
30  HSC 4317 3453
39
50  CC 3449 2954
30  HSC 3635 3424
10  HSC 3875 3444
40
50  HSC 3304 3446
30  CC 3527 2944
10  HSC 3927 3423
41
50  HSC 3312 3457
30  CC 4125 2943
10  HSC 4225 3448
42
50  HSC 2639 3462
30  CC 2822 2964
10  HSC 2925 3460
43
50  HSC 2932 3430
30  HSC 3033 3464
10  CC 3131 2951
44
50  CC 2945 2950
45
50  CC 2420 2939
30  CC 2485 2958
10  CC 2827 2961
46
50  CC 2719 2936
30  CC 2841 2941
10  CC 2912 2953
47
50  CC 4600 2965
30  HSC 6262 3445
48
50  CC 4097 2948
30  HSC 4691 3463
10  HSC 5188 3435
49
50  CC 3807 2954
30  HSC 4065 3466
10  CC 4456 2942
50
50  CC 4108 2963
30  HSC 4279 3423
10  HSC 4618 3432
51
50  HSC 4470 3448
30  HSC 4532 3457
10  CC 5260 2943
52
50  CC 3294 2964
30  HSC 3407 3460
10  HSC 3845 3454
56
50  CC 19707 1970
30  HSC 19928 2040
57
50  CC 15841 1971
58
50  HSC 15277 2041
59
50  HSC 12869 2042
30  CC 13789 1972
60
50  HSC 12747 2043
61
50  HSC 12104 2044
SCORE:CC,HSC,2390,2430,-4.0
