CC-HP
1
50  HP 9165 260
30  CC 10921 2939
10  HP 11713 224
2
50  CC 8850 2949
30  HP 9344 328
10  HP 9725 237
3
50  HP 7550 269
30  CC 8118 2938
10  CC 8262 2957
4
50  HP 7934 236
30  CC 8034 2948
10  HP 11247 225
5
50  HP 7225 290
30  CC 7882 2954
10  HP 8263 234
6
50  HP 7203 256
30  CC 8156 2963
10  HP 8175 244
7
50  HP 7603 220
30  CC 9441 2943
10  HP 10002 291
8
50  CC 6620 2964
30  HP 7391 303
10  HP 7437 312
9
50  CC 3234 2960
30  HP 3975 322
10  HP 3998 273
10
50  HP 3084 255
30  HP 4346 251
10  HP 6640 333
11
50  HP 2162 338
30  CC 2302 2951
10  HP 2431 214
12
50  CC 1919 2950
30  HP 2334 331
10  HP 2456 300
13
50  HP 3703 211
30  CC 4125 2959
10  HP 4381 226
14
50  HP 3725 237
30  HP 4106 283
10  HP 4278 282
15
50  HP 3207 330
30  CC 3222 2938
10  CC 3295 2957
16
50  HP 3135 236
30  CC 3277 2948
10  HP 3422 254
17
50  HP 6384 290
30  CC 7166 2937
10  CC 7925 2942
18
50  CC 6925 2944
30  HP 7653 241
10  HP 8009 304
19
50  HP 8572 307
30  HP 8647 243
10  HP 8834 321
20
50  HP 5659 308
30  CC 6203 2934
10  HP 6313 312
21
50  CC 2950 2960
30  HP 4947 322
10  HP 6941 239
22
50  HP 2850 227
30  HP 3722 255
10  HP 10047 333
23
50  HP 2685 229
30  CC 2725 2951
10  HP 2838 338
24
50  CC 2439 2950
30  HP 2787 331
10  HP 2850 227
25
50  HP 1963 260
30  CC 2207 2939
10  HP 2303 233
26
50  CC 1737 2949
30  HP 2563 246
10  CC 2684 2953
27
50  HP 3568 269
30  HP 3894 330
10  CC 4340 2965
28
50  HP 4231 254
30  HP 5281 225
10  CC 8178 2956
29
50  HP 3984 235
30  CC 4219 2937
10  CC 4225 2952
30
50  HP 3275 268
30  CC 3806 2944
10  CC 3850 2963
31
80  HP 3625 220
40  HP 4468 291
0  CC 4707 2943
32
80  HP 2865 308
40  CC 3128 2964
0  CC 3500 2934
33
80  HP 2600 338
40  HP 2612 214
34
80  CC 2484 2950
40  HP 2722 227
0  HP 3031 331
35
50  HP 1863 260
30  HP 1960 211
10  CC 2038 2939
36
50  CC 1658 2949
30  HP 1747 328
10  HP 2134 283
37
50  HP 3265 269
30  CC 3522 2938
10  CC 3640 2957
38
50  HP 3428 236
30  CC 3847 2948
10  HP 6200 317
39
50  HP 3072 290
30  CC 3449 2954
10  HP 3618 234
40
50  HP 3075 256
30  CC 3527 2944
10  HP 3638 244
41
50  HP 4053 291
30  CC 4125 2943
10  HP 4466 242
42
50  HP 2698 308
30  CC 2822 2964
10  HP 3059 303
43
50  HP 2884 229
30  CC 3131 2951
44
50  CC 2945 2950
30  HP 3416 227
10  HP 3853 261
45
50  CC 2420 2939
30  HP 2439 211
10  CC 2485 2958
46
50  HP 2560 282
30  CC 2719 2936
10  CC 2841 2941
47
50  HP 4525 330
30  CC 4600 2965
10  HP 4844 335
48
50  CC 4097 2948
30  HP 5325 276
10  HP 5327 254
49
50  CC 3807 2954
30  CC 4456 2942
10  HP 4641 234
50
50  HP 3669 268
30  CC 4108 2963
10  HP 4369 288
51
50  HP 3997 220
30  HP 4753 243
10  CC 5260 2943
52
50  CC 3294 2964
30  HP 3687 312
10  HP 3715 289
53
50  HP 18604 1656
54
50  HP 10553 1642
55
50  HP 18650 1644
56
50  HP 15963 1646
30  CC 19707 1970
57
50  CC 15841 1971
30  HP 17031 1647
58
50  HP 17835 1649
59
50  CC 13789 1972
30  HP 15187 1650
60
50  HP 12150 1651
61
50  HP 13259 1653
SCORE:CC,HP,1890,3440,-155.0
