CC-ML
1
50  ML 7733 3026
30  ML 8827 3040
10  CC 10921 2939
2
50  CC 8850 2949
3
50  ML 7653 3039
30  CC 8118 2938
10  CC 8262 2957
4
50  CC 8034 2948
5
50  ML 7646 2976
30  CC 7882 2954
10  CC 9281 2937
6
50  CC 8156 2963
30  CC 8302 2944
10  ML 8587 3042
7
50  CC 9441 2943
8
50  CC 6620 2964
30  ML 6856 3009
10  CC 7634 2934
9
50  ML 2362 3027
30  CC 3234 2960
10  ML 3564 3035
10
50  ML 3708 3055
30  ML 4282 3004
10  ML 4460 2966
11
50  ML 1763 3018
30  ML 2138 2990
10  ML 2240 2985
12
50  ML 1841 3057
30  CC 1919 2950
10  ML 2006 3058
13
50  ML 4123 2974
30  CC 4125 2959
10  CC 4578 2958
14
50  ML 3347 3007
30  ML 3845 3052
10  ML 4152 3017
15
50  ML 3038 3039
30  ML 3094 2983
10  CC 3222 2938
16
50  CC 3277 2948
30  ML 3797 3008
10  ML 4314 3053
17
50  ML 6728 3025
30  ML 7035 2976
10  CC 7166 2937
18
50  CC 6925 2944
30  ML 7318 3042
10  ML 7769 3041
20
50  ML 5822 3009
30  CC 6203 2934
10  CC 7121 2935
21
50  CC 2950 2960
30  ML 3140 3027
10  ML 4009 2975
22
50  ML 5102 3004
30  ML 5881 3055
10  ML 6240 3033
23
50  ML 2434 2968
30  ML 2446 3018
10  ML 2706 2985
24
50  ML 2428 3058
30  CC 2439 2950
10  ML 2614 3057
25
50  CC 2207 2939
30  ML 2282 2979
10  CC 2372 2958
26
50  CC 1737 2949
30  ML 1775 3007
10  ML 2128 3052
27
50  ML 3468 3028
30  ML 3828 3030
10  ML 4069 3021
28
50  ML 5208 3053
30  ML 5515 2971
10  CC 8178 2956
29
50  ML 3495 3025
30  ML 3766 2976
10  CC 4219 2937
30
50  CC 3806 2944
30  CC 3850 2963
10  ML 4514 3006
31
80  CC 4707 2943
32
80  CC 3128 2964
40  ML 3295 3009
0  CC 3500 2934
34
80  CC 2484 2950
35
50  ML 1494 3026
30  ML 1822 3040
10  CC 2038 2939
36
50  CC 1658 2949
30  ML 1976 3007
10  ML 2253 3017
37
50  ML 3107 3028
30  ML 3506 3039
10  CC 3522 2938
38
50  CC 3847 2948
30  ML 4734 3008
10  ML 5303 3053
39
50  ML 3244 2976
30  CC 3449 2954
10  ML 3546 3025
40
50  CC 3527 2944
30  CC 4050 2963
10  ML 4843 3006
41
50  CC 4125 2943
42
50  CC 2822 2964
30  ML 2864 3009
10  CC 3266 2934
43
50  ML 2798 3018
30  ML 2884 2968
10  CC 3131 2951
44
50  CC 2945 2950
30  ML 2996 2998
45
50  ML 1895 3026
30  ML 2352 3040
10  CC 2420 2939
46
50  CC 2719 2936
30  CC 2841 2941
10  CC 2912 2953
47
50  ML 3656 3028
30  ML 4203 2983
10  ML 4350 2999
48
50  CC 4097 2948
30  ML 4858 3008
49
50  CC 3807 2954
30  ML 4165 3025
10  CC 4456 2942
50
50  CC 4108 2963
30  ML 4115 3023
10  ML 4447 3041
51
50  CC 5260 2943
52
50  CC 3294 2964
30  CC 4506 2947
10  CC 4563 2935
53
50  ML 16500 1973
54
50  ML 9222 1974
55
50  ML 16363 1977
56
50  ML 18044 1978
30  CC 19707 1970
57
50  ML 12776 1980
30  CC 15841 1971
59
50  CC 13789 1972
60
50  ML 14843 1981
SCORE:CC,ML,2080,2620,-54.0
