CC-NSC
1
50  NSC 10734 638
30  NSC 10903 666
10  CC 10921 2939
2
50  CC 8850 2949
30  NSC 10994 632
10  NSC 11871 607
3
50  NSC 7928 660
30  CC 8118 2938
10  CC 8262 2957
4
50  CC 8034 2948
30  NSC 10388 671
5
50  NSC 7594 612
30  CC 7882 2954
10  NSC 9172 625
6
50  NSC 7116 595
30  CC 8156 2963
10  CC 8302 2944
7
50  NSC 7146 664
30  NSC 7884 584
10  CC 9441 2943
8
50  NSC 6128 586
30  CC 6620 2964
10  NSC 7101 569
9
50  NSC 2872 634
30  NSC 3075 651
10  CC 3234 2960
10
50  NSC 3440 644
30  NSC 3666 630
10  NSC 4779 654
11
50  NSC 2137 672
30  NSC 2175 643
10  NSC 2285 611
12
50  CC 1919 2950
30  NSC 2081 606
10  NSC 2541 657
13
50  NSC 4031 640
30  CC 4125 2959
10  NSC 4131 638
14
50  NSC 3841 627
30  NSC 4163 677
10  NSC 4425 622
15
50  CC 3222 2938
30  CC 3295 2957
10  CC 3450 2965
16
50  CC 3277 2948
30  NSC 3888 642
10  NSC 4300 613
17
50  CC 7166 2937
30  NSC 7472 656
10  CC 7925 2942
18
50  CC 6925 2944
30  NSC 7620 617
10  NSC 7872 589
19
50  NSC 6697 573
30  NSC 7000 584
10  NSC 8369 663
20
50  NSC 5459 586
30  NSC 5678 661
10  CC 6203 2934
21
50  CC 2950 2960
30  NSC 3888 634
10  NSC 4450 651
22
50  NSC 4485 644
30  NSC 5784 654
23
50  NSC 2553 643
30  NSC 2566 665
10  CC 2725 2951
24
50  CC 2439 2950
30  NSC 2825 606
10  NSC 3006 578
25
50  NSC 2138 638
30  NSC 2170 666
10  CC 2207 2939
26
50  CC 1737 2949
30  NSC 2112 627
10  NSC 2384 677
27
50  NSC 3566 660
30  CC 4340 2965
10  NSC 4984 649
28
50  NSC 4747 642
30  NSC 5616 613
10  NSC 6914 639
29
50  NSC 3691 612
30  NSC 4012 656
10  CC 4219 2937
30
50  CC 3806 2944
30  CC 3850 2963
10  NSC 4118 592
31
80  NSC 3358 664
40  NSC 3612 594
0  NSC 3720 573
32
80  NSC 2969 586
40  CC 3128 2964
0  NSC 3428 569
33
80  NSC 2650 665
40  NSC 2703 672
0  NSC 2825 603
34
80  CC 2484 2950
40  NSC 2619 606
35
50  CC 2038 2939
30  NSC 2060 640
10  CC 2359 2959
36
50  CC 1658 2949
30  NSC 2269 631
10  NSC 2356 633
37
50  CC 3522 2938
30  NSC 3546 660
10  CC 3640 2957
38
50  CC 3847 2948
30  NSC 5213 671
39
50  CC 3449 2954
30  CC 3895 2942
10  NSC 3901 656
40
50  CC 3527 2944
30  NSC 3934 601
10  NSC 3941 592
41
50  NSC 3315 573
30  NSC 3440 567
10  NSC 3545 584
42
50  CC 2822 2964
30  NSC 2939 661
10  NSC 3104 591
43
50  NSC 2800 672
30  CC 3131 2951
10  NSC 3390 626
44
50  NSC 2832 621
30  CC 2945 2950
10  NSC 4644 614
45
50  CC 2420 2939
30  CC 2485 2958
10  NSC 2497 640
46
50  NSC 2409 632
30  NSC 2559 622
10  CC 2719 2936
47
50  CC 4600 2965
30  NSC 5122 593
10  NSC 5138 572
48
50  CC 4097 2948
30  NSC 5044 671
10  NSC 5400 613
49
50  CC 3807 2954
30  NSC 4059 612
10  NSC 4425 625
50
50  NSC 3590 595
30  CC 4108 2963
10  NSC 4453 592
51
50  NSC 3763 664
30  NSC 4044 567
10  NSC 4137 594
52
50  CC 3294 2964
30  NSC 3544 661
10  NSC 3844 569
53
50  NSC 15700 1685
54
50  NSC 9860 1672
55
50  NSC 20914 1675
56
50  NSC 17615 1677
30  CC 19707 1970
57
50  NSC 15450 1679
30  CC 15841 1971
59
50  CC 13789 1972
30  NSC 14494 1682
60
50  NSC 12959 1683
61
50  NSC 12194 1684
SCORE:CC,NSC,1910,3350,-144.0
