CC-NJST
1
50  NJST 10050 3229
30  CC 10921 2939
2
50  CC 8850 2949
30  NJST 11875 3221
3
50  NJST 7090 3206
30  NJST 7422 3238
10  NJST 8059 3224
4
50  CC 8034 2948
30  NJST 10567 3243
5
50  CC 7882 2954
30  NJST 8025 3231
10  CC 9281 2937
6
50  CC 8156 2963
30  CC 8302 2944
7
50  NJST 7619 3234
30  NJST 8972 3211
10  NJST 9154 3240
8
50  CC 6620 2964
30  CC 7634 2934
10  NJST 7947 3230
9
50  NJST 2247 3222
30  CC 3234 2960
10  NJST 3979 3235
11
50  NJST 1965 3197
30  CC 2302 2951
10  NJST 2321 3215
12
50  CC 1919 2950
30  NJST 2010 3225
10  NJST 3113 3205
13
50  CC 4125 2959
30  NJST 4263 3229
10  CC 4578 2958
14
50  NJST 4209 3226
30  CC 4768 2941
10  CC 4781 2953
15
50  NJST 2836 3206
30  NJST 2929 3238
10  NJST 3194 3191
16
50  CC 3277 2948
30  NJST 3353 3236
10  NJST 3959 3243
17
50  CC 7166 2937
30  CC 7925 2942
10  CC 8272 2955
18
50  CC 6925 2944
19
50  NJST 6731 3234
30  NJST 7723 3240
10  NJST 8363 3211
20
50  CC 6203 2934
30  CC 7121 2935
10  CC 8313 2947
21
50  NJST 2794 3222
30  CC 2950 2960
10  NJST 5043 3235
23
50  NJST 2604 3197
30  NJST 2613 3215
10  CC 2725 2951
24
50  NJST 2287 3225
30  CC 2439 2950
10  NJST 3470 3192
25
50  CC 2207 2939
30  NJST 2256 3212
10  CC 2372 2958
26
50  CC 1737 2949
30  NJST 2381 3221
10  NJST 2413 3226
27
50  NJST 3425 3213
30  NJST 3872 3191
10  CC 4340 2965
28
50  NJST 4575 3236
30  NJST 5369 3214
10  NJST 5659 3243
29
50  NJST 3852 3231
30  CC 4219 2937
10  CC 4225 2952
30
50  CC 3806 2944
30  CC 3850 2963
31
80  NJST 3781 3234
40  NJST 4162 3211
0  CC 4707 2943
32
80  CC 3128 2964
40  CC 3500 2934
0  NJST 3987 3230
33
80  NJST 3345 3197
34
80  CC 2484 2950
35
50  CC 2038 2939
30  NJST 2103 3229
10  CC 2359 2959
36
50  CC 1658 2949
30  NJST 2091 3226
10  CC 2789 2941
37
50  NJST 3407 3206
30  CC 3522 2938
10  CC 3640 2957
38
50  CC 3847 2948
39
50  CC 3449 2954
30  NJST 3557 3231
10  CC 3895 2942
40
50  CC 3527 2944
30  CC 4050 2963
41
50  NJST 3315 3234
30  NJST 4063 3240
10  CC 4125 2943
42
50  CC 2822 2964
30  CC 3266 2934
10  NJST 3604 3230
43
50  NJST 3128 3219
30  CC 3131 2951
10  NJST 3909 3233
44
50  CC 2945 2950
30  NJST 3275 3225
10  NJST 4603 3205
45
50  CC 2420 2939
30  CC 2485 2958
10  NJST 2662 3194
46
50  CC 2719 2936
30  CC 2841 2941
10  CC 2912 2953
47
50  NJST 4290 3224
30  CC 4600 2965
10  NJST 5129 3232
48
50  CC 4097 2948
30  NJST 5291 3214
10  NJST 5836 3236
49
50  CC 3807 2954
30  NJST 4193 3231
10  CC 4456 2942
50
50  CC 4108 2963
51
50  NJST 4359 3211
30  NJST 4675 3240
10  CC 5260 2943
52
50  CC 3294 2964
30  NJST 3787 3230
10  CC 4506 2947
54
50  NJST 10675 1997
55
50  NJST 19643 1998
56
50  CC 19707 1970
30  NJST 22728 1999
57
50  NJST 12482 2000
30  CC 15841 1971
58
50  NJST 18127 2002
59
50  CC 13789 1972
SCORE:CC,NJST,2430,2290,14.0
