CC-OMST
1
50  CC 10921 2939
30  OMST 11741 3251
2
50  OMST 8160 3253
30  CC 8850 2949
10  OMST 11720 3256
3
50  CC 8118 2938
30  OMST 8244 3275
10  CC 8262 2957
4
50  CC 8034 2948
30  OMST 12479 3247
5
50  OMST 7843 3258
30  CC 7882 2954
10  CC 9281 2937
6
50  CC 8156 2963
30  CC 8302 2944
10  OMST 8919 3263
7
50  OMST 7093 3269
30  OMST 7725 3285
10  CC 9441 2943
8
50  OMST 6319 3274
30  CC 6620 2964
10  CC 7634 2934
9
50  CC 3234 2960
30  OMST 4425 3259
10
50  OMST 6597 3248
30  OMST 7467 3252
11
50  CC 2302 2951
30  OMST 2477 3286
10  OMST 2692 3260
12
50  CC 1919 2950
30  OMST 2603 3284
10  OMST 3575 3245
13
50  CC 4125 2959
30  CC 4578 2958
10  CC 4686 2961
14
50  OMST 3975 3261
30  OMST 4353 3256
10  CC 4768 2941
15
50  CC 3222 2938
30  CC 3295 2957
10  CC 3450 2965
16
50  CC 3277 2948
30  OMST 3447 3266
10  OMST 4120 3283
17
50  CC 7166 2937
30  CC 7925 2942
10  OMST 8269 3271
18
50  CC 6925 2944
30  OMST 7259 3257
10  OMST 9822 3273
19
50  OMST 6744 3285
20
50  CC 6203 2934
30  CC 7121 2935
10  OMST 7432 3288
21
50  CC 2950 2960
30  OMST 4632 3259
23
50  CC 2725 2951
30  OMST 3056 3286
10  OMST 4035 3289
24
50  CC 2439 2950
30  OMST 3206 3284
25
50  CC 2207 2939
30  CC 2372 2958
10  OMST 2406 3251
26
50  CC 1737 2949
30  OMST 1790 3253
10  OMST 2566 3261
27
50  OMST 3878 3275
30  CC 4340 2965
10  OMST 4726 3279
28
50  OMST 5844 3283
30  OMST 6204 3249
10  CC 8178 2956
29
50  OMST 3722 3258
30  CC 4219 2937
10  CC 4225 2952
30
50  CC 3806 2944
30  CC 3850 2963
10  OMST 4116 3263
31
80  OMST 3750 3285
40  CC 4707 2943
32
80  CC 3128 2964
40  CC 3500 2934
0  OMST 4363 3288
33
80  OMST 4259 3289
34
80  CC 2484 2950
35
50  CC 2038 2939
30  CC 2359 2959
10  OMST 2550 3251
36
50  OMST 1563 3253
30  CC 1658 2949
10  OMST 2553 3256
37
50  CC 3522 2938
30  CC 3640 2957
10  OMST 4713 3279
38
50  CC 3847 2948
30  OMST 6100 3283
10  OMST 7372 3247
39
50  CC 3449 2954
30  OMST 3721 3258
10  CC 3895 2942
40
50  CC 3527 2944
30  OMST 3669 3257
10  CC 4050 2963
41
50  OMST 3053 3269
30  CC 4125 2943
42
50  OMST 2766 3274
30  CC 2822 2964
10  CC 3266 2934
43
50  CC 3131 2951
30  OMST 4881 3260
10  OMST 7537 3264
44
50  CC 2945 2950
30  OMST 3195 3284
45
50  CC 2420 2939
30  CC 2485 2958
10  CC 2827 2961
46
50  CC 2719 2936
30  OMST 2777 3246
10  CC 2841 2941
47
50  OMST 4560 3275
30  CC 4600 2965
48
50  CC 4097 2948
30  OMST 4907 3266
10  OMST 5397 3249
49
50  CC 3807 2954
30  CC 4456 2942
10  OMST 5025 3265
50
50  CC 4108 2963
30  OMST 6900 3273
51
50  OMST 3703 3269
30  CC 5260 2943
52
50  CC 3294 2964
30  OMST 3415 3274
10  CC 4506 2947
54
50  OMST 12837 2003
55
50  OMST 27406 2004
56
50  OMST 16499 2005
30  CC 19707 1970
57
50  CC 15841 1971
58
50  OMST 17262 2007
59
50  CC 13789 1972
30  OMST 15246 2008
61
50  OMST 12078 2009
SCORE:CC,OMST,2750,2140,61.0
