CC-PO
1
50  PO 9340 2358
30  CC 10921 2939
10  PO 10953 2304
2
50  CC 8850 2949
30  PO 10430 2359
10  PO 12613 2389
3
50  CC 8118 2938
30  CC 8262 2957
10  PO 9899 2336
4
50  CC 8034 2948
30  PO 9149 2391
5
50  CC 7882 2954
30  CC 9281 2937
10  CC 9328 2952
6
50  PO 7628 2297
30  PO 7677 2366
10  CC 8156 2963
7
50  PO 8925 2320
30  PO 8952 2319
10  PO 9119 2356
8
50  CC 6620 2964
30  PO 7191 2298
10  CC 7634 2934
9
50  PO 2428 2293
30  CC 3234 2960
10  PO 3240 2374
10
50  PO 2596 2346
30  PO 3253 2322
10  PO 3576 2305
11
50  PO 2096 2364
30  PO 2269 2351
10  PO 2293 2335
12
50  CC 1919 2950
30  PO 2075 2402
10  PO 2097 2292
13
50  PO 3834 2317
30  CC 4125 2959
10  PO 4408 2304
14
50  PO 4212 2359
30  PO 4251 2389
10  PO 4348 2400
15
50  CC 3222 2938
30  CC 3295 2957
10  CC 3450 2965
16
50  CC 3277 2948
30  PO 3749 2349
10  PO 4409 2396
17
50  CC 7166 2937
30  CC 7925 2942
10  CC 8272 2955
18
50  CC 6925 2944
30  PO 7672 2315
10  PO 8137 2331
19
50  PO 7177 2353
30  PO 7887 2356
10  PO 8106 2320
20
50  CC 6203 2934
30  PO 7108 2298
10  CC 7121 2935
21
50  CC 2950 2960
30  PO 3271 2378
10  PO 3409 2293
22
50  PO 3458 2346
30  PO 3540 2322
10  PO 4746 2305
23
50  PO 2579 2351
30  PO 2611 2330
10  PO 2634 2335
24
50  CC 2439 2950
30  PO 2745 2345
10  PO 2847 2292
25
50  PO 2181 2317
30  CC 2207 2939
10  CC 2372 2958
26
50  CC 1737 2949
30  PO 2667 2307
10  CC 2684 2953
27
50  CC 4340 2965
30  PO 5895 2403
10  PO 5904 2294
28
50  PO 5190 2396
30  PO 7019 2399
10  CC 8178 2956
29
50  CC 4219 2937
30  CC 4225 2952
10  PO 4596 2361
30
50  PO 3426 2297
30  PO 3614 2366
10  CC 3806 2944
31
80  PO 4090 2319
40  PO 4220 2320
0  CC 4707 2943
32
80  CC 3128 2964
40  CC 3500 2934
0  PO 4094 2300
33
80  PO 2769 2364
40  PO 3434 2330
0  PO 3845 2293
34
80  CC 2484 2950
40  PO 2833 2345
0  PO 2866 2402
35
50  PO 1754 2358
30  PO 1951 2317
10  CC 2038 2939
36
50  CC 1658 2949
30  PO 2003 2359
10  PO 2400 2400
37
50  CC 3522 2938
30  CC 3640 2957
10  PO 5814 2403
38
50  CC 3847 2948
30  PO 4129 2391
10  PO 5443 2334
39
50  CC 3449 2954
30  CC 3895 2942
10  CC 4238 2952
40
50  PO 3357 2297
30  CC 3527 2944
10  PO 3587 2366
41
50  PO 3582 2353
30  PO 4020 2356
10  CC 4125 2943
42
50  CC 2822 2964
30  PO 3243 2298
10  CC 3266 2934
43
50  CC 3131 2951
30  PO 3567 2390
10  PO 4302 2299
44
50  CC 2945 2950
30  PO 3713 2355
45
50  PO 2282 2358
30  CC 2420 2939
10  CC 2485 2958
46
50  PO 2697 2400
30  CC 2719 2936
10  CC 2841 2941
47
50  CC 4600 2965
30  PO 4839 2336
10  PO 6139 2403
48
50  CC 4097 2948
30  PO 5239 2391
10  PO 5258 2349
49
50  CC 3807 2954
30  CC 4456 2942
10  PO 4732 2342
50
50  CC 4108 2963
30  PO 4740 2331
10  PO 4829 2315
51
50  PO 4338 2320
30  PO 4744 2319
10  CC 5260 2943
52
50  CC 3294 2964
30  PO 4268 2300
10  CC 4506 2947
53
50  PO 12839 1888
54
50  PO 9464 1876
55
50  PO 17012 1877
56
50  CC 19707 1970
30  PO 19939 1879
57
50  CC 15841 1971
30  PO 19083 1881
58
50  PO 16272 1882
59
50  CC 13789 1972
30  PO 15543 1884
60
50  PO 13909 1886
61
50  PO 12619 1887
SCORE:CC,PO,2380,2940,-56.0
