CC-SPD
1
50  SPD 10483 2543
30  CC 10921 2939
10  SPD 13000 2541
2
50  SPD 8459 2533
30  CC 8850 2949
10  SPD 9968 2525
3
50  CC 8118 2938
30  CC 8262 2957
10  SPD 10200 2513
4
50  CC 8034 2948
30  SPD 10001 2510
10  SPD 10160 2549
5
50  CC 7882 2954
30  SPD 7938 2532
10  SPD 8957 2503
6
50  CC 8156 2963
30  CC 8302 2944
10  SPD 8395 2544
7
50  CC 9441 2943
30  SPD 10866 2557
10  SPD 12740 2494
8
50  CC 6620 2964
30  CC 7634 2934
10  SPD 8953 2540
9
50  CC 3234 2960
30  SPD 3385 2489
10  SPD 4118 2490
10
50  SPD 7354 2554
11
50  CC 2302 2951
30  SPD 2582 2526
10  SPD 2895 2517
12
50  CC 1919 2950
30  SPD 3370 2496
10  SPD 5332 2491
13
50  CC 4125 2959
30  CC 4578 2958
10  SPD 4588 2541
14
50  SPD 3450 2533
30  SPD 4704 2520
10  CC 4768 2941
15
50  CC 3222 2938
30  CC 3295 2957
10  CC 3450 2965
16
50  CC 3277 2948
30  SPD 3708 2553
10  SPD 3714 2510
17
50  SPD 6896 2532
30  CC 7166 2937
10  CC 7925 2942
18
50  CC 6925 2944
30  SPD 7106 2544
10  SPD 8412 2551
19
50  SPD 8300 2539
30  SPD 11350 2494
20
50  CC 6203 2934
30  CC 7121 2935
10  SPD 7422 2552
21
50  CC 2950 2960
30  SPD 3859 2489
10  SPD 3863 2490
22
50  SPD 5433 2536
30  SPD 7209 2554
23
50  CC 2725 2951
30  SPD 3184 2515
10  SPD 3613 2517
24
50  CC 2439 2950
30  SPD 4159 2496
10  SPD 9429 2491
25
50  SPD 2138 2543
30  CC 2207 2939
10  CC 2372 2958
26
50  CC 1737 2949
30  SPD 1891 2533
10  SPD 2140 2525
27
50  CC 4340 2965
30  SPD 4615 2511
10  SPD 4970 2513
28
50  SPD 4881 2509
30  SPD 5303 2549
10  SPD 5803 2514
29
50  SPD 4043 2518
30  CC 4219 2937
10  CC 4225 2952
30
50  CC 3806 2944
30  CC 3850 2963
10  SPD 4387 2508
31
80  SPD 4170 2539
40  CC 4707 2943
0  SPD 4820 2516
32
80  CC 3128 2964
40  CC 3500 2934
0  SPD 4063 2552
33
80  SPD 4375 2534
34
80  CC 2484 2950
35
50  CC 2038 2939
30  CC 2359 2959
10  SPD 2403 2543
36
50  CC 1658 2949
30  SPD 2102 2525
10  CC 2789 2941
37
50  CC 3522 2938
30  CC 3640 2957
10  SPD 4592 2550
38
50  CC 3847 2948
30  SPD 4631 2553
10  SPD 4950 2549
39
50  CC 3449 2954
30  SPD 3639 2532
10  SPD 3788 2503
40
50  CC 3527 2944
30  SPD 3814 2544
10  CC 4050 2963
41
50  CC 4125 2943
30  SPD 4227 2539
10  SPD 4878 2557
42
50  CC 2822 2964
30  CC 3266 2934
10  CC 4269 2935
43
50  CC 3131 2951
30  SPD 3899 2526
10  SPD 3971 2534
44
50  CC 2945 2950
45
50  CC 2420 2939
30  CC 2485 2958
10  SPD 2703 2512
46
50  SPD 2083 2533
30  SPD 2428 2525
10  CC 2719 2936
47
50  CC 4600 2965
30  SPD 4937 2513
10  SPD 5538 2523
48
50  CC 4097 2948
30  SPD 5052 2510
10  SPD 5469 2553
49
50  CC 3807 2954
30  CC 4456 2942
10  SPD 4663 2547
50
50  CC 4108 2963
30  SPD 4334 2551
10  SPD 4456 2502
51
50  CC 5260 2943
30  SPD 5278 2516
10  SPD 5333 2557
52
50  CC 3294 2964
30  CC 4506 2947
10  CC 4563 2935
53
50  SPD 27334 1912
54
50  SPD 15415 1904
55
50  SPD 18900 1906
56
50  CC 19707 1970
57
50  CC 15841 1971
30  SPD 16523 1907
58
50  SPD 15638 1908
59
50  SPD 13778 1909
30  CC 13789 1972
60
50  SPD 14566 1910
61
50  SPD 17680 1911
SCORE:CC,SPD,2860,2270,59.0
