CC-SL
1
50  CC 10921 2939
30  SL 11744 2907
2
50  SL 8346 2877
30  SL 8361 2923
10  CC 8850 2949
3
50  CC 8118 2938
30  CC 8262 2957
10  SL 8950 2918
4
50  CC 8034 2948
30  SL 9534 2909
5
50  SL 7340 2901
30  SL 7391 2928
10  CC 7882 2954
6
50  SL 7120 2921
30  SL 7529 2886
10  SL 7588 2883
7
50  CC 9441 2943
8
50  CC 6620 2964
30  SL 7163 2917
10  CC 7634 2934
9
50  CC 3234 2960
30  SL 5934 2911
10  SL 5950 2896
10
50  SL 4113 2913
30  SL 4840 2875
11
50  SL 1652 2876
30  SL 1699 2908
10  SL 1840 2885
12
50  SL 1650 2874
30  CC 1919 2950
10  SL 2522 2922
13
50  CC 4125 2959
30  CC 4578 2958
10  CC 4686 2961
14
50  SL 3409 2923
30  SL 4400 2894
10  CC 4768 2941
15
50  CC 3222 2938
30  CC 3295 2957
10  SL 3377 2884
16
50  CC 3277 2948
30  SL 3384 2909
10  SL 3680 2880
17
50  SL 6280 2928
30  SL 6354 2901
10  CC 7166 2937
18
50  SL 6249 2921
30  SL 6403 2883
10  CC 6925 2944
20
50  SL 5976 2917
30  CC 6203 2934
10  CC 7121 2935
21
50  CC 2950 2960
23
50  SL 1968 2876
30  SL 2090 2908
10  SL 2282 2885
24
50  SL 2070 2874
30  CC 2439 2950
10  SL 4209 2878
25
50  CC 2207 2939
30  CC 2372 2958
10  SL 2450 2907
26
50  CC 1737 2949
30  SL 1912 2877
10  SL 2043 2899
27
50  CC 4340 2965
30  SL 4425 2918
10  SL 4534 2897
28
50  SL 4029 2909
30  SL 5410 2880
10  SL 5932 2931
29
50  SL 3388 2928
30  CC 4219 2937
10  CC 4225 2952
30
50  SL 3439 2883
30  CC 3806 2944
10  CC 3850 2963
31
80  CC 4707 2943
32
80  CC 3128 2964
40  SL 3410 2917
0  CC 3500 2934
33
80  SL 1860 2876
40  SL 2121 2908
0  SL 2362 2885
34
80  SL 2033 2874
40  CC 2484 2950
35
50  CC 2038 2939
30  CC 2359 2959
10  SL 2492 2907
36
50  CC 1658 2949
30  SL 1757 2877
10  SL 2149 2899
37
50  CC 3522 2938
30  CC 3640 2957
10  SL 4031 2920
38
50  CC 3847 2948
30  SL 4922 2909
10  SL 5777 2880
39
50  SL 3265 2928
30  SL 3427 2901
10  CC 3449 2954
40
50  CC 3527 2944
30  CC 4050 2963
10  SL 4456 2932
41
50  CC 4125 2943
42
50  CC 2822 2964
30  SL 2859 2917
10  CC 3266 2934
43
50  SL 2284 2876
30  SL 2790 2885
10  CC 3131 2951
44
50  SL 2286 2874
30  CC 2945 2950
45
50  CC 2420 2939
30  CC 2485 2958
10  CC 2827 2961
46
50  SL 1938 2923
30  SL 2446 2899
10  CC 2719 2936
47
50  CC 4600 2965
30  SL 4651 2912
10  SL 4742 2918
48
50  CC 4097 2948
30  SL 6701 2931
10  SL 6857 2880
49
50  CC 3807 2954
30  SL 3903 2901
10  SL 4117 2916
50
50  SL 3447 2921
30  SL 3884 2904
10  CC 4108 2963
51
50  CC 5260 2943
52
50  CC 3294 2964
30  CC 4506 2947
10  CC 4563 2935
53
50  SL 23862 1969
54
50  SL 11727 1961
55
50  SL 20788 1963
56
50  SL 15044 1965
30  CC 19707 1970
57
50  SL 15791 1966
30  CC 15841 1971
59
50  CC 13789 1972
30  SL 15156 1967
60
50  SL 12371 1968
SCORE:CC,SL,2230,2590,-36.0
