CC-WCSC
1
50  WCSC 8690 844
30  WCSC 9353 884
10  CC 10921 2939
2
50  CC 8850 2949
30  WCSC 10839 784
3
50  WCSC 7943 800
30  CC 8118 2938
10  CC 8262 2957
4
50  CC 8034 2948
30  WCSC 8409 810
10  WCSC 9688 775
5
50  WCSC 7784 895
30  CC 7882 2954
10  CC 9281 2937
6
50  WCSC 7896 776
30  CC 8156 2963
10  CC 8302 2944
7
50  WCSC 8963 860
30  CC 9441 2943
10  WCSC 9778 900
8
50  CC 6620 2964
30  CC 7634 2934
10  WCSC 7650 843
9
50  WCSC 3175 869
30  CC 3234 2960
10  WCSC 3328 872
10
50  WCSC 3536 830
30  WCSC 3673 786
10  WCSC 5096 822
11
50  WCSC 1889 855
30  WCSC 2129 826
10  WCSC 2194 862
12
50  WCSC 1740 870
30  WCSC 1904 877
10  CC 1919 2950
13
50  WCSC 3738 871
30  WCSC 3787 884
10  CC 4125 2959
14
50  WCSC 4129 831
30  WCSC 4481 868
10  WCSC 4502 823
15
50  WCSC 3219 896
30  CC 3222 2938
10  CC 3295 2957
16
50  CC 3277 2948
30  WCSC 3434 775
10  WCSC 3517 863
17
50  WCSC 7082 859
30  CC 7166 2937
10  WCSC 7348 845
18
50  WCSC 6674 798
30  WCSC 6843 776
10  CC 6925 2944
19
50  WCSC 7938 860
30  WCSC 7996 881
10  WCSC 8133 835
20
50  CC 6203 2934
30  WCSC 6297 843
10  CC 7121 2935
21
50  CC 2950 2960
30  WCSC 3090 869
10  WCSC 4438 872
22
50  WCSC 4634 830
30  WCSC 5263 777
10  WCSC 5283 822
23
50  WCSC 2098 817
30  WCSC 2637 898
10  WCSC 2662 879
24
50  WCSC 1929 801
30  WCSC 2358 877
10  CC 2439 2950
25
50  WCSC 2043 816
30  CC 2207 2939
10  WCSC 2299 839
26
50  CC 1737 2949
30  WCSC 2111 784
10  WCSC 2634 868
27
50  WCSC 3813 800
30  CC 4340 2965
10  WCSC 5066 820
28
50  WCSC 4178 810
30  WCSC 5603 847
10  WCSC 6144 849
29
50  WCSC 3500 895
30  CC 4219 2937
10  CC 4225 2952
30
50  CC 3806 2944
30  CC 3850 2963
10  WCSC 3909 821
31
80  WCSC 3840 803
40  WCSC 4301 835
0  WCSC 4500 897
32
80  CC 3128 2964
40  CC 3500 2934
0  WCSC 3606 864
33
80  WCSC 2225 826
40  WCSC 2500 817
34
80  WCSC 2223 877
40  CC 2484 2950
0  WCSC 2855 857
35
50  WCSC 1938 871
30  CC 2038 2939
10  WCSC 2327 816
36
50  CC 1658 2949
30  WCSC 2122 876
10  CC 2789 2941
37
50  CC 3522 2938
30  CC 3640 2957
10  WCSC 3982 840
38
50  CC 3847 2948
30  WCSC 4317 863
10  WCSC 4653 775
39
50  WCSC 3434 859
30  CC 3449 2954
10  CC 3895 2942
40
50  WCSC 3463 798
30  CC 3527 2944
10  WCSC 4046 880
41
50  WCSC 3803 803
30  WCSC 3928 900
10  CC 4125 2943
42
50  CC 2822 2964
30  WCSC 3134 787
10  CC 3266 2934
43
50  WCSC 2682 855
30  WCSC 3027 826
10  CC 3131 2951
44
50  WCSC 2112 801
30  WCSC 2583 870
10  CC 2945 2950
45
50  WCSC 2151 844
30  CC 2420 2939
10  CC 2485 2958
46
50  WCSC 2403 831
30  CC 2719 2936
10  CC 2841 2941
47
50  WCSC 4162 896
30  CC 4600 2965
10  WCSC 5534 799
48
50  CC 4097 2948
30  WCSC 4555 810
49
50  CC 3807 2954
30  CC 4456 2942
10  WCSC 4656 845
50
50  CC 4108 2963
30  WCSC 4113 776
10  WCSC 4549 798
51
50  WCSC 4467 860
30  CC 5260 2943
10  WCSC 5658 835
52
50  CC 3294 2964
30  WCSC 3963 864
10  CC 4506 2947
53
50  WCSC 16033 1707
54
50  WCSC 7650 1692
55
50  WCSC 16081 1695
56
50  WCSC 17798 1697
30  CC 19707 1970
57
50  WCSC 13322 1699
30  CC 15841 1971
58
50  WCSC 18199 1702
59
50  WCSC 13190 1703
30  CC 13789 1972
60
50  WCSC 15089 1704
61
50  WCSC 12596 1705
SCORE:CC,WCSC,1880,3440,-156.0
