CC-WRC
1
50  WRC 10759 2171
30  CC 10921 2939
2
50  CC 8850 2949
30  WRC 10377 2161
10  WRC 13057 2144
3
50  CC 8118 2938
30  CC 8262 2957
10  WRC 8371 2156
4
50  CC 8034 2948
30  WRC 10200 2180
10  WRC 10965 2188
5
50  CC 7882 2954
30  WRC 8003 2147
10  CC 9281 2937
6
50  WRC 7619 2174
30  CC 8156 2963
10  CC 8302 2944
7
50  WRC 8182 2146
30  WRC 8594 2169
10  CC 9441 2943
8
50  CC 6620 2964
30  WRC 7292 2182
10  WRC 7447 2177
9
50  WRC 3100 2162
30  CC 3234 2960
10
50  WRC 3732 2165
30  WRC 6075 2168
11
50  WRC 1881 2176
30  WRC 1968 2196
10  CC 2302 2951
12
50  CC 1919 2950
30  WRC 2313 2150
10  WRC 2594 2183
13
50  WRC 3889 2175
30  CC 4125 2959
10  CC 4578 2958
14
50  WRC 4383 2191
30  WRC 4678 2144
10  WRC 4715 2160
15
50  CC 3222 2938
30  CC 3295 2957
10  CC 3450 2965
16
50  CC 3277 2948
30  WRC 4440 2188
10  CC 5782 2956
17
50  WRC 6896 2147
30  CC 7166 2937
10  WRC 7375 2153
18
50  WRC 6674 2174
30  CC 6925 2944
10  WRC 7522 2189
19
50  WRC 6727 2145
30  WRC 7127 2146
20
50  WRC 6001 2181
30  CC 6203 2934
10  WRC 6272 2182
21
50  CC 2950 2960
30  WRC 3722 2162
22
50  WRC 4550 2165
23
50  WRC 2194 2196
30  CC 2725 2951
10  WRC 3359 2148
24
50  CC 2439 2950
30  WRC 3389 2183
10  WRC 4241 2154
25
50  CC 2207 2939
30  WRC 2256 2171
10  CC 2372 2958
26
50  CC 1737 2949
30  WRC 2103 2161
10  WRC 2347 2191
27
50  WRC 4144 2151
30  CC 4340 2965
10  WRC 4376 2167
28
50  WRC 5894 2188
30  CC 8178 2956
29
50  WRC 3476 2178
30  WRC 4006 2153
10  CC 4219 2937
30
50  WRC 3546 2174
30  CC 3806 2944
10  CC 3850 2963
31
80  WRC 3850 2146
40  WRC 4171 2169
0  CC 4707 2943
32
80  CC 3128 2964
40  WRC 3201 2181
0  WRC 3499 2177
33
80  WRC 2358 2196
40  WRC 2458 2176
0  WRC 3150 2148
34
80  CC 2484 2950
35
50  WRC 1814 2175
30  CC 2038 2939
10  CC 2359 2959
36
50  CC 1658 2949
30  WRC 2018 2161
10  WRC 2403 2191
37
50  CC 3522 2938
30  CC 3640 2957
10  WRC 3987 2156
38
50  CC 3847 2948
39
50  CC 3449 2954
30  WRC 3559 2178
10  WRC 3650 2153
40
50  WRC 3512 2174
30  CC 3527 2944
10  CC 4050 2963
41
50  WRC 3456 2145
30  WRC 3719 2169
10  CC 4125 2943
42
50  CC 2822 2964
30  WRC 3052 2182
10  WRC 3094 2181
43
50  WRC 2683 2176
30  CC 3131 2951
10  WRC 3264 2184
44
50  CC 2945 2950
45
50  CC 2420 2939
30  CC 2485 2958
10  WRC 2627 2171
46
50  WRC 2445 2161
30  WRC 2487 2191
10  CC 2719 2936
47
50  WRC 4069 2156
30  CC 4600 2965
10  WRC 5535 2152
48
50  CC 4097 2948
30  WRC 4896 2188
49
50  CC 3807 2954
30  WRC 4226 2147
10  CC 4456 2942
50
50  WRC 4032 2189
30  CC 4108 2963
51
50  WRC 3802 2145
30  WRC 4565 2169
10  CC 5260 2943
52
50  CC 3294 2964
30  WRC 3662 2177
10  WRC 3976 2173
54
50  WRC 9339 1855
55
50  WRC 20388 1858
56
50  CC 19707 1970
57
50  WRC 14518 1859
30  CC 15841 1971
59
50  WRC 13206 1860
30  CC 13789 1972
61
50  WRC 13246 1861
SCORE:CC,WRC,2130,2790,-66.0
