CC-WH
1
50  WH 9640 1193
30  CC 10921 2939
10  WH 11865 1245
2
50  CC 8850 2949
30  WH 10577 1271
10  WH 10928 1228
3
50  CC 8118 2938
30  WH 8247 1194
10  CC 8262 2957
4
50  CC 8034 2948
30  WH 9193 1192
10  WH 11040 1221
5
50  CC 7882 2954
30  WH 7892 1191
10  WH 9129 1190
6
50  CC 8156 2963
30  CC 8302 2944
10  WH 10114 1226
7
50  WH 8651 1276
30  CC 9441 2943
8
50  CC 6620 2964
30  CC 7634 2934
10  WH 8286 1280
9
50  CC 3234 2960
30  WH 3735 1229
10
50  WH 4124 1181
30  WH 4823 1257
10  WH 5578 1265
11
50  WH 2018 1188
30  WH 2124 1236
10  CC 2302 2951
12
50  CC 1919 2950
30  WH 2443 1211
10  WH 2872 1258
13
50  CC 4125 2959
30  CC 4578 2958
10  CC 4686 2961
14
50  WH 4037 1228
30  CC 4768 2941
10  CC 4781 2953
15
50  CC 3222 2938
30  CC 3295 2957
10  WH 3344 1194
16
50  CC 3277 2948
30  WH 3582 1197
10  WH 3814 1205
17
50  CC 7166 2937
30  WH 7845 1178
10  CC 7925 2942
18
50  WH 6598 1277
30  CC 6925 2944
10  WH 8628 1206
19
50  WH 6868 1187
30  WH 7183 1240
10  WH 7575 1276
20
50  CC 6203 2934
30  WH 6743 1246
10  CC 7121 2935
21
50  CC 2950 2960
30  WH 5483 1229
23
50  WH 2603 1188
30  CC 2725 2951
10  WH 2802 1236
24
50  CC 2439 2950
30  WH 3673 1256
10  WH 4091 1211
25
50  CC 2207 2939
30  WH 2213 1193
10  WH 2308 1245
26
50  CC 1737 2949
30  WH 2321 1271
10  CC 2684 2953
27
50  WH 3950 1194
30  CC 4340 2965
10  WH 5243 1195
28
50  WH 4251 1192
30  WH 4716 1197
10  WH 5074 1205
29
50  WH 3513 1191
30  WH 4098 1178
10  CC 4219 2937
30
50  WH 3788 1277
30  CC 3806 2944
10  CC 3850 2963
31
80  WH 3613 1240
40  WH 3877 1187
0  WH 4647 1264
32
80  CC 3128 2964
40  CC 3500 2934
0  WH 3597 1247
34
80  CC 2484 2950
35
50  CC 2038 2939
30  WH 2132 1245
10  CC 2359 2959
36
50  CC 1658 2949
30  WH 1815 1189
10  WH 2148 1228
37
50  CC 3522 2938
30  CC 3640 2957
10  WH 4920 1176
38
50  CC 3847 2948
30  WH 4260 1192
10  WH 4851 1221
39
50  CC 3449 2954
30  WH 3611 1191
10  CC 3895 2942
40
50  CC 3527 2944
30  WH 4022 1274
10  CC 4050 2963
41
50  WH 3517 1187
30  WH 3852 1276
10  CC 4125 2943
42
50  CC 2822 2964
30  CC 3266 2934
10  WH 3502 1280
43
50  CC 3131 2951
30  WH 3268 1188
10  WH 3453 1279
44
50  CC 2945 2950
45
50  WH 2335 1193
30  CC 2420 2939
10  CC 2485 2958
46
50  WH 2147 1271
30  WH 2444 1189
10  CC 2719 2936
47
50  CC 4600 2965
30  WH 5269 1195
10  WH 5319 1176
48
50  CC 4097 2948
30  WH 5403 1197
10  WH 5668 1179
49
50  CC 3807 2954
30  WH 4345 1220
10  CC 4456 2942
50
50  WH 3827 1277
30  CC 4108 2963
10  WH 4859 1206
51
50  WH 4341 1240
30  WH 4961 1196
10  CC 5260 2943
52
50  CC 3294 2964
30  WH 4106 1280
10  WH 4311 1247
53
50  WH 24955 1733
54
50  WH 11963 1734
55
50  WH 28845 1735
56
50  CC 19707 1970
30  WH 27833 1736
57
50  CC 15841 1971
30  WH 23321 1737
58
50  WH 21021 1738
59
50  CC 13789 1972
61
50  WH 15727 1739
SCORE:CC,WH,2470,2470,0.0
