CC-WM
1
50  CC 10921 2939
30  WM 11381 409
10  WM 12706 435
2
50  CC 8850 2949
30  WM 9257 442
10  WM 10290 397
3
50  CC 8118 2938
30  CC 8262 2957
10  WM 9647 413
4
50  CC 8034 2948
30  WM 8102 420
10  WM 10572 426
5
50  WM 7746 354
30  CC 7882 2954
10  WM 8813 396
6
50  CC 8156 2963
30  CC 8302 2944
10  WM 9098 366
7
50  WM 7315 362
30  WM 7745 395
10  CC 9441 2943
8
50  CC 6620 2964
30  WM 6781 429
10  CC 7634 2934
9
50  WM 2723 424
30  CC 3234 2960
10  WM 4715 386
10
50  WM 2822 399
30  WM 3653 438
10  WM 4665 411
11
50  WM 2259 410
30  CC 2302 2951
10  WM 2925 408
12
50  WM 1872 422
30  CC 1919 2950
10  WM 2007 398
13
50  WM 4088 368
30  CC 4125 2959
10  WM 4529 356
14
50  WM 3604 344
30  WM 3605 370
10  WM 3615 442
15
50  CC 3222 2938
30  CC 3295 2957
10  WM 3354 413
16
50  WM 3172 419
30  WM 3212 420
10  CC 3277 2948
17
50  WM 6889 447
30  CC 7166 2937
10  WM 7740 444
18
50  WM 6745 449
30  CC 6925 2944
10  WM 7763 417
19
50  WM 6491 362
30  WM 6744 395
10  WM 8494 383
20
50  CC 6203 2934
30  WM 6571 418
10  CC 7121 2935
21
50  CC 2950 2960
30  WM 3807 424
10  WM 4444 369
22
50  WM 3663 399
30  WM 3854 438
10  WM 5197 411
23
50  CC 2725 2951
30  WM 3331 445
10  WM 3738 427
24
50  WM 2235 422
30  CC 2439 2950
10  WM 2456 398
25
50  CC 2207 2939
30  WM 2297 368
10  CC 2372 2958
26
50  CC 1737 2949
30  WM 1956 357
10  WM 2032 442
27
50  CC 4340 2965
30  WM 4469 421
10  WM 5728 389
28
50  WM 3978 419
30  WM 4551 426
10  WM 6008 432
29
50  WM 3591 447
30  WM 3647 354
10  WM 4010 444
30
50  WM 3774 449
30  CC 3806 2944
10  CC 3850 2963
31
80  WM 3342 362
40  WM 3633 395
0  WM 3985 382
32
80  CC 3128 2964
40  CC 3500 2934
0  WM 4063 339
34
80  CC 2484 2950
40  WM 2535 422
0  WM 3318 434
35
50  CC 2038 2939
30  WM 2172 368
10  WM 2301 435
36
50  CC 1658 2949
30  WM 1782 370
10  WM 1856 344
37
50  CC 3522 2938
30  CC 3640 2957
10  WM 3887 413
38
50  WM 3441 419
30  CC 3847 2948
10  WM 5119 426
39
50  CC 3449 2954
30  WM 3809 447
10  CC 3895 2942
40
50  CC 3527 2944
30  CC 4050 2963
41
50  CC 4125 2943
42
50  WM 2804 429
30  CC 2822 2964
10  WM 3032 418
43
50  WM 2913 410
30  CC 3131 2951
44
50  CC 2945 2950
30  WM 3271 398
10  WM 3397 373
45
50  CC 2420 2939
30  CC 2485 2958
10  WM 2656 425
46
50  WM 2401 397
30  WM 2450 361
10  WM 2644 357
47
50  CC 4600 2965
30  WM 5535 342
10  WM 7238 389
48
50  CC 4097 2948
30  WM 4140 420
10  WM 5713 376
49
50  CC 3807 2954
30  WM 3902 354
10  WM 4207 396
50
50  CC 4108 2963
30  WM 4287 449
10  WM 5900 406
51
50  WM 4555 382
30  CC 5260 2943
10  WM 5679 416
52
50  CC 3294 2964
30  WM 3656 429
10  WM 4028 405
53
50  WM 18189 1662
54
50  WM 11382 1658
56
50  CC 19707 1970
57
50  CC 15841 1971
59
50  CC 13789 1972
30  WM 14150 1660
61
50  WM 14309 1661
SCORE:CC,WM,2290,2660,-37.0
