CC-WST
1
50  WST 9560 1393
30  WST 10214 1445
10  WST 10894 1396
2
50  CC 8850 2949
30  WST 10409 1384
10  WST 15063 1458
3
50  CC 8118 2938
30  CC 8262 2957
10  WST 9201 1410
4
50  CC 8034 2948
30  WST 8631 1444
10  WST 13321 1412
5
50  WST 7806 1401
30  CC 7882 2954
10  WST 8877 1387
6
50  CC 8156 2963
30  CC 8302 2944
10  WST 9363 1376
7
50  WST 9084 1399
30  CC 9441 2943
8
50  CC 6620 2964
30  WST 6800 1380
10  CC 7634 2934
9
50  CC 3234 2960
30  WST 5891 1427
10
50  WST 3581 1423
30  WST 3746 1405
10  WST 3935 1442
11
50  WST 1954 1411
30  WST 2237 1389
10  WST 2277 1455
12
50  WST 1846 1421
30  CC 1919 2950
10  WST 2390 1388
13
50  WST 4119 1445
30  CC 4125 2959
10  WST 4175 1366
14
50  WST 3938 1384
30  WST 4257 1392
10  WST 4503 1417
15
50  CC 3222 2938
30  CC 3295 2957
10  CC 3450 2965
16
50  CC 3277 2948
30  WST 3387 1444
10  WST 4944 1412
17
50  CC 7166 2937
30  WST 7747 1425
10  WST 7844 1456
18
50  CC 6925 2944
30  WST 7996 1370
10  WST 8036 1460
19
50  WST 7150 1461
30  WST 7878 1399
10  WST 9216 1454
20
50  WST 5963 1380
30  CC 6203 2934
10  CC 7121 2935
21
50  CC 2950 2960
22
50  WST 3468 1423
30  WST 4919 1405
10  WST 7531 1442
23
50  WST 2557 1389
30  CC 2725 2951
10  WST 2771 1404
24
50  WST 2217 1421
30  CC 2439 2950
10  WST 3152 1415
25
50  WST 2062 1393
30  CC 2207 2939
10  WST 2282 1366
26
50  CC 1737 2949
30  WST 2282 1392
10  CC 2684 2953
27
50  CC 4340 2965
30  WST 4415 1391
10  WST 4528 1410
28
50  WST 6243 1412
30  WST 7391 1453
10  CC 8178 2956
29
50  WST 3400 1401
30  WST 3975 1387
10  CC 4219 2937
30
50  CC 3806 2944
30  CC 3850 2963
10  WST 4352 1376
31
80  WST 3713 1461
40  WST 4152 1399
0  CC 4707 2943
32
80  CC 3128 2964
40  CC 3500 2934
0  WST 4072 1463
33
80  WST 2529 1411
40  WST 2560 1389
0  WST 2919 1455
34
80  WST 2022 1421
40  CC 2484 2950
0  WST 4708 1372
35
50  WST 1716 1393
30  CC 2038 2939
10  WST 2115 1396
36
50  CC 1658 2949
30  CC 2789 2941
10  WST 2963 1378
37
50  CC 3522 2938
30  CC 3640 2957
10  WST 4690 1448
38
50  CC 3847 2948
30  WST 4603 1444
10  WST 6015 1412
39
50  CC 3449 2954
30  WST 3694 1387
10  CC 3895 2942
40
50  CC 3527 2944
30  CC 4050 2963
10  WST 4535 1370
41
50  WST 3744 1461
30  CC 4125 2943
10  WST 4652 1454
42
50  CC 2822 2964
30  WST 2927 1380
10  CC 3266 2934
43
50  WST 2528 1411
30  CC 3131 2951
10  WST 3299 1455
44
50  CC 2945 2950
30  WST 3463 1421
10  WST 3545 1388
45
50  WST 2255 1445
30  WST 2335 1396
10  CC 2420 2939
46
50  WST 2591 1392
30  CC 2719 2936
10  WST 2789 1458
47
50  CC 4600 2965
30  WST 4922 1409
10  WST 5107 1402
48
50  CC 4097 2948
30  WST 4406 1444
10  WST 7495 1453
49
50  CC 3807 2954
30  WST 4372 1456
10  CC 4456 2942
50
50  CC 4108 2963
30  WST 5246 1460
10  WST 5342 1369
51
50  WST 4490 1399
30  CC 5260 2943
52
50  CC 3294 2964
30  WST 4178 1463
10  CC 4506 2947
53
50  WST 18453 1763
54
50  WST 8588 1752
55
50  WST 16994 1755
56
50  CC 19707 1970
57
50  WST 15310 1758
30  CC 15841 1971
59
50  CC 13789 1972
30  WST 13947 1760
60
50  WST 14387 1761
61
50  WST 15394 1762
SCORE:CC,WST,2300,2890,-59.0
