CCC-LCC
1
50  CCC 9365 2014
30  LCC 12900 2855
2
50  CCC 10441 2005
30  CCC 11056 2019
10  CCC 13615 1994
3
50  LCC 7247 2844
30  CCC 9715 1991
10  LCC 9800 2860
4
50  LCC 7346 2868
30  CCC 8866 2012
10  CCC 9346 2027
5
50  LCC 7149 2861
30  LCC 7241 2846
10  CCC 7445 2031
6
50  LCC 8146 2867
7
50  LCC 6395 2845
30  CCC 7696 1992
10  CCC 8435 2028
8
50  LCC 6350 2871
30  LCC 6572 2836
10  CCC 7524 2002
9
50  CCC 3709 1996
30  CCC 3804 2009
10  LCC 5246 2841
11
50  CCC 2076 2026
30  LCC 2278 2859
10  CCC 2303 2010
12
50  CCC 1634 2020
30  CCC 2770 2032
10  LCC 2865 2837
13
50  LCC 3277 2869
30  CCC 4404 1995
10  LCC 4483 2855
14
50  CCC 4125 2019
30  CCC 4906 2017
10  CCC 4937 2025
15
50  CCC 3750 1991
30  LCC 4085 2864
10  CCC 5211 2011
16
50  LCC 2821 2868
30  CCC 3407 2012
10  CCC 4175 1993
17
50  LCC 6550 2862
30  LCC 8026 2829
10  LCC 8665 2866
18
50  LCC 7280 2867
30  LCC 9017 2847
10  LCC 10007 2838
19
50  CCC 7116 1992
30  CCC 7469 2028
10  CCC 7747 1998
20
50  LCC 5634 2836
30  LCC 5829 2835
10  CCC 6632 2002
21
50  CCC 4272 1996
30  LCC 4821 2842
10  CCC 6403 2016
23
50  LCC 2705 2832
30  CCC 2706 2023
10  CCC 2868 2026
24
50  LCC 3932 2837
30  CCC 4210 2000
10  CCC 4712 2032
25
50  LCC 1880 2869
30  CCC 2734 1995
10  CCC 3103 2021
26
50  CCC 1947 2005
30  CCC 2432 2025
10  CCC 2734 1994
27
50  LCC 3373 2844
30  LCC 5359 2864
10  LCC 6637 2853
28
50  CCC 4247 2012
29
50  LCC 3544 2862
30  CCC 3810 2030
10  CCC 4488 2018
30
50  LCC 4645 2847
30  LCC 6495 2838
10  LCC 9469 2849
31
80  CCC 3662 1992
40  CCC 3813 1998
0  LCC 3887 2858
32
80  LCC 2945 2871
40  LCC 3756 2834
0  LCC 4034 2833
33
80  CCC 2228 2026
40  CCC 3034 2024
0  LCC 4011 2859
35
50  CCC 1819 2014
30  LCC 3666 2855
36
50  CCC 1891 2005
30  CCC 2957 2025
37
50  LCC 3470 2844
30  CCC 4146 1991
10  LCC 5231 2860
38
50  CCC 4041 2027
30  CCC 4268 2012
39
50  LCC 3019 2861
30  LCC 3026 2846
10  CCC 3515 2031
40
50  LCC 3952 2867
41
50  LCC 2770 2845
30  CCC 3413 1992
10  CCC 3736 2028
42
50  LCC 2625 2871
30  LCC 3019 2835
10  LCC 3132 2851
43
50  CCC 3622 2024
30  CCC 3755 2010
45
50  CCC 2209 2014
30  CCC 2592 1995
10  CCC 2700 2006
46
50  LCC 2716 2831
30  CCC 3109 1997
10  CCC 3432 2008
47
50  CCC 5041 1991
30  LCC 5133 2860
10  LCC 6635 2864
48
50  CCC 5066 2027
49
50  LCC 3773 2861
30  LCC 3821 2846
10  CCC 3880 2031
51
50  LCC 3654 2845
30  CCC 4305 2028
10  CCC 4529 2013
52
50  LCC 3518 2836
30  LCC 3734 2851
10  LCC 3784 2835
54
50  CCC 11834 1834
55
50  CCC 19756 1835
30  LCC 20217 1954
56
50  CCC 20399 1836
57
50  LCC 16435 1955
59
50  LCC 11929 1956
60
50  LCC 17576 1957
61
50  LCC 11533 1959
SCORE:CCC,LCC,2210,2280,-7.0
