CCC-RW
1
50  CCC 9365 2014
30  RW 10009 718
10  RW 11222 768
2
50  RW 8968 753
30  RW 9600 762
10  CCC 10441 2005
3
50  RW 8982 725
30  CCC 9715 1991
10  RW 10153 686
4
50  CCC 8866 2012
30  CCC 9346 2027
10  RW 10600 736
5
50  CCC 7445 2031
30  RW 7908 773
10  CCC 8137 2030
6
50  RW 7729 752
7
50  RW 7459 772
30  CCC 7696 1992
10  CCC 8435 2028
8
50  RW 6948 733
30  RW 7027 763
10  RW 7268 742
9
50  RW 2557 688
30  CCC 3709 1996
10  CCC 3804 2009
10
50  RW 3534 751
30  RW 4054 720
10  RW 4172 695
11
50  RW 1975 771
30  CCC 2076 2026
10  CCC 2303 2010
12
50  CCC 1634 2020
30  RW 1829 726
10  RW 2055 696
13
50  RW 3735 718
30  RW 3906 701
10  CCC 4404 1995
14
50  RW 3905 762
30  CCC 4125 2019
10  CCC 4906 2017
15
50  RW 3539 727
30  CCC 3750 1991
10  RW 3832 725
16
50  RW 3402 724
30  CCC 3407 2012
10  RW 3930 736
17
50  RW 7229 735
30  RW 8526 767
10  RW 8675 754
18
50  RW 6623 752
30  RW 9885 691
10  CCC 12918 2015
19
50  RW 6387 772
30  CCC 7116 1992
10  CCC 7469 2028
20
50  RW 5551 716
30  RW 5951 763
10  RW 6060 733
21
50  RW 3450 688
30  CCC 4272 1996
10  RW 4716 684
22
50  RW 4079 695
30  RW 4291 751
10  RW 6353 717
23
50  CCC 2706 2023
30  CCC 2868 2026
10  CCC 3300 2010
24
50  RW 2427 726
30  RW 2718 737
10  RW 2770 747
25
50  RW 1989 701
30  RW 2244 715
10  RW 2482 768
26
50  RW 1908 753
30  CCC 1947 2005
10  RW 2256 749
27
50  RW 4563 743
30  RW 4912 729
10  RW 6160 723
28
50  CCC 4247 2012
30  RW 4728 724
10  RW 4906 766
29
50  RW 3721 735
30  CCC 3810 2030
10  RW 4257 754
30
50  RW 5444 691
30  RW 6076 769
31
80  CCC 3662 1992
40  CCC 3813 1998
0  RW 3927 722
32
80  RW 3041 716
40  RW 3259 742
0  RW 3425 690
33
80  CCC 2228 2026
40  RW 2497 771
0  RW 2947 740
34
80  RW 2609 696
40  RW 2669 747
0  RW 3215 748
35
50  CCC 1819 2014
30  RW 1973 718
10  RW 2525 758
36
50  CCC 1891 2005
30  RW 1899 762
10  RW 2556 730
37
50  CCC 4146 1991
30  RW 4372 686
10  RW 4780 689
38
50  CCC 4041 2027
30  CCC 4268 2012
10  RW 4420 736
39
50  RW 3435 773
30  CCC 3515 2031
10  CCC 3572 2030
40
50  RW 5377 769
41
50  RW 3266 772
30  CCC 3413 1992
10  CCC 3736 2028
42
50  RW 2739 716
30  RW 2939 733
10  RW 3106 742
43
50  RW 2462 771
30  CCC 3622 2024
10  CCC 3755 2010
44
50  RW 2621 726
30  RW 3435 748
45
50  CCC 2209 2014
30  RW 2351 701
10  CCC 2592 1995
46
50  RW 2123 753
30  RW 2953 749
10  CCC 3109 1997
47
50  RW 4334 725
30  RW 4809 727
10  CCC 5041 1991
48
50  CCC 5066 2027
30  RW 5496 766
49
50  CCC 3880 2031
30  RW 3988 773
10  CCC 4603 2029
50
50  RW 4049 752
30  RW 5058 691
10  RW 6481 769
51
50  CCC 4305 2028
30  CCC 4529 2013
10  RW 4707 722
52
50  RW 3837 763
30  RW 4031 710
53
50  RW 17717 1691
54
50  RW 10673 1686
30  CCC 11834 1834
55
50  RW 18245 1687
30  CCC 19756 1835
56
50  RW 19983 1688
30  CCC 20399 1836
57
50  RW 15355 1689
SCORE:CCC,RW,1700,3320,-162.0
