CCC-SPD
1
50  CCC 9365 2014
30  SPD 10483 2543
10  SPD 13000 2541
2
50  SPD 8459 2533
30  SPD 9968 2525
10  CCC 10441 2005
3
50  CCC 9715 1991
30  SPD 10200 2513
10  SPD 10800 2550
4
50  CCC 8866 2012
30  CCC 9346 2027
10  SPD 10001 2510
5
50  CCC 7445 2031
30  SPD 7938 2532
10  CCC 8137 2030
6
50  SPD 8395 2544
30  SPD 11019 2502
10  SPD 11081 2542
7
50  CCC 7696 1992
30  CCC 8435 2028
10  CCC 8545 1998
8
50  CCC 7524 2002
30  SPD 8953 2540
9
50  SPD 3385 2489
30  CCC 3709 1996
10  CCC 3804 2009
10
50  SPD 7354 2554
11
50  CCC 2076 2026
30  CCC 2303 2010
10  SPD 2582 2526
12
50  CCC 1634 2020
30  CCC 2770 2032
10  CCC 2903 2000
13
50  CCC 4404 1995
30  CCC 4490 2006
10  SPD 4588 2541
14
50  SPD 3450 2533
30  CCC 4125 2019
10  SPD 4704 2520
15
50  CCC 3750 1991
30  SPD 3909 2511
10  SPD 3928 2531
16
50  CCC 3407 2012
30  SPD 3708 2553
10  SPD 3714 2510
17
50  SPD 6896 2532
30  SPD 8813 2548
10  CCC 8815 2029
18
50  SPD 7106 2544
30  SPD 8412 2551
10  SPD 8768 2529
19
50  CCC 7116 1992
30  CCC 7469 2028
10  CCC 7747 1998
20
50  CCC 6632 2002
30  SPD 7422 2552
21
50  SPD 3859 2489
30  SPD 3863 2490
10  CCC 4272 1996
22
50  SPD 5433 2536
30  SPD 7209 2554
23
50  CCC 2706 2023
30  CCC 2868 2026
10  SPD 3184 2515
24
50  SPD 4159 2496
30  CCC 4210 2000
10  CCC 4712 2032
25
50  SPD 2138 2543
30  SPD 2449 2512
10  SPD 2653 2501
26
50  SPD 1891 2533
30  CCC 1947 2005
10  SPD 2140 2525
27
50  SPD 4615 2511
30  SPD 4970 2513
10  SPD 5751 2523
28
50  CCC 4247 2012
30  SPD 4881 2509
10  SPD 5303 2549
29
50  CCC 3810 2030
30  SPD 4043 2518
10  CCC 4488 2018
30
50  SPD 4387 2508
30  SPD 4707 2542
10  SPD 4803 2551
31
80  CCC 3662 1992
40  CCC 3813 1998
0  SPD 4170 2539
32
80  SPD 4063 2552
33
80  CCC 2228 2026
40  CCC 3034 2024
0  SPD 4375 2534
35
50  CCC 1819 2014
30  SPD 2403 2543
10  SPD 2406 2541
36
50  CCC 1891 2005
30  SPD 2102 2525
10  SPD 2956 2520
37
50  CCC 4146 1991
30  SPD 4592 2550
10  SPD 4819 2511
38
50  CCC 4041 2027
30  CCC 4268 2012
10  SPD 4631 2553
39
50  CCC 3515 2031
30  CCC 3572 2030
10  SPD 3639 2532
40
50  SPD 3814 2544
30  SPD 6559 2502
41
50  CCC 3413 1992
30  CCC 3736 2028
10  CCC 3934 1998
43
50  CCC 3622 2024
30  CCC 3755 2010
10  SPD 3899 2526
45
50  CCC 2209 2014
30  CCC 2592 1995
10  CCC 2700 2006
46
50  SPD 2083 2533
30  SPD 2428 2525
10  CCC 3109 1997
47
50  SPD 4937 2513
30  CCC 5041 1991
10  SPD 5538 2523
48
50  SPD 5052 2510
30  CCC 5066 2027
10  SPD 5469 2553
49
50  CCC 3880 2031
30  CCC 4603 2029
10  SPD 4663 2547
50
50  SPD 4334 2551
30  SPD 4456 2502
10  SPD 5021 2508
51
50  CCC 4305 2028
30  CCC 4529 2013
10  CCC 4956 1990
52
50  SPD 4607 2540
30  SPD 4683 2552
53
50  SPD 27334 1912
54
50  CCC 11834 1834
30  SPD 15415 1904
55
50  SPD 18900 1906
30  CCC 19756 1835
56
50  CCC 20399 1836
57
50  SPD 16523 1907
58
50  SPD 15638 1908
59
50  SPD 13778 1909
60
50  SPD 14566 1910
61
50  SPD 17680 1911
SCORE:CCC,SPD,2410,2470,-6.0
