CCC-NC
1
50  CCC 9365 2014
30  NC 9537 1485
10  NC 11022 1472
2
50  CCC 10441 2005
30  NC 10859 1532
10  CCC 11056 2019
3
50  NC 7906 1477
30  NC 9235 1504
10  NC 9563 1519
4
50  NC 8479 1533
30  CCC 8866 2012
10  NC 9094 1471
5
50  CCC 7445 2031
30  NC 8092 1476
10  CCC 8137 2030
6
50  NC 9079 1524
30  NC 9428 1514
7
50  CCC 7696 1992
30  CCC 8435 2028
10  CCC 8545 1998
8
50  NC 7103 1483
30  NC 7146 1492
10  NC 7450 1509
9
50  NC 2950 1526
30  CCC 3709 1996
10  CCC 3804 2009
11
50  NC 2056 1515
30  CCC 2076 2026
10  CCC 2303 2010
12
50  CCC 1634 2020
30  NC 2144 1487
10  NC 2181 1530
13
50  NC 4184 1474
30  CCC 4404 1995
10  CCC 4490 2006
14
50  CCC 4125 2019
30  NC 4309 1528
10  CCC 4906 2017
15
50  NC 3160 1477
30  NC 3698 1522
10  CCC 3750 1991
16
50  NC 3250 1517
30  CCC 3407 2012
10  NC 3447 1533
17
50  NC 7388 1470
30  NC 8268 1535
10  NC 8512 1506
18
50  NC 7797 1537
30  NC 7947 1524
10  NC 8323 1514
19
50  CCC 7116 1992
30  NC 7391 1497
10  CCC 7469 2028
20
50  NC 6181 1483
30  NC 6473 1509
10  CCC 6632 2002
21
50  NC 4007 1526
30  CCC 4272 1996
10  NC 5883 1486
23
50  NC 2606 1516
30  CCC 2706 2023
10  CCC 2868 2026
24
50  NC 2572 1487
30  NC 3022 1489
10  NC 3553 1521
25
50  NC 1994 1485
30  NC 2363 1475
10  NC 2565 1474
26
50  CCC 1947 2005
30  NC 2422 1525
10  CCC 2432 2025
27
50  NC 3567 1477
30  NC 4549 1504
10  NC 5309 1479
28
50  NC 4119 1533
30  NC 4179 1471
10  CCC 4247 2012
29
50  NC 3790 1470
30  CCC 3810 2030
10  NC 4284 1506
30
50  NC 4540 1537
30  NC 4856 1524
10  NC 5037 1508
31
80  CCC 3662 1992
40  CCC 3813 1998
0  NC 3954 1497
32
80  NC 3181 1492
40  NC 3437 1509
0  NC 4197 1496
33
80  CCC 2228 2026
40  NC 2860 1516
0  NC 2900 1515
34
80  NC 2659 1530
40  NC 3803 1487
35
50  CCC 1819 2014
30  NC 1873 1485
10  NC 2172 1472
36
50  CCC 1891 2005
30  NC 2300 1525
10  NC 2389 1532
37
50  CCC 4146 1991
30  NC 4296 1519
10  NC 4328 1504
38
50  NC 3571 1517
30  NC 4003 1471
10  CCC 4041 2027
39
50  CCC 3515 2031
30  NC 3541 1470
10  CCC 3572 2030
40
50  NC 4068 1537
30  NC 4128 1514
41
50  CCC 3413 1992
30  CCC 3736 2028
10  NC 3763 1497
42
50  NC 2993 1483
30  NC 3113 1492
10  NC 3359 1509
43
50  NC 3047 1516
30  CCC 3622 2024
10  CCC 3755 2010
44
50  NC 2992 1494
30  NC 3066 1489
10  NC 3369 1530
45
50  CCC 2209 2014
30  NC 2462 1474
10  CCC 2592 1995
46
50  NC 2525 1532
30  CCC 3109 1997
10  NC 3342 1469
47
50  NC 4322 1477
30  NC 4701 1519
10  NC 4796 1522
48
50  NC 4507 1517
30  CCC 5066 2027
10  NC 5165 1502
49
50  CCC 3880 2031
30  NC 4160 1476
10  CCC 4603 2029
50
50  NC 4410 1524
30  NC 5575 1508
10  NC 5723 1480
51
50  CCC 4305 2028
30  CCC 4529 2013
10  NC 4844 1505
52
50  NC 3615 1483
30  NC 3750 1492
10  NC 4497 1496
54
50  NC 9591 1764
30  CCC 11834 1834
55
50  NC 18144 1766
30  CCC 19756 1835
56
50  NC 18106 1768
30  CCC 20399 1836
57
50  NC 15191 1770
58
50  NC 14393 1772
59
50  NC 14019 1773
60
50  NC 14844 1774
61
50  NC 14235 1775
SCORE:CCC,NC,1690,3400,-171.0
