CCC-FR
1
50  CCC 9365 2014
30  FR 9756 1771
10  FR 11123 1757
2
50  CCC 10441 2005
30  CCC 11056 2019
10  CCC 13615 1994
3
50  FR 9077 1829
30  CCC 9715 1991
10  FR 9742 1797
4
50  FR 7209 1825
30  CCC 8866 2012
10  CCC 9346 2027
5
50  CCC 7445 2031
30  FR 7641 1767
10  CCC 8137 2030
6
50  FR 8712 1781
30  FR 9324 1756
10  FR 9844 1831
7
50  CCC 7696 1992
30  FR 8011 1828
10  CCC 8435 2028
8
50  CCC 7524 2002
30  FR 7819 1749
9
50  CCC 3709 1996
30  CCC 3804 2009
10  FR 4226 1823
10
50  FR 6518 1775
11
50  FR 2003 1815
30  CCC 2076 2026
10  FR 2238 1778
12
50  CCC 1634 2020
30  FR 2009 1740
10  FR 2057 1770
13
50  FR 4397 1757
30  CCC 4404 1995
10  CCC 4490 2006
14
50  CCC 4125 2019
30  CCC 4906 2017
10  CCC 4937 2025
15
50  FR 3487 1785
30  CCC 3750 1991
10  FR 3761 1797
16
50  FR 2909 1825
30  CCC 3407 2012
10  FR 3730 1826
17
50  FR 8153 1833
30  CCC 8815 2029
10  FR 8839 1772
18
50  FR 7796 1831
30  FR 7883 1756
10  CCC 12918 2015
19
50  FR 6978 1828
30  CCC 7116 1992
10  CCC 7469 2028
20
50  CCC 6632 2002
30  FR 7289 1748
21
50  CCC 4272 1996
30  FR 4902 1798
10  CCC 6403 2016
22
50  FR 5597 1775
23
50  FR 2359 1815
30  FR 2628 1778
10  CCC 2706 2023
24
50  FR 2369 1740
30  FR 3435 1746
10  FR 3950 1814
25
50  FR 2137 1771
30  FR 2467 1799
10  FR 2547 1801
26
50  CCC 1947 2005
30  CCC 2432 2025
10  FR 2488 1837
27
50  FR 4456 1785
30  FR 4617 1797
10  FR 5387 1821
28
50  CCC 4247 2012
30  FR 4469 1826
10  FR 4849 1784
29
50  FR 3559 1767
30  CCC 3810 2030
10  FR 4101 1833
30
50  FR 4107 1781
30  FR 4263 1831
31
80  FR 3485 1765
40  CCC 3662 1992
0  CCC 3813 1998
32
80  FR 3537 1749
40  FR 3950 1748
33
80  CCC 2228 2026
40  FR 2371 1815
0  FR 2673 1820
34
80  FR 2468 1740
40  FR 2562 1770
0  FR 4457 1789
35
50  CCC 1819 2014
30  FR 2038 1771
10  FR 2295 1786
36
50  CCC 1891 2005
30  CCC 2957 2025
37
50  FR 4082 1785
30  CCC 4146 1991
10  FR 4656 1829
38
50  FR 3378 1825
30  CCC 4041 2027
10  CCC 4268 2012
39
50  FR 3359 1767
30  CCC 3515 2031
10  CCC 3572 2030
40
50  FR 3883 1781
30  FR 3989 1756
10  FR 4378 1831
41
50  FR 3181 1765
30  CCC 3413 1992
10  FR 3494 1828
42
50  FR 3447 1749
43
50  FR 3201 1778
30  CCC 3622 2024
10  CCC 3755 2010
44
50  FR 2806 1770
30  FR 4503 1746
45
50  CCC 2209 2014
30  FR 2412 1771
10  CCC 2592 1995
46
50  FR 2884 1794
30  FR 2992 1805
10  CCC 3109 1997
47
50  FR 4369 1829
30  CCC 5041 1991
10  FR 5456 1821
48
50  FR 3828 1825
30  FR 5026 1800
10  CCC 5066 2027
49
50  CCC 3880 2031
30  FR 4196 1767
10  FR 4599 1833
50
50  FR 4141 1781
30  FR 5093 1756
51
50  FR 3700 1765
30  CCC 4305 2028
10  CCC 4529 2013
52
50  FR 4293 1748
53
50  FR 30704 1814
54
50  FR 11241 1805
30  CCC 11834 1834
55
50  CCC 19756 1835
30  FR 23538 1808
56
50  CCC 20399 1836
30  FR 25100 1809
57
50  FR 15370 1811
58
50  FR 15968 1812
61
50  FR 12000 1813
SCORE:CCC,FR,1850,3170,-132.0
