CCC-SD
1
50  CCC 9365 2014
30  SD 10430 3496
10  SD 12639 3479
2
50  CCC 10441 2005
30  CCC 11056 2019
10  SD 13250 3516
3
50  SD 9045 3497
30  CCC 9715 1991
10  SD 11452 3488
4
50  CCC 8866 2012
30  CCC 9346 2027
10  SD 10282 3500
5
50  CCC 7445 2031
30  CCC 8137 2030
10  SD 9879 3521
6
50  SD 7475 3498
30  SD 9590 3480
7
50  CCC 7696 1992
30  CCC 8435 2028
10  CCC 8545 1998
8
50  CCC 7524 2002
30  SD 8732 3501
10  SD 10220 3495
9
50  SD 3290 3514
30  SD 3633 3515
10  CCC 3709 1996
10
50  SD 2538 3513
30  SD 3182 3519
10  SD 3209 3512
11
50  CCC 2076 2026
30  CCC 2303 2010
10  CCC 2637 2023
12
50  CCC 1634 2020
30  SD 1883 3478
10  SD 2227 3499
13
50  CCC 4404 1995
30  CCC 4490 2006
10  SD 4896 3508
14
50  CCC 4125 2019
30  SD 4775 3504
10  SD 4787 3503
15
50  CCC 3750 1991
30  SD 4625 3488
10  SD 5097 3511
16
50  CCC 3407 2012
30  CCC 4175 1993
10  SD 4600 3483
17
50  SD 8478 3521
30  CCC 8815 2029
10  CCC 9053 2018
18
50  SD 6208 3498
30  CCC 12918 2015
19
50  CCC 7116 1992
30  CCC 7469 2028
10  CCC 7747 1998
20
50  CCC 6632 2002
30  SD 8545 3495
21
50  SD 3746 3506
30  SD 3990 3515
10  CCC 4272 1996
22
50  SD 3064 3513
30  SD 3569 3519
10  SD 4264 3512
23
50  CCC 2706 2023
30  CCC 2868 2026
10  CCC 3300 2010
24
50  SD 2452 3478
30  SD 2613 3499
10  SD 2721 3509
25
50  SD 2087 3496
30  CCC 2734 1995
10  CCC 3103 2021
26
50  CCC 1947 2005
30  CCC 2432 2025
10  SD 2570 3503
27
50  SD 4000 3497
30  SD 5826 3488
10  SD 6567 3511
28
50  CCC 4247 2012
30  SD 4532 3500
10  SD 5972 3483
29
50  CCC 3810 2030
30  SD 4327 3521
10  CCC 4488 2018
30
50  SD 4615 3480
31
80  CCC 3662 1992
40  CCC 3813 1998
0  CCC 4203 2013
32
80  SD 4585 3501
40  SD 5383 3495
33
80  CCC 2228 2026
40  CCC 3034 2024
34
80  SD 2528 3478
40  SD 2935 3499
0  SD 3640 3509
35
50  CCC 1819 2014
30  SD 2064 3496
10  SD 2643 3479
36
50  CCC 1891 2005
30  SD 2477 3516
10  CCC 2957 2025
37
50  CCC 4146 1991
30  SD 4327 3497
10  SD 6970 3511
38
50  CCC 4041 2027
30  CCC 4268 2012
10  SD 5521 3500
39
50  CCC 3515 2031
30  CCC 3572 2030
10  SD 5118 3487
40
50  SD 4488 3480
41
50  CCC 3413 1992
30  CCC 3736 2028
10  CCC 3934 1998
42
50  SD 3970 3501
43
50  CCC 3622 2024
30  CCC 3755 2010
10  SD 4865 3505
44
50  SD 2788 3478
30  SD 3101 3499
10  SD 3502 3509
45
50  CCC 2209 2014
30  SD 2541 3479
10  CCC 2592 1995
46
50  CCC 3109 1997
30  SD 3234 3510
10  CCC 3432 2008
47
50  SD 4700 3497
30  CCC 5041 1991
10  SD 6295 3488
48
50  SD 5057 3500
30  CCC 5066 2027
10  SD 6591 3483
49
50  CCC 3880 2031
30  CCC 4603 2029
10  SD 4806 3487
50
50  SD 5284 3480
51
50  CCC 4305 2028
30  CCC 4529 2013
10  CCC 4956 1990
52
50  SD 4000 3501
30  SD 4808 3495
53
50  SD 15585 2067
54
50  CCC 11834 1834
30  SD 12488 2064
55
50  CCC 19756 1835
30  SD 21624 2065
56
50  SD 19897 2066
30  CCC 20399 1836
SCORE:CCC,SD,2620,2270,35.0
