CCC-WAW
1
50  WAW 9200 1022
30  CCC 9365 2014
10  WAW 11537 930
2
50  WAW 8528 1033
30  CCC 10441 2005
10  WAW 10693 964
3
50  WAW 9045 931
30  CCC 9715 1991
10  WAW 9818 950
4
50  WAW 7781 940
30  CCC 8866 2012
10  CCC 9346 2027
5
50  CCC 7445 2031
30  WAW 7833 908
10  CCC 8137 2030
6
50  WAW 6684 904
30  WAW 7572 1032
7
50  WAW 7606 975
30  CCC 7696 1992
10  CCC 8435 2028
8
50  WAW 6267 1012
30  WAW 7387 1026
10  CCC 7524 2002
9
50  WAW 2516 959
30  CCC 3709 1996
10  CCC 3804 2009
10
50  WAW 2569 916
30  WAW 3534 947
10  WAW 4040 932
11
50  WAW 1876 1021
30  CCC 2076 2026
10  CCC 2303 2010
12
50  CCC 1634 2020
30  WAW 2056 961
10  WAW 2233 956
13
50  WAW 3626 939
30  CCC 4404 1995
10  CCC 4490 2006
14
50  WAW 3897 964
30  WAW 4081 996
10  CCC 4125 2019
15
50  WAW 3166 938
30  CCC 3750 1991
10  WAW 4014 950
16
50  CCC 3407 2012
30  CCC 4175 1993
10  WAW 4262 998
17
50  WAW 7038 929
30  WAW 7763 909
10  WAW 8048 1023
18
50  WAW 6524 1030
30  WAW 7990 943
10  WAW 8181 951
19
50  WAW 7012 975
30  CCC 7116 1992
10  CCC 7469 2028
20
50  WAW 6546 1026
30  CCC 6632 2002
10  WAW 7147 948
21
50  WAW 3312 959
30  CCC 4272 1996
10  WAW 4987 913
22
50  WAW 3255 916
30  WAW 3816 947
10  WAW 6113 960
23
50  WAW 2516 1021
30  CCC 2706 2023
10  CCC 2868 2026
24
50  WAW 2659 902
30  WAW 2953 956
10  WAW 3110 911
25
50  WAW 2369 906
30  CCC 2734 1995
10  WAW 2753 955
26
50  WAW 1809 915
30  CCC 1947 2005
10  WAW 2300 996
27
50  WAW 4452 918
30  WAW 5397 1013
10  WAW 5547 1029
28
50  WAW 3533 940
30  CCC 4247 2012
10  WAW 8559 993
29
50  WAW 3721 929
30  CCC 3810 2030
10  CCC 4488 2018
30
50  WAW 3430 1030
30  WAW 5037 1010
31
80  CCC 3662 1992
40  CCC 3813 1998
0  CCC 4203 2013
32
80  WAW 3298 976
40  WAW 3409 948
0  WAW 3836 937
33
80  CCC 2228 2026
40  CCC 3034 2024
35
50  CCC 1819 2014
30  WAW 2463 906
10  WAW 2667 955
36
50  WAW 1765 915
30  CCC 1891 2005
10  WAW 2451 1031
37
50  WAW 3497 938
30  CCC 4146 1991
10  WAW 4319 970
38
50  WAW 3681 940
30  CCC 4041 2027
10  CCC 4268 2012
39
50  CCC 3515 2031
30  CCC 3572 2030
10  WAW 3972 1004
40
50  WAW 2938 904
30  WAW 4697 951
41
50  CCC 3413 1992
30  WAW 3582 971
10  CCC 3736 2028
42
50  WAW 2976 976
30  WAW 3246 1026
10  WAW 3267 968
43
50  WAW 2456 1021
30  CCC 3622 2024
10  CCC 3755 2010
44
50  WAW 3223 902
30  WAW 4112 945
45
50  WAW 2035 1022
30  WAW 2119 939
10  CCC 2209 2014
46
50  WAW 1937 1033
30  WAW 2572 912
10  WAW 2959 1024
47
50  WAW 4628 931
30  WAW 4840 950
10  WAW 4857 970
48
50  CCC 5066 2027
30  WAW 5776 998
49
50  CCC 3880 2031
30  WAW 4032 908
10  WAW 4501 909
50
50  WAW 3637 1032
30  WAW 4833 943
10  WAW 5357 1010
51
50  WAW 3975 971
30  CCC 4305 2028
10  CCC 4529 2013
52
50  WAW 3347 1012
30  WAW 3827 948
10  WAW 4470 937
53
50  WAW 14403 1722
54
50  WAW 9827 1709
30  CCC 11834 1834
55
50  WAW 16351 1711
30  CCC 19756 1835
56
50  WAW 15537 1713
30  CCC 20399 1836
57
50  WAW 14803 1715
58
50  WAW 30791 1717
59
50  WAW 13606 1718
60
50  WAW 11946 1720
61
50  WAW 11575 1721
SCORE:CCC,WAW,1610,3560,-195.0
