CCC-NJST
1
50  CCC 9365 2014
30  NJST 10050 3229
2
50  CCC 10441 2005
30  CCC 11056 2019
10  NJST 11875 3221
3
50  NJST 7090 3206
30  NJST 7422 3238
10  NJST 8059 3224
4
50  CCC 8866 2012
30  CCC 9346 2027
10  NJST 10567 3243
5
50  CCC 7445 2031
30  NJST 8025 3231
10  CCC 8137 2030
7
50  NJST 7619 3234
30  CCC 7696 1992
10  CCC 8435 2028
8
50  CCC 7524 2002
30  NJST 7947 3230
9
50  NJST 2247 3222
30  CCC 3709 1996
10  CCC 3804 2009
11
50  NJST 1965 3197
30  CCC 2076 2026
10  CCC 2303 2010
12
50  CCC 1634 2020
30  NJST 2010 3225
10  CCC 2770 2032
13
50  NJST 4263 3229
30  CCC 4404 1995
10  CCC 4490 2006
14
50  CCC 4125 2019
30  NJST 4209 3226
10  CCC 4906 2017
15
50  NJST 2836 3206
30  NJST 2929 3238
10  NJST 3194 3191
16
50  NJST 3353 3236
30  CCC 3407 2012
10  NJST 3959 3243
17
50  CCC 8815 2029
30  CCC 9053 2018
18
50  CCC 12918 2015
19
50  NJST 6731 3234
30  CCC 7116 1992
10  CCC 7469 2028
20
50  CCC 6632 2002
21
50  NJST 2794 3222
30  CCC 4272 1996
10  NJST 5043 3235
23
50  NJST 2604 3197
30  NJST 2613 3215
10  CCC 2706 2023
24
50  NJST 2287 3225
30  NJST 3470 3192
10  NJST 3728 3205
25
50  NJST 2256 3212
30  NJST 2372 3196
10  CCC 2734 1995
26
50  CCC 1947 2005
30  NJST 2381 3221
10  NJST 2413 3226
27
50  NJST 3425 3213
30  NJST 3872 3191
10  NJST 4666 3232
28
50  CCC 4247 2012
30  NJST 4575 3236
10  NJST 5369 3214
29
50  CCC 3810 2030
30  NJST 3852 3231
10  CCC 4488 2018
31
80  CCC 3662 1992
40  NJST 3781 3234
0  CCC 3813 1998
32
80  NJST 3987 3230
33
80  CCC 2228 2026
40  CCC 3034 2024
0  NJST 3345 3197
35
50  CCC 1819 2014
30  NJST 2103 3229
10  NJST 2528 3196
36
50  CCC 1891 2005
30  NJST 2091 3226
10  CCC 2957 2025
37
50  NJST 3407 3206
30  NJST 3522 3238
10  NJST 3778 3224
38
50  CCC 4041 2027
30  CCC 4268 2012
39
50  CCC 3515 2031
30  NJST 3557 3231
10  CCC 3572 2030
41
50  NJST 3315 3234
30  CCC 3413 1992
10  CCC 3736 2028
42
50  NJST 3604 3230
43
50  NJST 3128 3219
30  CCC 3622 2024
10  CCC 3755 2010
44
50  NJST 3275 3225
30  NJST 4603 3205
45
50  CCC 2209 2014
30  CCC 2592 1995
10  NJST 2662 3194
46
50  NJST 3038 3221
30  CCC 3109 1997
10  CCC 3432 2008
47
50  NJST 4290 3224
30  CCC 5041 1991
10  NJST 5129 3232
48
50  CCC 5066 2027
30  NJST 5291 3214
10  NJST 5836 3236
49
50  CCC 3880 2031
30  NJST 4193 3231
10  CCC 4603 2029
51
50  CCC 4305 2028
30  NJST 4359 3211
10  CCC 4529 2013
52
50  NJST 3787 3230
54
50  NJST 10675 1997
30  CCC 11834 1834
55
50  NJST 19643 1998
30  CCC 19756 1835
56
50  CCC 20399 1836
30  NJST 22728 1999
57
50  NJST 12482 2000
58
50  NJST 18127 2002
SCORE:CCC,NJST,2020,2210,-19.0
