CCC-WM
1
50  CCC 9365 2014
30  WM 11381 409
10  WM 12706 435
2
50  WM 9257 442
30  WM 10290 397
10  CCC 10441 2005
3
50  WM 9647 413
30  CCC 9715 1991
10  WM 10400 421
4
50  WM 8102 420
30  CCC 8866 2012
10  CCC 9346 2027
5
50  CCC 7445 2031
30  WM 7746 354
10  CCC 8137 2030
6
50  WM 9098 366
7
50  WM 7315 362
30  CCC 7696 1992
10  WM 7745 395
8
50  WM 6781 429
30  CCC 7524 2002
10  WM 8122 418
9
50  WM 2723 424
30  CCC 3709 1996
10  CCC 3804 2009
10
50  WM 2822 399
30  WM 3653 438
10  WM 4665 411
11
50  CCC 2076 2026
30  WM 2259 410
10  CCC 2303 2010
12
50  CCC 1634 2020
30  WM 1872 422
10  WM 2007 398
13
50  WM 4088 368
30  CCC 4404 1995
10  CCC 4490 2006
14
50  WM 3604 344
30  WM 3605 370
10  WM 3615 442
15
50  WM 3354 413
30  WM 3712 392
10  CCC 3750 1991
16
50  WM 3172 419
30  WM 3212 420
10  CCC 3407 2012
17
50  WM 6889 447
30  WM 7740 444
10  WM 7768 428
18
50  WM 6745 449
30  WM 7763 417
10  WM 7980 366
19
50  WM 6491 362
30  WM 6744 395
10  CCC 7116 1992
20
50  WM 6571 418
30  CCC 6632 2002
10  WM 7421 414
21
50  WM 3807 424
30  CCC 4272 1996
10  WM 4444 369
22
50  WM 3663 399
30  WM 3854 438
10  WM 5197 411
23
50  CCC 2706 2023
30  CCC 2868 2026
10  CCC 3300 2010
24
50  WM 2235 422
30  WM 2456 398
10  WM 3002 393
25
50  WM 2297 368
30  WM 2578 409
10  WM 2580 425
26
50  CCC 1947 2005
30  WM 1956 357
10  WM 2032 442
27
50  WM 4469 421
30  WM 5728 389
10  WM 6428 385
28
50  WM 3978 419
30  CCC 4247 2012
10  WM 4551 426
29
50  WM 3591 447
30  WM 3647 354
10  CCC 3810 2030
30
50  WM 3774 449
30  WM 4159 366
10  WM 4888 417
31
80  WM 3342 362
40  WM 3633 395
0  CCC 3662 1992
32
80  WM 4063 339
40  WM 4075 414
33
80  CCC 2228 2026
40  CCC 3034 2024
34
80  WM 2535 422
40  WM 3318 434
35
50  CCC 1819 2014
30  WM 2172 368
10  WM 2301 435
36
50  WM 1782 370
30  WM 1856 344
10  CCC 1891 2005
37
50  WM 3887 413
30  CCC 4146 1991
10  WM 4606 392
38
50  WM 3441 419
30  CCC 4041 2027
10  CCC 4268 2012
39
50  CCC 3515 2031
30  CCC 3572 2030
10  WM 3809 447
41
50  CCC 3413 1992
30  CCC 3736 2028
10  CCC 3934 1998
42
50  WM 2804 429
30  WM 3032 418
43
50  WM 2913 410
30  CCC 3622 2024
10  CCC 3755 2010
44
50  WM 3271 398
30  WM 3397 373
10  WM 4166 380
45
50  CCC 2209 2014
30  CCC 2592 1995
10  WM 2656 425
46
50  WM 2401 397
30  WM 2450 361
10  WM 2644 357
47
50  CCC 5041 1991
30  WM 5535 342
10  WM 7238 389
48
50  WM 4140 420
30  CCC 5066 2027
10  WM 5713 376
49
50  CCC 3880 2031
30  WM 3902 354
10  WM 4207 396
50
50  WM 4287 449
30  WM 5900 406
10  WM 6501 417
51
50  CCC 4305 2028
30  CCC 4529 2013
10  WM 4555 382
52
50  WM 3656 429
30  WM 4028 405
10  WM 4258 339
53
50  WM 18189 1662
54
50  WM 11382 1658
30  CCC 11834 1834
55
50  CCC 19756 1835
56
50  CCC 20399 1836
59
50  WM 14150 1660
61
50  WM 14309 1661
SCORE:CCC,WM,1590,3400,-181.0
