CCC-WW
1
50  WW 9347 1645
30  CCC 9365 2014
10  WW 13828 1598
2
50  CCC 10441 2005
30  CCC 11056 2019
10  WW 11716 1597
3
50  WW 9519 1584
30  CCC 9715 1991
10  WW 9887 1634
4
50  CCC 8866 2012
30  CCC 9346 2027
10  WW 10807 1577
5
50  CCC 7445 2031
30  WW 8091 1544
10  CCC 8137 2030
6
50  WW 7547 1643
30  WW 9959 1576
7
50  CCC 7696 1992
30  WW 7781 1616
10  CCC 8435 2028
8
50  WW 6700 1585
30  CCC 7524 2002
10  WW 7888 1550
9
50  WW 3607 1555
30  CCC 3709 1996
10  CCC 3804 2009
10
50  WW 2803 1591
30  WW 4153 1615
10  WW 4281 1593
11
50  WW 1959 1580
30  CCC 2076 2026
10  WW 2100 1573
12
50  CCC 1634 2020
30  WW 2186 1619
10  WW 2438 1561
13
50  WW 3890 1589
30  WW 4283 1638
10  CCC 4404 1995
14
50  WW 4059 1552
30  CCC 4125 2019
10  WW 4381 1569
15
50  WW 3228 1625
30  WW 3729 1584
10  CCC 3750 1991
16
50  CCC 3407 2012
30  WW 3762 1605
10  WW 4147 1587
17
50  WW 6844 1581
30  WW 6869 1618
10  CCC 8815 2029
18
50  WW 7106 1583
30  WW 9689 1607
10  CCC 12918 2015
19
50  WW 6303 1551
30  CCC 7116 1992
10  CCC 7469 2028
20
50  WW 6309 1582
30  WW 6444 1565
10  CCC 6632 2002
21
50  CCC 4272 1996
30  WW 4309 1555
10  CCC 6403 2016
22
50  WW 5181 1591
30  WW 5769 1615
10  WW 6866 1593
23
50  WW 2472 1580
30  CCC 2706 2023
10  CCC 2868 2026
24
50  WW 3006 1635
30  WW 3325 1619
10  WW 3415 1541
25
50  WW 2100 1645
30  WW 2475 1589
10  WW 2518 1598
26
50  CCC 1947 2005
30  WW 2428 1569
10  CCC 2432 2025
27
50  WW 4756 1634
30  WW 5269 1578
10  WW 5391 1632
28
50  CCC 4247 2012
30  WW 4644 1605
10  WW 5342 1577
29
50  WW 3622 1618
30  WW 3709 1595
10  CCC 3810 2030
30
50  WW 3488 1643
30  WW 3675 1583
10  WW 5000 1576
31
80  WW 3531 1551
40  WW 3584 1616
0  CCC 3662 1992
32
80  WW 3043 1585
40  WW 3605 1582
0  WW 3766 1565
33
80  CCC 2228 2026
40  WW 2604 1573
0  CCC 3034 2024
34
80  WW 3675 1635
35
50  CCC 1819 2014
30  WW 1864 1645
10  WW 2529 1638
36
50  CCC 1891 2005
30  WW 2463 1639
10  CCC 2957 2025
37
50  WW 3816 1625
30  WW 3966 1572
10  CCC 4146 1991
38
50  CCC 4041 2027
30  CCC 4268 2012
10  WW 4303 1636
39
50  WW 3473 1618
30  CCC 3515 2031
10  CCC 3572 2030
40
50  WW 3459 1643
30  WW 4190 1576
41
50  WW 3331 1616
30  CCC 3413 1992
10  CCC 3736 2028
42
50  WW 2879 1585
30  WW 3316 1565
10  WW 3472 1550
43
50  WW 2591 1573
30  WW 3260 1601
10  CCC 3622 2024
44
50  WW 3581 1620
30  WW 7800 1593
45
50  CCC 2209 2014
30  WW 2350 1589
10  WW 2469 1638
46
50  WW 2640 1552
30  WW 2721 1629
10  CCC 3109 1997
47
50  WW 4207 1625
30  WW 4327 1572
10  WW 4363 1584
48
50  WW 4466 1636
30  CCC 5066 2027
10  WW 5481 1605
49
50  CCC 3880 2031
30  WW 3978 1544
10  WW 4063 1581
50
50  WW 4181 1583
51
50  WW 3768 1551
30  CCC 4305 2028
10  WW 4440 1596
52
50  WW 3665 1608
30  WW 3700 1582
10  WW 3838 1550
53
50  WW 11534 1795
54
50  WW 9416 1776
30  CCC 11834 1834
55
50  WW 17160 1779
30  CCC 19756 1835
56
50  WW 18144 1782
30  CCC 20399 1836
57
50  WW 14228 1784
58
50  WW 20981 1788
59
50  WW 12400 1789
60
50  WW 13835 1791
61
50  WW 11479 1792
SCORE:CCC,WW,1510,3720,-221.0
