CCC-SCSC
1
50  CCC 9365 2014
30  SCSC 9422 83
10  SCSC 9644 126
2
50  CCC 10441 2005
30  SCSC 10856 129
10  CCC 11056 2019
3
50  SCSC 8177 125
30  SCSC 8218 208
10  SCSC 9657 138
4
50  SCSC 8071 200
30  CCC 8866 2012
10  CCC 9346 2027
5
50  CCC 7445 2031
30  SCSC 7622 107
10  CCC 8137 2030
6
50  SCSC 6832 178
30  SCSC 7156 151
10  SCSC 7837 192
7
50  CCC 7696 1992
30  CCC 8435 2028
10  CCC 8545 1998
8
50  SCSC 6738 176
30  CCC 7524 2002
10  SCSC 8626 142
9
50  SCSC 3301 182
30  SCSC 3619 94
10  CCC 3709 1996
10
50  SCSC 2637 185
30  SCSC 4081 123
10  SCSC 5639 173
11
50  CCC 2076 2026
30  SCSC 2091 172
10  SCSC 2114 191
12
50  CCC 1634 2020
30  SCSC 1919 154
10  SCSC 2425 195
13
50  SCSC 3635 126
30  SCSC 3641 83
10  SCSC 3885 146
14
50  SCSC 3983 80
30  CCC 4125 2019
10  SCSC 4257 168
15
50  SCSC 2862 159
30  SCSC 3194 208
10  SCSC 3463 166
16
50  SCSC 3125 200
30  SCSC 3216 82
10  CCC 3407 2012
17
50  SCSC 6237 199
30  SCSC 7682 177
10  SCSC 8159 198
18
50  SCSC 6556 133
30  SCSC 6657 192
10  SCSC 7412 127
19
50  SCSC 6151 108
30  CCC 7116 1992
10  CCC 7469 2028
20
50  SCSC 5587 156
30  CCC 6632 2002
10  SCSC 7509 142
21
50  CCC 4272 1996
30  SCSC 4619 182
10  SCSC 5152 183
22
50  SCSC 4701 173
30  SCSC 5191 123
10  SCSC 5756 167
23
50  CCC 2706 2023
30  CCC 2868 2026
10  SCSC 2875 191
24
50  SCSC 2425 154
30  SCSC 3058 147
10  SCSC 3283 140
25
50  SCSC 2089 126
30  SCSC 2406 171
10  SCSC 2469 78
26
50  CCC 1947 2005
30  SCSC 2220 196
10  SCSC 2271 168
27
50  SCSC 3313 159
30  SCSC 3831 208
10  SCSC 5259 87
28
50  SCSC 3633 200
30  CCC 4247 2012
10  SCSC 4544 144
29
50  CCC 3810 2030
30  SCSC 4034 114
10  SCSC 4203 198
30
50  SCSC 3432 120
30  SCSC 3545 178
10  SCSC 4538 106
31
80  SCSC 3306 108
40  CCC 3662 1992
0  CCC 3813 1998
32
80  SCSC 3432 176
40  SCSC 3878 142
33
80  CCC 2228 2026
40  SCSC 2565 105
0  CCC 3034 2024
34
80  SCSC 3219 147
40  SCSC 3240 160
0  SCSC 5418 145
35
50  SCSC 1728 83
30  CCC 1819 2014
10  SCSC 1995 146
36
50  CCC 1891 2005
30  SCSC 2366 164
10  SCSC 2500 134
37
50  SCSC 3894 166
30  CCC 4146 1991
10  SCSC 4683 118
38
50  CCC 4041 2027
30  CCC 4268 2012
10  SCSC 4764 144
39
50  SCSC 3078 199
30  CCC 3515 2031
10  CCC 3572 2030
40
50  SCSC 3012 151
30  SCSC 3447 192
10  SCSC 3459 120
41
50  CCC 3413 1992
30  CCC 3736 2028
10  CCC 3934 1998
42
50  SCSC 2747 156
30  SCSC 2783 201
43
50  SCSC 3153 172
30  SCSC 3250 95
10  SCSC 3331 105
44
50  SCSC 2935 160
30  SCSC 3825 137
10  SCSC 4272 185
45
50  CCC 2209 2014
30  SCSC 2507 184
10  CCC 2592 1995
46
50  SCSC 2757 88
30  SCSC 2904 136
10  CCC 3109 1997
47
50  SCSC 4256 125
30  CCC 5041 1991
10  SCSC 5194 100
48
50  SCSC 4256 82
30  SCSC 4665 169
10  CCC 5066 2027
49
50  CCC 3880 2031
30  SCSC 3997 107
10  SCSC 4313 165
50
50  SCSC 3432 178
30  SCSC 3800 133
10  SCSC 3982 151
51
50  CCC 4305 2028
30  SCSC 4337 117
10  CCC 4529 2013
52
50  SCSC 3234 156
30  SCSC 3339 201
53
50  SCSC 16759 1641
54
50  SCSC 9056 1633
30  CCC 11834 1834
55
50  SCSC 19565 1634
30  CCC 19756 1835
56
50  SCSC 18470 1635
30  CCC 20399 1836
57
50  SCSC 13178 1636
58
50  SCSC 14856 1637
59
50  SCSC 13296 1638
60
50  SCSC 12758 1639
61
50  SCSC 11516 1640
SCORE:CCC,SCSC,1560,3760,-220.0
