CCC-TVT
1
50  CCC 9365 2014
30  TVT 11250 1868
10  TVT 11778 1909
2
50  TVT 9773 1951
30  CCC 10441 2005
10  TVT 10577 1856
3
50  TVT 7662 1866
30  TVT 8557 1845
10  TVT 9372 1913
4
50  CCC 8866 2012
30  CCC 9346 2027
10  TVT 9433 1917
5
50  CCC 7445 2031
30  TVT 7571 1867
10  CCC 8137 2030
6
50  TVT 7397 1888
30  TVT 7590 1911
10  TVT 13171 1905
7
50  CCC 7696 1992
30  CCC 8435 2028
10  CCC 8545 1998
8
50  TVT 6297 1874
30  CCC 7524 2002
10  TVT 8188 1860
9
50  CCC 3709 1996
30  CCC 3804 2009
10  TVT 4928 1875
10
50  TVT 3245 1950
30  TVT 3347 1908
10  TVT 5460 1948
11
50  CCC 2076 2026
30  TVT 2259 1952
10  CCC 2303 2010
12
50  CCC 1634 2020
30  TVT 2033 1946
10  TVT 2513 1903
13
50  TVT 4097 1868
30  CCC 4404 1995
10  CCC 4490 2006
14
50  TVT 3875 1951
30  TVT 4012 1879
10  CCC 4125 2019
15
50  TVT 3063 1866
30  TVT 3357 1845
10  CCC 3750 1991
16
50  CCC 3407 2012
30  TVT 4169 1880
10  CCC 4175 1993
17
50  TVT 6991 1867
30  TVT 7376 1910
10  CCC 8815 2029
18
50  TVT 6400 1911
30  TVT 6771 1888
10  TVT 11457 1905
19
50  CCC 7116 1992
30  CCC 7469 2028
10  CCC 7747 1998
20
50  TVT 5377 1899
30  TVT 5753 1874
10  CCC 6632 2002
21
50  CCC 4272 1996
30  TVT 4982 1875
10  CCC 6403 2016
22
50  TVT 3774 1908
30  TVT 4170 1950
10  TVT 5940 1839
23
50  TVT 2634 1892
30  TVT 2684 1952
10  CCC 2706 2023
24
50  TVT 2567 1946
30  TVT 3113 1935
10  TVT 3182 1903
25
50  TVT 2553 1909
30  TVT 2657 1853
10  CCC 2734 1995
26
50  CCC 1947 2005
30  TVT 2397 1898
10  CCC 2432 2025
27
50  TVT 4013 1845
30  TVT 4915 1859
10  TVT 5325 1878
28
50  CCC 4247 2012
30  TVT 5289 1880
10  TVT 7253 1943
29
50  CCC 3810 2030
30  TVT 3845 1910
10  CCC 4488 2018
30
50  TVT 3535 1888
30  TVT 3733 1911
10  TVT 6939 1905
31
80  CCC 3662 1992
40  CCC 3813 1998
0  TVT 4059 1900
32
80  TVT 2849 1899
40  TVT 3656 1860
0  TVT 4069 1947
33
80  CCC 2228 2026
40  TVT 2840 1952
0  CCC 3034 2024
34
80  TVT 2670 1946
40  TVT 3389 1896
35
50  CCC 1819 2014
30  TVT 2166 1868
10  TVT 2603 1909
36
50  CCC 1891 2005
30  TVT 2050 1856
10  TVT 2078 1951
37
50  TVT 3427 1866
30  TVT 4109 1913
10  CCC 4146 1991
38
50  CCC 4041 2027
30  CCC 4268 2012
10  TVT 4381 1917
39
50  TVT 3496 1867
30  CCC 3515 2031
10  CCC 3572 2030
40
50  TVT 3217 1888
41
50  CCC 3413 1992
30  CCC 3736 2028
10  CCC 3934 1998
42
50  TVT 2764 1899
30  TVT 2776 1874
10  TVT 3737 1889
43
50  TVT 3133 1952
30  TVT 3244 1892
10  CCC 3622 2024
44
50  TVT 2528 1946
30  TVT 3303 1896
10  TVT 3571 1903
45
50  CCC 2209 2014
30  CCC 2592 1995
10  CCC 2700 2006
46
50  TVT 2600 1856
30  TVT 2637 1907
10  TVT 2667 1879
47
50  TVT 4616 1913
30  TVT 4678 1916
10  CCC 5041 1991
48
50  TVT 5013 1917
30  CCC 5066 2027
10  TVT 5643 1886
49
50  CCC 3880 2031
30  TVT 4377 1910
10  CCC 4603 2029
50
50  TVT 3877 1911
51
50  CCC 4305 2028
30  CCC 4529 2013
10  TVT 4934 1885
52
50  TVT 3306 1874
30  TVT 3969 1860
10  TVT 4577 1947
53
50  TVT 16803 1828
54
50  CCC 11834 1834
30  TVT 12231 1815
55
50  CCC 19756 1835
30  TVT 19785 1818
56
50  TVT 17443 1820
30  CCC 20399 1836
57
50  TVT 14320 1822
58
50  TVT 17419 1825
59
50  TVT 15096 1826
61
50  TVT 13181 1827
SCORE:CCC,TVT,1940,3270,-133.0
