CCC-ALT
1
50  CCC 9365 2014
2
50  CCC 10441 2005
30  CCC 11056 2019
10  CCC 13615 1994
3
50  CCC 9715 1991
4
50  CCC 8866 2012
30  CCC 9346 2027
5
50  CCC 7445 2031
30  CCC 8137 2030
7
50  CCC 7696 1992
30  CCC 8435 2028
10  CCC 8545 1998
8
50  CCC 7524 2002
9
50  CCC 3709 1996
30  CCC 3804 2009
10  CCC 7350 2016
11
50  CCC 2076 2026
30  CCC 2303 2010
10  CCC 2637 2023
12
50  CCC 1634 2020
30  CCC 2770 2032
10  CCC 2903 2000
13
50  CCC 4404 1995
30  CCC 4490 2006
10  CCC 5167 2021
14
50  CCC 4125 2019
30  CCC 4906 2017
10  CCC 4937 2025
15
50  CCC 3750 1991
30  CCC 5211 2011
10  CCC 5711 2033
16
50  CCC 3407 2012
30  CCC 4175 1993
17
50  CCC 8815 2029
30  CCC 9053 2018
18
50  CCC 12918 2015
19
50  CCC 7116 1992
30  CCC 7469 2028
10  CCC 7747 1998
20
50  CCC 6632 2002
21
50  CCC 4272 1996
30  CCC 6403 2016
10  CCC 7363 1999
23
50  CCC 2706 2023
30  CCC 2868 2026
10  CCC 3300 2010
24
50  CCC 4210 2000
30  CCC 4712 2032
10  CCC 5880 2007
25
50  CCC 2734 1995
30  CCC 3103 2021
10  CCC 3159 2006
26
50  CCC 1947 2005
30  CCC 2432 2025
10  CCC 2734 1994
27
50  CCC 9010 2033
28
50  CCC 4247 2012
29
50  CCC 3810 2030
30  CCC 4488 2018
10  CCC 4572 2029
31
80  CCC 3662 1992
40  CCC 3813 1998
0  CCC 4203 2013
33
80  CCC 2228 2026
40  CCC 3034 2024
35
50  CCC 1819 2014
36
50  CCC 1891 2005
30  CCC 2957 2025
37
50  CCC 4146 1991
38
50  CCC 4041 2027
30  CCC 4268 2012
39
50  CCC 3515 2031
30  CCC 3572 2030
41
50  CCC 3413 1992
30  CCC 3736 2028
10  CCC 3934 1998
43
50  CCC 3622 2024
30  CCC 3755 2010
45
50  CCC 2209 2014
30  CCC 2592 1995
10  CCC 2700 2006
46
50  CCC 3109 1997
30  CCC 3432 2008
47
50  CCC 5041 1991
48
50  CCC 5066 2027
49
50  CCC 3880 2031
30  CCC 4603 2029
51
50  CCC 4305 2028
30  CCC 4529 2013
10  CCC 4956 1990
54
50  CCC 11834 1834
55
50  CCC 19756 1835
56
50  CCC 20399 1836
SCORE:CCC,ALT,3360,0,336.0
