CCC-HSC
1
50  CCC 9365 2014
30  HSC 12582 3422
2
50  CCC 10441 2005
30  CCC 11056 2019
10  HSC 13133 3465
3
50  CCC 9715 1991
30  HSC 10519 3445
4
50  HSC 8441 3463
30  CCC 8866 2012
10  CCC 9346 2027
5
50  CCC 7445 2031
30  HSC 7740 3466
10  HSC 7854 3424
6
50  HSC 7907 3446
30  HSC 8508 3458
7
50  CCC 7696 1992
30  CCC 8435 2028
10  HSC 8442 3457
8
50  HSC 6592 3462
30  CCC 7524 2002
10  HSC 7912 3461
9
50  CCC 3709 1996
30  CCC 3804 2009
10  HSC 5143 3442
10
50  HSC 3999 3459
11
50  HSC 1977 3430
30  HSC 2019 3464
10  CCC 2076 2026
12
50  CCC 1634 2020
30  CCC 2770 2032
10  CCC 2903 2000
13
50  CCC 4404 1995
30  CCC 4490 2006
10  HSC 4509 3422
14
50  HSC 4084 3420
30  CCC 4125 2019
10  HSC 4704 3465
15
50  CCC 3750 1991
30  HSC 3963 3445
10  HSC 5148 3425
16
50  HSC 3251 3453
30  HSC 3253 3463
10  CCC 3407 2012
17
50  HSC 6734 3466
30  HSC 6821 3424
10  HSC 7172 3444
18
50  HSC 6803 3423
30  HSC 7347 3458
10  HSC 8261 3432
19
50  CCC 7116 1992
30  HSC 7373 3448
10  CCC 7469 2028
20
50  HSC 5558 3462
30  HSC 5947 3460
10  HSC 6588 3454
21
50  CCC 4272 1996
30  HSC 5788 3441
10  CCC 6403 2016
22
50  HSC 8421 3459
23
50  CCC 2706 2023
30  CCC 2868 2026
10  HSC 2976 3430
24
50  CCC 4210 2000
30  HSC 4538 3452
10  CCC 4712 2032
25
50  HSC 2488 3422
30  CCC 2734 1995
10  CCC 3103 2021
26
50  CCC 1947 2005
30  CCC 2432 2025
10  CCC 2734 1994
27
50  HSC 6280 3425
30  CCC 9010 2033
28
50  CCC 4247 2012
30  HSC 4294 3421
10  HSC 4380 3453
29
50  HSC 3789 3444
30  CCC 3810 2030
10  CCC 4488 2018
30
50  HSC 3802 3446
30  HSC 3893 3423
10  HSC 5022 3432
31
80  CCC 3662 1992
40  CCC 3813 1998
0  HSC 3913 3448
32
80  HSC 3721 3461
40  HSC 4294 3454
0  HSC 4373 3419
33
80  CCC 2228 2026
40  CCC 3034 2024
35
50  CCC 1819 2014
36
50  CCC 1891 2005
30  CCC 2957 2025
10  HSC 3654 3436
37
50  CCC 4146 1991
30  HSC 4920 3445
38
50  CCC 4041 2027
30  CCC 4268 2012
10  HSC 4317 3453
39
50  CCC 3515 2031
30  CCC 3572 2030
10  HSC 3635 3424
40
50  HSC 3304 3446
30  HSC 3927 3423
41
50  HSC 3312 3457
30  CCC 3413 1992
10  CCC 3736 2028
42
50  HSC 2639 3462
30  HSC 2925 3460
10  HSC 3327 3454
43
50  HSC 2932 3430
30  HSC 3033 3464
10  CCC 3622 2024
45
50  CCC 2209 2014
30  CCC 2592 1995
10  CCC 2700 2006
46
50  HSC 3058 3420
30  CCC 3109 1997
10  HSC 3123 3436
47
50  CCC 5041 1991
30  HSC 6262 3445
48
50  HSC 4691 3463
30  CCC 5066 2027
10  HSC 5188 3435
49
50  CCC 3880 2031
30  HSC 4065 3466
10  CCC 4603 2029
50
50  HSC 4279 3423
30  HSC 4618 3432
10  HSC 5319 3458
51
50  CCC 4305 2028
30  HSC 4470 3448
10  CCC 4529 2013
52
50  HSC 3407 3460
30  HSC 3845 3454
10  HSC 4113 3461
54
50  CCC 11834 1834
55
50  CCC 19756 1835
56
50  HSC 19928 2040
30  CCC 20399 1836
58
50  HSC 15277 2041
59
50  HSC 12869 2042
60
50  HSC 12747 2043
61
50  HSC 12104 2044
SCORE:CCC,HSC,2320,2460,-14.0
