CCC-WCSC
1
50  WCSC 8690 844
30  WCSC 9353 884
10  CCC 9365 2014
2
50  CCC 10441 2005
30  WCSC 10839 784
10  CCC 11056 2019
3
50  WCSC 7943 800
30  WCSC 8633 883
10  CCC 9715 1991
4
50  WCSC 8409 810
30  CCC 8866 2012
10  CCC 9346 2027
5
50  CCC 7445 2031
30  WCSC 7784 895
10  CCC 8137 2030
6
50  WCSC 7896 776
30  WCSC 8833 821
7
50  CCC 7696 1992
30  CCC 8435 2028
10  CCC 8545 1998
8
50  CCC 7524 2002
30  WCSC 7650 843
10  WCSC 7728 787
9
50  WCSC 3175 869
30  WCSC 3328 872
10  CCC 3709 1996
10
50  WCSC 3536 830
30  WCSC 3673 786
10  WCSC 5096 822
11
50  WCSC 1889 855
30  CCC 2076 2026
10  WCSC 2129 826
12
50  CCC 1634 2020
30  WCSC 1740 870
10  WCSC 1904 877
13
50  WCSC 3738 871
30  WCSC 3787 884
10  WCSC 4163 839
14
50  CCC 4125 2019
30  WCSC 4129 831
10  WCSC 4481 868
15
50  WCSC 3219 896
30  WCSC 3312 840
10  WCSC 3557 883
16
50  CCC 3407 2012
30  WCSC 3434 775
10  WCSC 3517 863
17
50  WCSC 7082 859
30  WCSC 7348 845
10  WCSC 8671 828
18
50  WCSC 6674 798
30  WCSC 6843 776
10  WCSC 7480 821
19
50  CCC 7116 1992
30  CCC 7469 2028
10  CCC 7747 1998
20
50  WCSC 6297 843
30  CCC 6632 2002
10  WCSC 7173 864
21
50  WCSC 3090 869
30  CCC 4272 1996
10  WCSC 4438 872
22
50  WCSC 4634 830
30  WCSC 5263 777
10  WCSC 5283 822
23
50  WCSC 2098 817
30  WCSC 2637 898
10  WCSC 2662 879
24
50  WCSC 1929 801
30  WCSC 2358 877
10  WCSC 2809 857
25
50  WCSC 2043 816
30  WCSC 2299 839
10  WCSC 2317 805
26
50  CCC 1947 2005
30  WCSC 2111 784
10  CCC 2432 2025
27
50  WCSC 3813 800
30  WCSC 5066 820
10  WCSC 5137 825
28
50  WCSC 4178 810
30  CCC 4247 2012
10  WCSC 5603 847
29
50  WCSC 3500 895
30  CCC 3810 2030
10  CCC 4488 2018
30
50  WCSC 3909 821
30  WCSC 4312 791
10  WCSC 4536 880
31
80  CCC 3662 1992
40  CCC 3813 1998
0  WCSC 3840 803
32
80  WCSC 3606 864
40  WCSC 4593 827
33
80  WCSC 2225 826
40  CCC 2228 2026
0  WCSC 2500 817
34
80  WCSC 2223 877
40  WCSC 2855 857
0  WCSC 3469 812
35
50  CCC 1819 2014
30  WCSC 1938 871
10  WCSC 2327 816
36
50  CCC 1891 2005
30  WCSC 2122 876
10  CCC 2957 2025
37
50  WCSC 3982 840
30  CCC 4146 1991
10  WCSC 6183 793
38
50  CCC 4041 2027
30  CCC 4268 2012
10  WCSC 4317 863
39
50  WCSC 3434 859
30  CCC 3515 2031
10  CCC 3572 2030
40
50  WCSC 3463 798
30  WCSC 4046 880
41
50  CCC 3413 1992
30  CCC 3736 2028
10  WCSC 3803 803
42
50  WCSC 3134 787
30  WCSC 3376 790
10  WCSC 4462 789
43
50  WCSC 2682 855
30  WCSC 3027 826
10  CCC 3622 2024
44
50  WCSC 2112 801
30  WCSC 2583 870
45
50  WCSC 2151 844
30  CCC 2209 2014
10  CCC 2592 1995
46
50  WCSC 2403 831
30  CCC 3109 1997
10  CCC 3432 2008
47
50  WCSC 4162 896
30  CCC 5041 1991
10  WCSC 5534 799
48
50  WCSC 4555 810
30  CCC 5066 2027
49
50  CCC 3880 2031
30  CCC 4603 2029
10  WCSC 4656 845
50
50  WCSC 4113 776
30  WCSC 4549 798
51
50  CCC 4305 2028
30  WCSC 4467 860
10  CCC 4529 2013
52
50  WCSC 3963 864
53
50  WCSC 16033 1707
54
50  WCSC 7650 1692
30  CCC 11834 1834
55
50  WCSC 16081 1695
30  CCC 19756 1835
56
50  WCSC 17798 1697
30  CCC 20399 1836
57
50  WCSC 13322 1699
58
50  WCSC 18199 1702
59
50  WCSC 13190 1703
60
50  WCSC 15089 1704
61
50  WCSC 12596 1705
SCORE:CCC,WCSC,1670,3580,-191.0
