CCC-PO
1
50  PO 9340 2358
30  CCC 9365 2014
10  PO 10953 2304
2
50  PO 10430 2359
30  CCC 10441 2005
10  CCC 11056 2019
3
50  CCC 9715 1991
30  PO 9899 2336
10  PO 10541 2295
4
50  CCC 8866 2012
30  PO 9149 2391
10  CCC 9346 2027
5
50  CCC 7445 2031
30  CCC 8137 2030
10  PO 9593 2388
6
50  PO 7628 2297
30  PO 7677 2366
10  PO 9113 2315
7
50  CCC 7696 1992
30  CCC 8435 2028
10  CCC 8545 1998
8
50  PO 7191 2298
30  CCC 7524 2002
10  PO 8889 2300
9
50  PO 2428 2293
30  PO 3240 2374
10  PO 3401 2365
10
50  PO 2596 2346
30  PO 3253 2322
10  PO 3576 2305
11
50  CCC 2076 2026
30  PO 2096 2364
10  PO 2269 2351
12
50  CCC 1634 2020
30  PO 2075 2402
10  PO 2097 2292
13
50  PO 3834 2317
30  CCC 4404 1995
10  PO 4408 2304
14
50  CCC 4125 2019
30  PO 4212 2359
10  PO 4251 2389
15
50  CCC 3750 1991
30  PO 3896 2336
10  PO 4000 2295
16
50  CCC 3407 2012
30  PO 3749 2349
10  CCC 4175 1993
17
50  PO 8416 2312
30  CCC 8815 2029
10  CCC 9053 2018
18
50  PO 7672 2315
30  PO 8137 2331
10  PO 9958 2302
19
50  CCC 7116 1992
30  PO 7177 2353
10  CCC 7469 2028
20
50  CCC 6632 2002
30  PO 7108 2298
10  PO 7330 2340
21
50  PO 3271 2378
30  PO 3409 2293
10  PO 3913 2303
22
50  PO 3458 2346
30  PO 3540 2322
10  PO 4746 2305
23
50  PO 2579 2351
30  PO 2611 2330
10  PO 2634 2335
24
50  PO 2745 2345
30  PO 2847 2292
10  PO 2897 2367
25
50  PO 2181 2317
30  PO 2479 2321
10  PO 2544 2368
26
50  CCC 1947 2005
30  CCC 2432 2025
10  PO 2667 2307
27
50  PO 5895 2403
30  PO 5904 2294
10  PO 6125 2363
28
50  CCC 4247 2012
30  PO 5190 2396
10  PO 7019 2399
29
50  CCC 3810 2030
30  CCC 4488 2018
10  CCC 4572 2029
30
50  PO 3426 2297
30  PO 3614 2366
10  PO 5113 2302
31
80  CCC 3662 1992
40  CCC 3813 1998
0  PO 4090 2319
32
80  PO 4094 2300
40  PO 4133 2340
33
80  CCC 2228 2026
40  PO 2769 2364
0  CCC 3034 2024
34
80  PO 2833 2345
40  PO 2866 2402
0  PO 2975 2355
35
50  PO 1754 2358
30  CCC 1819 2014
10  PO 1951 2317
36
50  CCC 1891 2005
30  PO 2003 2359
10  PO 2400 2400
37
50  CCC 4146 1991
30  PO 5814 2403
10  PO 7468 2363
38
50  CCC 4041 2027
30  PO 4129 2391
10  CCC 4268 2012
39
50  CCC 3515 2031
30  CCC 3572 2030
10  PO 4303 2361
40
50  PO 3357 2297
30  PO 3587 2366
10  PO 4567 2331
41
50  CCC 3413 1992
30  PO 3582 2353
10  CCC 3736 2028
42
50  PO 3243 2298
30  PO 3741 2340
43
50  PO 3567 2390
30  CCC 3622 2024
10  CCC 3755 2010
44
50  PO 3713 2355
45
50  CCC 2209 2014
30  PO 2282 2358
10  CCC 2592 1995
46
50  PO 2697 2400
30  PO 3027 2296
10  CCC 3109 1997
47
50  PO 4839 2336
30  CCC 5041 1991
10  PO 6139 2403
48
50  CCC 5066 2027
30  PO 5239 2391
10  PO 5258 2349
49
50  CCC 3880 2031
30  CCC 4603 2029
10  PO 4732 2342
50
50  PO 4740 2331
30  PO 4829 2315
10  PO 6469 2369
51
50  CCC 4305 2028
30  PO 4338 2320
10  CCC 4529 2013
52
50  PO 4268 2300
53
50  PO 12839 1888
54
50  PO 9464 1876
30  CCC 11834 1834
55
50  PO 17012 1877
30  CCC 19756 1835
56
50  PO 19939 1879
30  CCC 20399 1836
57
50  PO 19083 1881
58
50  PO 16272 1882
59
50  PO 15543 1884
60
50  PO 13909 1886
61
50  PO 12619 1887
SCORE:CCC,PO,1990,3260,-127.0
