CCC-CVST
1
50  CCC 9365 2014
30  CVST 11587 2418
10  CVST 13418 2455
2
50  CCC 10441 2005
30  CCC 11056 2019
10  CVST 12734 2437
3
50  CCC 9715 1991
30  CVST 10802 2463
10  CVST 11369 2448
4
50  CCC 8866 2012
30  CCC 9346 2027
10  CVST 9787 2472
5
50  CCC 7445 2031
30  CVST 8095 2417
10  CCC 8137 2030
6
50  CVST 10273 2480
30  CVST 10653 2474
7
50  CCC 7696 1992
30  CVST 8300 2486
10  CCC 8435 2028
8
50  CVST 7131 2460
30  CCC 7524 2002
9
50  CCC 3709 1996
30  CCC 3804 2009
10  CVST 5503 2431
10
50  CVST 4087 2450
11
50  CCC 2076 2026
30  CVST 2134 2473
10  CCC 2303 2010
12
50  CCC 1634 2020
30  CVST 2072 2430
10  CVST 2494 2479
13
50  CVST 4397 2469
30  CCC 4404 1995
10  CCC 4490 2006
14
50  CCC 4125 2019
30  CVST 4356 2416
10  CVST 4514 2466
15
50  CCC 3750 1991
30  CVST 3928 2463
10  CVST 4175 2482
16
50  CCC 3407 2012
30  CVST 3974 2415
10  CVST 3988 2483
17
50  CVST 7332 2417
30  CVST 8221 2454
10  CCC 8815 2029
18
50  CVST 9025 2474
30  CVST 9203 2458
10  CVST 10007 2411
19
50  CCC 7116 1992
30  CVST 7231 2447
10  CVST 7352 2486
20
50  CVST 6471 2460
30  CCC 6632 2002
10  CVST 7039 2475
21
50  CCC 4272 1996
30  CCC 6403 2016
10  CCC 7363 1999
22
50  CVST 7122 2450
23
50  CVST 2512 2473
30  CCC 2706 2023
10  CVST 2834 2464
24
50  CVST 2544 2430
30  CVST 3310 2453
10  CVST 3415 2479
25
50  CVST 2453 2418
30  CCC 2734 1995
10  CVST 2882 2469
26
50  CCC 1947 2005
30  CCC 2432 2025
10  CVST 2446 2466
27
50  CVST 4985 2448
30  CVST 5287 2465
10  CVST 5401 2482
28
50  CCC 4247 2012
30  CVST 4787 2472
10  CVST 5099 2408
29
50  CCC 3810 2030
30  CVST 4394 2454
10  CCC 4488 2018
30
50  CVST 5015 2474
30  CVST 5300 2411
10  CVST 5356 2458
31
80  CCC 3662 1992
40  CVST 3768 2467
0  CCC 3813 1998
32
80  CVST 3903 2443
40  CVST 3967 2475
0  CVST 4660 2457
33
80  CCC 2228 2026
40  CVST 2497 2473
0  CCC 3034 2024
34
80  CVST 2670 2430
35
50  CCC 1819 2014
30  CVST 2464 2418
10  CVST 2891 2424
36
50  CCC 1891 2005
30  CVST 2475 2413
10  CVST 2943 2466
37
50  CCC 4146 1991
30  CVST 5131 2463
10  CVST 6066 2477
38
50  CCC 4041 2027
30  CCC 4268 2012
10  CVST 5369 2472
39
50  CVST 3459 2417
30  CCC 3515 2031
10  CCC 3572 2030
40
50  CVST 4744 2480
30  CVST 5309 2458
41
50  CCC 3413 1992
30  CCC 3736 2028
10  CVST 3789 2486
42
50  CVST 4069 2475
30  CVST 4834 2407
10  CVST 4907 2457
43
50  CVST 3090 2433
30  CVST 3214 2414
10  CCC 3622 2024
44
50  CVST 3410 2429
45
50  CCC 2209 2014
30  CCC 2592 1995
10  CCC 2700 2006
46
50  CVST 2589 2437
30  CVST 2769 2416
10  CCC 3109 1997
47
50  CCC 5041 1991
30  CVST 5630 2459
10  CVST 5639 2448
48
50  CCC 5066 2027
30  CVST 5286 2408
10  CVST 6513 2481
49
50  CCC 3880 2031
30  CVST 4415 2417
10  CCC 4603 2029
50
50  CVST 4978 2480
30  CVST 5988 2411
51
50  CCC 4305 2028
30  CCC 4529 2013
10  CVST 4631 2471
52
50  CVST 3446 2460
30  CVST 5103 2443
54
50  CVST 9359 1890
30  CCC 11834 1834
55
50  CVST 19053 1892
30  CCC 19756 1835
56
50  CVST 18637 1894
30  CCC 20399 1836
57
50  CVST 17503 1896
58
50  CVST 17620 1898
59
50  CVST 17112 1900
60
50  CVST 15547 1901
61
50  CVST 12697 1902
SCORE:CCC,CVST,2170,2910,-74.0
