CCC-FO
1
50  CCC 9365 2014
30  FO 10771 2035
10  FO 12495 2122
2
50  CCC 10441 2005
30  FO 10637 2042
10  CCC 11056 2019
3
50  FO 8237 2055
30  CCC 9715 1991
10  FO 10522 2051
4
50  FO 8422 2127
30  CCC 8866 2012
10  CCC 9346 2027
5
50  CCC 7445 2031
30  CCC 8137 2030
10  FO 8487 2036
6
50  FO 8478 2053
30  FO 8720 2121
7
50  CCC 7696 1992
30  FO 7744 2061
10  CCC 8435 2028
8
50  FO 6400 2077
30  FO 6997 2094
10  CCC 7524 2002
9
50  FO 3181 2050
30  CCC 3709 1996
10  CCC 3804 2009
10
50  FO 2470 2128
30  FO 2776 2049
10  FO 3569 2106
11
50  FO 2071 2043
30  CCC 2076 2026
10  FO 2090 2078
12
50  CCC 1634 2020
30  FO 1906 2065
10  FO 2293 2107
13
50  CCC 4404 1995
30  CCC 4490 2006
10  FO 4515 2110
14
50  CCC 4125 2019
30  FO 4140 2042
10  FO 4351 2088
15
50  CCC 3750 1991
30  FO 5079 2059
10  FO 5137 2091
16
50  CCC 3407 2012
30  FO 3571 2066
10  FO 3901 2100
17
50  FO 7118 2036
30  FO 7692 2071
10  FO 8075 2092
18
50  FO 7319 2121
30  FO 7333 2053
10  FO 7915 2047
19
50  FO 6721 2061
30  CCC 7116 1992
10  CCC 7469 2028
20
50  FO 5738 2077
30  FO 5938 2094
10  FO 6503 2076
21
50  FO 3857 2050
30  CCC 4272 1996
10  FO 4878 2143
22
50  FO 2925 2128
30  FO 3814 2049
10  FO 5522 2106
23
50  FO 2619 2139
30  CCC 2706 2023
10  FO 2720 2043
24
50  FO 2552 2065
30  FO 2965 2090
10  FO 3384 2124
25
50  FO 2372 2074
30  FO 2381 2035
10  FO 2458 2110
26
50  CCC 1947 2005
30  FO 2225 2048
10  FO 2312 2114
27
50  FO 3759 2055
30  FO 4467 2109
10  FO 4728 2051
28
50  FO 4134 2127
30  CCC 4247 2012
10  FO 4747 2066
29
50  CCC 3810 2030
30  FO 4128 2067
10  FO 4135 2060
30
50  FO 4253 2121
30  FO 4432 2047
10  FO 4922 2131
31
80  CCC 3662 1992
40  CCC 3813 1998
0  CCC 4203 2013
32
80  FO 3047 2077
40  FO 3414 2076
0  FO 4132 2132
33
80  FO 2181 2139
40  CCC 2228 2026
0  FO 2381 2078
34
80  FO 3806 2120
35
50  CCC 1819 2014
30  FO 2208 2035
10  FO 2598 2122
36
50  CCC 1891 2005
30  FO 2122 2104
10  FO 2222 2048
37
50  CCC 4146 1991
30  FO 4659 2109
10  FO 4838 2051
38
50  CCC 4041 2027
30  FO 4043 2127
10  CCC 4268 2012
39
50  CCC 3515 2031
30  CCC 3572 2030
10  FO 3744 2036
40
50  FO 3906 2053
41
50  CCC 3413 1992
30  FO 3459 2061
10  CCC 3736 2028
42
50  FO 2884 2094
30  FO 3478 2076
10  FO 3989 2132
43
50  FO 2740 2139
30  CCC 3622 2024
10  CCC 3755 2010
45
50  CCC 2209 2014
30  CCC 2592 1995
10  CCC 2700 2006
46
50  FO 2462 2104
30  FO 2484 2130
10  FO 2653 2048
47
50  FO 4008 2055
30  CCC 5041 1991
10  FO 5244 2109
48
50  FO 4576 2066
30  CCC 5066 2027
10  FO 6287 2137
49
50  CCC 3880 2031
30  FO 4431 2092
10  CCC 4603 2029
50
50  FO 4110 2053
30  FO 4971 2047
10  FO 5393 2131
51
50  FO 3932 2061
30  CCC 4305 2028
10  CCC 4529 2013
52
50  FO 3541 2077
30  FO 3725 2094
10  FO 4119 2132
53
50  FO 14008 1854
54
50  FO 9738 1838
30  CCC 11834 1834
55
50  FO 19576 1843
30  CCC 19756 1835
56
50  FO 18719 1846
30  CCC 20399 1836
57
50  FO 15307 1849
58
50  FO 14984 1850
59
50  FO 15100 1853
SCORE:CCC,FO,1800,3260,-146.0
