CCC-WV
1
50  CCC 9365 2014
30  WV 9634 3126
10  WV 10830 3164
2
50  WV 9582 3183
30  CCC 10441 2005
10  WV 10834 3137
3
50  WV 8547 3175
30  CCC 9715 1991
10  WV 12135 3159
4
50  CCC 8866 2012
30  WV 9062 3187
10  CCC 9346 2027
5
50  CCC 7445 2031
30  CCC 8137 2030
10  WV 8203 3127
6
50  WV 8053 3169
7
50  CCC 7696 1992
30  WV 7778 3180
10  CCC 8435 2028
8
50  CCC 7524 2002
30  WV 8844 3162
10  WV 9831 3172
9
50  WV 2925 3155
30  CCC 3709 1996
10  CCC 3804 2009
10
50  WV 4763 3145
30  WV 10260 3149
10  WV 12916 3161
11
50  WV 1953 3125
30  CCC 2076 2026
10  CCC 2303 2010
12
50  CCC 1634 2020
30  WV 2122 3186
10  WV 2162 3157
13
50  WV 3669 3126
30  WV 4250 3154
10  WV 4362 3173
14
50  WV 3866 3137
30  WV 4043 3183
10  CCC 4125 2019
15
50  WV 3300 3175
30  CCC 3750 1991
10  WV 4409 3151
16
50  CCC 3407 2012
30  CCC 4175 1993
10  WV 4490 3153
17
50  CCC 8815 2029
30  WV 8916 3188
10  CCC 9053 2018
18
50  WV 7144 3169
30  CCC 12918 2015
19
50  WV 6813 3180
30  CCC 7116 1992
10  CCC 7469 2028
20
50  CCC 6632 2002
30  WV 7485 3178
10  WV 7778 3162
21
50  WV 4028 3155
30  CCC 4272 1996
10  WV 4987 3166
22
50  WV 5456 3161
30  WV 9569 3145
10  WV 16103 3149
23
50  WV 2531 3125
30  CCC 2706 2023
10  CCC 2868 2026
24
50  WV 2869 3157
30  WV 3056 3136
10  WV 3065 3186
25
50  WV 2540 3173
30  CCC 2734 1995
10  WV 2931 3139
26
50  CCC 1947 2005
30  WV 2374 3128
10  WV 2384 3137
27
50  WV 3719 3175
30  WV 5863 3151
10  CCC 9010 2033
28
50  CCC 4247 2012
30  WV 7090 3150
29
50  CCC 3810 2030
30  WV 3922 3127
10  CCC 4488 2018
31
80  CCC 3662 1992
40  CCC 3813 1998
0  CCC 4203 2013
32
80  WV 4203 3178
40  WV 4375 3134
0  WV 4941 3172
33
80  CCC 2228 2026
40  WV 2975 3179
0  CCC 3034 2024
34
80  WV 3246 3157
40  WV 3944 3148
0  WV 3975 3168
35
50  CCC 1819 2014
30  WV 2047 3126
10  WV 2066 3164
36
50  CCC 1891 2005
30  WV 2003 3183
10  WV 2541 3135
37
50  CCC 4146 1991
30  WV 5409 3151
10  WV 5656 3159
38
50  CCC 4041 2027
30  CCC 4268 2012
10  WV 5762 3153
39
50  CCC 3515 2031
30  CCC 3572 2030
10  WV 3641 3127
40
50  WV 3619 3169
41
50  CCC 3413 1992
30  CCC 3736 2028
10  CCC 3934 1998
42
50  WV 3808 3162
30  WV 4391 3134
43
50  WV 3034 3125
30  WV 3416 3184
10  CCC 3622 2024
44
50  WV 2947 3186
30  WV 4212 3168
45
50  CCC 2209 2014
30  WV 2325 3173
10  WV 2512 3154
46
50  WV 2850 3138
30  CCC 3109 1997
10  CCC 3432 2008
47
50  WV 4675 3175
30  CCC 5041 1991
10  WV 5353 3151
48
50  CCC 5066 2027
30  WV 5571 3153
10  WV 8066 3150
49
50  CCC 3880 2031
30  WV 4422 3127
10  CCC 4603 2029
50
50  WV 4337 3169
51
50  WV 4218 3180
30  CCC 4305 2028
10  CCC 4529 2013
52
50  WV 4388 3178
30  WV 4837 3134
10  WV 5015 3172
53
50  WV 28353 1996
54
50  CCC 11834 1834
55
50  WV 16756 1993
30  CCC 19756 1835
56
50  WV 16555 1994
30  CCC 20399 1836
61
50  WV 13737 1995
SCORE:CCC,WV,2050,2810,-76.0
