CCC-SH
1
50  CCC 9365 2014
30  SH 10278 2639
10  SH 11089 2607
2
50  CCC 10441 2005
30  CCC 11056 2019
10  CCC 13615 1994
3
50  SH 8498 2619
30  SH 9564 2612
10  CCC 9715 1991
4
50  CCC 8866 2012
30  CCC 9346 2027
10  SH 9948 2647
5
50  CCC 7445 2031
30  SH 7836 2618
10  CCC 8137 2030
7
50  CCC 7696 1992
30  CCC 8435 2028
10  CCC 8545 1998
8
50  SH 6485 2605
30  SH 7027 2613
10  CCC 7524 2002
9
50  CCC 3709 1996
30  CCC 3804 2009
10  SH 4522 2646
10
50  SH 5726 2645
11
50  SH 2056 2629
30  CCC 2076 2026
10  CCC 2303 2010
12
50  CCC 1634 2020
30  SH 2009 2642
10  CCC 2770 2032
13
50  SH 3852 2639
30  SH 4190 2603
10  CCC 4404 1995
14
50  CCC 4125 2019
30  CCC 4906 2017
10  CCC 4937 2025
15
50  SH 3463 2619
30  CCC 3750 1991
10  SH 4058 2612
16
50  CCC 3407 2012
30  SH 3946 2630
10  SH 4097 2636
17
50  SH 6858 2618
30  SH 8035 2641
10  SH 8570 2637
18
50  CCC 12918 2015
19
50  CCC 7116 1992
30  CCC 7469 2028
10  CCC 7747 1998
20
50  SH 5747 2605
30  SH 6437 2613
10  CCC 6632 2002
21
50  CCC 4272 1996
30  CCC 6403 2016
10  CCC 7363 1999
23
50  SH 2543 2629
30  CCC 2706 2023
10  CCC 2868 2026
24
50  SH 2892 2642
30  CCC 4210 2000
10  CCC 4712 2032
25
50  SH 2416 2639
30  SH 2471 2643
10  SH 2480 2607
26
50  CCC 1947 2005
30  CCC 2432 2025
10  CCC 2734 1994
27
50  SH 4434 2612
30  SH 4963 2608
10  CCC 9010 2033
28
50  CCC 4247 2012
30  SH 4732 2630
10  SH 5383 2625
29
50  SH 3769 2618
30  CCC 3810 2030
10  CCC 4488 2018
31
80  CCC 3662 1992
40  CCC 3813 1998
0  CCC 4203 2013
32
80  SH 3178 2605
33
80  CCC 2228 2026
40  SH 2598 2629
0  CCC 3034 2024
34
80  SH 2623 2642
35
50  CCC 1819 2014
30  SH 2202 2638
10  SH 2288 2607
36
50  CCC 1891 2005
30  CCC 2957 2025
10  SH 3525 2614
37
50  SH 3979 2619
30  CCC 4146 1991
10  SH 5428 2608
38
50  CCC 4041 2027
30  CCC 4268 2012
10  SH 5382 2636
39
50  CCC 3515 2031
30  CCC 3572 2030
10  SH 3807 2640
41
50  CCC 3413 1992
30  CCC 3736 2028
10  CCC 3934 1998
42
50  SH 2953 2605
30  SH 3161 2613
43
50  SH 2875 2629
30  CCC 3622 2024
10  CCC 3755 2010
44
50  SH 2983 2642
30  SH 3532 2644
10  SH 4311 2621
45
50  CCC 2209 2014
30  SH 2408 2639
10  SH 2480 2603
46
50  SH 2964 2617
30  CCC 3109 1997
10  CCC 3432 2008
47
50  SH 4632 2619
30  CCC 5041 1991
10  SH 5171 2612
48
50  CCC 5066 2027
30  SH 6956 2597
10  SH 7558 2625
49
50  CCC 3880 2031
30  SH 4600 2640
10  CCC 4603 2029
51
50  CCC 4305 2028
30  CCC 4529 2013
10  SH 4738 2631
52
50  SH 3350 2613
54
50  SH 11370 1919
30  CCC 11834 1834
55
50  SH 19413 1921
30  CCC 19756 1835
56
50  CCC 20399 1836
58
50  SH 19108 1923
59
50  SH 13886 1924
SCORE:CCC,SH,2330,2120,21.0
