CH-ALT
1
50  CH 9387 3108
30  CH 9994 3070
10  CH 10944 3066
2
50  CH 13943 3123
30  CH 15191 3087
3
50  CH 8038 3083
30  CH 10602 3088
10  CH 11400 3068
4
50  CH 10107 3111
30  CH 10791 3081
10  CH 12721 3116
5
50  CH 8338 3086
30  CH 10478 3114
6
50  CH 8290 3085
30  CH 9969 3095
8
50  CH 9731 3107
30  CH 9974 3102
9
50  CH 2656 3080
30  CH 3053 3062
10  CH 3434 3118
10
50  CH 2587 3076
30  CH 3566 3067
10  CH 3896 3117
11
50  CH 2405 3069
30  CH 2406 3120
10  CH 2934 3063
12
50  CH 2153 3119
30  CH 3169 3110
10  CH 3225 3079
13
50  CH 3818 3108
30  CH 3875 3070
10  CH 4100 3066
14
50  CH 5110 3074
30  CH 5591 3087
10  CH 5947 3123
15
50  CH 3274 3083
30  CH 4234 3088
10  CH 4287 3065
16
50  CH 4012 3111
30  CH 4029 3081
10  CH 4506 3073
17
50  CH 7585 3086
30  CH 9529 3114
18
50  CH 7168 3085
30  CH 9206 3095
10  CH 9288 3071
20
50  CH 8722 3107
30  CH 9150 3102
21
50  CH 3358 3062
30  CH 3632 3080
10  CH 4530 3118
22
50  CH 4122 3076
30  CH 5985 3117
10  CH 6728 3109
23
50  CH 2922 3120
30  CH 3278 3093
10  CH 3544 3090
24
50  CH 3088 3119
30  CH 3578 3110
10  CH 5243 3106
25
50  CH 2178 3108
30  CH 2381 3121
10  CH 2466 3112
26
50  CH 2538 3087
30  CH 3601 3074
27
50  CH 3922 3083
30  CH 5050 3088
28
50  CH 4947 3073
30  CH 4950 3111
10  CH 5001 3081
29
50  CH 3618 3086
30  CH 4940 3114
30
50  CH 5310 3071
30  CH 5478 3059
32
80  CH 5087 3107
40  CH 5308 3102
33
80  CH 3087 3069
40  CH 4651 3077
34
80  CH 2778 3119
35
50  CH 1913 3066
30  CH 1999 3108
10  CH 2381 3121
36
50  CH 3640 3123
30  CH 3850 3099
37
50  CH 3868 3083
30  CH 4818 3088
10  CH 5522 3065
38
50  CH 5581 3111
30  CH 6155 3060
10  CH 6840 3081
39
50  CH 3546 3086
40
50  CH 4072 3085
42
50  CH 4947 3107
43
50  CH 3694 3120
30  CH 4434 3090
10  CH 4721 3104
44
50  CH 4025 3119
45
50  CH 2458 3070
30  CH 2618 3089
10  CH 2705 3082
47
50  CH 5384 3068
30  CH 5616 3098
10  CH 6705 3065
48
50  CH 6846 3060
30  CH 7466 3073
10  CH 7787 3103
49
50  CH 5574 3114
50
50  CH 5263 3095
30  CH 7240 3059
52
50  CH 4908 3102
53
50  CH 14214 1989
54
50  CH 12912 1982
55
50  CH 17409 1984
56
50  CH 25353 1985
57
50  CH 18681 1986
58
50  CH 21965 1987
60
50  CH 15906 1988
SCORE:CH,ALT,4180,0,418.0
