CH-AND
1
50  CH 9387 3108
30  AND 9931 1090
10  CH 9994 3070
2
50  CH 13943 3123
30  AND 15182 1134
10  CH 15191 3087
3
50  CH 8038 3083
30  AND 8533 1041
10  AND 9628 1059
4
50  AND 8178 1089
30  AND 8422 1120
10  CH 10107 3111
5
50  AND 7363 1095
30  CH 8338 3086
10  AND 9390 1124
6
50  CH 8290 3085
30  AND 8681 1127
10  AND 8847 1045
7
50  AND 7909 1094
30  AND 9389 1155
8
50  AND 8629 1101
30  CH 9731 3107
10  CH 9974 3102
9
50  CH 2656 3080
30  CH 3053 3062
10  CH 3434 3118
10
50  CH 2587 3076
30  AND 3468 1139
10  CH 3566 3067
11
50  AND 2150 1034
30  AND 2224 1105
10  CH 2405 3069
12
50  CH 2153 3119
30  AND 2387 1066
10  AND 2886 1070
13
50  CH 3818 3108
30  AND 3820 1054
10  AND 3843 1107
14
50  AND 4141 1080
30  AND 5012 1163
10  CH 5110 3074
15
50  CH 3274 3083
30  AND 3380 1122
10  AND 3537 1059
16
50  AND 3513 1079
30  AND 3896 1053
10  CH 4012 3111
17
50  AND 6284 1121
30  AND 6286 1095
10  CH 7585 3086
18
50  CH 7168 3085
30  AND 7423 1127
10  AND 8120 1100
19
50  AND 7168 1108
30  AND 7177 1137
10  AND 7929 1113
20
50  AND 5943 1125
30  AND 7119 1116
10  AND 7226 1118
21
50  CH 3358 3062
30  CH 3632 3080
10  CH 4530 3118
22
50  CH 4122 3076
30  AND 4911 1139
10  AND 4974 1143
23
50  AND 2751 1034
30  CH 2922 3120
10  AND 3269 1109
24
50  AND 2843 1066
30  CH 3088 3119
10  CH 3578 3110
25
50  AND 2055 1044
30  CH 2178 3108
10  AND 2282 1171
26
50  CH 2538 3087
30  AND 2596 1035
10  AND 2827 1080
27
50  AND 3713 1122
30  CH 3922 3083
10  AND 4077 1041
28
50  AND 3865 1120
30  AND 4801 1053
10  CH 4947 3073
29
50  CH 3618 3086
30  AND 3901 1068
10  AND 4043 1124
30
50  AND 4322 1127
30  AND 4348 1100
10  AND 4675 1081
31
80  AND 3907 1108
40  AND 4229 1113
0  AND 4313 1155
32
80  AND 3183 1125
40  AND 3636 1118
0  AND 4537 1101
33
80  CH 3087 3069
40  AND 3553 1105
0  CH 4651 3077
34
80  CH 2778 3119
35
50  CH 1913 3066
30  AND 1935 1090
10  AND 1953 1040
36
50  AND 2289 1035
30  AND 3035 1163
10  AND 3543 1075
37
50  CH 3868 3083
30  AND 3932 1122
10  AND 3956 1059
38
50  AND 3591 1089
30  AND 3613 1120
10  CH 5581 3111
39
50  AND 3193 1121
30  AND 3229 1095
10  CH 3546 3086
40
50  AND 3823 1045
30  CH 4072 3085
10  AND 4450 1100
41
50  AND 3548 1137
30  AND 4334 1162
10  AND 4565 1113
42
50  AND 3808 1116
30  CH 4947 3107
43
50  AND 3225 1034
30  AND 3423 1071
10  AND 3657 1109
44
50  CH 4025 3119
45
50  AND 2051 1044
30  CH 2458 3070
10  AND 2537 1054
46
50  AND 2599 1077
30  AND 3350 1134
10  AND 3663 1163
47
50  AND 4259 1041
30  CH 5384 3068
10  AND 5474 1126
48
50  AND 4420 1089
30  AND 5038 1079
10  AND 5982 1053
49
50  AND 4009 1121
30  AND 4613 1124
10  AND 4620 1068
50
50  AND 4404 1081
30  AND 4473 1045
10  CH 5263 3095
51
50  AND 4211 1094
30  AND 4288 1108
10  AND 4814 1097
52
50  AND 4413 1101
30  CH 4908 3102
53
50  CH 14214 1989
54
50  AND 11193 1724
30  CH 12912 1982
55
50  AND 16214 1726
30  CH 17409 1984
56
50  AND 19643 1728
30  CH 25353 1985
57
50  CH 18681 1986
30  AND 20541 1729
58
50  CH 21965 1987
59
50  AND 14394 1731
60
50  CH 15906 1988
61
50  AND 12242 1732
SCORE:CH,AND,1850,3410,-156.0
