CH-BJCCS
1
50  CH 9387 3108
30  CH 9994 3070
10  CH 10944 3066
2
50  BJCCS 7311 1954
30  BJCCS 9619 1983
10  BJCCS 12100 1969
3
50  CH 8038 3083
30  BJCCS 9831 1977
10  CH 10602 3088
4
50  BJCCS 8868 1970
30  BJCCS 8910 1964
10  CH 10107 3111
5
50  BJCCS 7494 1958
30  CH 8338 3086
10  BJCCS 9193 1972
6
50  BJCCS 7580 1985
30  CH 8290 3085
10  BJCCS 8634 1960
7
50  BJCCS 7577 1975
30  BJCCS 8144 1986
8
50  BJCCS 6444 1974
30  BJCCS 6544 1984
10  BJCCS 7982 1962
9
50  BJCCS 2399 1956
30  CH 2656 3080
10  CH 3053 3062
10
50  CH 2587 3076
30  CH 3566 3067
10  CH 3896 3117
11
50  BJCCS 2100 1973
30  CH 2405 3069
10  CH 2406 3120
12
50  BJCCS 1892 1955
30  BJCCS 2070 1981
10  CH 2153 3119
13
50  CH 3818 3108
30  CH 3875 3070
10  CH 4100 3066
14
50  BJCCS 2934 1954
30  BJCCS 4497 1988
10  BJCCS 4521 1969
15
50  CH 3274 3083
30  CH 4234 3088
10  CH 4287 3065
16
50  BJCCS 3568 1964
30  BJCCS 3666 1970
10  CH 4012 3111
17
50  BJCCS 7103 1958
30  CH 7585 3086
10  BJCCS 7806 1972
18
50  BJCCS 6120 1966
30  CH 7168 3085
10  BJCCS 7762 1960
19
50  BJCCS 6706 1975
30  BJCCS 7454 1986
20
50  BJCCS 5725 1974
30  BJCCS 6940 1962
10  BJCCS 7134 1982
21
50  BJCCS 2962 1956
30  CH 3358 3062
10  CH 3632 3080
22
50  CH 4122 3076
30  CH 5985 3117
10  CH 6728 3109
23
50  BJCCS 2553 1973
30  CH 2922 3120
10  BJCCS 3003 1957
24
50  BJCCS 2342 1955
30  BJCCS 2669 1981
10  CH 3088 3119
25
50  CH 2178 3108
30  CH 2381 3121
10  CH 2466 3112
26
50  BJCCS 2019 1983
30  BJCCS 2356 1988
10  CH 2538 3087
27
50  CH 3922 3083
30  CH 5050 3088
10  BJCCS 5075 1977
28
50  BJCCS 4400 1970
30  CH 4947 3073
10  CH 4950 3111
29
50  CH 3618 3086
30  BJCCS 3747 1958
10  BJCCS 4150 1972
30
50  BJCCS 3247 1966
30  BJCCS 3419 1985
10  BJCCS 4946 1980
31
80  BJCCS 3610 1986
32
80  BJCCS 2989 1984
40  BJCCS 3687 1962
0  BJCCS 4237 1982
33
80  BJCCS 2559 1973
40  CH 3087 3069
0  BJCCS 3103 1956
34
80  BJCCS 2165 1981
40  CH 2778 3119
35
50  CH 1913 3066
30  CH 1999 3108
10  CH 2381 3121
36
50  BJCCS 1770 1983
30  BJCCS 2356 1988
10  CH 3640 3123
37
50  CH 3868 3083
30  CH 4818 3088
10  BJCCS 4916 1977
38
50  BJCCS 4031 1970
30  BJCCS 4178 1964
10  BJCCS 4825 1987
39
50  CH 3546 3086
30  BJCCS 4225 1972
40
50  BJCCS 3145 1966
30  CH 4072 3085
10  BJCCS 4636 1980
42
50  BJCCS 3000 1974
30  BJCCS 3739 1962
10  BJCCS 3892 1982
43
50  CH 3694 3120
30  BJCCS 4025 1957
10  BJCCS 4197 1956
44
50  BJCCS 3022 1955
30  CH 4025 3119
45
50  CH 2458 3070
30  CH 2618 3089
10  CH 2705 3082
46
50  BJCCS 1744 1954
30  BJCCS 3508 1953
47
50  CH 5384 3068
30  BJCCS 5529 1977
10  CH 5616 3098
48
50  BJCCS 4834 1964
30  BJCCS 5853 1987
10  CH 6846 3060
49
50  BJCCS 3875 1958
30  CH 5574 3114
50
50  BJCCS 4163 1985
30  BJCCS 4372 1960
10  CH 5263 3095
52
50  BJCCS 3897 1984
30  BJCCS 4203 1982
10  CH 4908 3102
53
50  CH 14214 1989
54
50  BJCCS 9233 1830
55
50  CH 17409 1984
56
50  BJCCS 15437 1831
30  CH 25353 1985
57
50  CH 18681 1986
58
50  CH 21965 1987
60
50  BJCCS 12532 1832
30  CH 15906 1988
61
50  BJCCS 12031 1833
SCORE:CH,BJCCS,1980,3000,-102.0
