CH-CCC
1
50  CCC 9365 2014
30  CH 9387 3108
10  CH 9994 3070
2
50  CCC 10441 2005
30  CCC 11056 2019
10  CCC 13615 1994
3
50  CH 8038 3083
30  CCC 9715 1991
10  CH 10602 3088
4
50  CCC 8866 2012
30  CCC 9346 2027
10  CH 10107 3111
5
50  CCC 7445 2031
30  CCC 8137 2030
10  CH 8338 3086
6
50  CH 8290 3085
30  CH 9969 3095
7
50  CCC 7696 1992
30  CCC 8435 2028
10  CCC 8545 1998
8
50  CCC 7524 2002
30  CH 9731 3107
10  CH 9974 3102
9
50  CH 2656 3080
30  CH 3053 3062
10  CH 3434 3118
10
50  CH 2587 3076
30  CH 3566 3067
10  CH 3896 3117
11
50  CCC 2076 2026
30  CCC 2303 2010
10  CH 2405 3069
12
50  CCC 1634 2020
30  CH 2153 3119
10  CCC 2770 2032
13
50  CH 3818 3108
30  CH 3875 3070
10  CH 4100 3066
14
50  CCC 4125 2019
30  CCC 4906 2017
10  CCC 4937 2025
15
50  CH 3274 3083
30  CCC 3750 1991
10  CH 4234 3088
16
50  CCC 3407 2012
30  CH 4012 3111
10  CH 4029 3081
17
50  CH 7585 3086
30  CCC 8815 2029
10  CCC 9053 2018
18
50  CH 7168 3085
30  CH 9206 3095
10  CH 9288 3071
19
50  CCC 7116 1992
30  CCC 7469 2028
10  CCC 7747 1998
20
50  CCC 6632 2002
30  CH 8722 3107
10  CH 9150 3102
21
50  CH 3358 3062
30  CH 3632 3080
10  CCC 4272 1996
22
50  CH 4122 3076
30  CH 5985 3117
10  CH 6728 3109
23
50  CCC 2706 2023
30  CCC 2868 2026
10  CH 2922 3120
24
50  CH 3088 3119
30  CH 3578 3110
10  CCC 4210 2000
25
50  CH 2178 3108
30  CH 2381 3121
10  CH 2466 3112
26
50  CCC 1947 2005
30  CCC 2432 2025
10  CH 2538 3087
27
50  CH 3922 3083
30  CH 5050 3088
10  CCC 9010 2033
28
50  CCC 4247 2012
30  CH 4947 3073
10  CH 4950 3111
29
50  CH 3618 3086
30  CCC 3810 2030
10  CCC 4488 2018
30
50  CH 5310 3071
30  CH 5478 3059
31
80  CCC 3662 1992
40  CCC 3813 1998
0  CCC 4203 2013
32
80  CH 5087 3107
40  CH 5308 3102
33
80  CCC 2228 2026
40  CCC 3034 2024
0  CH 3087 3069
34
80  CH 2778 3119
35
50  CCC 1819 2014
30  CH 1913 3066
10  CH 1999 3108
36
50  CCC 1891 2005
30  CCC 2957 2025
10  CH 3640 3123
37
50  CH 3868 3083
30  CCC 4146 1991
10  CH 4818 3088
38
50  CCC 4041 2027
30  CCC 4268 2012
10  CH 5581 3111
39
50  CCC 3515 2031
30  CH 3546 3086
10  CCC 3572 2030
40
50  CH 4072 3085
41
50  CCC 3413 1992
30  CCC 3736 2028
10  CCC 3934 1998
42
50  CH 4947 3107
43
50  CCC 3622 2024
30  CH 3694 3120
10  CCC 3755 2010
44
50  CH 4025 3119
45
50  CCC 2209 2014
30  CH 2458 3070
10  CCC 2592 1995
46
50  CCC 3109 1997
30  CCC 3432 2008
47
50  CCC 5041 1991
30  CH 5384 3068
10  CH 5616 3098
48
50  CCC 5066 2027
30  CH 6846 3060
10  CH 7466 3073
49
50  CCC 3880 2031
30  CCC 4603 2029
10  CH 5574 3114
50
50  CH 5263 3095
30  CH 7240 3059
51
50  CCC 4305 2028
30  CCC 4529 2013
10  CCC 4956 1990
52
50  CH 4908 3102
53
50  CH 14214 1989
54
50  CCC 11834 1834
30  CH 12912 1982
55
50  CH 17409 1984
30  CCC 19756 1835
56
50  CCC 20399 1836
30  CH 25353 1985
57
50  CH 18681 1986
58
50  CH 21965 1987
60
50  CH 15906 1988
SCORE:CH,CCC,2530,2470,6.0
