CH-CASC
1
50  CH 9387 3108
30  CH 9994 3070
10  CASC 10350 2559
2
50  CH 13943 3123
30  CH 15191 3087
3
50  CH 8038 3083
30  CASC 8249 2560
10  CASC 9192 2568
4
50  CASC 9625 2570
30  CASC 9843 2565
10  CH 10107 3111
5
50  CH 8338 3086
30  CH 10478 3114
6
50  CH 8290 3085
30  CH 9969 3095
7
50  CASC 7566 2596
8
50  CASC 6676 2589
30  CASC 7000 2582
10  CASC 7362 2566
9
50  CH 2656 3080
30  CH 3053 3062
10  CH 3434 3118
10
50  CH 2587 3076
30  CH 3566 3067
10  CH 3896 3117
11
50  CH 2405 3069
30  CH 2406 3120
10  CH 2934 3063
12
50  CASC 1967 2569
30  CH 2153 3119
10  CASC 2387 2571
13
50  CH 3818 3108
30  CH 3875 3070
10  CH 4100 3066
14
50  CASC 3920 2567
30  CASC 4271 2592
10  CASC 4516 2564
15
50  CH 3274 3083
30  CASC 3326 2560
10  CASC 3459 2595
16
50  CASC 3723 2565
30  CASC 3791 2570
10  CH 4012 3111
17
50  CH 7585 3086
30  CH 9529 3114
18
50  CH 7168 3085
30  CH 9206 3095
10  CH 9288 3071
19
50  CASC 7263 2581
20
50  CASC 5976 2589
30  CASC 6106 2585
10  CASC 6517 2593
21
50  CH 3358 3062
30  CH 3632 3080
10  CH 4530 3118
22
50  CH 4122 3076
30  CH 5985 3117
10  CH 6728 3109
23
50  CH 2922 3120
30  CASC 3091 2590
10  CH 3278 3093
24
50  CASC 2707 2569
30  CASC 2839 2571
10  CH 3088 3119
25
50  CH 2178 3108
30  CASC 2255 2559
10  CH 2381 3121
26
50  CASC 2159 2567
30  CASC 2461 2561
10  CH 2538 3087
27
50  CH 3922 3083
30  CASC 4156 2595
10  CASC 4365 2568
28
50  CH 4947 3073
30  CH 4950 3111
10  CH 5001 3081
29
50  CH 3618 3086
30  CH 4940 3114
30
50  CH 5310 3071
30  CH 5478 3059
31
80  CASC 3307 2596
40  CASC 3897 2581
32
80  CASC 3368 2582
40  CASC 3454 2593
0  CASC 3535 2585
33
80  CH 3087 3069
40  CH 4651 3077
34
80  CH 2778 3119
35
50  CH 1913 3066
30  CH 1999 3108
10  CASC 2100 2559
36
50  CASC 2600 2561
30  CASC 2771 2592
10  CASC 2843 2564
37
50  CASC 3762 2560
30  CH 3868 3083
10  CASC 4798 2580
38
50  CH 5581 3111
30  CH 6155 3060
10  CASC 6298 2573
39
50  CH 3546 3086
40
50  CH 4072 3085
41
50  CASC 3334 2596
30  CASC 4049 2594
42
50  CASC 3113 2593
30  CASC 3183 2585
10  CASC 3367 2566
43
50  CH 3694 3120
30  CASC 4173 2590
10  CH 4434 3090
44
50  CASC 2689 2569
30  CH 4025 3119
45
50  CASC 2417 2559
30  CH 2458 3070
10  CH 2618 3089
46
50  CASC 2299 2567
30  CASC 2747 2592
10  CASC 2795 2561
47
50  CASC 4506 2568
30  CASC 4766 2595
10  CASC 5298 2574
48
50  CASC 4834 2565
30  CASC 6075 2584
10  CH 6846 3060
49
50  CH 5574 3114
50
50  CH 5263 3095
30  CH 7240 3059
51
50  CASC 4516 2594
30  CASC 4555 2581
52
50  CASC 3417 2589
30  CASC 3541 2585
10  CASC 3601 2593
53
50  CH 14214 1989
54
50  CASC 12204 1913
30  CH 12912 1982
55
50  CH 17409 1984
56
50  CASC 18359 1914
30  CH 25353 1985
57
50  CASC 14158 1915
30  CH 18681 1986
58
50  CASC 16135 1917
30  CH 21965 1987
60
50  CH 15906 1988
61
50  CASC 12488 1918
SCORE:CH,CASC,2650,2330,32.0
