CH-CR
1
50  CH 9387 3108
30  CH 9994 3070
10  CH 10944 3066
2
50  CR 13265 3320
30  CH 13943 3123
10  CH 15191 3087
3
50  CH 8038 3083
30  CR 9232 3319
10  CH 10602 3088
4
50  CR 8600 3475
30  CH 10107 3111
10  CR 10240 3470
5
50  CH 8338 3086
30  CR 8527 3299
10  CR 9890 3341
6
50  CH 8290 3085
30  CH 9969 3095
7
50  CR 9051 3476
8
50  CR 6896 3314
30  CR 7457 3298
10  CH 9731 3107
9
50  CH 2656 3080
30  CR 2966 3340
10  CR 2986 3297
10
50  CH 2587 3076
30  CH 3566 3067
10  CR 3769 3292
11
50  CH 2405 3069
30  CH 2406 3120
10  CR 2470 3325
12
50  CH 2153 3119
30  CR 2227 3313
10  CR 3017 3316
13
50  CH 3818 3108
30  CH 3875 3070
10  CH 4100 3066
14
50  CR 4819 3320
30  CR 4867 3301
10  CR 4975 3317
15
50  CH 3274 3083
30  CR 3501 3319
10  CH 4234 3088
16
50  CR 3247 3475
30  CR 3667 3315
10  CR 3858 3470
17
50  CR 7574 3299
30  CH 7585 3086
10  CR 9432 3341
18
50  CH 7168 3085
30  CH 9206 3095
10  CH 9288 3071
19
50  CR 8297 3476
20
50  CR 6211 3314
30  CR 6259 3298
10  CH 8722 3107
21
50  CR 3135 3340
30  CR 3330 3342
10  CH 3358 3062
22
50  CH 4122 3076
30  CH 5985 3117
10  CH 6728 3109
23
50  CH 2922 3120
30  CR 2932 3302
10  CR 3135 3340
24
50  CR 2928 3313
30  CH 3088 3119
10  CH 3578 3110
25
50  CH 2178 3108
30  CR 2378 3334
10  CH 2381 3121
26
50  CH 2538 3087
30  CR 2584 3337
10  CR 2898 3317
27
50  CH 3922 3083
30  CR 4382 3319
10  CH 5050 3088
28
50  CR 3958 3475
30  CR 4915 3315
10  CH 4947 3073
29
50  CH 3618 3086
30  CR 3934 3299
10  CR 4923 3305
30
50  CH 5310 3071
30  CH 5478 3059
31
80  CR 4231 3476
32
80  CR 3125 3314
40  CH 5087 3107
0  CH 5308 3102
33
80  CH 3087 3069
40  CR 3483 3332
0  CH 4651 3077
34
80  CH 2778 3119
40  CR 3214 3313
35
50  CH 1913 3066
30  CH 1999 3108
10  CR 2349 3321
36
50  CH 3640 3123
30  CH 3850 3099
37
50  CH 3868 3083
30  CH 4818 3088
10  CH 5522 3065
38
50  CR 3709 3475
30  CR 4460 3470
10  CR 5271 3315
39
50  CH 3546 3086
30  CR 4012 3299
10  CR 4917 3341
40
50  CH 4072 3085
41
50  CR 3916 3476
42
50  CR 3003 3298
30  CH 4947 3107
43
50  CR 3545 3332
30  CH 3694 3120
10  CH 4434 3090
44
50  CH 4025 3119
45
50  CH 2458 3070
30  CH 2618 3089
10  CH 2705 3082
46
50  CR 2711 3301
47
50  CR 4747 3319
30  CH 5384 3068
10  CH 5616 3098
48
50  CR 6163 3312
30  CH 6846 3060
10  CH 7466 3073
49
50  CR 5183 3305
30  CR 5388 3300
10  CH 5574 3114
50
50  CH 5263 3095
30  CH 7240 3059
52
50  CR 3675 3314
30  CR 3995 3298
10  CH 4908 3102
53
50  CH 14214 1989
54
50  CR 12468 2010
30  CH 12912 1982
55
50  CH 17409 1984
56
50  CH 25353 1985
57
50  CH 18681 1986
58
50  CR 15619 2063
30  CH 21965 1987
59
50  CR 17846 2014
60
50  CH 15906 1988
SCORE:CH,CR,2650,2190,46.0
