CH-FR
1
50  CH 9387 3108
30  FR 9756 1771
10  CH 9994 3070
2
50  CH 13943 3123
30  FR 14198 1805
10  CH 15191 3087
3
50  CH 8038 3083
30  FR 9077 1829
10  FR 9742 1797
4
50  FR 7209 1825
30  FR 10057 1800
10  CH 10107 3111
5
50  FR 7641 1767
30  CH 8338 3086
10  FR 9555 1833
6
50  CH 8290 3085
30  FR 8712 1781
10  FR 9324 1756
7
50  FR 8011 1828
30  FR 9367 1769
10  FR 10173 1824
8
50  FR 7819 1749
30  CH 9731 3107
10  CH 9974 3102
9
50  CH 2656 3080
30  CH 3053 3062
10  CH 3434 3118
10
50  CH 2587 3076
30  CH 3566 3067
10  CH 3896 3117
11
50  FR 2003 1815
30  FR 2238 1778
10  FR 2335 1820
12
50  FR 2009 1740
30  FR 2057 1770
10  CH 2153 3119
13
50  CH 3818 3108
30  CH 3875 3070
10  CH 4100 3066
14
50  FR 5036 1794
30  FR 5071 1788
10  CH 5110 3074
15
50  CH 3274 3083
30  FR 3487 1785
10  FR 3761 1797
16
50  FR 2909 1825
30  FR 3730 1826
10  CH 4012 3111
17
50  CH 7585 3086
30  FR 8153 1833
10  FR 8839 1772
18
50  CH 7168 3085
30  FR 7796 1831
10  FR 7883 1756
19
50  FR 6978 1828
30  FR 8397 1769
10  FR 8701 1824
20
50  FR 7289 1748
30  CH 8722 3107
10  CH 9150 3102
21
50  CH 3358 3062
30  CH 3632 3080
10  CH 4530 3118
22
50  CH 4122 3076
30  FR 5597 1775
10  CH 5985 3117
23
50  FR 2359 1815
30  FR 2628 1778
10  FR 2794 1820
24
50  FR 2369 1740
30  CH 3088 3119
10  FR 3435 1746
25
50  FR 2137 1771
30  CH 2178 3108
10  CH 2381 3121
26
50  FR 2488 1837
30  CH 2538 3087
10  CH 3601 3074
27
50  CH 3922 3083
30  FR 4456 1785
10  FR 4617 1797
28
50  FR 4469 1826
30  FR 4849 1784
10  CH 4947 3073
29
50  FR 3559 1767
30  CH 3618 3086
10  FR 4101 1833
30
50  FR 4107 1781
30  FR 4263 1831
10  CH 5310 3071
31
80  FR 3485 1765
40  FR 4595 1835
0  FR 4778 1812
32
80  FR 3537 1749
40  FR 3950 1748
0  CH 5087 3107
33
80  FR 2371 1815
40  FR 2673 1820
0  FR 3068 1778
34
80  FR 2468 1740
40  FR 2562 1770
0  CH 2778 3119
35
50  CH 1913 3066
30  CH 1999 3108
10  FR 2038 1771
36
50  CH 3640 3123
30  CH 3850 3099
37
50  CH 3868 3083
30  FR 4082 1785
10  FR 4656 1829
38
50  FR 3378 1825
30  FR 4474 1784
10  FR 5282 1800
39
50  FR 3359 1767
30  CH 3546 3086
10  FR 4532 1783
40
50  FR 3883 1781
30  FR 3989 1756
10  CH 4072 3085
41
50  FR 3181 1765
30  FR 3494 1828
10  FR 4517 1769
42
50  FR 3447 1749
30  CH 4947 3107
43
50  FR 3201 1778
30  CH 3694 3120
10  FR 3810 1820
44
50  FR 2806 1770
30  CH 4025 3119
10  FR 4503 1746
45
50  FR 2412 1771
30  CH 2458 3070
10  CH 2618 3089
46
50  FR 2884 1794
30  FR 2992 1805
47
50  FR 4369 1829
30  CH 5384 3068
10  FR 5456 1821
48
50  FR 3828 1825
30  FR 5026 1800
10  FR 5087 1826
49
50  FR 4196 1767
30  FR 4599 1833
10  FR 4828 1783
50
50  FR 4141 1781
30  FR 5093 1756
10  CH 5263 3095
51
50  FR 3700 1765
30  FR 4614 1769
10  FR 4743 1835
52
50  FR 4293 1748
30  CH 4908 3102
53
50  CH 14214 1989
30  FR 30704 1814
54
50  FR 11241 1805
30  CH 12912 1982
55
50  CH 17409 1984
30  FR 23538 1808
56
50  FR 25100 1809
30  CH 25353 1985
57
50  FR 15370 1811
30  CH 18681 1986
58
50  FR 15968 1812
30  CH 21965 1987
60
50  CH 15906 1988
61
50  FR 12000 1813
SCORE:CH,FR,1870,3470,-160.0
