CH-FV
1
50  CH 9387 3108
30  CH 9994 3070
10  FV 10025 3349
2
50  FV 10634 3383
30  CH 13943 3123
10  CH 15191 3087
3
50  CH 8038 3083
30  FV 8790 3380
10  FV 9695 3377
4
50  CH 10107 3111
30  CH 10791 3081
10  FV 11027 3350
5
50  FV 8295 3351
30  CH 8338 3086
10  FV 8941 3381
6
50  CH 8290 3085
30  CH 9969 3095
10  FV 10438 3367
7
50  FV 10543 3373
8
50  FV 7139 3384
30  FV 7577 3364
10  FV 8072 3358
9
50  CH 2656 3080
30  CH 3053 3062
10  FV 3222 3343
10
50  CH 2587 3076
30  FV 3344 3360
10  CH 3566 3067
11
50  FV 2181 3382
30  FV 2232 3344
10  CH 2405 3069
12
50  CH 2153 3119
30  FV 2238 3368
10  CH 3169 3110
13
50  CH 3818 3108
30  CH 3875 3070
10  CH 4100 3066
14
50  FV 4650 3369
30  FV 4814 3366
10  FV 4909 3346
15
50  CH 3274 3083
30  FV 3525 3380
10  FV 3960 3377
16
50  FV 3762 3359
30  FV 3785 3379
10  CH 4012 3111
17
50  FV 7303 3351
30  FV 7582 3352
10  CH 7585 3086
18
50  CH 7168 3085
30  CH 9206 3095
10  CH 9288 3071
19
50  FV 8631 3373
20
50  FV 6359 3384
30  FV 6653 3355
10  FV 6853 3358
21
50  CH 3358 3062
30  CH 3632 3080
10  FV 3926 3343
22
50  CH 4122 3076
30  FV 5770 3360
10  CH 5985 3117
23
50  FV 2641 3344
30  FV 2675 3382
10  CH 2922 3120
24
50  CH 3088 3119
30  CH 3578 3110
10  FV 3748 3374
25
50  FV 2089 3349
30  CH 2178 3108
10  CH 2381 3121
26
50  FV 2464 3369
30  CH 2538 3087
10  FV 2878 3366
27
50  CH 3922 3083
30  FV 4028 3380
10  FV 4595 3377
28
50  FV 4766 3359
30  CH 4947 3073
10  CH 4950 3111
29
50  CH 3618 3086
30  FV 3738 3351
10  FV 4328 3357
30
50  FV 5003 3367
30  CH 5310 3071
10  CH 5478 3059
31
80  FV 5164 3373
32
80  FV 3475 3364
40  FV 3512 3384
0  FV 3645 3355
33
80  CH 3087 3069
40  FV 3532 3344
0  CH 4651 3077
34
80  CH 2778 3119
40  FV 3213 3368
35
50  FV 1908 3349
30  CH 1913 3066
10  CH 1999 3108
36
50  FV 2340 3383
30  FV 3039 3372
10  CH 3640 3123
37
50  CH 3868 3083
30  FV 4444 3380
10  FV 4509 3362
38
50  FV 5006 3359
30  CH 5581 3111
10  CH 6155 3060
39
50  CH 3546 3086
30  FV 3577 3351
10  FV 3887 3352
40
50  CH 4072 3085
30  FV 5819 3367
41
50  FV 4947 3373
42
50  FV 3234 3384
30  FV 3381 3358
10  FV 3491 3355
43
50  FV 3579 3382
30  CH 3694 3120
10  CH 4434 3090
44
50  FV 3925 3368
30  CH 4025 3119
45
50  CH 2458 3070
30  CH 2618 3089
10  CH 2705 3082
46
50  FV 2665 3383
30  FV 2806 3363
10  FV 3295 3366
47
50  FV 5371 3377
30  CH 5384 3068
10  CH 5616 3098
48
50  FV 5718 3350
30  FV 5747 3356
10  FV 5765 3379
49
50  FV 4203 3352
30  FV 4771 3381
10  FV 5169 3357
50
50  FV 5175 3367
30  CH 5263 3095
10  CH 7240 3059
52
50  FV 4388 3355
30  FV 4463 3364
10  FV 4503 3358
53
50  CH 14214 1989
54
50  FV 11293 2015
30  CH 12912 1982
55
50  CH 17409 1984
30  FV 20352 2016
56
50  FV 19896 2017
30  CH 25353 1985
57
50  FV 17397 2018
30  CH 18681 1986
58
50  FV 17403 2019
30  CH 21965 1987
59
50  FV 16759 2020
60
50  CH 15906 1988
SCORE:CH,FV,2210,2870,-66.0
