CH-GBP
1
50  CH 9387 3108
30  CH 9994 3070
10  CH 10944 3066
2
50  GBP 9298 3408
30  GBP 9322 3416
10  GBP 11916 3391
3
50  CH 8038 3083
30  CH 10602 3088
10  GBP 11009 3417
4
50  CH 10107 3111
30  GBP 10451 3407
10  CH 10791 3081
5
50  CH 8338 3086
30  CH 10478 3114
6
50  GBP 7190 3414
30  CH 8290 3085
10  GBP 8906 3399
7
50  GBP 7477 3415
8
50  GBP 8403 3393
30  CH 9731 3107
10  CH 9974 3102
9
50  GBP 2550 3410
30  CH 2656 3080
10  CH 3053 3062
10
50  CH 2587 3076
30  CH 3566 3067
10  CH 3896 3117
11
50  GBP 2046 3413
30  CH 2405 3069
10  CH 2406 3120
12
50  GBP 1853 3388
30  CH 2153 3119
10  GBP 2656 3403
13
50  CH 3818 3108
30  CH 3875 3070
10  GBP 3943 3412
14
50  GBP 3432 3408
30  GBP 4485 3411
10  CH 5110 3074
15
50  CH 3274 3083
30  GBP 4221 3417
10  CH 4234 3088
16
50  GBP 3813 3407
30  CH 4012 3111
10  CH 4029 3081
17
50  CH 7585 3086
30  CH 9529 3114
18
50  CH 7168 3085
30  GBP 8007 3399
10  GBP 8147 3400
19
50  GBP 6648 3415
30  GBP 7221 3418
20
50  GBP 7038 3392
30  GBP 7637 3393
10  CH 8722 3107
21
50  CH 3358 3062
30  GBP 3449 3404
10  CH 3632 3080
22
50  CH 4122 3076
30  CH 5985 3117
10  CH 6728 3109
23
50  GBP 2762 3396
30  CH 2922 3120
10  CH 3278 3093
24
50  GBP 2508 3388
30  GBP 2585 3395
10  CH 3088 3119
25
50  CH 2178 3108
30  CH 2381 3121
10  GBP 2384 3412
26
50  GBP 1909 3416
30  CH 2538 3087
10  GBP 2772 3411
27
50  CH 3922 3083
30  GBP 5013 3417
10  CH 5050 3088
28
50  CH 4947 3073
30  CH 4950 3111
10  CH 5001 3081
29
50  CH 3618 3086
30  CH 4940 3114
30
50  GBP 3294 3414
30  GBP 5037 3400
10  CH 5310 3071
32
80  GBP 4038 3393
40  GBP 4409 3392
0  CH 5087 3107
33
80  GBP 2384 3413
40  CH 3087 3069
0  CH 4651 3077
34
80  GBP 2772 3388
40  CH 2778 3119
0  GBP 3281 3395
35
50  CH 1913 3066
30  CH 1999 3108
10  CH 2381 3121
36
50  GBP 1660 3408
30  GBP 2481 3391
10  GBP 2925 3411
37
50  CH 3868 3083
30  CH 4818 3088
10  GBP 5136 3417
38
50  CH 5581 3111
30  CH 6155 3060
10  CH 6840 3081
39
50  CH 3546 3086
40
50  GBP 3096 3414
30  CH 4072 3085
10  GBP 4228 3399
42
50  GBP 3747 3392
30  CH 4947 3107
43
50  GBP 3213 3413
30  CH 3694 3120
10  CH 4434 3090
44
50  GBP 3047 3403
30  GBP 3172 3388
10  GBP 3785 3395
45
50  CH 2458 3070
30  CH 2618 3089
10  CH 2705 3082
46
50  GBP 2090 3416
30  GBP 2550 3406
10  GBP 3103 3391
47
50  CH 5384 3068
30  CH 5616 3098
10  CH 6705 3065
48
50  GBP 5239 3407
30  CH 6846 3060
10  CH 7466 3073
49
50  CH 5574 3114
50
50  GBP 4584 3400
30  GBP 5112 3401
10  CH 5263 3095
51
50  GBP 4132 3418
52
50  GBP 3738 3393
30  GBP 4054 3392
10  CH 4908 3102
53
50  CH 14214 1989
54
50  GBP 9875 2033
30  CH 12912 1982
55
50  CH 17409 1984
56
50  GBP 16283 2035
30  CH 25353 1985
57
50  CH 18681 1986
58
50  CH 21965 1987
60
50  GBP 13453 2036
30  CH 15906 1988
SCORE:CH,GBP,2530,2290,24.0
