CH-HSC
1
50  CH 9387 3108
30  CH 9994 3070
10  CH 10944 3066
2
50  HSC 13133 3465
30  HSC 13628 3436
10  CH 13943 3123
3
50  CH 8038 3083
30  HSC 10519 3445
10  CH 10602 3088
4
50  HSC 8441 3463
30  CH 10107 3111
10  CH 10791 3081
5
50  HSC 7740 3466
30  HSC 7854 3424
10  CH 8338 3086
6
50  HSC 7907 3446
30  CH 8290 3085
10  HSC 8508 3458
7
50  HSC 8442 3457
30  HSC 8729 3447
8
50  HSC 6592 3462
30  HSC 7912 3461
10  HSC 9552 3419
9
50  CH 2656 3080
30  CH 3053 3062
10  CH 3434 3118
10
50  CH 2587 3076
30  CH 3566 3067
10  CH 3896 3117
11
50  HSC 1977 3430
30  HSC 2019 3464
10  CH 2405 3069
12
50  CH 2153 3119
30  CH 3169 3110
10  CH 3225 3079
13
50  CH 3818 3108
30  CH 3875 3070
10  CH 4100 3066
14
50  HSC 4084 3420
30  HSC 4704 3465
10  CH 5110 3074
15
50  CH 3274 3083
30  HSC 3963 3445
10  CH 4234 3088
16
50  HSC 3251 3453
30  HSC 3253 3463
10  HSC 3521 3421
17
50  HSC 6734 3466
30  HSC 6821 3424
10  HSC 7172 3444
18
50  HSC 6803 3423
30  CH 7168 3085
10  HSC 7347 3458
19
50  HSC 7373 3448
30  HSC 7776 3447
20
50  HSC 5558 3462
30  HSC 5947 3460
10  HSC 6588 3454
21
50  CH 3358 3062
30  CH 3632 3080
10  CH 4530 3118
22
50  CH 4122 3076
30  CH 5985 3117
10  CH 6728 3109
23
50  CH 2922 3120
30  HSC 2976 3430
10  CH 3278 3093
24
50  CH 3088 3119
30  CH 3578 3110
10  HSC 4538 3452
25
50  CH 2178 3108
30  CH 2381 3121
10  CH 2466 3112
26
50  CH 2538 3087
30  HSC 2844 3420
10  HSC 2852 3465
27
50  CH 3922 3083
30  CH 5050 3088
10  HSC 6280 3425
28
50  HSC 4294 3421
30  HSC 4380 3453
10  HSC 4906 3435
29
50  CH 3618 3086
30  HSC 3789 3444
10  CH 4940 3114
30
50  HSC 3802 3446
30  HSC 3893 3423
10  HSC 5022 3432
31
80  HSC 3913 3448
40  HSC 4225 3447
32
80  HSC 3721 3461
40  HSC 4294 3454
0  HSC 4373 3419
33
80  CH 3087 3069
40  CH 4651 3077
34
80  CH 2778 3119
35
50  CH 1913 3066
30  CH 1999 3108
10  CH 2381 3121
36
50  CH 3640 3123
30  HSC 3654 3436
10  CH 3850 3099
37
50  CH 3868 3083
30  CH 4818 3088
10  HSC 4920 3445
38
50  HSC 4317 3453
30  CH 5581 3111
10  CH 6155 3060
39
50  CH 3546 3086
30  HSC 3635 3424
10  HSC 3875 3444
40
50  HSC 3304 3446
30  HSC 3927 3423
10  CH 4072 3085
41
50  HSC 3312 3457
30  HSC 4225 3448
42
50  HSC 2639 3462
30  HSC 2925 3460
10  HSC 3327 3454
43
50  HSC 2932 3430
30  HSC 3033 3464
10  HSC 3675 3431
44
50  CH 4025 3119
45
50  CH 2458 3070
30  CH 2618 3089
10  CH 2705 3082
46
50  HSC 3058 3420
30  HSC 3123 3436
47
50  CH 5384 3068
30  CH 5616 3098
10  HSC 6262 3445
48
50  HSC 4691 3463
30  HSC 5188 3435
10  HSC 6285 3421
49
50  HSC 4065 3466
30  HSC 4831 3429
10  HSC 5062 3434
50
50  HSC 4279 3423
30  HSC 4618 3432
10  CH 5263 3095
51
50  HSC 4470 3448
30  HSC 4532 3457
52
50  HSC 3407 3460
30  HSC 3845 3454
10  HSC 4113 3461
53
50  CH 14214 1989
54
50  CH 12912 1982
55
50  CH 17409 1984
56
50  HSC 19928 2040
30  CH 25353 1985
57
50  CH 18681 1986
58
50  HSC 15277 2041
30  CH 21965 1987
59
50  HSC 12869 2042
60
50  HSC 12747 2043
30  CH 15906 1988
61
50  HSC 12104 2044
SCORE:CH,HSC,2360,2850,-49.0
