CH-HP
1
50  HP 9165 260
30  CH 9387 3108
10  CH 9994 3070
2
50  HP 9344 328
30  HP 9725 237
10  HP 13221 247
3
50  HP 7550 269
30  CH 8038 3083
10  HP 9669 332
4
50  HP 7934 236
30  CH 10107 3111
10  CH 10791 3081
5
50  HP 7225 290
30  HP 8263 234
10  CH 8338 3086
6
50  HP 7203 256
30  HP 8175 244
10  CH 8290 3085
7
50  HP 7603 220
30  HP 10002 291
10  HP 10056 321
8
50  HP 7391 303
30  HP 7437 312
10  HP 7757 319
9
50  CH 2656 3080
30  CH 3053 3062
10  CH 3434 3118
10
50  CH 2587 3076
30  HP 3084 255
10  CH 3566 3067
11
50  HP 2162 338
30  CH 2405 3069
10  CH 2406 3120
12
50  CH 2153 3119
30  HP 2334 331
10  HP 2456 300
13
50  HP 3703 211
30  CH 3818 3108
10  CH 3875 3070
14
50  HP 3725 237
30  HP 4106 283
10  HP 4278 282
15
50  HP 3207 330
30  CH 3274 3083
10  HP 3650 335
16
50  HP 3135 236
30  HP 3422 254
10  HP 3934 276
17
50  HP 6384 290
30  CH 7585 3086
10  HP 8007 235
18
50  CH 7168 3085
30  HP 7653 241
10  HP 8009 304
19
50  HP 8572 307
30  HP 8647 243
10  HP 8834 321
20
50  HP 5659 308
30  HP 6313 312
10  HP 6659 319
21
50  CH 3358 3062
30  CH 3632 3080
10  CH 4530 3118
22
50  HP 2850 227
30  HP 3722 255
10  CH 4122 3076
23
50  HP 2685 229
30  HP 2838 338
10  CH 2922 3120
24
50  HP 2787 331
30  HP 2850 227
10  CH 3088 3119
25
50  HP 1963 260
30  CH 2178 3108
10  HP 2303 233
26
50  CH 2538 3087
30  HP 2563 246
10  HP 2939 329
27
50  HP 3568 269
30  HP 3894 330
10  CH 3922 3083
28
50  HP 4231 254
30  CH 4947 3073
10  CH 4950 3111
29
50  CH 3618 3086
30  HP 3984 235
10  CH 4940 3114
30
50  HP 3275 268
30  HP 4110 288
10  HP 4353 298
31
80  HP 3625 220
40  HP 4468 291
0  HP 4719 242
32
80  HP 2865 308
40  HP 3557 289
0  HP 3884 310
33
80  HP 2600 338
40  HP 2612 214
0  CH 3087 3069
34
80  HP 2722 227
40  CH 2778 3119
0  HP 3031 331
35
50  HP 1863 260
30  CH 1913 3066
10  HP 1960 211
36
50  HP 1747 328
30  HP 2134 283
10  HP 2707 246
37
50  HP 3265 269
30  CH 3868 3083
10  HP 4228 332
38
50  HP 3428 236
30  CH 5581 3111
10  CH 6155 3060
39
50  HP 3072 290
30  CH 3546 3086
10  HP 3618 234
40
50  HP 3075 256
30  HP 3638 244
10  HP 3778 241
41
50  HP 4053 291
30  HP 4466 242
42
50  HP 2698 308
30  HP 3059 303
10  HP 3184 314
43
50  HP 2884 229
30  CH 3694 3120
10  CH 4434 3090
44
50  HP 3416 227
30  HP 3853 261
10  CH 4025 3119
45
50  HP 2439 211
30  CH 2458 3070
10  CH 2618 3089
46
50  HP 2560 282
30  HP 2988 271
10  HP 3062 246
47
50  HP 4525 330
30  HP 4844 335
10  HP 4938 213
48
50  HP 5325 276
30  HP 5327 254
10  HP 6110 218
49
50  HP 4641 234
30  HP 5259 326
10  CH 5574 3114
50
50  HP 3669 268
30  HP 4369 288
10  HP 4769 337
51
50  HP 3997 220
30  HP 4753 243
10  HP 6071 265
52
50  HP 3687 312
30  HP 3715 289
10  HP 3973 314
53
50  CH 14214 1989
30  HP 18604 1656
54
50  HP 10553 1642
30  CH 12912 1982
55
50  CH 17409 1984
30  HP 18650 1644
56
50  HP 15963 1646
30  CH 25353 1985
57
50  HP 17031 1647
30  CH 18681 1986
58
50  HP 17835 1649
30  CH 21965 1987
59
50  HP 15187 1650
60
50  HP 12150 1651
30  CH 15906 1988
61
50  HP 13259 1653
SCORE:CH,HP,1350,4100,-275.0
