CH-ML
1
50  ML 7733 3026
30  ML 8827 3040
10  CH 9387 3108
2
50  CH 13943 3123
30  CH 15191 3087
3
50  ML 7653 3039
30  CH 8038 3083
10  ML 8387 3030
4
50  CH 10107 3111
30  CH 10791 3081
10  CH 12721 3116
5
50  ML 7646 2976
30  CH 8338 3086
10  CH 10478 3114
6
50  CH 8290 3085
30  ML 8587 3042
10  ML 8838 3041
8
50  ML 6856 3009
30  CH 9731 3107
10  CH 9974 3102
9
50  ML 2362 3027
30  CH 2656 3080
10  CH 3053 3062
10
50  CH 2587 3076
30  CH 3566 3067
10  ML 3708 3055
11
50  ML 1763 3018
30  ML 2138 2990
10  ML 2240 2985
12
50  ML 1841 3057
30  ML 2006 3058
10  ML 2091 3016
13
50  CH 3818 3108
30  CH 3875 3070
10  CH 4100 3066
14
50  ML 3347 3007
30  ML 3845 3052
10  ML 4152 3017
15
50  ML 3038 3039
30  ML 3094 2983
10  CH 3274 3083
16
50  ML 3797 3008
30  CH 4012 3111
10  CH 4029 3081
17
50  ML 6728 3025
30  ML 7035 2976
10  CH 7585 3086
18
50  CH 7168 3085
30  ML 7318 3042
10  ML 7769 3041
20
50  ML 5822 3009
30  CH 8722 3107
10  CH 9150 3102
21
50  ML 3140 3027
30  CH 3358 3062
10  CH 3632 3080
22
50  CH 4122 3076
30  ML 5102 3004
10  ML 5881 3055
23
50  ML 2434 2968
30  ML 2446 3018
10  ML 2706 2985
24
50  ML 2428 3058
30  ML 2614 3057
10  ML 2625 3016
25
50  CH 2178 3108
30  ML 2282 2979
10  CH 2381 3121
26
50  ML 1775 3007
30  ML 2128 3052
10  ML 2400 3017
27
50  ML 3468 3028
30  ML 3828 3030
10  CH 3922 3083
28
50  CH 4947 3073
30  CH 4950 3111
10  CH 5001 3081
29
50  ML 3495 3025
30  CH 3618 3086
10  ML 3766 2976
30
50  ML 4514 3006
30  ML 4781 3000
10  ML 4925 3023
32
80  ML 3295 3009
40  CH 5087 3107
0  CH 5308 3102
33
80  CH 3087 3069
40  CH 4651 3077
34
80  CH 2778 3119
35
50  ML 1494 3026
30  ML 1822 3040
10  CH 1913 3066
36
50  ML 1976 3007
30  ML 2253 3017
10  ML 3033 3029
37
50  ML 3107 3028
30  ML 3506 3039
10  ML 3809 3030
38
50  ML 4734 3008
30  ML 5303 3053
10  CH 5581 3111
39
50  ML 3244 2976
30  CH 3546 3086
40
50  CH 4072 3085
30  ML 4843 3006
42
50  ML 2864 3009
30  CH 4947 3107
43
50  ML 2798 3018
30  ML 2884 2968
10  CH 3694 3120
44
50  ML 2996 2998
30  CH 4025 3119
45
50  ML 1895 3026
30  ML 2352 3040
10  CH 2458 3070
46
50  ML 2939 3031
47
50  ML 3656 3028
30  ML 4203 2983
10  ML 4350 2999
48
50  ML 4858 3008
30  CH 6846 3060
10  CH 7466 3073
49
50  ML 4165 3025
30  CH 5574 3114
50
50  ML 4115 3023
30  ML 4447 3041
10  ML 4591 3042
52
50  CH 4908 3102
53
50  CH 14214 1989
30  ML 16500 1973
54
50  ML 9222 1974
30  CH 12912 1982
55
50  ML 16363 1977
30  CH 17409 1984
56
50  ML 18044 1978
30  CH 25353 1985
57
50  ML 12776 1980
30  CH 18681 1986
58
50  CH 21965 1987
60
50  ML 14843 1981
30  CH 15906 1988
SCORE:CH,ML,1770,2900,-113.0
