CH-NSC
1
50  CH 9387 3108
30  CH 9994 3070
10  NSC 10734 638
2
50  NSC 10994 632
30  NSC 11871 607
10  CH 13943 3123
3
50  NSC 7928 660
30  CH 8038 3083
10  NSC 9897 673
4
50  CH 10107 3111
30  NSC 10388 671
10  CH 10791 3081
5
50  NSC 7594 612
30  CH 8338 3086
10  NSC 9172 625
6
50  NSC 7116 595
30  CH 8290 3085
10  NSC 8581 601
7
50  NSC 7146 664
30  NSC 7884 584
8
50  NSC 6128 586
30  NSC 7101 569
10  NSC 7756 624
9
50  CH 2656 3080
30  NSC 2872 634
10  CH 3053 3062
10
50  CH 2587 3076
30  NSC 3440 644
10  CH 3566 3067
11
50  NSC 2137 672
30  NSC 2175 643
10  NSC 2285 611
12
50  NSC 2081 606
30  CH 2153 3119
10  NSC 2541 657
13
50  CH 3818 3108
30  CH 3875 3070
10  NSC 4031 640
14
50  NSC 3841 627
30  NSC 4163 677
10  NSC 4425 622
15
50  CH 3274 3083
30  NSC 3797 635
10  NSC 3807 576
16
50  NSC 3888 642
30  CH 4012 3111
10  CH 4029 3081
17
50  NSC 7472 656
30  CH 7585 3086
10  NSC 8125 669
18
50  CH 7168 3085
30  NSC 7620 617
10  NSC 7872 589
19
50  NSC 6697 573
30  NSC 7000 584
10  NSC 8369 663
20
50  NSC 5459 586
30  NSC 5678 661
10  NSC 6572 605
21
50  CH 3358 3062
30  CH 3632 3080
10  NSC 3888 634
22
50  CH 4122 3076
30  NSC 4485 644
10  NSC 5784 654
23
50  NSC 2553 643
30  NSC 2566 665
10  NSC 2839 648
24
50  NSC 2825 606
30  NSC 3006 578
10  CH 3088 3119
25
50  NSC 2138 638
30  NSC 2170 666
10  CH 2178 3108
26
50  NSC 2112 627
30  NSC 2384 677
10  NSC 2456 622
27
50  NSC 3566 660
30  CH 3922 3083
10  NSC 4984 649
28
50  NSC 4747 642
30  CH 4947 3073
10  CH 4950 3111
29
50  CH 3618 3086
30  NSC 3691 612
10  NSC 4012 656
30
50  NSC 4118 592
30  NSC 4137 617
10  NSC 4447 589
31
80  NSC 3358 664
40  NSC 3612 594
0  NSC 3720 573
32
80  NSC 2969 586
40  NSC 3428 569
0  NSC 3500 605
33
80  NSC 2650 665
40  NSC 2703 672
0  NSC 2825 603
34
80  NSC 2619 606
40  CH 2778 3119
35
50  CH 1913 3066
30  CH 1999 3108
10  NSC 2060 640
36
50  NSC 2269 631
30  NSC 2356 633
10  NSC 2844 568
37
50  NSC 3546 660
30  CH 3868 3083
10  NSC 4490 576
38
50  NSC 5213 671
30  CH 5581 3111
10  CH 6155 3060
39
50  CH 3546 3086
30  NSC 3901 656
10  NSC 4338 669
40
50  NSC 3934 601
30  NSC 3941 592
10  CH 4072 3085
41
50  NSC 3315 573
30  NSC 3440 567
10  NSC 3545 584
42
50  NSC 2939 661
30  NSC 3104 591
10  NSC 3250 624
43
50  NSC 2800 672
30  NSC 3390 626
10  CH 3694 3120
44
50  NSC 2832 621
30  CH 4025 3119
10  NSC 4644 614
45
50  CH 2458 3070
30  NSC 2497 640
10  NSC 2538 666
46
50  NSC 2409 632
30  NSC 2559 622
10  NSC 2878 607
47
50  NSC 5122 593
30  NSC 5138 572
10  NSC 5259 673
48
50  NSC 5044 671
30  NSC 5400 613
10  NSC 5731 642
49
50  NSC 4059 612
30  NSC 4425 625
10  NSC 4694 667
50
50  NSC 3590 595
30  NSC 4453 592
10  CH 5263 3095
51
50  NSC 3763 664
30  NSC 4044 567
10  NSC 4137 594
52
50  NSC 3544 661
30  NSC 3844 569
10  NSC 4475 591
53
50  CH 14214 1989
30  NSC 15700 1685
54
50  NSC 9860 1672
30  CH 12912 1982
55
50  CH 17409 1984
30  NSC 20914 1675
56
50  NSC 17615 1677
30  CH 25353 1985
57
50  NSC 15450 1679
30  CH 18681 1986
58
50  CH 21965 1987
59
50  NSC 14494 1682
60
50  NSC 12959 1683
30  CH 15906 1988
61
50  NSC 12194 1684
SCORE:CH,NSC,1530,3890,-236.0
