CH-PO
1
50  PO 9340 2358
30  CH 9387 3108
10  CH 9994 3070
2
50  PO 10430 2359
30  PO 12613 2389
10  CH 13943 3123
3
50  CH 8038 3083
30  PO 9899 2336
10  PO 10541 2295
4
50  PO 9149 2391
30  CH 10107 3111
10  CH 10791 3081
5
50  CH 8338 3086
30  PO 9593 2388
10  PO 9719 2312
6
50  PO 7628 2297
30  PO 7677 2366
10  CH 8290 3085
7
50  PO 8925 2320
30  PO 8952 2319
10  PO 9119 2356
8
50  PO 7191 2298
30  PO 8889 2300
10  CH 9731 3107
9
50  PO 2428 2293
30  CH 2656 3080
10  CH 3053 3062
10
50  CH 2587 3076
30  PO 2596 2346
10  PO 3253 2322
11
50  PO 2096 2364
30  PO 2269 2351
10  PO 2293 2335
12
50  PO 2075 2402
30  PO 2097 2292
10  CH 2153 3119
13
50  CH 3818 3108
30  PO 3834 2317
10  CH 3875 3070
14
50  PO 4212 2359
30  PO 4251 2389
10  PO 4348 2400
15
50  CH 3274 3083
30  PO 3896 2336
10  PO 4000 2295
16
50  PO 3749 2349
30  CH 4012 3111
10  CH 4029 3081
17
50  CH 7585 3086
30  PO 8416 2312
10  CH 9529 3114
18
50  CH 7168 3085
30  PO 7672 2315
10  PO 8137 2331
19
50  PO 7177 2353
30  PO 7887 2356
10  PO 8106 2320
20
50  PO 7108 2298
30  PO 7330 2340
10  PO 8231 2300
21
50  PO 3271 2378
30  CH 3358 3062
10  PO 3409 2293
22
50  PO 3458 2346
30  PO 3540 2322
10  CH 4122 3076
23
50  PO 2579 2351
30  PO 2611 2330
10  PO 2634 2335
24
50  PO 2745 2345
30  PO 2847 2292
10  PO 2897 2367
25
50  CH 2178 3108
30  PO 2181 2317
10  CH 2381 3121
26
50  CH 2538 3087
30  PO 2667 2307
10  PO 2954 2341
27
50  CH 3922 3083
30  CH 5050 3088
10  PO 5895 2403
28
50  CH 4947 3073
30  CH 4950 3111
10  CH 5001 3081
29
50  CH 3618 3086
30  PO 4596 2361
10  PO 4737 2388
30
50  PO 3426 2297
30  PO 3614 2366
10  PO 5113 2302
31
80  PO 4090 2319
40  PO 4220 2320
0  PO 4824 2301
32
80  PO 4094 2300
40  PO 4133 2340
0  CH 5087 3107
33
80  PO 2769 2364
40  CH 3087 3069
0  PO 3434 2330
34
80  CH 2778 3119
40  PO 2833 2345
0  PO 2866 2402
35
50  PO 1754 2358
30  CH 1913 3066
10  PO 1951 2317
36
50  PO 2003 2359
30  PO 2400 2400
10  CH 3640 3123
37
50  CH 3868 3083
30  CH 4818 3088
10  CH 5522 3065
38
50  PO 4129 2391
30  PO 5443 2334
10  CH 5581 3111
39
50  CH 3546 3086
30  PO 4303 2361
10  PO 4482 2312
40
50  PO 3357 2297
30  PO 3587 2366
10  CH 4072 3085
41
50  PO 3582 2353
30  PO 4020 2356
10  PO 4687 2301
42
50  PO 3243 2298
30  PO 3741 2340
10  CH 4947 3107
43
50  PO 3567 2390
30  CH 3694 3120
10  PO 4302 2299
44
50  PO 3713 2355
30  CH 4025 3119
45
50  PO 2282 2358
30  CH 2458 3070
10  CH 2618 3089
46
50  PO 2697 2400
30  PO 3027 2296
10  PO 3702 2389
47
50  PO 4839 2336
30  CH 5384 3068
10  CH 5616 3098
48
50  PO 5239 2391
30  PO 5258 2349
10  CH 6846 3060
49
50  PO 4732 2342
30  PO 5150 2388
10  PO 5301 2361
50
50  PO 4740 2331
30  PO 4829 2315
10  CH 5263 3095
51
50  PO 4338 2320
30  PO 4744 2319
10  PO 5273 2301
52
50  PO 4268 2300
30  CH 4908 3102
53
50  PO 12839 1888
30  CH 14214 1989
54
50  PO 9464 1876
30  CH 12912 1982
55
50  PO 17012 1877
30  CH 17409 1984
56
50  PO 19939 1879
30  CH 25353 1985
57
50  CH 18681 1986
30  PO 19083 1881
58
50  PO 16272 1882
30  CH 21965 1987
59
50  PO 15543 1884
60
50  PO 13909 1886
30  CH 15906 1988
61
50  PO 12619 1887
SCORE:CH,PO,1690,3750,-206.0
