CH-ROR
1
50  CH 9387 3108
30  ROR 9794 13
10  CH 9994 3070
2
50  ROR 10266 6
30  CH 13943 3123
10  CH 15191 3087
3
50  ROR 7756 33
30  ROR 8009 14
10  CH 8038 3083
4
50  ROR 7966 7
30  ROR 9978 43
10  CH 10107 3111
5
50  ROR 7441 10
30  CH 8338 3086
10  CH 10478 3114
6
50  ROR 7169 27
30  ROR 8022 64
10  CH 8290 3085
7
50  ROR 7410 35
30  ROR 9194 23
8
50  ROR 6656 68
30  CH 9731 3107
10  CH 9974 3102
9
50  ROR 2537 63
30  CH 2656 3080
10  CH 3053 3062
10
50  CH 2587 3076
30  ROR 3291 67
10  CH 3566 3067
11
50  ROR 1994 48
30  ROR 2388 21
10  CH 2405 3069
12
50  ROR 2081 32
30  ROR 2137 5
10  CH 2153 3119
13
50  CH 3818 3108
30  CH 3875 3070
10  ROR 3966 15
14
50  ROR 4316 20
30  ROR 4440 40
10  ROR 4563 70
15
50  CH 3274 3083
30  ROR 3890 42
10  CH 4234 3088
16
50  ROR 3175 36
30  CH 4012 3111
10  CH 4029 3081
17
50  ROR 6372 47
30  ROR 7128 57
10  CH 7585 3086
18
50  ROR 6254 28
30  ROR 6944 64
10  CH 7168 3085
19
50  ROR 6487 35
30  ROR 7791 24
20
50  ROR 5890 68
30  CH 8722 3107
10  CH 9150 3102
21
50  ROR 2909 63
30  CH 3358 3062
10  CH 3632 3080
22
50  ROR 3997 67
30  CH 4122 3076
10  ROR 5540 39
23
50  ROR 2778 21
30  CH 2922 3120
10  ROR 3097 66
24
50  ROR 2470 5
30  ROR 2659 49
10  CH 3088 3119
25
50  ROR 2044 56
30  CH 2178 3108
10  ROR 2278 15
26
50  ROR 2088 26
30  CH 2538 3087
10  ROR 2765 12
27
50  ROR 3778 16
30  CH 3922 3083
10  CH 5050 3088
28
50  ROR 3850 36
30  CH 4947 3073
10  CH 4950 3111
29
50  CH 3618 3086
30  ROR 3806 57
10  ROR 4128 69
30
50  ROR 3847 25
30  CH 5310 3071
10  CH 5478 3059
31
80  ROR 3550 35
40  ROR 3828 24
32
80  CH 5087 3107
40  CH 5308 3102
33
80  ROR 2116 34
40  ROR 2636 48
0  CH 3087 3069
34
80  ROR 2250 38
40  ROR 2288 5
0  CH 2778 3119
35
50  ROR 1889 61
30  CH 1913 3066
10  CH 1999 3108
36
50  ROR 1883 6
30  ROR 2194 26
10  ROR 2291 17
37
50  ROR 3327 33
30  ROR 3482 14
10  CH 3868 3083
38
50  ROR 3441 7
30  ROR 5214 44
10  CH 5581 3111
39
50  ROR 3241 10
30  ROR 3500 18
10  ROR 3513 57
40
50  ROR 3207 28
30  ROR 3788 25
10  CH 4072 3085
41
50  ROR 3589 23
30  ROR 3606 24
42
50  CH 4947 3107
43
50  ROR 2875 34
30  CH 3694 3120
10  CH 4434 3090
44
50  ROR 2753 38
30  ROR 3152 55
10  ROR 3333 32
45
50  ROR 2326 61
30  CH 2458 3070
10  CH 2618 3089
46
50  ROR 2672 20
30  ROR 2881 17
10  ROR 5009 45
47
50  ROR 5050 16
30  CH 5384 3068
10  ROR 5462 42
48
50  ROR 5233 43
30  ROR 5885 41
10  CH 6846 3060
49
50  ROR 3527 47
30  ROR 4453 22
10  ROR 5015 69
50
50  ROR 3632 27
30  CH 5263 3095
10  CH 7240 3059
51
50  ROR 5203 23
52
50  ROR 3534 68
30  CH 4908 3102
53
50  CH 14214 1989
54
50  ROR 9445 1624
30  CH 12912 1982
55
50  CH 17409 1984
30  ROR 18003 1627
56
50  ROR 16518 1628
30  CH 25353 1985
57
50  ROR 13885 1629
30  CH 18681 1986
58
50  ROR 14409 1630
30  CH 21965 1987
59
50  ROR 12591 1631
60
50  ROR 12175 1632
30  CH 15906 1988
SCORE:CH,ROR,1590,3670,-208.0
