CH-RMR
1
50  CH 2521 2272(Y) 1666
30  CH 2840 1449
10  RMR 2853 1180
2
50  CH 2750 1454
30  CH 3001 2704(Y) 55
10  CH 3113 7
3
50  RMR 2897 2610(Y) 1254
30  CH 3107 26
10  CH 3138 69
4
50  CH 2897 2610(Y) 115
30  CH 3008 1452
10  RMR 3152 2840(Y) 1231
5
50  CH 2949 93
30  CH 3287 64
10  RMR 3426 3087(Y) 1237
6
50  CH 3166 2853(Y) 45
30  RMR 3281 1219
10  CH 3415 77
7
50  RMR 1731 1220
30  RMR 1737 1184
10  CH 1783 1460
8
50  CH 1606 1447(Y) 111
30  CH 1668 1503(Y) 99
10  CH 1756 1582(Y) 102
9
50  RMR 1730 1559(Y) 1221
30  CH 2094 95
10  CH 2130 1919(Y) 17
10
50  CH 1883 1697(Y) 110
30  CH 1942 1750(Y) 67
10  CH 1966 1772(Y) 1457
11
50  CH 2124 1914(Y) 12
30  RMR 2806 1176
10  RMR 3228 1194
12
50  CH 2299 2072(Y) 101
30  CH 2325 2095(Y) 2
10  RMR 2675 1175
13
50  CH 6895 1666
30  CH 7326 37
10  RMR 7365 1593
14
50  CH 6681 1454
30  CH 7440 7
10  CH 7681 55
15
50  RMR 7475 1254
30  CH 7984 69
10  RMR 8232 1596
16
50  CH 7217 1452
30  CH 7599 115
10  RMR 8169 1185
17
50  CH 7391 93
30  CH 8168 7359(Y) 64
10  RMR 9555 1573
18
50  CH 7963 7174(Y) 45
30  RMR 8106 7303(Y) 1219
10  RMR 8813 7940(Y) 1224
19
50  CH 10096 1667
30  RMR 10847 1221
10  RMR 10856 1577
20
50  CH 10100 102
30  RMR 10406 1263
10  CH 10752 111
21
50  CH 3684 37
30  RMR 3702 3336(Y) 1195
10  RMR 3728 1593
22
50  CH 3613 1454
30  CH 3872 7
10  RMR 4297 1168
23
50  RMR 3645 3284(Y) 1596
30  RMR 3862 1254
10  CH 4054 69
24
50  CH 3838 1452
30  RMR 4242 3822(Y) 1241
10  CH 4279 38
25
50  CH 4013 3616(Y) 93
30  RMR 4158 3746(Y) 1573
10  CH 4526 4078(Y) 64
26
50  RMR 4129 3720(Y) 1219
30  RMR 4302 3876(Y) 1224
10  CH 4497 45
27
50  RMR 2454 1220
30  CH 2455 1460
10  RMR 2535 2284(Y) 1258
28
50  CH 2191 102
30  RMR 2353 1263
10  CH 2419 2180(Y) 89
29
50  CH 2525 2275(Y) 14
30  RMR 2657 1221
10  CH 3002 17
30
50  CH 2622 2363(Y) 57
30  CH 2634 110
10  RMR 2684 1242
31
80  CH 12616 1328
40  RMR 13841 1996
32
80  CH 15009 1330
40  RMR 16901 1425
33
80  CH 8573 1530
40  RMR 8831 2000
34
80  CH 9977 1874
40  RMR 10597 1249
35
50  CH 3082 1666
30  CH 3383 37
10  RMR 3620 1597
36
50  CH 3238 2918(Y) 55
30  CH 3455 7
10  CH 3766 36
37
50  RMR 3603 1254
30  CH 3690 26
10  CH 3937 69
38
50  CH 3419 3081(Y) 115
30  RMR 3621 1185
10  CH 3716 38
39
50  CH 3439 93
30  CH 4135 64
10  RMR 4500 1197
40
50  CH 3726 45
30  RMR 3922 1219
10  CH 3968 77
41
50  CH 2084 1667
30  RMR 2175 1184
10  RMR 2265 1577
42
50  CH 2096 1889(Y) 99
30  CH 2120 1910(Y) 111
10  RMR 2194 1174
43
50  RMR 2247 1221
30  CH 2592 2336(Y) 108
10  CH 2622 2363(Y) 14
44
50  CH 2177 1962(Y) 110
30  RMR 2288 1206
10  RMR 2390 1228
45
50  CH 2833 2553(Y) 12
30  RMR 3519 1176
10  CH 3769 50
46
50  CH 2768 2494(Y) 2
30  RMR 2984 1236
10  RMR 3125 1175
47
50  CH 5520 4973(Y) 1666
30  CH 6268 37
10  RMR 6314 5689(Y) 1180
48
50  CH 6147 1454
30  CH 6853 55
10  CH 7227 36
49
50  CH 7038 26
30  RMR 7975 1203
10  RMR 8083 1272
50
50  CH 6343 1452
30  CH 6392 115
10  RMR 7025 1185
51
50  RMR 7897 7115(Y) 1237
30  RMR 8314 1197
10  RMR 8866 1573
52
50  CH 7519 77
30  CH 7870 103
10  RMR 7907 7124(Y) 1224
53
50  CH 3694 1667
30  RMR 3894 1184
10  RMR 3928 1220
54
50  CH 3729 3360(Y) 99
30  CH 3930 3541(Y) 111
10  CH 3976 102
55
50  CH 4762 95
30  CH 4874 4391(Y) 14
10  CH 5154 4644(Y) 108
56
50  CH 4218 3800(Y) 110
30  CH 4463 4021(Y) 57
10  RMR 4605 4149(Y) 1228
57
50  RMR 3216 1180
30  CH 3299 25
10  RMR 3327 1593
58
50  CH 3447 36
30  RMR 3843 1188
10  RMR 3869 1186
59
50  RMR 3406 1596
30  CH 3625 26
10  RMR 4397 1203
60
50  CH 3460 97
30  RMR 3559 1185
10  RMR 3666 3303(Y) 1241
61
50  RMR 4062 3660(Y) 1237
30  RMR 4162 1197
10  RMR 4716 1573
62
50  CH 4109 77
30  RMR 4385 1190
10  RMR 4434 1224
63
50  RMR 1978 1184
30  CH 2071 1667
10  RMR 2096 1220
64
50  CH 1915 99
30  RMR 2072 1263
10  CH 2087 1881(Y) 11
65
50  CH 2471 95
30  CH 2844 17
10  CH 2953 12
66
50  RMR 2340 2109(Y) 1242
30  CH 2461 2218(Y) 1457
10  CH 2466 2222(Y) 57
67
80  CH 12825 1877
40  RMR 13393 1591
68
80  CH 13582 1345
40  RMR 14112 1708
SCORE:CH,RMR,4150,2150,200.0
