CH-RSST
1
50  CH 2521 2272(Y) 1666
30  RSST 2750 205
10  CH 2840 1449
2
50  CH 2750 1454
30  CH 3001 2704(Y) 55
10  CH 3113 7
3
50  CH 3107 26
30  CH 3138 69
10  RSST 3352 207
4
50  CH 2897 2610(Y) 115
30  CH 3008 1452
10  RSST 3153 183
5
50  CH 2949 93
30  RSST 3086 149
10  CH 3287 64
6
50  CH 3166 2853(Y) 45
30  RSST 3332 159
10  RSST 3412 212
7
50  RSST 1709 1540(Y) 123
30  CH 1783 1460
10  RSST 1919 211
8
50  CH 1606 1447(Y) 111
30  CH 1668 1503(Y) 99
10  CH 1756 1582(Y) 102
9
50  RSST 1897 126
30  RSST 1908 1719(Y) 122
10  RSST 2069 1614
10
50  CH 1883 1697(Y) 110
30  RSST 1887 1700(Y) 191
10  CH 1942 1750(Y) 67
11
50  CH 2124 1914(Y) 12
30  RSST 3078 163
10  CH 3331 66
12
50  CH 2299 2072(Y) 101
30  CH 2325 2095(Y) 2
10  CH 3127 4
13
50  CH 6895 1666
30  CH 7326 37
10  RSST 7643 205
14
50  CH 6681 1454
30  CH 7440 7
10  RSST 7538 6791(Y) 158
15
50  CH 7984 69
30  CH 8241 26
10  RSST 9219 207
16
50  CH 7217 1452
30  CH 7599 115
10  CH 8289 109
17
50  CH 7391 93
30  RSST 8047 7250(Y) 149
10  CH 8168 7359(Y) 64
18
50  CH 7963 7174(Y) 45
30  RSST 8500 159
10  RSST 8826 7952(Y) 146
19
50  CH 10096 1667
30  CH 11093 1460
10  RSST 11315 123
20
50  CH 10100 102
30  CH 10752 111
10  RSST 11315 201
21
50  RSST 3467 3124(Y) 189
30  CH 3684 37
10  CH 3923 1449
22
50  CH 3613 1454
30  CH 3872 7
10  RSST 4172 157
23
50  CH 4054 69
30  RSST 4450 207
10  CH 5059 75
24
50  CH 3838 1452
30  RSST 4215 3798(Y) 183
10  CH 4279 38
25
50  CH 4013 3616(Y) 93
30  RSST 4509 149
10  CH 4526 4078(Y) 64
26
50  CH 4497 45
30  RSST 4500 159
10  CH 4517 103
27
50  CH 2455 1460
30  RSST 2521 2272(Y) 143
10  RSST 2565 123
28
50  CH 2191 102
30  RSST 2360 2127(Y) 135
10  CH 2419 2180(Y) 89
29
50  CH 2525 2275(Y) 14
30  RSST 2887 122
10  CH 3002 17
30
50  RSST 2496 2249(Y) 145
30  RSST 2534 144
10  CH 2622 2363(Y) 57
31
80  CH 12616 1328
40  RSST 13250 1437
32
80  CH 15009 1330
40  RSST 16562 1984
33
80  CH 8573 1530
40  RSST 9462 1571
34
80  CH 9977 1874
40  RSST 10434 1690
35
50  CH 3082 1666
30  CH 3383 37
10  CH 3847 1449
36
50  CH 3238 2918(Y) 55
30  CH 3455 7
10  RSST 3503 3156(Y) 158
37
50  CH 3690 26
30  CH 3937 69
10  RSST 4384 125
38
50  CH 3419 3081(Y) 115
30  CH 3716 38
10  CH 3794 109
39
50  CH 3439 93
30  RSST 4107 3700(Y) 127
10  CH 4135 64
40
50  CH 3726 45
30  CH 3968 77
10  RSST 4230 146
41
50  CH 2084 1667
30  RSST 2185 123
10  RSST 2372 211
42
50  CH 2096 1889(Y) 99
30  CH 2120 1910(Y) 111
10  RSST 2135 1924(Y) 201
43
50  RSST 2403 126
30  RSST 2569 2315(Y) 1614
10  CH 2592 2336(Y) 108
44
50  CH 2177 1962(Y) 110
30  RSST 2365 2131(Y) 191
10  RSST 2414 2175(Y) 164
45
50  CH 2833 2553(Y) 12
30  RSST 3250 2928(Y) 163
10  CH 3769 50
46
50  CH 2768 2494(Y) 2
30  CH 3127 2818(Y) 101
10  CH 3559 113
47
50  CH 5520 4973(Y) 1666
30  CH 6268 37
10  RSST 6619 205
48
50  CH 6147 1454
30  RSST 6615 158
10  CH 6853 55
49
50  CH 7038 26
30  RSST 8806 207
10  CH 10210 75
50
50  CH 6343 1452
30  CH 6392 115
10  RSST 7072 6372(Y) 183
51
50  RSST 7072 6372(Y) 149
30  RSST 8057 7259(Y) 127
10  CH 8918 83
52
50  RSST 7250 159
30  CH 7519 77
10  CH 7870 103
53
50  CH 3694 1667
30  CH 4220 1460
10  RSST 4259 211
54
50  CH 3729 3360(Y) 99
30  CH 3930 3541(Y) 111
10  CH 3976 102
55
50  RSST 4418 126
30  RSST 4509 4063(Y) 122
10  RSST 4745 4275(Y) 1614
56
50  CH 4218 3800(Y) 110
30  CH 4463 4021(Y) 57
10  RSST 4471 4028(Y) 164
57
50  RSST 3101 2794(Y) 189
30  RSST 3231 205
10  CH 3299 25
58
50  CH 3241 2920(Y) 55
30  RSST 3284 2959(Y) 158
10  CH 3447 36
59
50  RSST 4585 125
30  CH 6032 75
60
50  CH 3460 97
30  RSST 3781 129
10  RSST 4025 193
61
50  CH 5362 58
30  CH 5538 74
10  RSST 6006 1602
62
50  RSST 4054 3653(Y) 146
30  CH 4109 77
10  RSST 4325 165
63
50  CH 2071 1667
30  CH 2478 47
10  RSST 2903 130
64
50  CH 1915 99
30  CH 2087 1881(Y) 11
10  RSST 2241 201
65
50  CH 2471 95
30  RSST 2556 1601
10  CH 2844 17
66
50  CH 2237 2016(Y) 110
30  RSST 2257 2034(Y) 164
10  CH 2461 2218(Y) 1457
67
80  CH 12825 1877
40  RSST 15766 1577
68
80  CH 13582 1345
40  RSST 14039 1993
SCORE:CH,RSST,4310,1980,233.0
