CH-SPD
1
50  CH 9387 3108
30  CH 9994 3070
10  SPD 10483 2543
2
50  SPD 8459 2533
30  SPD 9968 2525
10  CH 13943 3123
3
50  CH 8038 3083
30  SPD 10200 2513
10  CH 10602 3088
4
50  SPD 10001 2510
30  CH 10107 3111
10  SPD 10160 2549
5
50  SPD 7938 2532
30  CH 8338 3086
10  SPD 8957 2503
6
50  CH 8290 3085
30  SPD 8395 2544
10  CH 9969 3095
7
50  SPD 10866 2557
30  SPD 12740 2494
8
50  SPD 8953 2540
30  CH 9731 3107
10  CH 9974 3102
9
50  CH 2656 3080
30  CH 3053 3062
10  SPD 3385 2489
10
50  CH 2587 3076
30  CH 3566 3067
10  CH 3896 3117
11
50  CH 2405 3069
30  CH 2406 3120
10  SPD 2582 2526
12
50  CH 2153 3119
30  CH 3169 3110
10  CH 3225 3079
13
50  CH 3818 3108
30  CH 3875 3070
10  CH 4100 3066
14
50  SPD 3450 2533
30  SPD 4704 2520
10  CH 5110 3074
15
50  CH 3274 3083
30  SPD 3909 2511
10  SPD 3928 2531
16
50  SPD 3708 2553
30  SPD 3714 2510
10  SPD 3970 2493
17
50  SPD 6896 2532
30  CH 7585 3086
10  SPD 8813 2548
18
50  SPD 7106 2544
30  CH 7168 3085
10  SPD 8412 2551
19
50  SPD 8300 2539
30  SPD 11350 2494
20
50  SPD 7422 2552
30  CH 8722 3107
10  CH 9150 3102
21
50  CH 3358 3062
30  CH 3632 3080
10  SPD 3859 2489
22
50  CH 4122 3076
30  SPD 5433 2536
10  CH 5985 3117
23
50  CH 2922 3120
30  SPD 3184 2515
10  CH 3278 3093
24
50  CH 3088 3119
30  CH 3578 3110
10  SPD 4159 2496
25
50  SPD 2138 2543
30  CH 2178 3108
10  CH 2381 3121
26
50  SPD 1891 2533
30  SPD 2140 2525
10  CH 2538 3087
27
50  CH 3922 3083
30  SPD 4615 2511
10  SPD 4970 2513
28
50  SPD 4881 2509
30  CH 4947 3073
10  CH 4950 3111
29
50  CH 3618 3086
30  SPD 4043 2518
10  SPD 4679 2522
30
50  SPD 4387 2508
30  SPD 4707 2542
10  SPD 4803 2551
31
80  SPD 4170 2539
40  SPD 4820 2516
32
80  SPD 4063 2552
40  CH 5087 3107
0  CH 5308 3102
33
80  CH 3087 3069
40  SPD 4375 2534
0  CH 4651 3077
34
80  CH 2778 3119
35
50  CH 1913 3066
30  CH 1999 3108
10  CH 2381 3121
36
50  SPD 2102 2525
30  SPD 2956 2520
10  CH 3640 3123
37
50  CH 3868 3083
30  SPD 4592 2550
10  CH 4818 3088
38
50  SPD 4631 2553
30  SPD 4950 2549
10  SPD 5247 2493
39
50  CH 3546 3086
30  SPD 3639 2532
10  SPD 3788 2503
40
50  SPD 3814 2544
30  CH 4072 3085
10  SPD 6559 2502
41
50  SPD 4227 2539
30  SPD 4878 2557
10  SPD 4997 2516
42
50  CH 4947 3107
43
50  CH 3694 3120
30  SPD 3899 2526
10  SPD 3971 2534
44
50  CH 4025 3119
45
50  CH 2458 3070
30  CH 2618 3089
10  SPD 2703 2512
46
50  SPD 2083 2533
30  SPD 2428 2525
10  SPD 3140 2520
47
50  SPD 4937 2513
30  CH 5384 3068
10  SPD 5538 2523
48
50  SPD 5052 2510
30  SPD 5469 2553
10  SPD 5490 2506
49
50  SPD 4663 2547
30  SPD 4725 2503
10  SPD 4888 2522
50
50  SPD 4334 2551
30  SPD 4456 2502
10  SPD 5021 2508
51
50  SPD 5278 2516
30  SPD 5333 2557
10  SPD 6908 2494
52
50  SPD 4607 2540
30  SPD 4683 2552
10  CH 4908 3102
53
50  CH 14214 1989
30  SPD 27334 1912
54
50  CH 12912 1982
30  SPD 15415 1904
55
50  CH 17409 1984
30  SPD 18900 1906
56
50  CH 25353 1985
57
50  SPD 16523 1907
30  CH 18681 1986
58
50  SPD 15638 1908
30  CH 21965 1987
59
50  SPD 13778 1909
60
50  SPD 14566 1910
30  CH 15906 1988
61
50  SPD 17680 1911
SCORE:CH,SPD,2370,2920,-55.0
