CH-SHC
1
50  SHC 8773 492
30  CH 9387 3108
10  CH 9994 3070
2
50  SHC 10517 475
30  SHC 10644 539
10  SHC 12246 531
3
50  CH 8038 3083
30  SHC 8951 533
10  SHC 9627 514
4
50  SHC 7872 552
30  CH 10107 3111
10  CH 10791 3081
5
50  SHC 8052 501
30  CH 8338 3086
10  CH 10478 3114
6
50  SHC 6757 549
30  CH 8290 3085
10  CH 9969 3095
7
50  SHC 7710 459
30  SHC 7723 479
10  SHC 8297 558
8
50  SHC 7306 502
30  SHC 7419 497
10  SHC 8186 450
9
50  CH 2656 3080
30  CH 3053 3062
10  CH 3434 3118
10
50  CH 2587 3076
30  SHC 3037 565
10  CH 3566 3067
11
50  SHC 2143 564
30  SHC 2346 491
10  SHC 2353 541
12
50  CH 2153 3119
30  SHC 2783 535
10  SHC 2872 512
13
50  SHC 3514 492
30  SHC 3799 547
10  CH 3818 3108
14
50  SHC 4207 537
30  SHC 4694 559
10  SHC 4865 531
15
50  CH 3274 3083
30  SHC 3479 533
10  SHC 3687 514
16
50  SHC 3036 552
30  SHC 3941 542
10  SHC 3990 525
17
50  SHC 7129 546
30  CH 7585 3086
10  SHC 7729 478
18
50  SHC 7143 493
30  CH 7168 3085
10  SHC 8607 488
19
50  SHC 6655 479
30  SHC 6933 459
10  SHC 7867 489
20
50  SHC 5949 490
30  SHC 6294 497
10  SHC 6959 450
21
50  SHC 2812 540
30  CH 3358 3062
10  CH 3632 3080
22
50  SHC 3253 565
30  SHC 3894 471
10  CH 4122 3076
23
50  SHC 2502 564
30  SHC 2827 554
10  SHC 2833 553
24
50  SHC 2900 464
30  CH 3088 3119
10  CH 3578 3110
25
50  SHC 2013 550
30  SHC 2044 513
10  CH 2178 3108
26
50  CH 2538 3087
30  SHC 2653 457
10  SHC 2657 538
27
50  CH 3922 3083
30  SHC 4386 533
10  SHC 4756 487
28
50  SHC 4765 451
30  CH 4947 3073
10  CH 4950 3111
29
50  SHC 3509 546
30  CH 3618 3086
10  CH 4940 3114
30
50  SHC 4305 493
30  SHC 4891 488
10  CH 5310 3071
31
80  SHC 3706 558
40  SHC 3828 458
0  SHC 4017 489
32
80  SHC 3169 502
40  SHC 3619 526
0  CH 5087 3107
33
80  SHC 2923 554
40  SHC 2977 491
0  SHC 2997 540
34
80  CH 2778 3119
40  SHC 3849 511
35
50  SHC 1906 463
30  CH 1913 3066
10  CH 1999 3108
36
50  SHC 2075 537
30  SHC 2173 539
10  SHC 2534 506
37
50  CH 3868 3083
30  SHC 4158 514
10  SHC 4610 487
38
50  SHC 3333 552
30  SHC 4793 525
10  CH 5581 3111
39
50  SHC 3290 501
30  CH 3546 3086
10  SHC 3653 546
40
50  SHC 2951 549
30  SHC 3667 493
10  CH 4072 3085
41
50  SHC 3356 459
30  SHC 3443 479
42
50  SHC 2906 490
30  SHC 3016 502
10  SHC 4039 496
43
50  SHC 3154 553
30  SHC 3207 469
10  SHC 3212 491
44
50  SHC 3788 464
30  CH 4025 3119
45
50  SHC 2141 550
30  CH 2458 3070
10  SHC 2513 522
46
50  SHC 2295 475
30  SHC 2475 539
10  SHC 3375 548
47
50  CH 5384 3068
30  SHC 5463 482
10  SHC 5543 515
48
50  SHC 5134 542
30  SHC 5643 466
10  SHC 5672 451
49
50  SHC 4671 478
30  CH 5574 3114
50
50  SHC 3461 549
30  CH 5263 3095
10  SHC 5967 476
51
50  SHC 4114 458
30  SHC 4837 489
52
50  SHC 3760 490
30  SHC 3804 497
10  SHC 4231 496
53
50  CH 14214 1989
30  SHC 16298 1670
54
50  CH 12912 1982
55
50  SHC 14927 1665
30  CH 17409 1984
56
50  SHC 18851 1666
30  CH 25353 1985
57
50  CH 18681 1986
30  SHC 18766 1667
58
50  CH 21965 1987
60
50  CH 15906 1988
SCORE:CH,SHC,1520,3710,-219.0
