CH-SCSC
1
50  CH 9387 3108
30  SCSC 9422 83
10  SCSC 9644 126
2
50  SCSC 10856 129
30  SCSC 11107 196
10  SCSC 13452 134
3
50  CH 8038 3083
30  SCSC 8177 125
10  SCSC 8218 208
4
50  SCSC 8071 200
30  SCSC 9385 128
10  CH 10107 3111
5
50  SCSC 7622 107
30  CH 8338 3086
10  SCSC 8989 165
6
50  SCSC 6832 178
30  SCSC 7156 151
10  SCSC 7837 192
7
50  SCSC 8853 117
30  SCSC 9719 135
8
50  SCSC 6738 176
30  SCSC 8626 142
10  CH 9731 3107
9
50  CH 2656 3080
30  CH 3053 3062
10  SCSC 3301 182
10
50  CH 2587 3076
30  SCSC 2637 185
10  CH 3566 3067
11
50  SCSC 2091 172
30  SCSC 2114 191
10  CH 2405 3069
12
50  SCSC 1919 154
30  CH 2153 3119
10  SCSC 2425 195
13
50  SCSC 3635 126
30  SCSC 3641 83
10  CH 3818 3108
14
50  SCSC 3983 80
30  SCSC 4257 168
10  SCSC 4639 88
15
50  SCSC 2862 159
30  SCSC 3194 208
10  CH 3274 3083
16
50  SCSC 3125 200
30  SCSC 3216 82
10  SCSC 3457 128
17
50  SCSC 6237 199
30  CH 7585 3086
10  SCSC 7682 177
18
50  SCSC 6556 133
30  SCSC 6657 192
10  CH 7168 3085
19
50  SCSC 6151 108
30  SCSC 8854 135
20
50  SCSC 5587 156
30  SCSC 7509 142
10  CH 8722 3107
21
50  CH 3358 3062
30  CH 3632 3080
10  CH 4530 3118
22
50  CH 4122 3076
30  SCSC 4701 173
10  SCSC 5191 123
23
50  SCSC 2875 191
30  CH 2922 3120
10  CH 3278 3093
24
50  SCSC 2425 154
30  SCSC 3058 147
10  CH 3088 3119
25
50  SCSC 2089 126
30  CH 2178 3108
10  CH 2381 3121
26
50  SCSC 2220 196
30  SCSC 2271 168
10  SCSC 2376 129
27
50  SCSC 3313 159
30  SCSC 3831 208
10  CH 3922 3083
28
50  SCSC 3633 200
30  SCSC 4544 144
10  SCSC 4628 128
29
50  CH 3618 3086
30  SCSC 4034 114
10  SCSC 4203 198
30
50  SCSC 3432 120
30  SCSC 3545 178
10  SCSC 4538 106
31
80  SCSC 3306 108
40  SCSC 4070 121
32
80  SCSC 3432 176
40  SCSC 3878 142
0  CH 5087 3107
33
80  SCSC 2565 105
40  CH 3087 3069
0  SCSC 3100 191
34
80  CH 2778 3119
40  SCSC 3219 147
0  SCSC 3240 160
35
50  SCSC 1728 83
30  CH 1913 3066
10  SCSC 1995 146
36
50  SCSC 2366 164
30  SCSC 2500 134
10  SCSC 2691 91
37
50  CH 3868 3083
30  SCSC 3894 166
10  SCSC 4683 118
38
50  SCSC 4764 144
30  SCSC 4775 109
10  SCSC 5003 202
39
50  SCSC 3078 199
30  CH 3546 3086
10  SCSC 4022 114
40
50  SCSC 3012 151
30  SCSC 3447 192
10  SCSC 3459 120
41
50  SCSC 4072 117
42
50  SCSC 2747 156
30  SCSC 2783 201
10  CH 4947 3107
43
50  SCSC 3153 172
30  SCSC 3250 95
10  SCSC 3331 105
44
50  SCSC 2935 160
30  SCSC 3825 137
10  CH 4025 3119
45
50  CH 2458 3070
30  SCSC 2507 184
10  CH 2618 3089
46
50  SCSC 2757 88
30  SCSC 2904 136
10  SCSC 3226 115
47
50  SCSC 4256 125
30  SCSC 5194 100
10  SCSC 5316 138
48
50  SCSC 4256 82
30  SCSC 4665 169
10  SCSC 5169 109
49
50  SCSC 3997 107
30  SCSC 4313 165
10  SCSC 4750 155
50
50  SCSC 3432 178
30  SCSC 3800 133
10  SCSC 3982 151
51
50  SCSC 4337 117
30  SCSC 5038 121
52
50  SCSC 3234 156
30  SCSC 3339 201
10  CH 4908 3102
53
50  CH 14214 1989
30  SCSC 16759 1641
54
50  SCSC 9056 1633
30  CH 12912 1982
55
50  CH 17409 1984
30  SCSC 19565 1634
56
50  SCSC 18470 1635
30  CH 25353 1985
57
50  SCSC 13178 1636
30  CH 18681 1986
58
50  SCSC 14856 1637
30  CH 21965 1987
59
50  SCSC 13296 1638
60
50  SCSC 12758 1639
30  CH 15906 1988
61
50  SCSC 11516 1640
SCORE:CH,SCSC,1260,4130,-287.0
