CH-SR-MD
1
50  CH 2521 2272(Y) 1666
30  SR-MD 2730 359
10  SR-MD 2784 1658
2
50  CH 2750 1454
30  SR-MD 2973 2679(Y) 354
10  CH 3001 2704(Y) 55
3
50  SR-MD 2958 362
30  CH 3107 26
10  CH 3138 69
4
50  CH 2897 2610(Y) 115
30  CH 3008 1452
10  SR-MD 3087 355
5
50  CH 2949 93
30  SR-MD 3231 361
10  CH 3287 64
6
50  CH 3166 2853(Y) 45
30  SR-MD 3237 2917(Y) 316
10  CH 3415 77
7
50  CH 1783 1460
30  SR-MD 1801 1623(Y) 345
10  SR-MD 1887 317
8
50  CH 1606 1447(Y) 111
30  SR-MD 1648 1485(Y) 387
10  CH 1668 1503(Y) 99
9
50  SR-MD 1870 1685(Y) 307
30  SR-MD 1916 1727(Y) 375
10  CH 2094 95
10
50  CH 1883 1697(Y) 110
30  CH 1942 1750(Y) 67
10  CH 1966 1772(Y) 1457
11
50  CH 2124 1914(Y) 12
30  CH 3331 66
10  CH 3360 50
12
50  CH 2299 2072(Y) 101
30  CH 2325 2095(Y) 2
10  CH 3127 4
13
50  SR-MD 6677 6016(Y) 1658
30  CH 6895 1666
10  SR-MD 7169 359
14
50  CH 6681 1454
30  CH 7440 7
10  CH 7681 55
15
50  CH 7984 69
30  SR-MD 8124 362
10  CH 8241 26
16
50  CH 7217 1452
30  CH 7599 115
10  SR-MD 7992 325
17
50  CH 7391 93
30  CH 8168 7359(Y) 64
10  SR-MD 8661 7803(Y) 377
18
50  CH 7963 7174(Y) 45
30  SR-MD 8122 316
10  CH 9296 103
19
50  CH 10096 1667
30  CH 11093 1460
10  CH 11722 47
20
50  SR-MD 9875 8897(Y) 353
30  CH 10100 102
10  SR-MD 10331 9308(Y) 335
21
50  CH 3684 37
30  SR-MD 3704 359
10  SR-MD 3802 1658
22
50  CH 3613 1454
30  CH 3872 7
10  CH 4441 71
23
50  SR-MD 3950 3559(Y) 314
30  CH 4054 69
10  SR-MD 4886 1410
24
50  CH 3838 1452
30  CH 4279 38
10  SR-MD 4358 3927(Y) 399
25
50  CH 4013 3616(Y) 93
30  SR-MD 4479 4036(Y) 308
10  CH 4526 4078(Y) 64
26
50  SR-MD 4183 3769(Y) 316
30  CH 4497 45
10  SR-MD 4514 4067(Y) 352
27
50  CH 2455 1460
30  SR-MD 2577 397
10  SR-MD 2628 2368(Y) 345
28
50  CH 2191 102
30  SR-MD 2241 2019(Y) 353
10  CH 2419 2180(Y) 89
29
50  CH 2525 2275(Y) 14
30  SR-MD 2609 2351(Y) 307
10  SR-MD 2810 357
30
50  SR-MD 2598 2341(Y) 373
30  CH 2622 2363(Y) 57
10  CH 2634 110
31
80  CH 12616 1328
40  SR-MD 13766 1954
32
80  CH 15009 1330
40  SR-MD 16459 1513
33
80  CH 8573 1530
40  SR-MD 8916 1723
34
80  CH 9977 1874
40  SR-MD 10391 1519
35
50  SR-MD 3044 2743(Y) 1658
30  CH 3082 1666
10  SR-MD 3341 3010(Y) 315
36
50  CH 3238 2918(Y) 55
30  SR-MD 3384 354
10  CH 3455 7
37
50  CH 3690 26
30  SR-MD 3765 362
10  CH 3937 69
38
50  CH 3419 3081(Y) 115
30  SR-MD 3625 325
10  CH 3716 38
39
50  CH 3439 93
30  SR-MD 4105 3699(Y) 377
10  CH 4135 64
40
50  CH 3726 45
30  CH 3968 77
10  SR-MD 4062 316
41
50  CH 2084 1667
30  SR-MD 2385 2149(Y) 380
10  SR-MD 2419 317
42
50  SR-MD 1976 1781(Y) 387
30  CH 2096 1889(Y) 99
10  CH 2120 1910(Y) 111
43
50  SR-MD 2204 1986(Y) 307
30  SR-MD 2446 2204(Y) 375
10  CH 2592 2336(Y) 108
44
50  CH 2177 1962(Y) 110
30  SR-MD 2396 2159(Y) 323
10  CH 2443 2201(Y) 67
45
50  CH 2833 2553(Y) 12
30  SR-MD 3749 349
10  CH 3769 50
46
50  CH 2768 2494(Y) 2
30  CH 3127 2818(Y) 101
10  CH 3559 113
47
50  CH 5520 4973(Y) 1666
30  CH 6268 37
10  SR-MD 6557 315
48
50  CH 6147 1454
30  CH 6587 7
10  CH 6853 55
49
50  SR-MD 6688 362
30  CH 7038 26
10  SR-MD 7888 314
50
50  CH 6343 1452
30  CH 6392 115
10  SR-MD 6818 355
51
50  SR-MD 7486 6745(Y) 308
30  SR-MD 7549 361
10  SR-MD 7853 377
52
50  CH 7519 77
30  SR-MD 7773 7003(Y) 322
10  CH 7870 103
53
50  CH 3694 1667
30  SR-MD 4138 3728(Y) 345
10  CH 4220 1460
54
50  SR-MD 3722 387
30  CH 3729 3360(Y) 99
10  CH 3930 3541(Y) 111
55
50  SR-MD 4353 3922(Y) 375
30  CH 4762 95
10  SR-MD 4780 4307(Y) 328
56
50  CH 4218 3800(Y) 110
30  CH 4463 4021(Y) 57
10  SR-MD 4532 323
57
50  SR-MD 3066 359
30  CH 3158 37
10  CH 3299 25
58
50  SR-MD 3209 2891(Y) 354
30  CH 3447 36
10  SR-MD 3863 398
59
50  SR-MD 3913 390
30  SR-MD 4462 314
10  SR-MD 4761 413
60
50  SR-MD 3345 325
30  CH 3460 97
10  SR-MD 3484 355
61
50  SR-MD 3872 361
30  SR-MD 4453 377
10  CH 5362 58
62
50  SR-MD 4051 3650(Y) 400
30  CH 4109 77
10  SR-MD 4113 3706(Y) 322
63
50  CH 2071 1667
30  CH 2478 47
10  SR-MD 2593 317
64
50  SR-MD 1875 1690(Y) 387
30  CH 1915 99
10  SR-MD 1974 1779(Y) 335
65
50  SR-MD 2261 2037(Y) 307
30  CH 2471 95
10  SR-MD 2835 375
66
50  SR-MD 2317 2088(Y) 323
30  SR-MD 2318 2089(Y) 373
10  CH 2461 2218(Y) 1457
67
80  CH 12825 1877
40  SR-MD 13818 1964
68
80  CH 13582 1345
40  SR-MD 13772 1300
SCORE:CH,SR-MD,3780,2520,126.0
