CH-WKW
1
50  WKW 2632 334
30  CH 2677 2412(Y) 1417
10  WKW 2698 2431(Y) 389
2
50  CH 2691 2425(Y) 437
30  CH 2792 2516(Y) 1734
10  WKW 2969 2675(Y) 382
3
50  CH 2879 2594(Y) 431
30  WKW 3292 331
10  WKW 3295 305
4
50  CH 2759 2486(Y) 1649
30  CH 3095 2789(Y) 1650
10  CH 3240 1415
5
50  CH 3167 2854(Y) 1426
30  CH 3220 2901(Y) 463
10  CH 3233 2913(Y) 1400
6
50  WKW 3188 1584
30  CH 3233 2913(Y) 1412
10  CH 3258 2936(Y) 1416
7
50  CH 1470 1325(Y) 1401
30  CH 1555 1401(Y) 1399
10  WKW 1592 1435(Y) 313
8
50  CH 1617 1457(Y) 413
30  CH 1651 1488(Y) 1427
10  CH 1667 1502(Y) 430
9
50  CH 1881 1695(Y) 406
30  CH 2155 1942(Y) 400
10  WKW 2163 293
10
50  CH 1928 1737(Y) 464
30  CH 2029 1828(Y) 1410
10  WKW 2187 1971(Y) 371
11
50  CH 2687 2421(Y) 1732
30  CH 2895 2609(Y) 442
10  WKW 3033 297
12
50  CH 2121 1911(Y) 462
30  CH 2772 2498(Y) 396
10  CH 3140 417
13
50  WKW 6425 334
30  WKW 6806 6132(Y) 389
10  CH 7175 6464(Y) 1417
14
50  CH 7196 6483(Y) 437
30  CH 7253 6535(Y) 398
10  CH 7372 6642(Y) 455
15
50  CH 6676 6015(Y) 431
30  WKW 9134 331
10  WKW 9659 361
16
50  CH 7013 1649
30  CH 7056 6357(Y) 469
10  CH 7864 7085(Y) 1650
17
50  CH 8019 7225(Y) 1400
30  CH 8303 7481(Y) 463
10  CH 8546 1426
18
50  WKW 7391 6659(Y) 1584
30  CH 7405 6672(Y) 468
10  CH 8079 7279(Y) 1412
19
50  CH 7934 7148(Y) 1401
30  CH 8665 7807(Y) 1399
10  CH 9823 8850(Y) 446
20
50  WKW 8900 1587
30  WKW 9288 330
10  CH 9643 8688(Y) 1427
21
50  WKW 3398 334
30  CH 3671 3308(Y) 1417
10  WKW 3823 389
22
50  CH 3524 3175(Y) 437
30  CH 3616 3258(Y) 1734
10  CH 3803 3427(Y) 398
23
50  CH 3645 3284(Y) 431
30  WKW 4352 361
10  WKW 4446 310
24
50  CH 3637 3277(Y) 469
30  CH 3830 3451(Y) 1649
10  CH 4392 3957(Y) 1648
25
50  CH 3936 3546(Y) 1426
30  CH 4281 3857(Y) 1400
10  CH 4364 463
26
50  CH 3822 3444(Y) 468
30  CH 4280 3856(Y) 1416
10  CH 4723 4255(Y) 1405
27
50  CH 1850 1667(Y) 1401
30  CH 2183 1967(Y) 1399
10  CH 2372 2137(Y) 438
28
50  CH 2111 1902(Y) 413
30  CH 2150 1937(Y) 430
10  CH 2200 1982(Y) 1427
29
50  CH 2487 2241(Y) 406
30  CH 3204 2887(Y) 423
10  CH 3347 458
30
50  CH 2708 2440(Y) 464
30  CH 2756 2483(Y) 1424
10  CH 2910 2622(Y) 1410
31
80  CH 12345 11122(Y) 828
40  WKW 13210 120
32
80  CH 14037 12646(Y) 830
40  WKW 16884 686
33
80  CH 7640 6883(Y) 832
40  WKW 8372 688
34
80  CH 9751 8785(Y) 834
40  WKW 11882 691
35
50  WKW 3103 2796(Y) 389
30  CH 3471 1417
10  CH 3738 3368(Y) 470
36
50  CH 3031 2731(Y) 437
30  CH 3245 2924(Y) 1734
10  WKW 3402 3065(Y) 382
37
50  CH 3173 2859(Y) 431
30  CH 4544 1419
10  CH 4545 4095(Y) 404
38
50  CH 3091 2785(Y) 1649
30  CH 3517 3169(Y) 1650
10  CH 3663 469
39
50  CH 3671 3308(Y) 1400
30  CH 3789 3414(Y) 1426
10  CH 3848 3467(Y) 463
40
50  WKW 3416 3078(Y) 1584
30  CH 3639 3279(Y) 1412
10  CH 3687 3322(Y) 468
41
50  CH 1890 1703(Y) 1401
30  CH 1980 1784(Y) 446
10  CH 2019 1819(Y) 1399
42
50  WKW 2000 308
30  WKW 2006 1587
10  WKW 2021 330
43
50  CH 2606 2348(Y) 1429
30  WKW 2644 1596
10  WKW 2723 2454(Y) 293
44
50  CH 2415 464
30  CH 2553 2300(Y) 1410
10  CH 2636 2375(Y) 1728
45
50  CH 3305 2978(Y) 1732
30  CH 3699 3333(Y) 442
10  WKW 3975 297
46
50  CH 2538 2287(Y) 462
30  CH 3577 3223(Y) 396
10  CH 3617 3259(Y) 417
47
50  WKW 5615 334
30  CH 6167 5556(Y) 470
10  WKW 6850 317
48
50  CH 6391 5758(Y) 1734
30  WKW 6502 5858(Y) 382
10  CH 6678 455
49
50  CH 7540 6793(Y) 1420
30  WKW 7801 305
10  WKW 7894 331
50
50  CH 6475 5834(Y) 469
30  CH 7115 1650
10  WKW 7399 6666(Y) 329
51
50  CH 7451 6713(Y) 416
30  WKW 7730 6964(Y) 365
10  WKW 8091 7290(Y) 358
52
50  WKW 6506 5862(Y) 1584
30  CH 6765 468
10  CH 7004 6310(Y) 1416
53
50  WKW 3661 3299(Y) 313
30  CH 3736 3366(Y) 446
10  CH 3891 438
54
50  WKW 3591 1587
30  CH 3695 3329(Y) 1427
10  CH 3702 3336(Y) 430
55
50  CH 4568 4116(Y) 406
30  CH 4967 4475(Y) 1429
10  CH 5068 453
56
50  CH 4498 4053(Y) 464
30  CH 5101 4596(Y) 467
10  CH 5107 4601(Y) 462
57
50  CH 3078 2773(Y) 470
30  WKW 3700 317
10  CH 3770 444
58
50  CH 3231 2911(Y) 398
30  CH 3451 445
10  WKW 3605 337
59
50  WKW 4203 331
30  CH 4568 4116(Y) 1419
10  CH 5187 1420
60
50  WKW 3666 329
30  WKW 3787 307
10  CH 4039 3639(Y) 1648
61
50  WKW 3885 365
30  CH 4075 3672(Y) 411
10  CH 4617 399
62
50  CH 3364 3031(Y) 1412
30  CH 3607 3250(Y) 1416
10  CH 3791 3416(Y) 450
63
50  CH 1834 1653(Y) 446
30  CH 1981 466
10  WKW 2020 1820(Y) 313
64
50  WKW 1879 330
30  WKW 1890 1587
10  CH 2001 1803(Y) 471
65
50  WKW 2870 1596
30  CH 3003 2706(Y) 400
10  CH 3005 2708(Y) 1429
66
50  CH 2675 467
30  WKW 3260 323
10  CH 3416 460
67
80  CH 13680 12325(Y) 1012
40  WKW 14382 955
68
80  CH 12892 11615(Y) 838
40  WKW 13234 11923(Y) 1035
SCORE:CH,WKW,4540,1760,278.0
