CH-WST
1
50  CH 9387 3108
30  WST 9560 1393
10  CH 9994 3070
2
50  WST 10409 1384
30  CH 13943 3123
10  WST 15063 1458
3
50  CH 8038 3083
30  WST 9201 1410
10  WST 9728 1391
4
50  WST 8631 1444
30  CH 10107 3111
10  CH 10791 3081
5
50  WST 7806 1401
30  CH 8338 3086
10  WST 8877 1387
6
50  CH 8290 3085
30  WST 9363 1376
10  WST 9634 1370
7
50  WST 9084 1399
8
50  WST 6800 1380
30  WST 8740 1463
10  CH 9731 3107
9
50  CH 2656 3080
30  CH 3053 3062
10  CH 3434 3118
10
50  CH 2587 3076
30  CH 3566 3067
10  WST 3581 1423
11
50  WST 1954 1411
30  WST 2237 1389
10  WST 2277 1455
12
50  WST 1846 1421
30  CH 2153 3119
10  WST 2390 1388
13
50  CH 3818 3108
30  CH 3875 3070
10  CH 4100 3066
14
50  WST 3938 1384
30  WST 4257 1392
10  WST 4503 1417
15
50  CH 3274 3083
30  WST 3622 1448
10  WST 3751 1410
16
50  WST 3387 1444
30  CH 4012 3111
10  CH 4029 3081
17
50  CH 7585 3086
30  WST 7747 1425
10  WST 7844 1456
18
50  CH 7168 3085
30  WST 7996 1370
10  WST 8036 1460
19
50  WST 7150 1461
30  WST 7878 1399
10  WST 9216 1454
20
50  WST 5963 1380
30  CH 8722 3107
10  CH 9150 3102
21
50  CH 3358 3062
30  CH 3632 3080
10  CH 4530 3118
22
50  WST 3468 1423
30  CH 4122 3076
10  WST 4919 1405
23
50  WST 2557 1389
30  WST 2771 1404
10  CH 2922 3120
24
50  WST 2217 1421
30  CH 3088 3119
10  WST 3152 1415
25
50  WST 2062 1393
30  CH 2178 3108
10  WST 2282 1366
26
50  WST 2282 1392
30  CH 2538 3087
10  WST 2797 1417
27
50  CH 3922 3083
30  WST 4415 1391
10  WST 4528 1410
28
50  CH 4947 3073
30  CH 4950 3111
10  CH 5001 3081
29
50  WST 3400 1401
30  CH 3618 3086
10  WST 3975 1387
30
50  WST 4352 1376
30  WST 4367 1369
10  CH 5310 3071
31
80  WST 3713 1461
40  WST 4152 1399
0  WST 5088 1454
32
80  WST 4072 1463
40  CH 5087 3107
0  CH 5308 3102
33
80  WST 2529 1411
40  WST 2560 1389
0  WST 2919 1455
34
80  WST 2022 1421
40  CH 2778 3119
0  WST 4708 1372
35
50  WST 1716 1393
30  CH 1913 3066
10  CH 1999 3108
36
50  WST 2963 1378
30  WST 3169 1458
10  WST 3212 1417
37
50  CH 3868 3083
30  WST 4690 1448
10  CH 4818 3088
38
50  WST 4603 1444
30  CH 5581 3111
10  WST 6015 1412
39
50  CH 3546 3086
30  WST 3694 1387
10  WST 4081 1456
40
50  CH 4072 3085
30  WST 4535 1370
10  WST 4549 1369
41
50  WST 3744 1461
30  WST 4652 1454
42
50  WST 2927 1380
30  CH 4947 3107
43
50  WST 2528 1411
30  WST 3299 1455
10  CH 3694 3120
44
50  WST 3463 1421
30  WST 3545 1388
10  CH 4025 3119
45
50  WST 2255 1445
30  WST 2335 1396
10  CH 2458 3070
46
50  WST 2591 1392
30  WST 2789 1458
47
50  WST 4922 1409
30  WST 5107 1402
10  CH 5384 3068
48
50  WST 4406 1444
30  CH 6846 3060
10  CH 7466 3073
49
50  WST 4372 1456
30  WST 4502 1401
10  WST 5088 1425
50
50  WST 5246 1460
30  CH 5263 3095
10  WST 5342 1369
51
50  WST 4490 1399
52
50  WST 4178 1463
30  CH 4908 3102
53
50  CH 14214 1989
30  WST 18453 1763
54
50  WST 8588 1752
30  CH 12912 1982
55
50  WST 16994 1755
30  CH 17409 1984
56
50  CH 25353 1985
57
50  WST 15310 1758
30  CH 18681 1986
58
50  CH 21965 1987
59
50  WST 13947 1760
60
50  WST 14387 1761
30  CH 15906 1988
61
50  WST 15394 1762
SCORE:CH,WST,1940,3340,-140.0
