CH-WRST
1
50  CH 2521 2272(Y) 1666
30  CH 2840 1449
10  CH 2872 37
2
50  CH 2750 1454
30  CH 3001 2704(Y) 55
10  WRST 3089 1112
3
50  WRST 2898 2611(Y) 1097
30  CH 3107 26
10  CH 3138 69
4
50  CH 2897 2610(Y) 115
30  CH 3008 1452
10  CH 3243 38
5
50  CH 2949 93
30  CH 3287 64
10  WRST 3410 1636
6
50  CH 3166 2853(Y) 45
30  CH 3415 77
10  WRST 3481 1628
7
50  WRST 1718 1092
30  WRST 1738 1089
10  WRST 1751 1578(Y) 1623
8
50  CH 1606 1447(Y) 111
30  CH 1668 1503(Y) 99
10  CH 1756 1582(Y) 102
9
50  CH 2094 95
30  WRST 2105 1897(Y) 1137
10  WRST 2114 1160
10
50  WRST 1849 1666(Y) 1075
30  CH 1883 1697(Y) 110
10  CH 1942 1750(Y) 67
11
50  CH 2124 1914(Y) 12
30  WRST 3009 1074
10  WRST 3237 1635
12
50  CH 2299 2072(Y) 101
30  CH 2325 2095(Y) 2
10  CH 3127 4
13
50  CH 6895 1666
30  CH 7326 37
10  WRST 7694 1108
14
50  CH 6681 1454
30  WRST 7266 1111
10  CH 7440 7
15
50  WRST 7416 1097
30  CH 7984 69
10  CH 8241 26
16
50  CH 7217 1452
30  CH 7599 115
10  CH 8289 109
17
50  CH 7391 93
30  CH 8168 7359(Y) 64
10  WRST 9282 1636
18
50  CH 7963 7174(Y) 45
30  CH 9296 103
10  CH 9315 77
19
50  CH 10096 1667
30  WRST 10718 1092
10  CH 11093 1460
20
50  CH 10100 102
30  CH 10752 111
10  WRST 10958 1075
21
50  CH 3684 37
30  CH 3923 1449
10  WRST 4169 1108
22
50  CH 3613 1454
30  WRST 3837 1111
10  CH 3872 7
23
50  CH 4054 69
30  WRST 4500 1149
10  WRST 4956 1093
24
50  CH 3838 1452
30  CH 4279 38
10  CH 4377 109
25
50  CH 4013 3616(Y) 93
30  CH 4526 4078(Y) 64
10  WRST 4766 1636
26
50  CH 4497 45
30  CH 4517 103
10  WRST 4729 1138
27
50  CH 2455 1460
30  WRST 2815 1092
10  WRST 2818 1623
28
50  CH 2191 102
30  CH 2419 2180(Y) 89
10  CH 2450 2208(Y) 111
29
50  CH 2525 2275(Y) 14
30  CH 3002 17
10  CH 3044 1453
30
50  CH 2622 2363(Y) 57
30  WRST 2631 2371(Y) 1075
10  CH 2634 110
31
80  CH 12616 1328
40  WRST 13206 1449
32
80  CH 15009 1330
40  WRST 17725 1600
33
80  CH 8573 1530
40  WRST 10004 1455
34
80  CH 9977 1874
40  WRST 10989 1236
35
50  CH 3082 1666
30  WRST 3348 3017(Y) 1108
10  CH 3383 37
36
50  CH 3238 2918(Y) 55
30  WRST 3444 1112
10  CH 3455 7
37
50  CH 3690 26
30  CH 3937 69
10  WRST 4619 1104
38
50  CH 3419 3081(Y) 115
30  CH 3716 38
10  CH 3794 109
39
50  CH 3439 93
30  CH 4135 64
10  WRST 4384 1143
40
50  CH 3726 45
30  CH 3968 77
10  WRST 4194 1628
41
50  CH 2084 1667
30  WRST 2160 1092
10  WRST 2241 1089
42
50  CH 2096 1889(Y) 99
30  CH 2120 1910(Y) 111
10  CH 2520 96
43
50  CH 2592 2336(Y) 108
30  CH 2622 2363(Y) 14
10  WRST 2715 2446(Y) 1141
44
50  CH 2177 1962(Y) 110
30  CH 2443 2201(Y) 67
10  CH 2455 2212(Y) 27
45
50  CH 2833 2553(Y) 12
30  WRST 3393 3057(Y) 1635
10  CH 3769 50
46
50  CH 2768 2494(Y) 2
30  CH 3127 2818(Y) 101
10  CH 3559 113
47
50  CH 5520 4973(Y) 1666
30  WRST 6675 1108
10  CH 6719 1449
48
50  CH 6147 1454
30  WRST 6540 1112
10  CH 6587 7
49
50  WRST 6372 1097
30  CH 7038 26
10  WRST 7828 1104
50
50  CH 6343 1452
30  CH 6392 115
10  CH 7222 38
51
50  WRST 7784 1636
30  WRST 7934 1143
10  WRST 7936 7150(Y) 1099
52
50  CH 7519 77
30  CH 7870 103
10  WRST 7978 1634
53
50  CH 3694 1667
30  WRST 3896 1089
10  WRST 3977 3583(Y) 1623
54
50  CH 3729 3360(Y) 99
30  CH 3976 102
10  CH 4612 89
55
50  CH 4762 95
30  CH 4874 4391(Y) 14
10  WRST 5140 1160
56
50  CH 4218 3800(Y) 110
30  WRST 4257 3836(Y) 1075
10  CH 4463 4021(Y) 57
57
50  CH 3299 25
30  CH 3329 1449
10  WRST 3484 1145
58
50  CH 3241 2920(Y) 55
30  WRST 3243 1111
10  CH 3447 36
59
50  WRST 3177 2863(Y) 1097
30  WRST 4349 1104
10  WRST 4854 1686
60
50  CH 3460 97
30  CH 4322 109
10  WRST 4681 1146
61
50  WRST 4103 1638
30  WRST 4662 1128
10  WRST 5246 1154
62
50  WRST 4114 1628
30  WRST 4394 1634
10  WRST 4501 1622
63
50  CH 2071 1667
30  WRST 2295 1623
10  WRST 2301 1089
64
50  CH 1915 99
30  CH 2087 1881(Y) 11
10  CH 2409 96
65
50  CH 2471 95
30  WRST 2713 2445(Y) 1091
10  CH 2844 17
66
50  CH 2461 2218(Y) 1457
30  CH 2466 2222(Y) 57
10  CH 2725 27
67
80  CH 12825 1877
40  WRST 13472 1860
68
80  CH 13582 1345
40  WRST 14732 1609
SCORE:CH,WRST,4590,1710,288.0
