CR-CVST
1
50  CVST 11587 2418
30  CR 11712 3318
10  CR 12022 3334
2
50  CVST 12734 2437
30  CVST 12739 2416
10  CR 13265 3320
3
50  CR 9232 3319
30  CVST 10802 2463
10  CVST 11369 2448
4
50  CR 8600 3475
30  CVST 9787 2472
10  CR 10240 3470
5
50  CVST 8095 2417
30  CR 8527 3299
10  CR 9890 3341
6
50  CVST 10273 2480
30  CVST 10653 2474
7
50  CVST 8300 2486
30  CR 9051 3476
10  CVST 9113 2471
8
50  CR 6896 3314
30  CVST 7131 2460
10  CR 7457 3298
9
50  CR 2966 3340
30  CR 2986 3297
10  CR 3035 3342
10
50  CR 3769 3292
30  CVST 4087 2450
10  CR 4727 3291
11
50  CVST 2134 2473
30  CVST 2340 2433
10  CR 2470 3325
12
50  CVST 2072 2430
30  CR 2227 3313
10  CVST 2494 2479
13
50  CVST 4397 2469
30  CR 4676 3318
10  CR 4850 3321
14
50  CVST 4356 2416
30  CVST 4514 2466
10  CVST 4633 2413
15
50  CR 3501 3319
30  CVST 3928 2463
10  CVST 4175 2482
16
50  CR 3247 3475
30  CR 3667 3315
10  CR 3858 3470
17
50  CVST 7332 2417
30  CR 7574 3299
10  CVST 8221 2454
18
50  CVST 9025 2474
30  CVST 9203 2458
10  CVST 10007 2411
19
50  CVST 7231 2447
30  CVST 7352 2486
10  CVST 7602 2467
20
50  CR 6211 3314
30  CR 6259 3298
10  CVST 6471 2460
21
50  CR 3135 3340
30  CR 3330 3342
10  CR 3584 3297
22
50  CVST 7122 2450
23
50  CVST 2512 2473
30  CVST 2834 2464
10  CR 2932 3302
24
50  CVST 2544 2430
30  CR 2928 3313
10  CVST 3310 2453
25
50  CR 2378 3334
30  CVST 2453 2418
10  CR 2545 3321
26
50  CVST 2446 2466
30  CR 2584 3337
10  CVST 2693 2437
27
50  CR 4382 3319
30  CVST 4985 2448
10  CVST 5287 2465
28
50  CR 3958 3475
30  CVST 4787 2472
10  CR 4915 3315
29
50  CR 3934 3299
30  CVST 4394 2454
10  CVST 4825 2423
30
50  CVST 5015 2474
30  CVST 5300 2411
10  CVST 5356 2458
31
80  CVST 3768 2467
40  CVST 4033 2447
0  CR 4231 3476
32
80  CR 3125 3314
40  CVST 3903 2443
0  CVST 3967 2475
33
80  CVST 2497 2473
40  CR 3483 3332
0  CVST 3566 2461
34
80  CVST 2670 2430
40  CR 3214 3313
35
50  CR 2349 3321
30  CVST 2464 2418
10  CR 2500 3334
36
50  CVST 2475 2413
30  CVST 2943 2466
10  CVST 3721 2449
37
50  CVST 5131 2463
30  CVST 6066 2477
10  CVST 8517 2410
38
50  CR 3709 3475
30  CR 4460 3470
10  CR 5271 3315
39
50  CVST 3459 2417
30  CR 4012 3299
10  CVST 4433 2454
40
50  CVST 4744 2480
30  CVST 5309 2458
41
50  CVST 3789 2486
30  CVST 3790 2447
10  CVST 3822 2467
42
50  CR 3003 3298
30  CVST 4069 2475
10  CVST 4834 2407
43
50  CVST 3090 2433
30  CVST 3214 2414
10  CR 3545 3332
44
50  CVST 3410 2429
45
50  CR 2738 3321
30  CVST 2777 2478
10  CVST 2878 2469
46
50  CVST 2589 2437
30  CR 2711 3301
10  CVST 2769 2416
47
50  CR 4747 3319
30  CVST 5630 2459
10  CVST 5639 2448
48
50  CVST 5286 2408
30  CR 6163 3312
10  CVST 6513 2481
49
50  CVST 4415 2417
30  CVST 4738 2442
10  CR 5183 3305
50
50  CVST 4978 2480
30  CVST 5988 2411
51
50  CVST 4631 2471
30  CVST 5069 2456
10  CVST 5203 2428
52
50  CVST 3446 2460
30  CR 3675 3314
10  CR 3995 3298
54
50  CVST 9359 1890
30  CR 12468 2010
55
50  CVST 19053 1892
56
50  CVST 18637 1894
57
50  CVST 17503 1896
58
50  CR 15619 2063
30  CVST 17620 1898
59
50  CVST 17112 1900
30  CR 17846 2014
60
50  CVST 15547 1901
61
50  CVST 12697 1902
SCORE:CR,CVST,1870,3310,-144.0
