CR-CC
1
50  CC 10921 2939
30  CR 11712 3318
10  CR 12022 3334
2
50  CC 8850 2949
30  CR 13265 3320
3
50  CC 8118 2938
30  CC 8262 2957
10  CR 9232 3319
4
50  CC 8034 2948
30  CR 8600 3475
10  CR 10240 3470
5
50  CC 7882 2954
30  CR 8527 3299
10  CC 9281 2937
6
50  CC 8156 2963
30  CC 8302 2944
7
50  CR 9051 3476
30  CC 9441 2943
8
50  CC 6620 2964
30  CR 6896 3314
10  CR 7457 3298
9
50  CR 2966 3340
30  CR 2986 3297
10  CR 3035 3342
10
50  CR 3769 3292
30  CR 4727 3291
10  CR 5039 3468
11
50  CC 2302 2951
30  CR 2470 3325
10  CR 2591 3332
12
50  CC 1919 2950
30  CR 2227 3313
10  CR 3017 3316
13
50  CC 4125 2959
30  CC 4578 2958
10  CR 4676 3318
14
50  CC 4768 2941
30  CC 4781 2953
10  CC 4785 2936
15
50  CC 3222 2938
30  CC 3295 2957
10  CC 3450 2965
16
50  CR 3247 3475
30  CC 3277 2948
10  CR 3667 3315
17
50  CC 7166 2937
30  CR 7574 3299
10  CC 7925 2942
18
50  CC 6925 2944
19
50  CR 8297 3476
20
50  CC 6203 2934
30  CR 6211 3314
10  CR 6259 3298
21
50  CC 2950 2960
30  CR 3135 3340
10  CR 3330 3342
23
50  CC 2725 2951
30  CR 2932 3302
10  CR 3135 3340
24
50  CC 2439 2950
30  CR 2928 3313
10  CR 4290 3322
25
50  CC 2207 2939
30  CC 2372 2958
10  CR 2378 3334
26
50  CC 1737 2949
30  CR 2584 3337
10  CC 2684 2953
27
50  CC 4340 2965
30  CR 4382 3319
28
50  CR 3958 3475
30  CR 4915 3315
10  CR 5541 3294
29
50  CR 3934 3299
30  CC 4219 2937
10  CC 4225 2952
30
50  CC 3806 2944
30  CC 3850 2963
31
80  CR 4231 3476
40  CC 4707 2943
32
80  CR 3125 3314
40  CC 3128 2964
0  CC 3500 2934
33
80  CR 3483 3332
40  CR 5117 3325
0  CR 5174 3307
34
80  CC 2484 2950
40  CR 3214 3313
35
50  CC 2038 2939
30  CR 2349 3321
10  CC 2359 2959
36
50  CC 1658 2949
30  CC 2789 2941
37
50  CC 3522 2938
30  CC 3640 2957
38
50  CR 3709 3475
30  CC 3847 2948
10  CR 4460 3470
39
50  CC 3449 2954
30  CC 3895 2942
10  CR 4012 3299
40
50  CC 3527 2944
30  CC 4050 2963
41
50  CR 3916 3476
30  CC 4125 2943
42
50  CC 2822 2964
30  CR 3003 3298
10  CC 3266 2934
43
50  CC 3131 2951
30  CR 3545 3332
10  CR 4834 3302
44
50  CC 2945 2950
45
50  CC 2420 2939
30  CC 2485 2958
10  CR 2738 3321
46
50  CR 2711 3301
30  CC 2719 2936
10  CC 2841 2941
47
50  CC 4600 2965
30  CR 4747 3319
48
50  CC 4097 2948
30  CR 6163 3312
49
50  CC 3807 2954
30  CC 4456 2942
10  CR 5183 3305
50
50  CC 4108 2963
51
50  CC 5260 2943
52
50  CC 3294 2964
30  CR 3675 3314
10  CR 3995 3298
54
50  CR 12468 2010
56
50  CC 19707 1970
57
50  CC 15841 1971
58
50  CR 15619 2063
59
50  CC 13789 1972
30  CR 17846 2014
SCORE:CR,CC,1860,2820,-96.0
