CR-DUL
1
50  DUL 10606 1303
30  DUL 11379 1307
10  DUL 11689 1338
2
50  CR 13265 3320
3
50  CR 9232 3319
30  DUL 9243 1320
10  DUL 10784 1334
4
50  CR 8600 3475
30  CR 10240 3470
10  DUL 10659 1300
5
50  CR 8527 3299
30  DUL 9208 1347
10  DUL 9752 1319
7
50  DUL 8048 1349
30  DUL 8394 1296
10  DUL 8832 1357
8
50  CR 6896 3314
30  DUL 7197 1305
10  DUL 7268 1295
9
50  CR 2966 3340
30  CR 2986 3297
10  CR 3035 3342
10
50  DUL 3298 1361
30  CR 3769 3292
10  DUL 4187 1325
11
50  DUL 2237 1318
30  DUL 2304 1322
10  DUL 2405 1330
12
50  DUL 2127 1297
30  CR 2227 3313
10  CR 3017 3316
13
50  DUL 4160 1303
30  DUL 4350 1338
10  DUL 4498 1331
14
50  CR 4819 3320
30  CR 4867 3301
10  CR 4975 3317
15
50  CR 3501 3319
30  DUL 4062 1323
10  DUL 4413 1324
16
50  CR 3247 3475
30  CR 3667 3315
10  CR 3858 3470
17
50  CR 7574 3299
30  CR 9432 3341
10  CR 9596 3305
19
50  CR 8297 3476
30  DUL 8299 1356
10  DUL 8634 1348
20
50  CR 6211 3314
30  CR 6259 3298
10  DUL 6944 1299
21
50  CR 3135 3340
30  CR 3330 3342
10  CR 3584 3297
22
50  DUL 4059 1361
30  DUL 6140 1309
23
50  DUL 2695 1337
30  DUL 2847 1351
10  CR 2932 3302
24
50  CR 2928 3313
30  DUL 2994 1297
10  DUL 3733 1317
25
50  DUL 2093 1303
30  DUL 2238 1304
10  DUL 2359 1344
26
50  CR 2584 3337
30  CR 2898 3317
10  DUL 2906 1293
27
50  CR 4382 3319
30  DUL 4920 1294
10  DUL 5019 1334
28
50  CR 3958 3475
30  CR 4915 3315
10  DUL 5527 1300
29
50  CR 3934 3299
30  DUL 4352 1347
10  DUL 4490 1319
31
80  DUL 3909 1349
40  DUL 4014 1296
0  CR 4231 3476
32
80  CR 3125 3314
40  DUL 3673 1305
0  DUL 3886 1299
33
80  DUL 2739 1337
40  CR 3483 3332
0  DUL 3487 1351
34
80  CR 3214 3313
35
50  DUL 1873 1303
30  DUL 2175 1304
10  DUL 2234 1344
36
50  DUL 3350 1315
37
50  DUL 4325 1320
30  DUL 4438 1294
10  DUL 6715 1324
38
50  CR 3709 3475
30  CR 4460 3470
10  DUL 4950 1300
39
50  DUL 3977 1347
30  CR 4012 3299
10  DUL 4454 1319
41
50  DUL 3374 1349
30  DUL 3887 1296
10  CR 3916 3476
42
50  CR 3003 3298
30  DUL 3122 1305
43
50  DUL 2877 1322
30  DUL 3127 1337
10  CR 3545 3332
45
50  DUL 2291 1307
30  CR 2738 3321
10  DUL 2775 1331
46
50  CR 2711 3301
30  DUL 2757 1293
47
50  CR 4747 3319
30  DUL 5163 1320
10  DUL 5656 1294
48
50  DUL 5469 1300
30  CR 6163 3312
10  DUL 7927 1363
49
50  DUL 4732 1347
30  CR 5183 3305
10  DUL 5381 1298
51
50  DUL 4042 1296
30  DUL 4289 1349
10  DUL 4327 1357
52
50  DUL 3484 1295
30  CR 3675 3314
10  DUL 3871 1299
53
50  DUL 18537 1749
54
50  DUL 12181 1742
30  CR 12468 2010
55
50  DUL 24027 1744
57
50  DUL 16909 1746
58
50  CR 15619 2063
59
50  CR 17846 2014
61
50  DUL 13150 1748
SCORE:CR,DUL,2030,2460,-43.0
