CR-FO
1
50  FO 10771 2035
30  CR 11712 3318
10  CR 12022 3334
2
50  FO 10637 2042
30  FO 11528 2114
10  FO 12258 2088
3
50  FO 8237 2055
30  CR 9232 3319
10  FO 10522 2051
4
50  FO 8422 2127
30  CR 8600 3475
10  FO 9837 2079
5
50  FO 8487 2036
30  CR 8527 3299
10  FO 9789 2067
6
50  FO 8478 2053
30  FO 8720 2121
7
50  FO 7744 2061
30  CR 9051 3476
8
50  FO 6400 2077
30  CR 6896 3314
10  FO 6997 2094
9
50  CR 2966 3340
30  CR 2986 3297
10  CR 3035 3342
10
50  FO 2470 2128
30  FO 2776 2049
10  FO 3569 2106
11
50  FO 2071 2043
30  FO 2090 2078
10  CR 2470 3325
12
50  FO 1906 2065
30  CR 2227 3313
10  FO 2293 2107
13
50  FO 4515 2110
30  CR 4676 3318
10  FO 4844 2074
14
50  FO 4140 2042
30  FO 4351 2088
10  FO 4642 2068
15
50  CR 3501 3319
30  FO 5079 2059
10  FO 5137 2091
16
50  CR 3247 3475
30  FO 3571 2066
10  CR 3667 3315
17
50  FO 7118 2036
30  CR 7574 3299
10  FO 7692 2071
18
50  FO 7319 2121
30  FO 7333 2053
10  FO 7915 2047
19
50  FO 6721 2061
30  CR 8297 3476
10  FO 9947 2039
20
50  FO 5738 2077
30  FO 5938 2094
10  CR 6211 3314
21
50  CR 3135 3340
30  CR 3330 3342
10  CR 3584 3297
22
50  FO 2925 2128
30  FO 3814 2049
10  FO 5522 2106
23
50  FO 2619 2139
30  FO 2720 2043
10  FO 2837 2078
24
50  FO 2552 2065
30  CR 2928 3313
10  FO 2965 2090
25
50  FO 2372 2074
30  CR 2378 3334
10  FO 2381 2035
26
50  FO 2225 2048
30  FO 2312 2114
10  FO 2352 2042
27
50  FO 3759 2055
30  CR 4382 3319
10  FO 4467 2109
28
50  CR 3958 3475
30  FO 4134 2127
10  FO 4747 2066
29
50  CR 3934 3299
30  FO 4128 2067
10  FO 4135 2060
30
50  FO 4253 2121
30  FO 4432 2047
10  FO 4922 2131
31
80  CR 4231 3476
40  FO 4765 2039
32
80  FO 3047 2077
40  CR 3125 3314
0  FO 3414 2076
33
80  FO 2181 2139
40  FO 2381 2078
0  FO 2700 2043
34
80  CR 3214 3313
40  FO 3806 2120
35
50  FO 2208 2035
30  CR 2349 3321
10  CR 2500 3334
36
50  FO 2122 2104
30  FO 2222 2048
10  FO 2563 2114
37
50  FO 4659 2109
30  FO 4838 2051
10  FO 5581 2052
38
50  CR 3709 3475
30  FO 4043 2127
10  CR 4460 3470
39
50  FO 3744 2036
30  FO 3968 2060
10  CR 4012 3299
40
50  FO 3906 2053
41
50  FO 3459 2061
30  CR 3916 3476
10  FO 5570 2039
42
50  FO 2884 2094
30  CR 3003 3298
10  FO 3478 2076
43
50  FO 2740 2139
30  CR 3545 3332
10  FO 3895 2097
45
50  CR 2738 3321
30  FO 2901 2110
10  FO 3119 2045
46
50  FO 2462 2104
30  FO 2484 2130
10  FO 2653 2048
47
50  FO 4008 2055
30  CR 4747 3319
10  FO 5244 2109
48
50  FO 4576 2066
30  CR 6163 3312
10  FO 6287 2137
49
50  FO 4431 2092
30  FO 4695 2071
10  FO 5006 2099
50
50  FO 4110 2053
30  FO 4971 2047
10  FO 5393 2131
51
50  FO 3932 2061
52
50  FO 3541 2077
30  CR 3675 3314
10  FO 3725 2094
53
50  FO 14008 1854
54
50  FO 9738 1838
30  CR 12468 2010
55
50  FO 19576 1843
56
50  FO 18719 1846
57
50  FO 15307 1849
58
50  FO 14984 1850
30  CR 15619 2063
59
50  FO 15100 1853
30  CR 17846 2014
SCORE:CR,FO,1440,3610,-217.0
