CR-FV
1
50  FV 10025 3349
30  CR 11712 3318
10  CR 12022 3334
2
50  FV 10634 3383
30  CR 13265 3320
3
50  FV 8790 3380
30  CR 9232 3319
10  FV 9695 3377
4
50  CR 8600 3475
30  CR 10240 3470
10  CR 10744 3315
5
50  FV 8295 3351
30  CR 8527 3299
10  FV 8941 3381
6
50  FV 10438 3367
7
50  CR 9051 3476
30  FV 10543 3373
8
50  CR 6896 3314
30  FV 7139 3384
10  CR 7457 3298
9
50  CR 2966 3340
30  CR 2986 3297
10  CR 3035 3342
10
50  FV 3344 3360
30  CR 3769 3292
10  CR 4727 3291
11
50  FV 2181 3382
30  FV 2232 3344
10  CR 2470 3325
12
50  CR 2227 3313
30  FV 2238 3368
10  CR 3017 3316
13
50  FV 4412 3375
30  CR 4676 3318
10  CR 4850 3321
14
50  FV 4650 3369
30  FV 4814 3366
10  CR 4819 3320
15
50  CR 3501 3319
30  FV 3525 3380
10  FV 3960 3377
16
50  CR 3247 3475
30  CR 3667 3315
10  FV 3762 3359
17
50  FV 7303 3351
30  CR 7574 3299
10  FV 7582 3352
19
50  CR 8297 3476
30  FV 8631 3373
20
50  CR 6211 3314
30  CR 6259 3298
10  FV 6359 3384
21
50  CR 3135 3340
30  CR 3330 3342
10  CR 3584 3297
22
50  FV 5770 3360
23
50  FV 2641 3344
30  FV 2675 3382
10  CR 2932 3302
24
50  CR 2928 3313
30  FV 3748 3374
10  CR 4290 3322
25
50  FV 2089 3349
30  CR 2378 3334
10  CR 2545 3321
26
50  FV 2464 3369
30  CR 2584 3337
10  FV 2878 3366
27
50  FV 4028 3380
30  CR 4382 3319
10  FV 4595 3377
28
50  CR 3958 3475
30  FV 4766 3359
10  CR 4915 3315
29
50  FV 3738 3351
30  CR 3934 3299
10  FV 4328 3357
30
50  FV 5003 3367
31
80  CR 4231 3476
40  FV 5164 3373
32
80  CR 3125 3314
40  FV 3475 3364
0  FV 3512 3384
33
80  CR 3483 3332
40  FV 3532 3344
0  CR 5117 3325
34
80  FV 3213 3368
40  CR 3214 3313
35
50  FV 1908 3349
30  CR 2349 3321
10  CR 2500 3334
36
50  FV 2340 3383
30  FV 3039 3372
37
50  FV 4444 3380
30  FV 4509 3362
10  FV 4872 3371
38
50  CR 3709 3475
30  CR 4460 3470
10  FV 5006 3359
39
50  FV 3577 3351
30  FV 3887 3352
10  CR 4012 3299
40
50  FV 5819 3367
41
50  CR 3916 3476
30  FV 4947 3373
42
50  CR 3003 3298
30  FV 3234 3384
10  FV 3381 3358
43
50  CR 3545 3332
30  FV 3579 3382
10  CR 4834 3302
44
50  FV 3925 3368
45
50  CR 2738 3321
30  FV 3062 3348
10  FV 3069 3376
46
50  FV 2665 3383
30  CR 2711 3301
10  FV 2806 3363
47
50  CR 4747 3319
30  FV 5371 3377
10  FV 7506 3347
48
50  FV 5718 3350
30  FV 5747 3356
10  FV 5765 3379
49
50  FV 4203 3352
30  FV 4771 3381
10  FV 5169 3357
50
50  FV 5175 3367
52
50  CR 3675 3314
30  CR 3995 3298
10  FV 4388 3355
54
50  FV 11293 2015
30  CR 12468 2010
55
50  FV 20352 2016
56
50  FV 19896 2017
57
50  FV 17397 2018
58
50  CR 15619 2063
30  FV 17403 2019
59
50  FV 16759 2020
30  CR 17846 2014
SCORE:CR,FV,2110,2610,-50.0
