CR-GBP
1
50  CR 11712 3318
30  GBP 11741 3412
10  CR 12022 3334
2
50  GBP 9298 3408
30  GBP 9322 3416
10  GBP 11916 3391
3
50  CR 9232 3319
30  GBP 11009 3417
4
50  CR 8600 3475
30  CR 10240 3470
10  GBP 10451 3407
5
50  CR 8527 3299
30  CR 9890 3341
10  CR 10659 3305
6
50  GBP 7190 3414
30  GBP 8906 3399
10  GBP 8937 3401
7
50  GBP 7477 3415
30  CR 9051 3476
8
50  CR 6896 3314
30  CR 7457 3298
10  GBP 8403 3393
9
50  GBP 2550 3410
30  CR 2966 3340
10  CR 2986 3297
10
50  CR 3769 3292
30  CR 4727 3291
10  CR 5039 3468
11
50  GBP 2046 3413
30  CR 2470 3325
10  GBP 2550 3410
12
50  GBP 1853 3388
30  CR 2227 3313
10  GBP 2656 3403
13
50  GBP 3943 3412
30  CR 4676 3318
10  CR 4850 3321
14
50  GBP 3432 3408
30  GBP 4485 3411
10  CR 4819 3320
15
50  CR 3501 3319
30  GBP 4221 3417
16
50  CR 3247 3475
30  CR 3667 3315
10  GBP 3813 3407
17
50  CR 7574 3299
30  CR 9432 3341
10  CR 9596 3305
18
50  GBP 8007 3399
30  GBP 8147 3400
19
50  GBP 6648 3415
30  GBP 7221 3418
10  CR 8297 3476
20
50  CR 6211 3314
30  CR 6259 3298
10  GBP 7038 3392
21
50  CR 3135 3340
30  CR 3330 3342
10  GBP 3449 3404
23
50  GBP 2762 3396
30  CR 2932 3302
10  CR 3135 3340
24
50  GBP 2508 3388
30  GBP 2585 3395
10  CR 2928 3313
25
50  CR 2378 3334
30  GBP 2384 3412
10  CR 2545 3321
26
50  GBP 1909 3416
30  CR 2584 3337
10  GBP 2772 3411
27
50  CR 4382 3319
30  GBP 5013 3417
28
50  CR 3958 3475
30  CR 4915 3315
10  CR 5541 3294
29
50  CR 3934 3299
30  CR 4923 3305
10  CR 6274 3300
30
50  GBP 3294 3414
30  GBP 5037 3400
31
80  CR 4231 3476
32
80  CR 3125 3314
40  GBP 4038 3393
0  GBP 4409 3392
33
80  GBP 2384 3413
40  CR 3483 3332
0  CR 5117 3325
34
80  GBP 2772 3388
40  CR 3214 3313
0  GBP 3281 3395
35
50  CR 2349 3321
30  CR 2500 3334
10  GBP 2647 3412
36
50  GBP 1660 3408
30  GBP 2481 3391
10  GBP 2925 3411
37
50  GBP 5136 3417
38
50  CR 3709 3475
30  CR 4460 3470
10  CR 5271 3315
39
50  CR 4012 3299
30  CR 4917 3341
40
50  GBP 3096 3414
30  GBP 4228 3399
10  GBP 4262 3401
41
50  CR 3916 3476
42
50  CR 3003 3298
30  GBP 3747 3392
43
50  GBP 3213 3413
30  CR 3545 3332
10  CR 4834 3302
44
50  GBP 3047 3403
30  GBP 3172 3388
10  GBP 3785 3395
45
50  CR 2738 3321
30  GBP 3181 3402
10  CR 3376 3318
46
50  GBP 2090 3416
30  GBP 2550 3406
10  CR 2711 3301
47
50  CR 4747 3319
48
50  GBP 5239 3407
30  CR 6163 3312
49
50  CR 5183 3305
30  CR 5388 3300
50
50  GBP 4584 3400
30  GBP 5112 3401
51
50  GBP 4132 3418
52
50  CR 3675 3314
30  GBP 3738 3393
10  CR 3995 3298
54
50  GBP 9875 2033
30  CR 12468 2010
56
50  GBP 16283 2035
58
50  CR 15619 2063
59
50  CR 17846 2014
60
50  GBP 13453 2036
SCORE:CR,GBP,2440,2240,20.0
