CR-HH
1
50  HH 10833 2255
30  HH 10937 2250
10  HH 11558 2276
2
50  HH 11531 2218
30  HH 12748 2221
10  CR 13265 3320
3
50  HH 8407 2211
30  CR 9232 3319
10  HH 9578 2285
4
50  CR 8600 3475
30  CR 10240 3470
10  CR 10744 3315
5
50  HH 7706 2236
30  HH 7812 2240
10  HH 8182 2224
6
50  HH 8663 2233
30  HH 9413 2227
10  HH 10125 2269
7
50  HH 7733 2237
30  HH 8933 2246
10  CR 9051 3476
8
50  CR 6896 3314
30  HH 7209 2235
10  CR 7457 3298
9
50  CR 2966 3340
30  CR 2986 3297
10  CR 3035 3342
10
50  HH 3377 2222
30  HH 3744 2225
10  CR 3769 3292
11
50  HH 2287 2212
30  HH 2390 2230
10  CR 2470 3325
12
50  CR 2227 3313
30  HH 2565 2260
10  HH 2600 2219
13
50  HH 4202 2249
30  HH 4503 2255
10  CR 4676 3318
14
50  HH 4512 2221
30  CR 4819 3320
10  CR 4867 3301
15
50  HH 3227 2211
30  CR 3501 3319
10  HH 3926 2286
16
50  CR 3247 3475
30  CR 3667 3315
10  CR 3858 3470
17
50  HH 6947 2240
30  CR 7574 3299
10  HH 7712 2223
18
50  HH 8103 2227
30  HH 9845 2204
10  HH 9954 2271
19
50  HH 6752 2237
30  HH 7974 2206
10  CR 8297 3476
20
50  CR 6211 3314
30  CR 6259 3298
10  HH 6551 2234
21
50  CR 3135 3340
30  CR 3330 3342
10  CR 3584 3297
22
50  HH 5363 2225
30  HH 5694 2222
10  HH 7483 2290
23
50  CR 2932 3302
30  HH 3027 2289
10  CR 3135 3340
24
50  CR 2928 3313
30  HH 4215 2274
10  CR 4290 3322
25
50  HH 2290 2255
30  HH 2331 2249
10  CR 2378 3334
26
50  CR 2584 3337
30  CR 2898 3317
10  HH 2983 2259
27
50  CR 4382 3319
30  HH 5237 2209
10  HH 5608 2257
28
50  CR 3958 3475
30  HH 4889 2248
10  CR 4915 3315
29
50  HH 3628 2236
30  HH 3878 2223
10  HH 3909 2224
30
50  HH 4996 2269
30  HH 5063 2227
10  HH 6102 2271
31
80  HH 3649 2237
40  HH 4100 2246
0  CR 4231 3476
32
80  CR 3125 3314
40  HH 3688 2235
0  HH 4219 2270
33
80  HH 3238 2212
40  CR 3483 3332
0  HH 3519 2230
34
80  CR 3214 3313
40  HH 4222 2260
0  HH 5513 2239
35
50  HH 1913 2263
30  HH 2028 2249
10  HH 2307 2250
36
50  HH 2421 2218
30  HH 2652 2221
10  HH 2864 2273
37
50  HH 3806 2211
30  HH 4734 2285
10  HH 4809 2286
38
50  CR 3709 3475
30  CR 4460 3470
10  CR 5271 3315
39
50  HH 3508 2240
30  HH 3614 2224
10  HH 3709 2223
40
50  HH 4760 2269
30  HH 5189 2204
10  HH 5371 2271
41
50  HH 3301 2237
30  CR 3916 3476
10  HH 3977 2246
42
50  CR 3003 3298
30  HH 3522 2234
10  HH 3852 2270
43
50  CR 3545 3332
30  HH 4070 2198
10  HH 4343 2291
45
50  HH 2358 2250
30  HH 2470 2263
10  HH 2633 2276
46
50  CR 2711 3301
30  HH 2822 2218
10  HH 3170 2273
47
50  CR 4747 3319
30  HH 4890 2285
10  HH 5928 2197
48
50  CR 6163 3312
49
50  HH 3832 2236
30  HH 4790 2278
10  CR 4819 3299
50
50  HH 5039 2271
30  HH 6403 2201
51
50  HH 4534 2246
30  HH 6394 2199
52
50  CR 3675 3314
30  HH 3701 2234
10  HH 3822 2235
53
50  HH 18253 1874
54
50  HH 11083 1862
30  CR 12468 2010
55
50  HH 17450 1864
56
50  HH 20332 1866
57
50  HH 15031 1868
58
50  CR 15619 2063
30  HH 18633 1869
59
50  HH 13502 1870
30  CR 17846 2014
61
50  HH 12364 1873
SCORE:CR,HH,1800,3340,-154.0
