CR-HP
1
50  HP 9165 260
30  CR 11712 3318
10  HP 11713 224
2
50  HP 9344 328
30  HP 9725 237
10  HP 13221 247
3
50  HP 7550 269
30  CR 9232 3319
10  HP 9669 332
4
50  HP 7934 236
30  CR 8600 3475
10  CR 10240 3470
5
50  HP 7225 290
30  HP 8263 234
10  CR 8527 3299
6
50  HP 7203 256
30  HP 8175 244
10  HP 9195 275
7
50  HP 7603 220
30  CR 9051 3476
10  HP 10002 291
8
50  CR 6896 3314
30  HP 7391 303
10  HP 7437 312
9
50  CR 2966 3340
30  CR 2986 3297
10  CR 3035 3342
10
50  HP 3084 255
30  CR 3769 3292
10  HP 4346 251
11
50  HP 2162 338
30  HP 2431 214
10  CR 2470 3325
12
50  CR 2227 3313
30  HP 2334 331
10  HP 2456 300
13
50  HP 3703 211
30  HP 4381 226
10  HP 4419 248
14
50  HP 3725 237
30  HP 4106 283
10  HP 4278 282
15
50  HP 3207 330
30  CR 3501 3319
10  HP 3650 335
16
50  HP 3135 236
30  CR 3247 3475
10  HP 3422 254
17
50  HP 6384 290
30  CR 7574 3299
10  HP 8007 235
18
50  HP 7653 241
30  HP 8009 304
10  HP 8040 275
19
50  CR 8297 3476
30  HP 8572 307
10  HP 8647 243
20
50  HP 5659 308
30  CR 6211 3314
10  CR 6259 3298
21
50  CR 3135 3340
30  CR 3330 3342
10  CR 3584 3297
22
50  HP 2850 227
30  HP 3722 255
10  HP 10047 333
23
50  HP 2685 229
30  HP 2838 338
10  CR 2932 3302
24
50  HP 2787 331
30  HP 2850 227
10  CR 2928 3313
25
50  HP 1963 260
30  HP 2303 233
10  HP 2308 323
26
50  HP 2563 246
30  CR 2584 3337
10  CR 2898 3317
27
50  HP 3568 269
30  HP 3894 330
10  CR 4382 3319
28
50  CR 3958 3475
30  HP 4231 254
10  CR 4915 3315
29
50  CR 3934 3299
30  HP 3984 235
10  CR 4923 3305
30
50  HP 3275 268
30  HP 4110 288
10  HP 4353 298
31
80  HP 3625 220
40  CR 4231 3476
0  HP 4468 291
32
80  HP 2865 308
40  CR 3125 3314
0  HP 3557 289
33
80  HP 2600 338
40  HP 2612 214
0  CR 3483 3332
34
80  HP 2722 227
40  HP 3031 331
0  CR 3214 3313
35
50  HP 1863 260
30  HP 1960 211
10  HP 2296 215
36
50  HP 1747 328
30  HP 2134 283
10  HP 2707 246
37
50  HP 3265 269
30  HP 4228 332
10  HP 8305 264
38
50  HP 3428 236
30  CR 3709 3475
10  CR 4460 3470
39
50  HP 3072 290
30  HP 3618 234
10  HP 3833 316
40
50  HP 3075 256
30  HP 3638 244
10  HP 3778 241
41
50  CR 3916 3476
30  HP 4053 291
10  HP 4466 242
42
50  HP 2698 308
30  CR 3003 3298
10  HP 3059 303
43
50  HP 2884 229
30  CR 3545 3332
10  CR 4834 3302
44
50  HP 3416 227
30  HP 3853 261
45
50  HP 2439 211
30  CR 2738 3321
10  HP 2795 215
46
50  HP 2560 282
30  CR 2711 3301
10  HP 2988 271
47
50  HP 4525 330
30  CR 4747 3319
10  HP 4844 335
48
50  HP 5325 276
30  HP 5327 254
10  HP 6110 218
49
50  HP 4641 234
30  CR 4819 3299
10  CR 5183 3305
50
50  HP 3669 268
30  HP 4369 288
10  HP 4769 337
51
50  HP 3997 220
30  HP 4753 243
10  HP 6071 265
52
50  CR 3675 3314
30  HP 3687 312
10  HP 3715 289
53
50  HP 18604 1656
54
50  HP 10553 1642
30  CR 12468 2010
55
50  HP 18650 1644
56
50  HP 15963 1646
57
50  HP 17031 1647
58
50  CR 15619 2063
30  HP 17835 1649
59
50  HP 15187 1650
30  CR 17846 2014
60
50  HP 12150 1651
61
50  HP 13259 1653
SCORE:CR,HP,1360,3970,-261.0
