CR-HSC
1
50  CR 11712 3318
30  CR 12022 3334
10  HSC 12582 3422
2
50  HSC 13133 3465
30  CR 13265 3320
10  HSC 13628 3436
3
50  CR 9232 3319
30  HSC 10519 3445
4
50  HSC 8441 3463
30  CR 8600 3475
10  CR 10240 3470
5
50  HSC 7740 3466
30  HSC 7854 3424
10  CR 8527 3299
6
50  HSC 7907 3446
30  HSC 8508 3458
7
50  HSC 8442 3457
30  HSC 8729 3447
10  CR 9051 3476
8
50  HSC 6592 3462
30  CR 6896 3314
10  CR 7457 3298
9
50  CR 2966 3340
30  CR 2986 3297
10  CR 3035 3342
10
50  CR 3769 3292
30  HSC 3999 3459
10  CR 4727 3291
11
50  HSC 1977 3430
30  HSC 2019 3464
10  CR 2470 3325
12
50  CR 2227 3313
30  CR 3017 3316
10  CR 3425 3322
13
50  HSC 4509 3422
30  CR 4676 3318
10  HSC 4704 3467
14
50  HSC 4084 3420
30  HSC 4704 3465
10  CR 4819 3320
15
50  CR 3501 3319
30  HSC 3963 3445
10  HSC 5148 3425
16
50  CR 3247 3475
30  HSC 3251 3453
10  HSC 3253 3463
17
50  HSC 6734 3466
30  HSC 6821 3424
10  HSC 7172 3444
18
50  HSC 6803 3423
30  HSC 7347 3458
10  HSC 8261 3432
19
50  HSC 7373 3448
30  HSC 7776 3447
10  CR 8297 3476
20
50  HSC 5558 3462
30  HSC 5947 3460
10  CR 6211 3314
21
50  CR 3135 3340
30  CR 3330 3342
10  CR 3584 3297
22
50  HSC 8421 3459
23
50  CR 2932 3302
30  HSC 2976 3430
10  CR 3135 3340
24
50  CR 2928 3313
30  CR 4290 3322
10  CR 4381 3316
25
50  CR 2378 3334
30  HSC 2488 3422
10  CR 2545 3321
26
50  CR 2584 3337
30  HSC 2844 3420
10  HSC 2852 3465
27
50  CR 4382 3319
30  HSC 6280 3425
28
50  CR 3958 3475
30  HSC 4294 3421
10  HSC 4380 3453
29
50  HSC 3789 3444
30  CR 3934 3299
10  CR 4923 3305
30
50  HSC 3802 3446
30  HSC 3893 3423
10  HSC 5022 3432
31
80  HSC 3913 3448
40  HSC 4225 3447
0  CR 4231 3476
32
80  CR 3125 3314
40  HSC 3721 3461
0  HSC 4294 3454
33
80  CR 3483 3332
40  CR 5117 3325
0  CR 5174 3307
34
80  CR 3214 3313
35
50  CR 2349 3321
30  CR 2500 3334
10  CR 3434 3318
36
50  HSC 3654 3436
37
50  HSC 4920 3445
38
50  CR 3709 3475
30  HSC 4317 3453
10  CR 4460 3470
39
50  HSC 3635 3424
30  HSC 3875 3444
10  CR 4012 3299
40
50  HSC 3304 3446
30  HSC 3927 3423
41
50  HSC 3312 3457
30  CR 3916 3476
10  HSC 4225 3448
42
50  HSC 2639 3462
30  HSC 2925 3460
10  CR 3003 3298
43
50  HSC 2932 3430
30  HSC 3033 3464
10  CR 3545 3332
45
50  CR 2738 3321
30  HSC 3075 3440
10  CR 3376 3318
46
50  CR 2711 3301
30  HSC 3058 3420
10  HSC 3123 3436
47
50  CR 4747 3319
30  HSC 6262 3445
48
50  HSC 4691 3463
30  HSC 5188 3435
10  CR 6163 3312
49
50  HSC 4065 3466
30  CR 4819 3299
10  HSC 4831 3429
50
50  HSC 4279 3423
30  HSC 4618 3432
10  HSC 5319 3458
51
50  HSC 4470 3448
30  HSC 4532 3457
52
50  HSC 3407 3460
30  CR 3675 3314
10  HSC 3845 3454
54
50  CR 12468 2010
56
50  HSC 19928 2040
58
50  HSC 15277 2041
30  CR 15619 2063
59
50  HSC 12869 2042
30  CR 17846 2014
60
50  HSC 12747 2043
61
50  HSC 12104 2044
SCORE:CR,HSC,1990,2860,-87.0
