CR-LCC
1
50  CR 11712 3318
30  CR 12022 3334
10  LCC 12900 2855
2
50  CR 13265 3320
3
50  LCC 7247 2844
30  CR 9232 3319
10  LCC 9800 2860
4
50  LCC 7346 2868
30  CR 8600 3475
10  CR 10240 3470
5
50  LCC 7149 2861
30  LCC 7241 2846
10  CR 8527 3299
6
50  LCC 8146 2867
7
50  LCC 6395 2845
30  LCC 8620 2858
10  CR 9051 3476
8
50  LCC 6350 2871
30  LCC 6572 2836
10  CR 6896 3314
9
50  CR 2966 3340
30  CR 2986 3297
10  CR 3035 3342
10
50  CR 3769 3292
30  CR 4727 3291
10  CR 5039 3468
11
50  LCC 2278 2859
30  LCC 2345 2832
10  CR 2470 3325
12
50  CR 2227 3313
30  LCC 2865 2837
10  CR 3017 3316
13
50  LCC 3277 2869
30  LCC 4483 2855
10  CR 4676 3318
14
50  CR 4819 3320
30  CR 4867 3301
10  CR 4975 3317
15
50  CR 3501 3319
30  LCC 4085 2864
10  LCC 5274 2853
16
50  LCC 2821 2868
30  CR 3247 3475
10  CR 3667 3315
17
50  LCC 6550 2862
30  CR 7574 3299
10  LCC 8026 2829
18
50  LCC 7280 2867
30  LCC 9017 2847
10  LCC 10007 2838
19
50  CR 8297 3476
20
50  LCC 5634 2836
30  LCC 5829 2835
10  CR 6211 3314
21
50  CR 3135 3340
30  CR 3330 3342
10  CR 3584 3297
23
50  LCC 2705 2832
30  CR 2932 3302
10  LCC 3055 2859
24
50  CR 2928 3313
30  LCC 3932 2837
10  CR 4290 3322
25
50  LCC 1880 2869
30  CR 2378 3334
10  CR 2545 3321
26
50  CR 2584 3337
30  LCC 2887 2831
10  CR 2898 3317
27
50  LCC 3373 2844
30  CR 4382 3319
10  LCC 5359 2864
28
50  CR 3958 3475
30  CR 4915 3315
10  CR 5541 3294
29
50  LCC 3544 2862
30  CR 3934 3299
10  LCC 4528 2829
30
50  LCC 4645 2847
30  LCC 6495 2838
10  LCC 9469 2849
31
80  LCC 3887 2858
40  CR 4231 3476
0  LCC 5175 2865
32
80  LCC 2945 2871
40  CR 3125 3314
0  LCC 3756 2834
33
80  CR 3483 3332
40  LCC 4011 2859
0  CR 5117 3325
34
80  CR 3214 3313
35
50  CR 2349 3321
30  CR 2500 3334
10  CR 3434 3318
37
50  LCC 3470 2844
30  LCC 5231 2860
10  LCC 6450 2853
38
50  CR 3709 3475
30  CR 4460 3470
10  CR 5271 3315
39
50  LCC 3019 2861
30  LCC 3026 2846
10  LCC 3614 2862
40
50  LCC 3952 2867
41
50  LCC 2770 2845
30  CR 3916 3476
10  LCC 3963 2858
42
50  LCC 2625 2871
30  CR 3003 3298
10  LCC 3019 2835
43
50  CR 3545 3332
30  CR 4834 3302
10  CR 5321 3325
45
50  CR 2738 3321
30  CR 3376 3318
10  LCC 5274 2854
46
50  CR 2711 3301
30  LCC 2716 2831
47
50  CR 4747 3319
30  LCC 5133 2860
10  LCC 6635 2864
48
50  CR 6163 3312
49
50  LCC 3773 2861
30  LCC 3821 2846
10  CR 4819 3299
51
50  LCC 3654 2845
52
50  LCC 3518 2836
30  CR 3675 3314
10  LCC 3734 2851
54
50  CR 12468 2010
55
50  LCC 20217 1954
57
50  LCC 16435 1955
58
50  CR 15619 2063
59
50  LCC 11929 1956
30  CR 17846 2014
60
50  LCC 17576 1957
61
50  LCC 11533 1959
SCORE:CR,LCC,2160,2370,-21.0
