CR-NC
1
50  NC 9537 1485
30  NC 11022 1472
10  CR 11712 3318
2
50  NC 10859 1532
30  CR 13265 3320
10  NC 13682 1467
3
50  NC 7906 1477
30  CR 9232 3319
10  NC 9235 1504
4
50  NC 8479 1533
30  CR 8600 3475
10  NC 9094 1471
5
50  NC 8092 1476
30  CR 8527 3299
10  NC 9066 1506
6
50  NC 9079 1524
30  NC 9428 1514
7
50  NC 8569 1497
30  CR 9051 3476
10  NC 9537 1466
8
50  CR 6896 3314
30  NC 7103 1483
10  NC 7146 1492
9
50  NC 2950 1526
30  CR 2966 3340
10  CR 2986 3297
10
50  CR 3769 3292
30  CR 4727 3291
10  CR 5039 3468
11
50  NC 2056 1515
30  CR 2470 3325
10  CR 2591 3332
12
50  NC 2144 1487
30  NC 2181 1530
10  CR 2227 3313
13
50  NC 4184 1474
30  CR 4676 3318
10  CR 4850 3321
14
50  NC 4309 1528
30  CR 4819 3320
10  CR 4867 3301
15
50  NC 3160 1477
30  CR 3501 3319
10  NC 3698 1522
16
50  CR 3247 3475
30  NC 3250 1517
10  NC 3447 1533
17
50  NC 7388 1470
30  CR 7574 3299
10  NC 8268 1535
18
50  NC 7797 1537
30  NC 7947 1524
10  NC 8323 1514
19
50  NC 7391 1497
30  CR 8297 3476
10  NC 8413 1505
20
50  NC 6181 1483
30  CR 6211 3314
10  CR 6259 3298
21
50  CR 3135 3340
30  CR 3330 3342
10  CR 3584 3297
23
50  NC 2606 1516
30  CR 2932 3302
10  CR 3135 3340
24
50  NC 2572 1487
30  CR 2928 3313
10  NC 3022 1489
25
50  NC 1994 1485
30  NC 2363 1475
10  CR 2378 3334
26
50  NC 2422 1525
30  NC 2580 1467
10  CR 2584 3337
27
50  NC 3567 1477
30  CR 4382 3319
10  NC 4549 1504
28
50  CR 3958 3475
30  NC 4119 1533
10  NC 4179 1471
29
50  NC 3790 1470
30  CR 3934 3299
10  NC 4284 1506
30
50  NC 4540 1537
30  NC 4856 1524
10  NC 5037 1508
31
80  NC 3954 1497
40  CR 4231 3476
0  NC 4604 1466
32
80  CR 3125 3314
40  NC 3181 1492
0  NC 3437 1509
33
80  NC 2860 1516
40  NC 2900 1515
0  NC 2912 1510
34
80  NC 2659 1530
40  CR 3214 3313
0  NC 3803 1487
35
50  NC 1873 1485
30  NC 2172 1472
10  CR 2349 3321
36
50  NC 2300 1525
30  NC 2389 1532
10  NC 2462 1528
37
50  NC 4296 1519
30  NC 4328 1504
10  NC 4475 1522
38
50  NC 3571 1517
30  CR 3709 3475
10  NC 4003 1471
39
50  NC 3541 1470
30  NC 3618 1476
10  NC 3825 1506
40
50  NC 4068 1537
30  NC 4128 1514
41
50  NC 3763 1497
30  CR 3916 3476
10  NC 4526 1505
42
50  NC 2993 1483
30  CR 3003 3298
10  NC 3113 1492
43
50  NC 3047 1516
30  CR 3545 3332
10  NC 3862 1515
44
50  NC 2992 1494
30  NC 3066 1489
10  NC 3369 1530
45
50  NC 2462 1474
30  NC 2653 1472
10  CR 2738 3321
46
50  NC 2525 1532
30  CR 2711 3301
10  NC 3342 1469
47
50  NC 4322 1477
30  NC 4701 1519
10  CR 4747 3319
48
50  NC 4507 1517
30  NC 5165 1502
10  NC 5600 1518
49
50  NC 4160 1476
30  CR 4819 3299
10  CR 5183 3305
50
50  NC 4410 1524
30  NC 5575 1508
10  NC 5723 1480
51
50  NC 4844 1505
30  NC 4958 1466
52
50  NC 3615 1483
30  CR 3675 3314
10  NC 3750 1492
54
50  NC 9591 1764
30  CR 12468 2010
55
50  NC 18144 1766
56
50  NC 18106 1768
57
50  NC 15191 1770
58
50  NC 14393 1772
30  CR 15619 2063
59
50  NC 14019 1773
30  CR 17846 2014
60
50  NC 14844 1774
61
50  NC 14235 1775
SCORE:CR,NC,1440,3730,-229.0
