CR-NSC
1
50  NSC 10734 638
30  NSC 10903 666
10  CR 11712 3318
2
50  NSC 10994 632
30  NSC 11871 607
10  CR 13265 3320
3
50  NSC 7928 660
30  CR 9232 3319
10  NSC 9897 673
4
50  CR 8600 3475
30  CR 10240 3470
10  NSC 10388 671
5
50  NSC 7594 612
30  CR 8527 3299
10  NSC 9172 625
6
50  NSC 7116 595
30  NSC 8581 601
10  NSC 8669 589
7
50  NSC 7146 664
30  NSC 7884 584
10  CR 9051 3476
8
50  NSC 6128 586
30  CR 6896 3314
10  NSC 7101 569
9
50  NSC 2872 634
30  CR 2966 3340
10  CR 2986 3297
10
50  NSC 3440 644
30  NSC 3666 630
10  CR 3769 3292
11
50  NSC 2137 672
30  NSC 2175 643
10  NSC 2285 611
12
50  NSC 2081 606
30  CR 2227 3313
10  NSC 2541 657
13
50  NSC 4031 640
30  NSC 4131 638
10  NSC 4587 618
14
50  NSC 3841 627
30  NSC 4163 677
10  NSC 4425 622
15
50  CR 3501 3319
30  NSC 3797 635
10  NSC 3807 576
16
50  CR 3247 3475
30  CR 3667 3315
10  CR 3858 3470
17
50  NSC 7472 656
30  CR 7574 3299
10  NSC 8125 669
18
50  NSC 7620 617
30  NSC 7872 589
10  NSC 8006 570
19
50  NSC 6697 573
30  NSC 7000 584
10  CR 8297 3476
20
50  NSC 5459 586
30  NSC 5678 661
10  CR 6211 3314
21
50  CR 3135 3340
30  CR 3330 3342
10  CR 3584 3297
22
50  NSC 4485 644
30  NSC 5784 654
23
50  NSC 2553 643
30  NSC 2566 665
10  NSC 2839 648
24
50  NSC 2825 606
30  CR 2928 3313
10  NSC 3006 578
25
50  NSC 2138 638
30  NSC 2170 666
10  CR 2378 3334
26
50  NSC 2112 627
30  NSC 2384 677
10  NSC 2456 622
27
50  NSC 3566 660
30  CR 4382 3319
10  NSC 4984 649
28
50  CR 3958 3475
30  NSC 4747 642
10  CR 4915 3315
29
50  NSC 3691 612
30  CR 3934 3299
10  NSC 4012 656
30
50  NSC 4118 592
30  NSC 4137 617
10  NSC 4447 589
31
80  NSC 3358 664
40  NSC 3612 594
0  NSC 3720 573
32
80  NSC 2969 586
40  CR 3125 3314
0  NSC 3428 569
33
80  NSC 2650 665
40  NSC 2703 672
0  NSC 2825 603
34
80  NSC 2619 606
40  CR 3214 3313
35
50  NSC 2060 640
30  CR 2349 3321
10  CR 2500 3334
36
50  NSC 2269 631
30  NSC 2356 633
10  NSC 2844 568
37
50  NSC 3546 660
30  NSC 4490 576
10  NSC 4800 673
38
50  CR 3709 3475
30  CR 4460 3470
10  NSC 5213 671
39
50  NSC 3901 656
30  CR 4012 3299
10  NSC 4338 669
40
50  NSC 3934 601
30  NSC 3941 592
10  NSC 4331 570
41
50  NSC 3315 573
30  NSC 3440 567
10  NSC 3545 584
42
50  NSC 2939 661
30  CR 3003 3298
10  NSC 3104 591
43
50  NSC 2800 672
30  NSC 3390 626
10  CR 3545 3332
44
50  NSC 2832 621
30  NSC 4644 614
45
50  NSC 2497 640
30  NSC 2538 666
10  CR 2738 3321
46
50  NSC 2409 632
30  NSC 2559 622
10  CR 2711 3301
47
50  CR 4747 3319
30  NSC 5122 593
10  NSC 5138 572
48
50  NSC 5044 671
30  NSC 5400 613
10  NSC 5731 642
49
50  NSC 4059 612
30  NSC 4425 625
10  NSC 4694 667
50
50  NSC 3590 595
30  NSC 4453 592
51
50  NSC 3763 664
30  NSC 4044 567
10  NSC 4137 594
52
50  NSC 3544 661
30  CR 3675 3314
10  NSC 3844 569
53
50  NSC 15700 1685
54
50  NSC 9860 1672
30  CR 12468 2010
55
50  NSC 20914 1675
56
50  NSC 17615 1677
57
50  NSC 15450 1679
58
50  CR 15619 2063
59
50  NSC 14494 1682
30  CR 17846 2014
60
50  NSC 12959 1683
61
50  NSC 12194 1684
SCORE:CR,NSC,1200,4080,-288.0
