CR-PO
1
50  PO 9340 2358
30  PO 10953 2304
10  CR 11712 3318
2
50  PO 10430 2359
30  PO 12613 2389
10  CR 13265 3320
3
50  CR 9232 3319
30  PO 9899 2336
10  PO 10541 2295
4
50  CR 8600 3475
30  PO 9149 2391
10  CR 10240 3470
5
50  CR 8527 3299
30  PO 9593 2388
10  PO 9719 2312
6
50  PO 7628 2297
30  PO 7677 2366
10  PO 9113 2315
7
50  PO 8925 2320
30  PO 8952 2319
10  CR 9051 3476
8
50  CR 6896 3314
30  PO 7191 2298
10  CR 7457 3298
9
50  PO 2428 2293
30  CR 2966 3340
10  CR 2986 3297
10
50  PO 2596 2346
30  PO 3253 2322
10  PO 3576 2305
11
50  PO 2096 2364
30  PO 2269 2351
10  PO 2293 2335
12
50  PO 2075 2402
30  PO 2097 2292
10  PO 2218 2345
13
50  PO 3834 2317
30  PO 4408 2304
10  CR 4676 3318
14
50  PO 4212 2359
30  PO 4251 2389
10  PO 4348 2400
15
50  CR 3501 3319
30  PO 3896 2336
10  PO 4000 2295
16
50  CR 3247 3475
30  CR 3667 3315
10  PO 3749 2349
17
50  CR 7574 3299
30  PO 8416 2312
10  CR 9432 3341
18
50  PO 7672 2315
30  PO 8137 2331
10  PO 9958 2302
19
50  PO 7177 2353
30  PO 7887 2356
10  PO 8106 2320
20
50  CR 6211 3314
30  CR 6259 3298
10  PO 7108 2298
21
50  CR 3135 3340
30  PO 3271 2378
10  CR 3330 3342
22
50  PO 3458 2346
30  PO 3540 2322
10  PO 4746 2305
23
50  PO 2579 2351
30  PO 2611 2330
10  PO 2634 2335
24
50  PO 2745 2345
30  PO 2847 2292
10  PO 2897 2367
25
50  PO 2181 2317
30  CR 2378 3334
10  PO 2479 2321
26
50  CR 2584 3337
30  PO 2667 2307
10  CR 2898 3317
27
50  CR 4382 3319
30  PO 5895 2403
10  PO 5904 2294
28
50  CR 3958 3475
30  CR 4915 3315
10  PO 5190 2396
29
50  CR 3934 3299
30  PO 4596 2361
10  PO 4737 2388
30
50  PO 3426 2297
30  PO 3614 2366
10  PO 5113 2302
31
80  PO 4090 2319
40  PO 4220 2320
0  CR 4231 3476
32
80  CR 3125 3314
40  PO 4094 2300
0  PO 4133 2340
33
80  PO 2769 2364
40  PO 3434 2330
0  CR 3483 3332
34
80  PO 2833 2345
40  PO 2866 2402
0  PO 2975 2355
35
50  PO 1754 2358
30  PO 1951 2317
10  PO 2282 2304
36
50  PO 2003 2359
30  PO 2400 2400
10  PO 5197 2360
37
50  PO 5814 2403
30  PO 7468 2363
10  PO 7571 2380
38
50  CR 3709 3475
30  PO 4129 2391
10  CR 4460 3470
39
50  CR 4012 3299
30  PO 4303 2361
10  PO 4482 2312
40
50  PO 3357 2297
30  PO 3587 2366
10  PO 4567 2331
41
50  PO 3582 2353
30  CR 3916 3476
10  PO 4020 2356
42
50  CR 3003 3298
30  PO 3243 2298
10  PO 3741 2340
43
50  CR 3545 3332
30  PO 3567 2390
10  PO 4302 2299
44
50  PO 3713 2355
45
50  PO 2282 2358
30  CR 2738 3321
10  PO 2802 2333
46
50  PO 2697 2400
30  CR 2711 3301
10  PO 3027 2296
47
50  CR 4747 3319
30  PO 4839 2336
10  PO 6139 2403
48
50  PO 5239 2391
30  PO 5258 2349
10  CR 6163 3312
49
50  PO 4732 2342
30  PO 5150 2388
10  CR 5183 3305
50
50  PO 4740 2331
30  PO 4829 2315
10  PO 6469 2369
51
50  PO 4338 2320
30  PO 4744 2319
10  PO 5273 2301
52
50  CR 3675 3314
30  CR 3995 3298
10  PO 4268 2300
53
50  PO 12839 1888
54
50  PO 9464 1876
30  CR 12468 2010
55
50  PO 17012 1877
56
50  PO 19939 1879
57
50  PO 19083 1881
58
50  CR 15619 2063
30  PO 16272 1882
59
50  PO 15543 1884
30  CR 17846 2014
60
50  PO 13909 1886
61
50  PO 12619 1887
SCORE:CR,PO,1540,3760,-222.0
