CR-RW
1
50  RW 10009 718
30  RW 11222 768
10  CR 11712 3318
2
50  RW 8968 753
30  RW 9600 762
10  CR 13265 3320
3
50  RW 8982 725
30  CR 9232 3319
10  RW 10153 686
4
50  CR 8600 3475
30  CR 10240 3470
10  RW 10600 736
5
50  RW 7908 773
30  RW 8319 735
10  CR 8527 3299
6
50  RW 7729 752
7
50  RW 7459 772
30  CR 9051 3476
8
50  CR 6896 3314
30  RW 6948 733
10  RW 7027 763
9
50  RW 2557 688
30  CR 2966 3340
10  CR 2986 3297
10
50  RW 3534 751
30  CR 3769 3292
10  RW 4054 720
11
50  RW 1975 771
30  CR 2470 3325
10  RW 2544 703
12
50  RW 1829 726
30  RW 2055 696
10  RW 2206 761
13
50  RW 3735 718
30  RW 3906 701
10  CR 4676 3318
14
50  RW 3905 762
30  CR 4819 3320
10  CR 4867 3301
15
50  CR 3501 3319
30  RW 3539 727
10  RW 3832 725
16
50  CR 3247 3475
30  RW 3402 724
10  CR 3667 3315
17
50  RW 7229 735
30  CR 7574 3299
10  RW 8526 767
18
50  RW 6623 752
30  RW 9885 691
19
50  RW 6387 772
30  CR 8297 3476
20
50  RW 5551 716
30  RW 5951 763
10  RW 6060 733
21
50  CR 3135 3340
30  CR 3330 3342
10  RW 3450 688
22
50  RW 4079 695
30  RW 4291 751
10  RW 6353 717
23
50  CR 2932 3302
30  CR 3135 3340
10  CR 3232 3325
24
50  RW 2427 726
30  RW 2718 737
10  RW 2770 747
25
50  RW 1989 701
30  RW 2244 715
10  CR 2378 3334
26
50  RW 1908 753
30  RW 2256 749
10  RW 2521 730
27
50  CR 4382 3319
30  RW 4563 743
10  RW 4912 729
28
50  CR 3958 3475
30  RW 4728 724
10  RW 4906 766
29
50  RW 3721 735
30  CR 3934 3299
10  RW 4257 754
30
50  RW 5444 691
30  RW 6076 769
31
80  RW 3927 722
40  CR 4231 3476
32
80  RW 3041 716
40  CR 3125 3314
0  RW 3259 742
33
80  RW 2497 771
40  RW 2947 740
0  RW 3059 750
34
80  RW 2609 696
40  RW 2669 747
0  CR 3214 3313
35
50  RW 1973 718
30  CR 2349 3321
10  CR 2500 3334
36
50  RW 1899 762
30  RW 2556 730
10  RW 2951 746
37
50  RW 4372 686
30  RW 4780 689
10  RW 4900 764
38
50  CR 3709 3475
30  RW 4420 736
10  CR 4460 3470
39
50  RW 3435 773
30  CR 4012 3299
10  RW 4221 767
40
50  RW 5377 769
41
50  RW 3266 772
30  CR 3916 3476
10  RW 4106 722
42
50  RW 2739 716
30  RW 2939 733
10  CR 3003 3298
43
50  RW 2462 771
30  CR 3545 3332
10  CR 4834 3302
44
50  RW 2621 726
30  RW 3435 748
45
50  RW 2351 701
30  CR 2738 3321
10  RW 3161 715
46
50  RW 2123 753
30  CR 2711 3301
10  RW 2953 749
47
50  RW 4334 725
30  CR 4747 3319
10  RW 4809 727
48
50  RW 5496 766
30  CR 6163 3312
49
50  RW 3988 773
30  RW 4944 754
10  CR 5183 3305
50
50  RW 4049 752
30  RW 5058 691
10  RW 6481 769
51
50  RW 4707 722
52
50  CR 3675 3314
30  RW 3837 763
10  CR 3995 3298
53
50  RW 17717 1691
54
50  RW 10673 1686
30  CR 12468 2010
55
50  RW 18245 1687
56
50  RW 19983 1688
57
50  RW 15355 1689
58
50  CR 15619 2063
59
50  CR 17846 2014
SCORE:CR,RW,1460,3540,-208.0
