CR-SHC
1
50  SHC 8773 492
30  SHC 10263 463
10  SHC 10669 513
2
50  SHC 10517 475
30  SHC 10644 539
10  SHC 12246 531
3
50  SHC 8951 533
30  CR 9232 3319
10  SHC 9627 514
4
50  SHC 7872 552
30  CR 8600 3475
10  CR 10240 3470
5
50  SHC 8052 501
30  CR 8527 3299
10  CR 9890 3341
6
50  SHC 6757 549
30  SHC 11721 476
7
50  SHC 7710 459
30  SHC 7723 479
10  SHC 8297 558
8
50  CR 6896 3314
30  SHC 7306 502
10  SHC 7419 497
9
50  CR 2966 3340
30  CR 2986 3297
10  CR 3035 3342
10
50  SHC 3037 565
30  SHC 3619 471
10  SHC 3666 534
11
50  SHC 2143 564
30  SHC 2346 491
10  SHC 2353 541
12
50  CR 2227 3313
30  SHC 2783 535
10  SHC 2872 512
13
50  SHC 3514 492
30  SHC 3799 547
10  SHC 3929 522
14
50  SHC 4207 537
30  SHC 4694 559
10  CR 4819 3320
15
50  SHC 3479 533
30  CR 3501 3319
10  SHC 3687 514
16
50  SHC 3036 552
30  CR 3247 3475
10  CR 3667 3315
17
50  SHC 7129 546
30  CR 7574 3299
10  SHC 7729 478
18
50  SHC 7143 493
30  SHC 8607 488
10  SHC 9696 476
19
50  SHC 6655 479
30  SHC 6933 459
10  SHC 7867 489
20
50  SHC 5949 490
30  CR 6211 3314
10  CR 6259 3298
21
50  SHC 2812 540
30  CR 3135 3340
10  CR 3330 3342
22
50  SHC 3253 565
30  SHC 3894 471
10  SHC 4737 534
23
50  SHC 2502 564
30  SHC 2827 554
10  SHC 2833 553
24
50  SHC 2900 464
30  CR 2928 3313
10  SHC 3818 512
25
50  SHC 2013 550
30  SHC 2044 513
10  SHC 2203 547
26
50  CR 2584 3337
30  SHC 2653 457
10  SHC 2657 538
27
50  CR 4382 3319
30  SHC 4386 533
10  SHC 4756 487
28
50  CR 3958 3475
30  SHC 4765 451
10  CR 4915 3315
29
50  SHC 3509 546
30  CR 3934 3299
10  CR 4923 3305
30
50  SHC 4305 493
30  SHC 4891 488
31
80  SHC 3706 558
40  SHC 3828 458
0  SHC 4017 489
32
80  CR 3125 3314
40  SHC 3169 502
0  SHC 3619 526
33
80  SHC 2923 554
40  SHC 2977 491
0  SHC 2997 540
34
80  CR 3214 3313
40  SHC 3849 511
35
50  SHC 1906 463
30  CR 2349 3321
10  SHC 2377 524
36
50  SHC 2075 537
30  SHC 2173 539
10  SHC 2534 506
37
50  SHC 4158 514
30  SHC 4610 487
10  SHC 5393 477
38
50  SHC 3333 552
30  CR 3709 3475
10  CR 4460 3470
39
50  SHC 3290 501
30  SHC 3653 546
10  CR 4012 3299
40
50  SHC 2951 549
30  SHC 3667 493
41
50  SHC 3356 459
30  SHC 3443 479
10  CR 3916 3476
42
50  SHC 2906 490
30  CR 3003 3298
10  SHC 3016 502
43
50  SHC 3154 553
30  SHC 3207 469
10  SHC 3212 491
44
50  SHC 3788 464
45
50  SHC 2141 550
30  SHC 2513 522
10  SHC 2620 524
46
50  SHC 2295 475
30  SHC 2475 539
10  CR 2711 3301
47
50  CR 4747 3319
30  SHC 5463 482
10  SHC 5543 515
48
50  SHC 5134 542
30  SHC 5643 466
10  SHC 5672 451
49
50  SHC 4671 478
30  CR 5183 3305
10  CR 5388 3300
50
50  SHC 3461 549
30  SHC 5967 476
51
50  SHC 4114 458
30  SHC 4837 489
52
50  CR 3675 3314
30  SHC 3760 490
10  SHC 3804 497
53
50  SHC 16298 1670
54
50  CR 12468 2010
55
50  SHC 14927 1665
56
50  SHC 18851 1666
57
50  SHC 18766 1667
58
50  CR 15619 2063
59
50  CR 17846 2014
SCORE:CR,SHC,1300,3760,-246.0
