CR-SH
1
50  SH 10278 2639
30  SH 11089 2607
10  SH 11656 2638
2
50  CR 13265 3320
3
50  SH 8498 2619
30  CR 9232 3319
10  SH 9564 2612
4
50  CR 8600 3475
30  SH 9948 2647
10  CR 10240 3470
5
50  SH 7836 2618
30  CR 8527 3299
10  SH 8931 2640
7
50  CR 9051 3476
30  SH 9090 2631
8
50  SH 6485 2605
30  CR 6896 3314
10  SH 7027 2613
9
50  CR 2966 3340
30  CR 2986 3297
10  CR 3035 3342
10
50  CR 3769 3292
30  CR 4727 3291
10  CR 5039 3468
11
50  SH 2056 2629
30  SH 2378 2626
10  SH 2460 2627
12
50  SH 2009 2642
30  CR 2227 3313
10  SH 2814 2644
13
50  SH 3852 2639
30  SH 4190 2603
10  SH 4442 2607
14
50  CR 4819 3320
30  CR 4867 3301
10  CR 4975 3317
15
50  SH 3463 2619
30  CR 3501 3319
10  SH 4058 2612
16
50  CR 3247 3475
30  CR 3667 3315
10  CR 3858 3470
17
50  SH 6858 2618
30  CR 7574 3299
10  SH 8035 2641
19
50  SH 8136 2631
30  CR 8297 3476
20
50  SH 5747 2605
30  CR 6211 3314
10  CR 6259 3298
21
50  CR 3135 3340
30  CR 3330 3342
10  CR 3584 3297
23
50  SH 2543 2629
30  CR 2932 3302
10  SH 3060 2626
24
50  SH 2892 2642
30  CR 2928 3313
10  CR 4290 3322
25
50  CR 2378 3334
30  SH 2416 2639
10  SH 2471 2643
26
50  CR 2584 3337
30  SH 2762 2599
10  CR 2898 3317
27
50  CR 4382 3319
30  SH 4434 2612
10  SH 4963 2608
28
50  CR 3958 3475
30  SH 4732 2630
10  CR 4915 3315
29
50  SH 3769 2618
30  CR 3934 3299
10  SH 4517 2637
31
80  CR 4231 3476
32
80  CR 3125 3314
40  SH 3178 2605
33
80  SH 2598 2629
40  SH 3369 2626
0  CR 3483 3332
34
80  SH 2623 2642
40  CR 3214 3313
35
50  SH 2202 2638
30  SH 2288 2607
10  CR 2349 3321
36
50  SH 3525 2614
37
50  SH 3979 2619
30  SH 5428 2608
38
50  CR 3709 3475
30  CR 4460 3470
10  CR 5271 3315
39
50  SH 3807 2640
30  SH 3932 2641
10  CR 4012 3299
41
50  CR 3916 3476
42
50  SH 2953 2605
30  CR 3003 3298
10  SH 3161 2613
43
50  SH 2875 2629
30  CR 3545 3332
10  CR 4834 3302
44
50  SH 2983 2642
30  SH 3532 2644
10  SH 4311 2621
45
50  SH 2408 2639
30  SH 2480 2603
10  CR 2738 3321
46
50  CR 2711 3301
30  SH 2964 2617
47
50  SH 4632 2619
30  CR 4747 3319
10  SH 5171 2612
48
50  CR 6163 3312
30  SH 6956 2597
10  SH 7558 2625
49
50  SH 4600 2640
30  CR 5183 3305
10  CR 5388 3300
51
50  SH 4738 2631
52
50  SH 3350 2613
30  CR 3675 3314
10  CR 3995 3298
54
50  SH 11370 1919
30  CR 12468 2010
55
50  SH 19413 1921
58
50  CR 15619 2063
30  SH 19108 1923
59
50  SH 13886 1924
30  CR 17846 2014
SCORE:CR,SH,1940,2370,-43.0
