CR-SA
1
50  CR 11712 3318
30  CR 12022 3334
2
50  CR 13265 3320
3
50  CR 9232 3319
4
50  CR 8600 3475
30  CR 10240 3470
10  CR 10744 3315
5
50  CR 8527 3299
30  CR 9890 3341
10  CR 10659 3305
7
50  CR 9051 3476
8
50  CR 6896 3314
30  CR 7457 3298
9
50  CR 2966 3340
30  CR 2986 3297
10  CR 3035 3342
10
50  CR 3769 3292
30  CR 4727 3291
10  CR 5039 3468
11
50  CR 2470 3325
30  CR 2591 3332
10  CR 2844 3307
12
50  CR 2227 3313
30  CR 3017 3316
10  CR 3425 3322
13
50  CR 4676 3318
30  CR 4850 3321
10  CR 5027 3309
14
50  CR 4819 3320
30  CR 4867 3301
10  CR 4975 3317
15
50  CR 3501 3319
16
50  CR 3247 3475
30  CR 3667 3315
10  CR 3858 3470
17
50  CR 7574 3299
30  CR 9432 3341
10  CR 9596 3305
19
50  CR 8297 3476
20
50  CR 6211 3314
30  CR 6259 3298
21
50  CR 3135 3340
30  CR 3330 3342
10  CR 3584 3297
23
50  CR 2932 3302
30  CR 3135 3340
10  CR 3232 3325
24
50  CR 2928 3313
30  CR 4290 3322
10  CR 4381 3316
25
50  CR 2378 3334
30  CR 2545 3321
10  CR 2590 3309
26
50  CR 2584 3337
30  CR 2898 3317
10  CR 3594 3330
27
50  CR 4382 3319
28
50  CR 3958 3475
30  CR 4915 3315
10  CR 5541 3294
29
50  CR 3934 3299
30  CR 4923 3305
10  CR 6274 3300
31
80  CR 4231 3476
32
80  CR 3125 3314
33
80  CR 3483 3332
40  CR 5117 3325
0  CR 5174 3307
34
80  CR 3214 3313
35
50  CR 2349 3321
30  CR 2500 3334
10  CR 3434 3318
38
50  CR 3709 3475
30  CR 4460 3470
10  CR 5271 3315
39
50  CR 4012 3299
30  CR 4917 3341
41
50  CR 3916 3476
42
50  CR 3003 3298
43
50  CR 3545 3332
30  CR 4834 3302
10  CR 5321 3325
45
50  CR 2738 3321
30  CR 3376 3318
46
50  CR 2711 3301
47
50  CR 4747 3319
48
50  CR 6163 3312
49
50  CR 5183 3305
30  CR 5388 3300
52
50  CR 3675 3314
30  CR 3995 3298
54
50  CR 12468 2010
58
50  CR 15619 2063
59
50  CR 17846 2014
SCORE:CR,SA,3420,0,342.0
