CR-SCSC
1
50  SCSC 9422 83
30  SCSC 9644 126
10  CR 11712 3318
2
50  SCSC 10856 129
30  SCSC 11107 196
10  CR 13265 3320
3
50  SCSC 8177 125
30  SCSC 8218 208
10  CR 9232 3319
4
50  SCSC 8071 200
30  CR 8600 3475
10  SCSC 9385 128
5
50  SCSC 7622 107
30  CR 8527 3299
10  SCSC 8989 165
6
50  SCSC 6832 178
30  SCSC 7156 151
10  SCSC 7837 192
7
50  SCSC 8853 117
30  CR 9051 3476
10  SCSC 9719 135
8
50  SCSC 6738 176
30  CR 6896 3314
10  CR 7457 3298
9
50  CR 2966 3340
30  CR 2986 3297
10  CR 3035 3342
10
50  SCSC 2637 185
30  CR 3769 3292
10  SCSC 4081 123
11
50  SCSC 2091 172
30  SCSC 2114 191
10  CR 2470 3325
12
50  SCSC 1919 154
30  CR 2227 3313
10  SCSC 2425 195
13
50  SCSC 3635 126
30  SCSC 3641 83
10  SCSC 3885 146
14
50  SCSC 3983 80
30  SCSC 4257 168
10  SCSC 4639 88
15
50  SCSC 2862 159
30  SCSC 3194 208
10  SCSC 3463 166
16
50  SCSC 3125 200
30  SCSC 3216 82
10  CR 3247 3475
17
50  SCSC 6237 199
30  CR 7574 3299
10  SCSC 7682 177
18
50  SCSC 6556 133
30  SCSC 6657 192
10  SCSC 7412 127
19
50  SCSC 6151 108
30  CR 8297 3476
10  SCSC 8854 135
20
50  SCSC 5587 156
30  CR 6211 3314
10  CR 6259 3298
21
50  CR 3135 3340
30  CR 3330 3342
10  CR 3584 3297
22
50  SCSC 4701 173
30  SCSC 5191 123
10  SCSC 5756 167
23
50  SCSC 2875 191
30  CR 2932 3302
10  CR 3135 3340
24
50  SCSC 2425 154
30  CR 2928 3313
10  SCSC 3058 147
25
50  SCSC 2089 126
30  CR 2378 3334
10  SCSC 2406 171
26
50  SCSC 2220 196
30  SCSC 2271 168
10  SCSC 2376 129
27
50  SCSC 3313 159
30  SCSC 3831 208
10  CR 4382 3319
28
50  SCSC 3633 200
30  CR 3958 3475
10  SCSC 4544 144
29
50  CR 3934 3299
30  SCSC 4034 114
10  SCSC 4203 198
30
50  SCSC 3432 120
30  SCSC 3545 178
10  SCSC 4538 106
31
80  SCSC 3306 108
40  SCSC 4070 121
0  CR 4231 3476
32
80  CR 3125 3314
40  SCSC 3432 176
0  SCSC 3878 142
33
80  SCSC 2565 105
40  SCSC 3100 191
0  CR 3483 3332
34
80  CR 3214 3313
40  SCSC 3219 147
0  SCSC 3240 160
35
50  SCSC 1728 83
30  SCSC 1995 146
10  CR 2349 3321
36
50  SCSC 2366 164
30  SCSC 2500 134
10  SCSC 2691 91
37
50  SCSC 3894 166
30  SCSC 4683 118
10  SCSC 5463 162
38
50  CR 3709 3475
30  CR 4460 3470
10  SCSC 4764 144
39
50  SCSC 3078 199
30  CR 4012 3299
10  SCSC 4022 114
40
50  SCSC 3012 151
30  SCSC 3447 192
10  SCSC 3459 120
41
50  CR 3916 3476
30  SCSC 4072 117
42
50  SCSC 2747 156
30  SCSC 2783 201
10  CR 3003 3298
43
50  SCSC 3153 172
30  SCSC 3250 95
10  SCSC 3331 105
44
50  SCSC 2935 160
30  SCSC 3825 137
10  SCSC 4272 185
45
50  SCSC 2507 184
30  SCSC 2697 171
10  CR 2738 3321
46
50  CR 2711 3301
30  SCSC 2757 88
10  SCSC 2904 136
47
50  SCSC 4256 125
30  CR 4747 3319
10  SCSC 5194 100
48
50  SCSC 4256 82
30  SCSC 4665 169
10  SCSC 5169 109
49
50  SCSC 3997 107
30  SCSC 4313 165
10  SCSC 4750 155
50
50  SCSC 3432 178
30  SCSC 3800 133
10  SCSC 3982 151
51
50  SCSC 4337 117
30  SCSC 5038 121
52
50  SCSC 3234 156
30  SCSC 3339 201
10  CR 3675 3314
53
50  SCSC 16759 1641
54
50  SCSC 9056 1633
30  CR 12468 2010
55
50  SCSC 19565 1634
56
50  SCSC 18470 1635
57
50  SCSC 13178 1636
58
50  SCSC 14856 1637
30  CR 15619 2063
59
50  SCSC 13296 1638
30  CR 17846 2014
60
50  SCSC 12758 1639
61
50  SCSC 11516 1640
SCORE:CR,SCSC,1240,4080,-284.0
