CR-WW
1
50  WW 9347 1645
30  CR 11712 3318
10  CR 12022 3334
2
50  WW 11716 1597
30  WW 12762 1592
10  CR 13265 3320
3
50  CR 9232 3319
30  WW 9519 1584
10  WW 9887 1634
4
50  CR 8600 3475
30  CR 10240 3470
10  CR 10744 3315
5
50  WW 8091 1544
30  CR 8527 3299
10  WW 8587 1626
6
50  WW 7547 1643
30  WW 9959 1576
7
50  WW 7781 1616
30  CR 9051 3476
10  WW 9163 1640
8
50  WW 6700 1585
30  CR 6896 3314
10  CR 7457 3298
9
50  CR 2966 3340
30  CR 2986 3297
10  CR 3035 3342
10
50  WW 2803 1591
30  CR 3769 3292
10  WW 4153 1615
11
50  WW 1959 1580
30  WW 2100 1573
10  CR 2470 3325
12
50  WW 2186 1619
30  CR 2227 3313
10  WW 2438 1561
13
50  WW 3890 1589
30  WW 4283 1638
10  CR 4676 3318
14
50  WW 4059 1552
30  WW 4381 1569
10  WW 4538 1623
15
50  WW 3228 1625
30  CR 3501 3319
10  WW 3729 1584
16
50  CR 3247 3475
30  CR 3667 3315
10  WW 3762 1605
17
50  WW 6844 1581
30  WW 6869 1618
10  CR 7574 3299
18
50  WW 7106 1583
30  WW 9689 1607
19
50  WW 6303 1551
30  WW 7506 1562
10  CR 8297 3476
20
50  CR 6211 3314
30  CR 6259 3298
10  WW 6309 1582
21
50  CR 3135 3340
30  CR 3330 3342
10  CR 3584 3297
22
50  WW 5181 1591
30  WW 5769 1615
10  WW 6866 1593
23
50  WW 2472 1580
30  CR 2932 3302
10  CR 3135 3340
24
50  CR 2928 3313
30  WW 3006 1635
10  WW 3325 1619
25
50  WW 2100 1645
30  CR 2378 3334
10  WW 2475 1589
26
50  WW 2428 1569
30  CR 2584 3337
10  WW 2609 1623
27
50  CR 4382 3319
30  WW 4756 1634
10  WW 5269 1578
28
50  CR 3958 3475
30  WW 4644 1605
10  CR 4915 3315
29
50  WW 3622 1618
30  WW 3709 1595
10  CR 3934 3299
30
50  WW 3488 1643
30  WW 3675 1583
10  WW 5000 1576
31
80  WW 3531 1551
40  WW 3584 1616
0  WW 4031 1640
32
80  WW 3043 1585
40  CR 3125 3314
0  WW 3605 1582
33
80  WW 2604 1573
40  CR 3483 3332
0  WW 3637 1621
34
80  CR 3214 3313
40  WW 3675 1635
35
50  WW 1864 1645
30  CR 2349 3321
10  CR 2500 3334
36
50  WW 2463 1639
30  WW 2991 1623
10  WW 3288 1592
37
50  WW 3816 1625
30  WW 3966 1572
10  WW 4694 1543
38
50  CR 3709 3475
30  WW 4303 1636
10  CR 4460 3470
39
50  WW 3473 1618
30  WW 3593 1581
10  WW 3706 1595
40
50  WW 3459 1643
30  WW 4190 1576
41
50  WW 3331 1616
30  WW 3788 1640
10  WW 3844 1562
42
50  WW 2879 1585
30  CR 3003 3298
10  WW 3316 1565
43
50  WW 2591 1573
30  WW 3260 1601
10  CR 3545 3332
44
50  WW 3581 1620
30  WW 7800 1593
45
50  WW 2350 1589
30  WW 2469 1638
10  WW 2637 1542
46
50  WW 2640 1552
30  CR 2711 3301
10  WW 2721 1629
47
50  WW 4207 1625
30  WW 4327 1572
10  WW 4363 1584
48
50  WW 4466 1636
30  WW 5481 1605
10  CR 6163 3312
49
50  WW 3978 1544
30  WW 4063 1581
10  WW 4550 1637
50
50  WW 4181 1583
51
50  WW 3768 1551
30  WW 4440 1596
10  WW 6650 1558
52
50  WW 3665 1608
30  CR 3675 3314
10  WW 3700 1582
53
50  WW 11534 1795
54
50  WW 9416 1776
30  CR 12468 2010
55
50  WW 17160 1779
56
50  WW 18144 1782
57
50  WW 14228 1784
58
50  CR 15619 2063
30  WW 20981 1788
59
50  WW 12400 1789
30  CR 17846 2014
60
50  WW 13835 1791
61
50  WW 11479 1792
SCORE:CR,WW,1510,3750,-224.0
