CR-WAW
1
50  WAW 9200 1022
30  WAW 11537 930
10  CR 11712 3318
2
50  WAW 8528 1033
30  WAW 10693 964
10  WAW 12492 926
3
50  WAW 9045 931
30  CR 9232 3319
10  WAW 9818 950
4
50  WAW 7781 940
30  CR 8600 3475
10  CR 10240 3470
5
50  WAW 7833 908
30  CR 8527 3299
10  WAW 8719 1004
6
50  WAW 6684 904
30  WAW 7572 1032
7
50  WAW 7606 975
30  CR 9051 3476
10  WAW 10288 957
8
50  WAW 6267 1012
30  CR 6896 3314
10  WAW 7387 1026
9
50  WAW 2516 959
30  CR 2966 3340
10  CR 2986 3297
10
50  WAW 2569 916
30  WAW 3534 947
10  CR 3769 3292
11
50  WAW 1876 1021
30  WAW 2419 1011
10  CR 2470 3325
12
50  WAW 2056 961
30  CR 2227 3313
10  WAW 2233 956
13
50  WAW 3626 939
30  CR 4676 3318
10  CR 4850 3321
14
50  WAW 3897 964
30  WAW 4081 996
10  WAW 4251 912
15
50  WAW 3166 938
30  CR 3501 3319
10  WAW 4014 950
16
50  CR 3247 3475
30  CR 3667 3315
10  CR 3858 3470
17
50  WAW 7038 929
30  CR 7574 3299
10  WAW 7763 909
18
50  WAW 6524 1030
30  WAW 7990 943
10  WAW 8181 951
19
50  WAW 7012 975
30  CR 8297 3476
10  WAW 8919 957
20
50  CR 6211 3314
30  CR 6259 3298
10  WAW 6546 1026
21
50  CR 3135 3340
30  WAW 3312 959
10  CR 3330 3342
22
50  WAW 3255 916
30  WAW 3816 947
10  WAW 6113 960
23
50  WAW 2516 1021
30  CR 2932 3302
10  WAW 3094 980
24
50  WAW 2659 902
30  CR 2928 3313
10  WAW 2953 956
25
50  WAW 2369 906
30  CR 2378 3334
10  CR 2545 3321
26
50  WAW 1809 915
30  WAW 2300 996
10  WAW 2371 926
27
50  CR 4382 3319
30  WAW 4452 918
10  WAW 5397 1013
28
50  WAW 3533 940
30  CR 3958 3475
10  CR 4915 3315
29
50  WAW 3721 929
30  CR 3934 3299
10  CR 4923 3305
30
50  WAW 3430 1030
30  WAW 5037 1010
31
80  CR 4231 3476
40  WAW 5869 1018
32
80  CR 3125 3314
40  WAW 3298 976
0  WAW 3409 948
33
80  CR 3483 3332
40  CR 5117 3325
0  CR 5174 3307
34
80  CR 3214 3313
35
50  CR 2349 3321
30  WAW 2463 906
10  CR 2500 3334
36
50  WAW 1765 915
30  WAW 2451 1031
37
50  WAW 3497 938
30  WAW 4319 970
10  WAW 6625 1028
38
50  WAW 3681 940
30  CR 3709 3475
10  CR 4460 3470
39
50  WAW 3972 1004
30  CR 4012 3299
10  WAW 4388 991
40
50  WAW 2938 904
30  WAW 4697 951
41
50  WAW 3582 971
30  CR 3916 3476
42
50  WAW 2976 976
30  CR 3003 3298
10  WAW 3246 1026
43
50  WAW 2456 1021
30  CR 3545 3332
10  WAW 3985 925
44
50  WAW 3223 902
30  WAW 4112 945
45
50  WAW 2035 1022
30  WAW 2119 939
10  WAW 2477 930
46
50  WAW 1937 1033
30  WAW 2572 912
10  CR 2711 3301
47
50  WAW 4628 931
30  CR 4747 3319
10  WAW 4840 950
48
50  WAW 5776 998
30  CR 6163 3312
49
50  WAW 4032 908
30  WAW 4501 909
10  WAW 4536 1023
50
50  WAW 3637 1032
30  WAW 4833 943
10  WAW 5357 1010
51
50  WAW 3975 971
30  WAW 4857 957
10  WAW 5494 1018
52
50  WAW 3347 1012
30  CR 3675 3314
10  WAW 3827 948
53
50  WAW 14403 1722
54
50  WAW 9827 1709
30  CR 12468 2010
55
50  WAW 16351 1711
56
50  WAW 15537 1713
57
50  WAW 14803 1715
58
50  CR 15619 2063
30  WAW 30791 1717
59
50  WAW 13606 1718
30  CR 17846 2014
60
50  WAW 11946 1720
61
50  WAW 11575 1721
SCORE:CR,WAW,1640,3590,-195.0
