CR-WH
1
50  WH 9640 1193
30  CR 11712 3318
10  WH 11865 1245
2
50  WH 10577 1271
30  WH 10928 1228
10  CR 13265 3320
3
50  WH 8247 1194
30  CR 9232 3319
10  WH 9784 1222
4
50  CR 8600 3475
30  WH 9193 1192
10  CR 10240 3470
5
50  WH 7892 1191
30  CR 8527 3299
10  WH 9129 1190
6
50  WH 10114 1226
30  WH 10162 1274
10  WH 10719 1273
7
50  WH 8651 1276
30  CR 9051 3476
8
50  CR 6896 3314
30  CR 7457 3298
10  WH 8286 1280
9
50  CR 2966 3340
30  CR 2986 3297
10  CR 3035 3342
10
50  CR 3769 3292
30  WH 4124 1181
10  CR 4727 3291
11
50  WH 2018 1188
30  WH 2124 1236
10  CR 2470 3325
12
50  CR 2227 3313
30  WH 2443 1211
10  WH 2872 1258
13
50  CR 4676 3318
30  WH 4773 1288
10  WH 4802 1239
14
50  WH 4037 1228
30  CR 4819 3320
10  CR 4867 3301
15
50  WH 3344 1194
30  CR 3501 3319
10  WH 3856 1222
16
50  CR 3247 3475
30  WH 3582 1197
10  CR 3667 3315
17
50  CR 7574 3299
30  WH 7845 1178
10  WH 8026 1224
18
50  WH 6598 1277
30  WH 8628 1206
10  WH 8715 1274
19
50  WH 6868 1187
30  WH 7183 1240
10  WH 7575 1276
20
50  CR 6211 3314
30  CR 6259 3298
10  WH 6743 1246
21
50  CR 3135 3340
30  CR 3330 3342
10  CR 3584 3297
23
50  WH 2603 1188
30  WH 2802 1236
10  WH 2865 1234
24
50  CR 2928 3313
30  WH 3673 1256
10  WH 4091 1211
25
50  WH 2213 1193
30  WH 2308 1245
10  CR 2378 3334
26
50  WH 2321 1271
30  CR 2584 3337
10  CR 2898 3317
27
50  WH 3950 1194
30  CR 4382 3319
10  WH 5243 1195
28
50  CR 3958 3475
30  WH 4251 1192
10  WH 4716 1197
29
50  WH 3513 1191
30  CR 3934 3299
10  WH 4098 1178
30
50  WH 3788 1277
30  WH 4543 1226
10  WH 5338 1261
31
80  WH 3613 1240
40  WH 3877 1187
0  CR 4231 3476
32
80  CR 3125 3314
40  WH 3597 1247
0  WH 3989 1183
33
80  CR 3483 3332
40  CR 5117 3325
0  CR 5174 3307
34
80  CR 3214 3313
35
50  WH 2132 1245
30  CR 2349 3321
10  CR 2500 3334
36
50  WH 1815 1189
30  WH 2148 1228
37
50  WH 4920 1176
30  WH 5609 1201
38
50  CR 3709 3475
30  WH 4260 1192
10  CR 4460 3470
39
50  WH 3611 1191
30  CR 4012 3299
10  CR 4917 3341
40
50  WH 4022 1274
41
50  WH 3517 1187
30  WH 3852 1276
10  CR 3916 3476
42
50  CR 3003 3298
30  WH 3502 1280
10  WH 3724 1198
43
50  WH 3268 1188
30  WH 3453 1279
10  CR 3545 3332
45
50  WH 2335 1193
30  CR 2738 3321
10  WH 2814 1281
46
50  WH 2147 1271
30  WH 2444 1189
10  CR 2711 3301
47
50  CR 4747 3319
30  WH 5269 1195
10  WH 5319 1176
48
50  WH 5403 1197
30  WH 5668 1179
10  CR 6163 3312
49
50  WH 4345 1220
30  WH 4565 1178
10  WH 4685 1241
50
50  WH 3827 1277
30  WH 4859 1206
10  WH 5274 1261
51
50  WH 4341 1240
30  WH 4961 1196
52
50  CR 3675 3314
30  CR 3995 3298
10  WH 4106 1280
53
50  WH 24955 1733
54
50  WH 11963 1734
30  CR 12468 2010
55
50  WH 28845 1735
56
50  WH 27833 1736
57
50  WH 23321 1737
58
50  CR 15619 2063
30  WH 21021 1738
59
50  CR 17846 2014
61
50  WH 15727 1739
SCORE:CR,WH,1890,3070,-118.0
