CR-WST
1
50  WST 9560 1393
30  WST 10214 1445
10  WST 10894 1396
2
50  WST 10409 1384
30  CR 13265 3320
10  WST 15063 1458
3
50  WST 9201 1410
30  CR 9232 3319
10  WST 9728 1391
4
50  CR 8600 3475
30  WST 8631 1444
10  CR 10240 3470
5
50  WST 7806 1401
30  CR 8527 3299
10  WST 8877 1387
6
50  WST 9363 1376
30  WST 9634 1370
10  WST 10053 1460
7
50  CR 9051 3476
30  WST 9084 1399
8
50  WST 6800 1380
30  CR 6896 3314
10  CR 7457 3298
9
50  CR 2966 3340
30  CR 2986 3297
10  CR 3035 3342
10
50  WST 3581 1423
30  WST 3746 1405
10  CR 3769 3292
11
50  WST 1954 1411
30  WST 2237 1389
10  WST 2277 1455
12
50  WST 1846 1421
30  CR 2227 3313
10  WST 2390 1388
13
50  WST 4119 1445
30  WST 4175 1366
10  WST 4283 1386
14
50  WST 3938 1384
30  WST 4257 1392
10  WST 4503 1417
15
50  CR 3501 3319
30  WST 3622 1448
10  WST 3751 1410
16
50  CR 3247 3475
30  WST 3387 1444
10  CR 3667 3315
17
50  CR 7574 3299
30  WST 7747 1425
10  WST 7844 1456
18
50  WST 7996 1370
30  WST 8036 1460
10  WST 8139 1376
19
50  WST 7150 1461
30  WST 7878 1399
10  CR 8297 3476
20
50  WST 5963 1380
30  CR 6211 3314
10  CR 6259 3298
21
50  CR 3135 3340
30  CR 3330 3342
10  CR 3584 3297
22
50  WST 3468 1423
30  WST 4919 1405
10  WST 7531 1442
23
50  WST 2557 1389
30  WST 2771 1404
10  CR 2932 3302
24
50  WST 2217 1421
30  CR 2928 3313
10  WST 3152 1415
25
50  WST 2062 1393
30  WST 2282 1366
10  WST 2344 1379
26
50  WST 2282 1392
30  CR 2584 3337
10  WST 2797 1417
27
50  CR 4382 3319
30  WST 4415 1391
10  WST 4528 1410
28
50  CR 3958 3475
30  CR 4915 3315
10  CR 5541 3294
29
50  WST 3400 1401
30  CR 3934 3299
10  WST 3975 1387
30
50  WST 4352 1376
30  WST 4367 1369
31
80  WST 3713 1461
40  WST 4152 1399
0  CR 4231 3476
32
80  CR 3125 3314
40  WST 4072 1463
33
80  WST 2529 1411
40  WST 2560 1389
0  WST 2919 1455
34
80  WST 2022 1421
40  CR 3214 3313
0  WST 4708 1372
35
50  WST 1716 1393
30  WST 2115 1396
10  WST 2315 1386
36
50  WST 2963 1378
30  WST 3169 1458
10  WST 3212 1417
37
50  WST 4690 1448
30  WST 4878 1375
10  WST 5105 1402
38
50  CR 3709 3475
30  CR 4460 3470
10  WST 4603 1444
39
50  WST 3694 1387
30  CR 4012 3299
10  WST 4081 1456
40
50  WST 4535 1370
30  WST 4549 1369
41
50  WST 3744 1461
30  CR 3916 3476
10  WST 4652 1454
42
50  WST 2927 1380
30  CR 3003 3298
43
50  WST 2528 1411
30  WST 3299 1455
10  CR 3545 3332
44
50  WST 3463 1421
30  WST 3545 1388
45
50  WST 2255 1445
30  WST 2335 1396
10  WST 2484 1379
46
50  WST 2591 1392
30  CR 2711 3301
10  WST 2789 1458
47
50  CR 4747 3319
30  WST 4922 1409
10  WST 5107 1402
48
50  WST 4406 1444
30  CR 6163 3312
10  WST 7495 1453
49
50  WST 4372 1456
30  WST 4502 1401
10  WST 5088 1425
50
50  WST 5246 1460
30  WST 5342 1369
51
50  WST 4490 1399
52
50  CR 3675 3314
30  CR 3995 3298
10  WST 4178 1463
53
50  WST 18453 1763
54
50  WST 8588 1752
30  CR 12468 2010
55
50  WST 16994 1755
57
50  WST 15310 1758
58
50  CR 15619 2063
59
50  WST 13947 1760
30  CR 17846 2014
60
50  WST 14387 1761
61
50  WST 15394 1762
SCORE:CR,WST,1510,3650,-214.0
