CR-WRC
1
50  WRC 10759 2171
30  CR 11712 3318
10  CR 12022 3334
2
50  WRC 10377 2161
30  WRC 13057 2144
10  CR 13265 3320
3
50  WRC 8371 2156
30  CR 9232 3319
10  WRC 9470 2151
4
50  CR 8600 3475
30  WRC 10200 2180
10  CR 10240 3470
5
50  WRC 8003 2147
30  CR 8527 3299
10  WRC 9690 2155
6
50  WRC 7619 2174
7
50  WRC 8182 2146
30  WRC 8594 2169
10  CR 9051 3476
8
50  CR 6896 3314
30  WRC 7292 2182
10  WRC 7447 2177
9
50  CR 2966 3340
30  CR 2986 3297
10  CR 3035 3342
10
50  WRC 3732 2165
30  CR 3769 3292
10  CR 4727 3291
11
50  WRC 1881 2176
30  WRC 1968 2196
10  WRC 2449 2148
12
50  CR 2227 3313
30  WRC 2313 2150
10  WRC 2594 2183
13
50  WRC 3889 2175
30  CR 4676 3318
10  CR 4850 3321
14
50  WRC 4383 2191
30  WRC 4678 2144
10  WRC 4715 2160
15
50  CR 3501 3319
30  WRC 3553 2167
10  WRC 3638 2151
16
50  CR 3247 3475
30  CR 3667 3315
10  CR 3858 3470
17
50  WRC 6896 2147
30  WRC 7375 2153
10  WRC 7397 2178
18
50  WRC 6674 2174
30  WRC 7522 2189
19
50  WRC 6727 2145
30  WRC 7127 2146
10  CR 8297 3476
20
50  WRC 6001 2181
30  CR 6211 3314
10  CR 6259 3298
21
50  CR 3135 3340
30  CR 3330 3342
10  CR 3584 3297
22
50  WRC 4550 2165
23
50  WRC 2194 2196
30  CR 2932 3302
10  CR 3135 3340
24
50  CR 2928 3313
30  WRC 3389 2183
10  WRC 4241 2154
25
50  WRC 2256 2171
30  CR 2378 3334
10  CR 2545 3321
26
50  WRC 2103 2161
30  WRC 2347 2191
10  WRC 2506 2160
27
50  WRC 4144 2151
30  WRC 4376 2167
10  CR 4382 3319
28
50  CR 3958 3475
30  CR 4915 3315
10  CR 5541 3294
29
50  WRC 3476 2178
30  CR 3934 3299
10  WRC 4006 2153
30
50  WRC 3546 2174
30  WRC 4187 2189
31
80  WRC 3850 2146
40  WRC 4171 2169
0  CR 4231 3476
32
80  CR 3125 3314
40  WRC 3201 2181
0  WRC 3499 2177
33
80  WRC 2358 2196
40  WRC 2458 2176
0  WRC 3150 2148
34
80  CR 3214 3313
35
50  WRC 1814 2175
30  CR 2349 3321
10  CR 2500 3334
36
50  WRC 2018 2161
30  WRC 2403 2191
37
50  WRC 3987 2156
30  WRC 4400 2167
10  WRC 4733 2152
38
50  CR 3709 3475
30  CR 4460 3470
10  CR 5271 3315
39
50  WRC 3559 2178
30  WRC 3650 2153
10  CR 4012 3299
40
50  WRC 3512 2174
30  WRC 4271 2189
41
50  WRC 3456 2145
30  WRC 3719 2169
10  CR 3916 3476
42
50  CR 3003 3298
30  WRC 3052 2182
10  WRC 3094 2181
43
50  WRC 2683 2176
30  WRC 3264 2184
10  CR 3545 3332
45
50  WRC 2627 2171
30  WRC 2653 2175
10  CR 2738 3321
46
50  WRC 2445 2161
30  WRC 2487 2191
10  CR 2711 3301
47
50  WRC 4069 2156
30  CR 4747 3319
10  WRC 5535 2152
48
50  WRC 4896 2188
30  CR 6163 3312
49
50  WRC 4226 2147
30  CR 4819 3299
10  WRC 4882 2155
50
50  WRC 4032 2189
51
50  WRC 3802 2145
30  WRC 4565 2169
52
50  WRC 3662 2177
30  CR 3675 3314
10  WRC 3976 2173
54
50  WRC 9339 1855
30  CR 12468 2010
55
50  WRC 20388 1858
57
50  WRC 14518 1859
58
50  CR 15619 2063
59
50  WRC 13206 1860
30  CR 17846 2014
61
50  WRC 13246 1861
SCORE:CR,WRC,1610,3240,-163.0
