CVST-FR
1
50  FR 9756 1771
30  FR 11123 1757
10  CVST 11587 2418
2
50  CVST 12734 2437
30  CVST 12739 2416
10  FR 14198 1805
3
50  FR 9077 1829
30  FR 9742 1797
10  FR 10635 1819
4
50  FR 7209 1825
30  CVST 9787 2472
10  FR 10057 1800
5
50  FR 7641 1767
30  CVST 8095 2417
10  FR 9555 1833
6
50  FR 8712 1781
30  FR 9324 1756
10  FR 9844 1831
7
50  FR 8011 1828
30  CVST 8300 2486
10  CVST 9113 2471
8
50  CVST 7131 2460
30  FR 7819 1749
9
50  FR 4226 1823
30  FR 5019 1798
10  FR 5146 1762
10
50  CVST 4087 2450
30  FR 6518 1775
11
50  FR 2003 1815
30  CVST 2134 2473
10  FR 2238 1778
12
50  FR 2009 1740
30  FR 2057 1770
10  CVST 2072 2430
13
50  CVST 4397 2469
30  FR 4501 1786
10  FR 4539 1741
14
50  CVST 4356 2416
30  CVST 4514 2466
10  CVST 4633 2413
15
50  FR 3487 1785
30  FR 3761 1797
10  CVST 3928 2463
16
50  FR 2909 1825
30  FR 3730 1826
10  CVST 3974 2415
17
50  CVST 7332 2417
30  FR 8153 1833
10  CVST 8221 2454
18
50  FR 7796 1831
30  FR 7883 1756
10  CVST 9025 2474
19
50  FR 6978 1828
30  CVST 7231 2447
10  CVST 7352 2486
20
50  CVST 6471 2460
30  CVST 7039 2475
10  FR 7289 1748
21
50  FR 4902 1798
30  FR 6624 1823
10  FR 7689 1755
22
50  FR 5597 1775
30  CVST 7122 2450
23
50  FR 2359 1815
30  CVST 2512 2473
10  FR 2628 1778
24
50  FR 2369 1740
30  CVST 2544 2430
10  CVST 3310 2453
25
50  FR 2137 1771
30  CVST 2453 2418
10  FR 2467 1799
26
50  CVST 2446 2466
30  FR 2488 1837
10  CVST 2693 2437
27
50  FR 4456 1785
30  FR 4617 1797
10  CVST 4985 2448
28
50  FR 4469 1826
30  CVST 4787 2472
10  FR 4849 1784
29
50  FR 3559 1767
30  FR 4101 1833
10  CVST 4394 2454
30
50  FR 4107 1781
30  FR 4263 1831
10  CVST 5015 2474
31
80  FR 3485 1765
40  CVST 3768 2467
0  CVST 4033 2447
32
80  FR 3537 1749
40  CVST 3903 2443
0  FR 3950 1748
33
80  FR 2371 1815
40  CVST 2497 2473
0  FR 2673 1820
34
80  FR 2468 1740
40  FR 2562 1770
0  CVST 2670 2430
35
50  FR 2038 1771
30  FR 2295 1786
10  FR 2337 1757
36
50  CVST 2475 2413
30  CVST 2943 2466
10  CVST 3721 2449
37
50  FR 4082 1785
30  FR 4656 1829
10  FR 4838 1758
38
50  FR 3378 1825
30  FR 4474 1784
10  FR 5282 1800
39
50  FR 3359 1767
30  CVST 3459 2417
10  CVST 4433 2454
40
50  FR 3883 1781
30  FR 3989 1756
10  FR 4378 1831
41
50  FR 3181 1765
30  FR 3494 1828
10  CVST 3789 2486
42
50  FR 3447 1749
30  CVST 4069 2475
10  CVST 4834 2407
43
50  CVST 3090 2433
30  FR 3201 1778
10  CVST 3214 2414
44
50  FR 2806 1770
30  CVST 3410 2429
10  FR 4503 1746
45
50  FR 2412 1771
30  FR 2652 1741
10  FR 2765 1757
46
50  CVST 2589 2437
30  CVST 2769 2416
10  FR 2884 1794
47
50  FR 4369 1829
30  FR 5456 1821
10  CVST 5630 2459
48
50  FR 3828 1825
30  FR 5026 1800
10  FR 5087 1826
49
50  FR 4196 1767
30  CVST 4415 2417
10  FR 4599 1833
50
50  FR 4141 1781
30  CVST 4978 2480
10  FR 5093 1756
51
50  FR 3700 1765
30  FR 4614 1769
10  CVST 4631 2471
52
50  CVST 3446 2460
30  FR 4293 1748
10  CVST 5103 2443
53
50  FR 30704 1814
54
50  CVST 9359 1890
30  FR 11241 1805
55
50  CVST 19053 1892
30  FR 23538 1808
56
50  CVST 18637 1894
30  FR 25100 1809
57
50  FR 15370 1811
30  CVST 17503 1896
58
50  FR 15968 1812
30  CVST 17620 1898
59
50  CVST 17112 1900
60
50  CVST 15547 1901
61
50  FR 12000 1813
30  CVST 12697 1902
SCORE:CVST,FR,1880,3520,-164.0
