CVST-AND
1
50  AND 9931 1090
30  AND 10053 1040
10  AND 10600 1107
2
50  CVST 12734 2437
30  CVST 12739 2416
10  CVST 14447 2421
3
50  AND 8533 1041
30  AND 9628 1059
10  CVST 10802 2463
4
50  AND 8178 1089
30  AND 8422 1120
10  CVST 9787 2472
5
50  AND 7363 1095
30  CVST 8095 2417
10  AND 9390 1124
6
50  AND 8681 1127
30  AND 8847 1045
10  CVST 10273 2480
7
50  AND 7909 1094
30  CVST 8300 2486
10  CVST 9113 2471
8
50  CVST 7131 2460
30  AND 8629 1101
9
50  AND 4037 1072
30  AND 4153 1046
10  AND 4725 1149
10
50  AND 3468 1139
30  CVST 4087 2450
10  AND 4798 1146
11
50  CVST 2134 2473
30  AND 2150 1034
10  AND 2224 1105
12
50  CVST 2072 2430
30  AND 2387 1066
10  CVST 2494 2479
13
50  AND 3820 1054
30  AND 3843 1107
10  AND 4206 1171
14
50  AND 4141 1080
30  CVST 4356 2416
10  CVST 4514 2466
15
50  AND 3380 1122
30  AND 3537 1059
10  AND 3630 1152
16
50  AND 3513 1079
30  AND 3896 1053
10  CVST 3974 2415
17
50  AND 6284 1121
30  AND 6286 1095
10  CVST 7332 2417
18
50  AND 7423 1127
30  AND 8120 1100
10  CVST 9025 2474
19
50  AND 7168 1108
30  AND 7177 1137
10  CVST 7231 2447
20
50  AND 5943 1125
30  CVST 6471 2460
10  CVST 7039 2475
21
50  AND 4686 1072
30  AND 4868 1174
10  AND 5023 1170
22
50  AND 4911 1139
30  AND 4974 1143
10  AND 6090 1146
23
50  CVST 2512 2473
30  AND 2751 1034
10  CVST 2834 2464
24
50  CVST 2544 2430
30  AND 2843 1066
10  CVST 3310 2453
25
50  AND 2055 1044
30  AND 2282 1171
10  AND 2349 1073
26
50  CVST 2446 2466
30  AND 2596 1035
10  CVST 2693 2437
27
50  AND 3713 1122
30  AND 4077 1041
10  AND 4785 1152
28
50  AND 3865 1120
30  CVST 4787 2472
10  AND 4801 1053
29
50  AND 3901 1068
30  AND 4043 1124
10  AND 4116 1088
30
50  AND 4322 1127
30  AND 4348 1100
10  AND 4675 1081
31
80  CVST 3768 2467
40  AND 3907 1108
0  CVST 4033 2447
32
80  AND 3183 1125
40  AND 3636 1118
0  CVST 3903 2443
33
80  CVST 2497 2473
40  AND 3553 1105
0  CVST 3566 2461
34
80  CVST 2670 2430
35
50  AND 1935 1090
30  AND 1953 1040
10  AND 2132 1054
36
50  AND 2289 1035
30  CVST 2475 2413
10  CVST 2943 2466
37
50  AND 3932 1122
30  AND 3956 1059
10  CVST 5131 2463
38
50  AND 3591 1089
30  AND 3613 1120
10  CVST 5369 2472
39
50  AND 3193 1121
30  AND 3229 1095
10  CVST 3459 2417
40
50  AND 3823 1045
30  AND 4450 1100
10  CVST 4744 2480
41
50  AND 3548 1137
30  CVST 3789 2486
10  CVST 3790 2447
42
50  AND 3808 1116
30  CVST 4069 2475
10  CVST 4834 2407
43
50  CVST 3090 2433
30  CVST 3214 2414
10  AND 3225 1034
44
50  CVST 3410 2429
45
50  AND 2051 1044
30  AND 2537 1054
10  AND 2609 1171
46
50  CVST 2589 2437
30  AND 2599 1077
10  CVST 2769 2416
47
50  AND 4259 1041
30  AND 5474 1126
10  CVST 5630 2459
48
50  AND 4420 1089
30  AND 5038 1079
10  CVST 5286 2408
49
50  AND 4009 1121
30  CVST 4415 2417
10  AND 4613 1124
50
50  AND 4404 1081
30  AND 4473 1045
10  CVST 4978 2480
51
50  AND 4211 1094
30  AND 4288 1108
10  CVST 4631 2471
52
50  CVST 3446 2460
30  AND 4413 1101
10  CVST 5103 2443
54
50  CVST 9359 1890
30  AND 11193 1724
55
50  AND 16214 1726
30  CVST 19053 1892
56
50  CVST 18637 1894
30  AND 19643 1728
57
50  CVST 17503 1896
30  AND 20541 1729
58
50  CVST 17620 1898
59
50  AND 14394 1731
30  CVST 17112 1900
60
50  CVST 15547 1901
61
50  AND 12242 1732
30  CVST 12697 1902
SCORE:CVST,AND,1770,3520,-175.0
