CVST-TVT
1
50  TVT 11250 1868
30  CVST 11587 2418
10  TVT 11778 1909
2
50  TVT 9773 1951
30  TVT 10577 1856
10  TVT 11309 1879
3
50  TVT 7662 1866
30  TVT 8557 1845
10  TVT 9372 1913
4
50  TVT 9433 1917
30  CVST 9787 2472
10  CVST 10762 2415
5
50  TVT 7571 1867
30  CVST 8095 2417
10  CVST 10977 2423
6
50  TVT 7397 1888
30  TVT 7590 1911
10  CVST 10273 2480
7
50  CVST 8300 2486
30  CVST 9113 2471
10  TVT 9332 1900
8
50  TVT 6297 1874
30  CVST 7131 2460
10  TVT 8188 1860
9
50  TVT 4928 1875
30  CVST 5503 2431
10  TVT 5723 1865
10
50  TVT 3245 1950
30  TVT 3347 1908
10  CVST 4087 2450
11
50  CVST 2134 2473
30  TVT 2259 1952
10  CVST 2340 2433
12
50  TVT 2033 1946
30  CVST 2072 2430
10  CVST 2494 2479
13
50  TVT 4097 1868
30  CVST 4397 2469
10  TVT 4514 1853
14
50  TVT 3875 1951
30  TVT 4012 1879
10  CVST 4356 2416
15
50  TVT 3063 1866
30  TVT 3357 1845
10  CVST 3928 2463
16
50  CVST 3974 2415
30  CVST 3988 2483
10  TVT 4169 1880
17
50  TVT 6991 1867
30  CVST 7332 2417
10  TVT 7376 1910
18
50  TVT 6400 1911
30  TVT 6771 1888
10  CVST 9025 2474
19
50  CVST 7231 2447
30  CVST 7352 2486
10  CVST 7602 2467
20
50  TVT 5377 1899
30  TVT 5753 1874
10  CVST 6471 2460
21
50  TVT 4982 1875
30  TVT 6514 1865
10  TVT 6537 1870
22
50  TVT 3774 1908
30  TVT 4170 1950
10  TVT 5940 1839
23
50  CVST 2512 2473
30  TVT 2634 1892
10  TVT 2684 1952
24
50  CVST 2544 2430
30  TVT 2567 1946
10  TVT 3113 1935
25
50  CVST 2453 2418
30  TVT 2553 1909
10  TVT 2657 1853
26
50  TVT 2397 1898
30  CVST 2446 2466
10  TVT 2513 1907
27
50  TVT 4013 1845
30  TVT 4915 1859
10  CVST 4985 2448
28
50  CVST 4787 2472
30  CVST 5099 2408
10  CVST 5134 2481
29
50  TVT 3845 1910
30  CVST 4394 2454
10  CVST 4825 2423
30
50  TVT 3535 1888
30  TVT 3733 1911
10  CVST 5015 2474
31
80  CVST 3768 2467
40  CVST 4033 2447
0  TVT 4059 1900
32
80  TVT 2849 1899
40  TVT 3656 1860
0  CVST 3903 2443
33
80  CVST 2497 2473
40  TVT 2840 1952
0  CVST 3566 2461
34
80  CVST 2670 2430
40  TVT 3389 1896
35
50  TVT 2166 1868
30  CVST 2464 2418
10  TVT 2603 1909
36
50  TVT 2050 1856
30  TVT 2078 1951
10  TVT 2336 1898
37
50  TVT 3427 1866
30  TVT 4109 1913
10  TVT 4780 1916
38
50  TVT 4381 1917
30  CVST 5369 2472
10  CVST 5604 2415
39
50  CVST 3459 2417
30  TVT 3496 1867
10  CVST 4433 2454
40
50  TVT 3217 1888
30  CVST 4744 2480
10  CVST 5309 2458
41
50  CVST 3789 2486
30  CVST 3790 2447
10  CVST 3822 2467
42
50  TVT 2764 1899
30  TVT 2776 1874
10  TVT 3737 1889
43
50  CVST 3090 2433
30  TVT 3133 1952
10  CVST 3214 2414
44
50  TVT 2528 1946
30  TVT 3303 1896
10  CVST 3410 2429
45
50  CVST 2777 2478
30  TVT 2798 1853
10  CVST 2878 2469
46
50  CVST 2589 2437
30  TVT 2600 1856
10  TVT 2637 1907
47
50  TVT 4616 1913
30  TVT 4678 1916
10  TVT 5321 1861
48
50  TVT 5013 1917
30  CVST 5286 2408
10  TVT 5643 1886
49
50  TVT 4377 1910
30  CVST 4415 2417
10  CVST 4738 2442
50
50  TVT 3877 1911
30  CVST 4978 2480
10  CVST 5988 2411
51
50  CVST 4631 2471
30  TVT 4934 1885
10  CVST 5069 2456
52
50  TVT 3306 1874
30  CVST 3446 2460
10  TVT 3969 1860
53
50  TVT 16803 1828
54
50  CVST 9359 1890
30  TVT 12231 1815
55
50  CVST 19053 1892
30  TVT 19785 1818
56
50  TVT 17443 1820
30  CVST 18637 1894
57
50  TVT 14320 1822
30  CVST 17503 1896
58
50  TVT 17419 1825
30  CVST 17620 1898
59
50  TVT 15096 1826
30  CVST 17112 1900
60
50  CVST 15547 1901
61
50  CVST 12697 1902
30  TVT 13181 1827
SCORE:CVST,TVT,2210,3250,-104.0
