CVST-CH
1
50  CH 9387 3108
30  CH 9994 3070
10  CH 10944 3066
2
50  CVST 12734 2437
30  CVST 12739 2416
10  CH 13943 3123
3
50  CH 8038 3083
30  CH 10602 3088
10  CVST 10802 2463
4
50  CVST 9787 2472
30  CH 10107 3111
10  CVST 10762 2415
5
50  CVST 8095 2417
30  CH 8338 3086
10  CH 10478 3114
6
50  CH 8290 3085
30  CH 9969 3095
10  CVST 10273 2480
7
50  CVST 8300 2486
30  CVST 9113 2471
10  CVST 9977 2428
8
50  CVST 7131 2460
30  CH 9731 3107
10  CH 9974 3102
9
50  CH 2656 3080
30  CH 3053 3062
10  CH 3434 3118
10
50  CH 2587 3076
30  CH 3566 3067
10  CH 3896 3117
11
50  CVST 2134 2473
30  CVST 2340 2433
10  CH 2405 3069
12
50  CVST 2072 2430
30  CH 2153 3119
10  CVST 2494 2479
13
50  CH 3818 3108
30  CH 3875 3070
10  CH 4100 3066
14
50  CVST 4356 2416
30  CVST 4514 2466
10  CVST 4633 2413
15
50  CH 3274 3083
30  CVST 3928 2463
10  CVST 4175 2482
16
50  CVST 3974 2415
30  CVST 3988 2483
10  CH 4012 3111
17
50  CVST 7332 2417
30  CH 7585 3086
10  CVST 8221 2454
18
50  CH 7168 3085
30  CVST 9025 2474
10  CVST 9203 2458
19
50  CVST 7231 2447
30  CVST 7352 2486
10  CVST 7602 2467
20
50  CVST 6471 2460
30  CVST 7039 2475
10  CVST 7999 2457
21
50  CH 3358 3062
30  CH 3632 3080
10  CH 4530 3118
22
50  CH 4122 3076
30  CH 5985 3117
10  CH 6728 3109
23
50  CVST 2512 2473
30  CVST 2834 2464
10  CH 2922 3120
24
50  CVST 2544 2430
30  CH 3088 3119
10  CVST 3310 2453
25
50  CH 2178 3108
30  CH 2381 3121
10  CVST 2453 2418
26
50  CVST 2446 2466
30  CH 2538 3087
10  CVST 2693 2437
27
50  CH 3922 3083
30  CVST 4985 2448
10  CH 5050 3088
28
50  CVST 4787 2472
30  CH 4947 3073
10  CH 4950 3111
29
50  CH 3618 3086
30  CVST 4394 2454
10  CVST 4825 2423
30
50  CVST 5015 2474
30  CVST 5300 2411
10  CH 5310 3071
31
80  CVST 3768 2467
40  CVST 4033 2447
0  CVST 4566 2428
32
80  CVST 3903 2443
40  CVST 3967 2475
0  CVST 4660 2457
33
80  CVST 2497 2473
40  CH 3087 3069
0  CVST 3566 2461
34
80  CVST 2670 2430
40  CH 2778 3119
35
50  CH 1913 3066
30  CH 1999 3108
10  CH 2381 3121
36
50  CVST 2475 2413
30  CVST 2943 2466
10  CH 3640 3123
37
50  CH 3868 3083
30  CH 4818 3088
10  CVST 5131 2463
38
50  CVST 5369 2472
30  CH 5581 3111
10  CVST 5604 2415
39
50  CVST 3459 2417
30  CH 3546 3086
10  CVST 4433 2454
40
50  CH 4072 3085
30  CVST 4744 2480
10  CVST 5309 2458
41
50  CVST 3789 2486
30  CVST 3790 2447
10  CVST 3822 2467
42
50  CVST 4069 2475
30  CVST 4834 2407
10  CVST 4907 2457
43
50  CVST 3090 2433
30  CVST 3214 2414
10  CH 3694 3120
44
50  CVST 3410 2429
30  CH 4025 3119
45
50  CH 2458 3070
30  CH 2618 3089
10  CH 2705 3082
46
50  CVST 2589 2437
30  CVST 2769 2416
10  CVST 3119 2413
47
50  CH 5384 3068
30  CH 5616 3098
10  CVST 5630 2459
48
50  CVST 5286 2408
30  CVST 6513 2481
10  CH 6846 3060
49
50  CVST 4415 2417
30  CVST 4738 2442
10  CH 5574 3114
50
50  CVST 4978 2480
30  CH 5263 3095
10  CVST 5988 2411
51
50  CVST 4631 2471
30  CVST 5069 2456
10  CVST 5203 2428
52
50  CVST 3446 2460
30  CH 4908 3102
10  CVST 5103 2443
53
50  CH 14214 1989
54
50  CVST 9359 1890
30  CH 12912 1982
55
50  CH 17409 1984
30  CVST 19053 1892
56
50  CVST 18637 1894
30  CH 25353 1985
57
50  CVST 17503 1896
30  CH 18681 1986
58
50  CVST 17620 1898
30  CH 21965 1987
59
50  CVST 17112 1900
60
50  CVST 15547 1901
30  CH 15906 1988
61
50  CVST 12697 1902
SCORE:CVST,CH,3200,2220,98.0
