CVST-SCSC
1
50  SCSC 9422 83
30  SCSC 9644 126
10  CVST 11587 2418
2
50  SCSC 10856 129
30  SCSC 11107 196
10  CVST 12734 2437
3
50  SCSC 8177 125
30  SCSC 8218 208
10  SCSC 9657 138
4
50  SCSC 8071 200
30  SCSC 9385 128
10  CVST 9787 2472
5
50  SCSC 7622 107
30  CVST 8095 2417
10  SCSC 8989 165
6
50  SCSC 6832 178
30  SCSC 7156 151
10  SCSC 7837 192
7
50  CVST 8300 2486
30  SCSC 8853 117
10  CVST 9113 2471
8
50  SCSC 6738 176
30  CVST 7131 2460
10  SCSC 8626 142
9
50  SCSC 3301 182
30  SCSC 3619 94
10  SCSC 3926 97
10
50  SCSC 2637 185
30  SCSC 4081 123
10  CVST 4087 2450
11
50  SCSC 2091 172
30  SCSC 2114 191
10  CVST 2134 2473
12
50  SCSC 1919 154
30  CVST 2072 2430
10  SCSC 2425 195
13
50  SCSC 3635 126
30  SCSC 3641 83
10  SCSC 3885 146
14
50  SCSC 3983 80
30  SCSC 4257 168
10  CVST 4356 2416
15
50  SCSC 2862 159
30  SCSC 3194 208
10  SCSC 3463 166
16
50  SCSC 3125 200
30  SCSC 3216 82
10  SCSC 3457 128
17
50  SCSC 6237 199
30  CVST 7332 2417
10  SCSC 7682 177
18
50  SCSC 6556 133
30  SCSC 6657 192
10  SCSC 7412 127
19
50  SCSC 6151 108
30  CVST 7231 2447
10  CVST 7352 2486
20
50  SCSC 5587 156
30  CVST 6471 2460
10  CVST 7039 2475
21
50  SCSC 4619 182
30  SCSC 5152 183
10  SCSC 5334 94
22
50  SCSC 4701 173
30  SCSC 5191 123
10  SCSC 5756 167
23
50  CVST 2512 2473
30  CVST 2834 2464
10  SCSC 2875 191
24
50  SCSC 2425 154
30  CVST 2544 2430
10  SCSC 3058 147
25
50  SCSC 2089 126
30  SCSC 2406 171
10  CVST 2453 2418
26
50  SCSC 2220 196
30  SCSC 2271 168
10  SCSC 2376 129
27
50  SCSC 3313 159
30  SCSC 3831 208
10  CVST 4985 2448
28
50  SCSC 3633 200
30  SCSC 4544 144
10  SCSC 4628 128
29
50  SCSC 4034 114
30  SCSC 4203 198
10  CVST 4394 2454
30
50  SCSC 3432 120
30  SCSC 3545 178
10  SCSC 4538 106
31
80  SCSC 3306 108
40  CVST 3768 2467
0  CVST 4033 2447
32
80  SCSC 3432 176
40  SCSC 3878 142
0  CVST 3903 2443
33
80  CVST 2497 2473
40  SCSC 2565 105
0  SCSC 3100 191
34
80  CVST 2670 2430
40  SCSC 3219 147
0  SCSC 3240 160
35
50  SCSC 1728 83
30  SCSC 1995 146
10  CVST 2464 2418
36
50  SCSC 2366 164
30  CVST 2475 2413
10  SCSC 2500 134
37
50  SCSC 3894 166
30  SCSC 4683 118
10  CVST 5131 2463
38
50  SCSC 4764 144
30  SCSC 4775 109
10  SCSC 5003 202
39
50  SCSC 3078 199
30  CVST 3459 2417
10  SCSC 4022 114
40
50  SCSC 3012 151
30  SCSC 3447 192
10  SCSC 3459 120
41
50  CVST 3789 2486
30  CVST 3790 2447
10  CVST 3822 2467
42
50  SCSC 2747 156
30  SCSC 2783 201
10  CVST 4069 2475
43
50  CVST 3090 2433
30  SCSC 3153 172
10  CVST 3214 2414
44
50  SCSC 2935 160
30  CVST 3410 2429
10  SCSC 3825 137
45
50  SCSC 2507 184
30  SCSC 2697 171
10  SCSC 2766 96
46
50  CVST 2589 2437
30  SCSC 2757 88
10  CVST 2769 2416
47
50  SCSC 4256 125
30  SCSC 5194 100
10  SCSC 5316 138
48
50  SCSC 4256 82
30  SCSC 4665 169
10  SCSC 5169 109
49
50  SCSC 3997 107
30  SCSC 4313 165
10  CVST 4415 2417
50
50  SCSC 3432 178
30  SCSC 3800 133
10  SCSC 3982 151
51
50  SCSC 4337 117
30  CVST 4631 2471
10  SCSC 5038 121
52
50  SCSC 3234 156
30  SCSC 3339 201
10  CVST 3446 2460
53
50  SCSC 16759 1641
54
50  SCSC 9056 1633
30  CVST 9359 1890
55
50  CVST 19053 1892
30  SCSC 19565 1634
56
50  SCSC 18470 1635
30  CVST 18637 1894
57
50  SCSC 13178 1636
30  CVST 17503 1896
58
50  SCSC 14856 1637
30  CVST 17620 1898
59
50  SCSC 13296 1638
30  CVST 17112 1900
60
50  SCSC 12758 1639
30  CVST 15547 1901
61
50  SCSC 11516 1640
30  CVST 12697 1902
SCORE:CVST,SCSC,1300,4190,-289.0
