CVST-HH
1
50  HH 10833 2255
30  HH 10937 2250
10  HH 11558 2276
2
50  HH 11531 2218
30  CVST 12734 2437
10  CVST 12739 2416
3
50  HH 8407 2211
30  HH 9578 2285
10  CVST 10802 2463
4
50  CVST 9787 2472
30  CVST 10762 2415
10  HH 11712 2279
5
50  HH 7706 2236
30  HH 7812 2240
10  CVST 8095 2417
6
50  HH 8663 2233
30  HH 9413 2227
10  HH 10125 2269
7
50  HH 7733 2237
30  CVST 8300 2486
10  HH 8933 2246
8
50  CVST 7131 2460
30  HH 7209 2235
10  HH 8647 2270
9
50  HH 4109 2220
30  HH 5221 2214
10  CVST 5503 2431
10
50  HH 3377 2222
30  HH 3744 2225
10  CVST 4087 2450
11
50  CVST 2134 2473
30  HH 2287 2212
10  CVST 2340 2433
12
50  CVST 2072 2430
30  CVST 2494 2479
10  CVST 2538 2453
13
50  HH 4202 2249
30  CVST 4397 2469
10  HH 4503 2255
14
50  CVST 4356 2416
30  HH 4512 2221
10  CVST 4514 2466
15
50  HH 3227 2211
30  HH 3926 2286
10  CVST 3928 2463
16
50  HH 3967 2266
30  CVST 3974 2415
10  CVST 3988 2483
17
50  HH 6947 2240
30  CVST 7332 2417
10  HH 7712 2223
18
50  HH 8103 2227
30  CVST 9025 2474
10  CVST 9203 2458
19
50  HH 6752 2237
30  CVST 7231 2447
10  CVST 7352 2486
20
50  CVST 6471 2460
30  HH 6551 2234
10  CVST 7039 2475
21
50  HH 5075 2214
30  HH 5333 2220
22
50  HH 5363 2225
30  HH 5694 2222
10  CVST 7122 2450
23
50  CVST 2512 2473
30  CVST 2834 2464
10  CVST 2993 2461
24
50  CVST 2544 2430
30  CVST 3310 2453
10  CVST 3415 2479
25
50  HH 2290 2255
30  HH 2331 2249
10  CVST 2453 2418
26
50  CVST 2446 2466
30  CVST 2693 2437
10  HH 2983 2259
27
50  CVST 4985 2448
30  HH 5237 2209
10  CVST 5287 2465
28
50  CVST 4787 2472
30  HH 4889 2248
10  HH 5064 2266
29
50  HH 3628 2236
30  HH 3878 2223
10  HH 3909 2224
30
50  HH 4996 2269
30  CVST 5015 2474
10  HH 5063 2227
31
80  HH 3649 2237
40  CVST 3768 2467
0  CVST 4033 2447
32
80  HH 3688 2235
40  CVST 3903 2443
0  CVST 3967 2475
33
80  CVST 2497 2473
40  HH 3238 2212
0  HH 3519 2230
34
80  CVST 2670 2430
40  HH 4222 2260
0  HH 5513 2239
35
50  HH 1913 2263
30  HH 2028 2249
10  HH 2307 2250
36
50  HH 2421 2218
30  CVST 2475 2413
10  HH 2652 2221
37
50  HH 3806 2211
30  HH 4734 2285
10  HH 4809 2286
38
50  CVST 5369 2472
30  HH 5450 2268
10  HH 5463 2248
39
50  CVST 3459 2417
30  HH 3508 2240
10  HH 3614 2224
40
50  CVST 4744 2480
30  HH 4760 2269
10  HH 5189 2204
41
50  HH 3301 2237
30  CVST 3789 2486
10  CVST 3790 2447
42
50  HH 3522 2234
30  HH 3852 2270
10  HH 3969 2252
43
50  CVST 3090 2433
30  CVST 3214 2414
10  HH 4070 2198
44
50  CVST 3410 2429
45
50  HH 2358 2250
30  HH 2470 2263
10  HH 2633 2276
46
50  CVST 2589 2437
30  CVST 2769 2416
10  HH 2822 2218
47
50  HH 4890 2285
30  CVST 5630 2459
10  CVST 5639 2448
48
50  CVST 5286 2408
30  CVST 6513 2481
10  CVST 7375 2483
49
50  HH 3832 2236
30  CVST 4415 2417
10  CVST 4738 2442
50
50  CVST 4978 2480
30  HH 5039 2271
10  CVST 5988 2411
51
50  HH 4534 2246
30  CVST 4631 2471
10  CVST 5069 2456
52
50  CVST 3446 2460
30  HH 3701 2234
10  HH 3822 2235
53
50  HH 18253 1874
54
50  CVST 9359 1890
30  HH 11083 1862
55
50  HH 17450 1864
30  CVST 19053 1892
56
50  CVST 18637 1894
30  HH 20332 1866
57
50  HH 15031 1868
30  CVST 17503 1896
58
50  CVST 17620 1898
30  HH 18633 1869
59
50  HH 13502 1870
30  CVST 17112 1900
60
50  CVST 15547 1901
61
50  HH 12364 1873
30  CVST 12697 1902
SCORE:CVST,HH,2430,2980,-55.0
