CVST-HP
1
50  HP 9165 260
30  CVST 11587 2418
10  HP 11713 224
2
50  HP 9344 328
30  HP 9725 237
10  CVST 12734 2437
3
50  HP 7550 269
30  HP 9669 332
10  HP 10075 232
4
50  HP 7934 236
30  CVST 9787 2472
10  CVST 10762 2415
5
50  HP 7225 290
30  CVST 8095 2417
10  HP 8263 234
6
50  HP 7203 256
30  HP 8175 244
10  HP 9195 275
7
50  HP 7603 220
30  CVST 8300 2486
10  CVST 9113 2471
8
50  CVST 7131 2460
30  HP 7391 303
10  HP 7437 312
9
50  HP 3975 322
30  HP 3998 273
10  HP 4531 239
10
50  HP 3084 255
30  CVST 4087 2450
10  HP 4346 251
11
50  CVST 2134 2473
30  HP 2162 338
10  CVST 2340 2433
12
50  CVST 2072 2430
30  HP 2334 331
10  HP 2456 300
13
50  HP 3703 211
30  HP 4381 226
10  CVST 4397 2469
14
50  HP 3725 237
30  HP 4106 283
10  HP 4278 282
15
50  HP 3207 330
30  HP 3650 335
10  HP 3719 332
16
50  HP 3135 236
30  HP 3422 254
10  HP 3934 276
17
50  HP 6384 290
30  CVST 7332 2417
10  HP 8007 235
18
50  HP 7653 241
30  HP 8009 304
10  HP 8040 275
19
50  CVST 7231 2447
30  CVST 7352 2486
10  CVST 7602 2467
20
50  HP 5659 308
30  HP 6313 312
10  CVST 6471 2460
21
50  HP 4947 322
30  HP 6941 239
22
50  HP 2850 227
30  HP 3722 255
10  CVST 7122 2450
23
50  CVST 2512 2473
30  HP 2685 229
10  CVST 2834 2464
24
50  CVST 2544 2430
30  HP 2787 331
10  HP 2850 227
25
50  HP 1963 260
30  HP 2303 233
10  HP 2308 323
26
50  CVST 2446 2466
30  HP 2563 246
10  CVST 2693 2437
27
50  HP 3568 269
30  HP 3894 330
10  HP 4756 232
28
50  HP 4231 254
30  CVST 4787 2472
10  CVST 5099 2408
29
50  HP 3984 235
30  CVST 4394 2454
10  CVST 4825 2423
30
50  HP 3275 268
30  HP 4110 288
10  HP 4353 298
31
80  HP 3625 220
40  CVST 3768 2467
0  CVST 4033 2447
32
80  HP 2865 308
40  HP 3557 289
0  HP 3884 310
33
80  CVST 2497 2473
40  HP 2600 338
0  HP 2612 214
34
80  CVST 2670 2430
40  HP 2722 227
0  HP 3031 331
35
50  HP 1863 260
30  HP 1960 211
10  HP 2296 215
36
50  HP 1747 328
30  HP 2134 283
10  CVST 2475 2413
37
50  HP 3265 269
30  HP 4228 332
10  CVST 5131 2463
38
50  HP 3428 236
30  CVST 5369 2472
10  CVST 5604 2415
39
50  HP 3072 290
30  CVST 3459 2417
10  HP 3618 234
40
50  HP 3075 256
30  HP 3638 244
10  HP 3778 241
41
50  CVST 3789 2486
30  CVST 3790 2447
10  CVST 3822 2467
42
50  HP 2698 308
30  HP 3059 303
10  HP 3184 314
43
50  HP 2884 229
30  CVST 3090 2433
10  CVST 3214 2414
44
50  CVST 3410 2429
30  HP 3416 227
10  HP 3853 261
45
50  HP 2439 211
30  CVST 2777 2478
10  HP 2795 215
46
50  HP 2560 282
30  CVST 2589 2437
10  CVST 2769 2416
47
50  HP 4525 330
30  HP 4844 335
10  HP 4938 213
48
50  CVST 5286 2408
30  HP 5325 276
10  HP 5327 254
49
50  CVST 4415 2417
30  HP 4641 234
10  CVST 4738 2442
50
50  HP 3669 268
30  HP 4369 288
10  HP 4769 337
51
50  HP 3997 220
30  CVST 4631 2471
10  HP 4753 243
52
50  CVST 3446 2460
30  HP 3687 312
10  HP 3715 289
53
50  HP 18604 1656
54
50  CVST 9359 1890
30  HP 10553 1642
55
50  HP 18650 1644
30  CVST 19053 1892
56
50  HP 15963 1646
30  CVST 18637 1894
57
50  HP 17031 1647
30  CVST 17503 1896
58
50  CVST 17620 1898
30  HP 17835 1649
59
50  HP 15187 1650
30  CVST 17112 1900
60
50  HP 12150 1651
30  CVST 15547 1901
61
50  CVST 12697 1902
30  HP 13259 1653
SCORE:CVST,HP,1770,3710,-194.0
