CVST-PO
1
50  PO 9340 2358
30  PO 10953 2304
10  CVST 11587 2418
2
50  PO 10430 2359
30  PO 12613 2389
10  CVST 12734 2437
3
50  PO 9899 2336
30  PO 10541 2295
10  CVST 10802 2463
4
50  PO 9149 2391
30  CVST 9787 2472
10  CVST 10762 2415
5
50  CVST 8095 2417
30  PO 9593 2388
10  PO 9719 2312
6
50  PO 7628 2297
30  PO 7677 2366
10  PO 9113 2315
7
50  CVST 8300 2486
30  PO 8925 2320
10  PO 8952 2319
8
50  CVST 7131 2460
30  PO 7191 2298
10  PO 8889 2300
9
50  PO 2428 2293
30  PO 3240 2374
10  PO 3401 2365
10
50  PO 2596 2346
30  PO 3253 2322
10  PO 3576 2305
11
50  PO 2096 2364
30  CVST 2134 2473
10  PO 2269 2351
12
50  CVST 2072 2430
30  PO 2075 2402
10  PO 2097 2292
13
50  PO 3834 2317
30  CVST 4397 2469
10  PO 4408 2304
14
50  PO 4212 2359
30  PO 4251 2389
10  PO 4348 2400
15
50  PO 3896 2336
30  CVST 3928 2463
10  PO 4000 2295
16
50  PO 3749 2349
30  CVST 3974 2415
10  CVST 3988 2483
17
50  CVST 7332 2417
30  CVST 8221 2454
10  PO 8416 2312
18
50  PO 7672 2315
30  PO 8137 2331
10  CVST 9025 2474
19
50  PO 7177 2353
30  CVST 7231 2447
10  CVST 7352 2486
20
50  CVST 6471 2460
30  CVST 7039 2475
10  PO 7108 2298
21
50  PO 3271 2378
30  PO 3409 2293
10  PO 3913 2303
22
50  PO 3458 2346
30  PO 3540 2322
10  PO 4746 2305
23
50  CVST 2512 2473
30  PO 2579 2351
10  PO 2611 2330
24
50  CVST 2544 2430
30  PO 2745 2345
10  PO 2847 2292
25
50  PO 2181 2317
30  CVST 2453 2418
10  PO 2479 2321
26
50  CVST 2446 2466
30  PO 2667 2307
10  CVST 2693 2437
27
50  CVST 4985 2448
30  CVST 5287 2465
10  CVST 5401 2482
28
50  CVST 4787 2472
30  CVST 5099 2408
10  CVST 5134 2481
29
50  CVST 4394 2454
30  PO 4596 2361
10  PO 4737 2388
30
50  PO 3426 2297
30  PO 3614 2366
10  CVST 5015 2474
31
80  CVST 3768 2467
40  CVST 4033 2447
0  PO 4090 2319
32
80  CVST 3903 2443
40  CVST 3967 2475
0  PO 4094 2300
33
80  CVST 2497 2473
40  PO 2769 2364
0  PO 3434 2330
34
80  CVST 2670 2430
40  PO 2833 2345
0  PO 2866 2402
35
50  PO 1754 2358
30  PO 1951 2317
10  PO 2282 2304
36
50  PO 2003 2359
30  PO 2400 2400
10  CVST 2475 2413
37
50  CVST 5131 2463
30  PO 5814 2403
10  CVST 6066 2477
38
50  PO 4129 2391
30  CVST 5369 2472
10  PO 5443 2334
39
50  CVST 3459 2417
30  PO 4303 2361
10  CVST 4433 2454
40
50  PO 3357 2297
30  PO 3587 2366
10  PO 4567 2331
41
50  PO 3582 2353
30  CVST 3789 2486
10  CVST 3790 2447
42
50  PO 3243 2298
30  PO 3741 2340
10  CVST 4069 2475
43
50  CVST 3090 2433
30  CVST 3214 2414
10  PO 3567 2390
44
50  CVST 3410 2429
30  PO 3713 2355
45
50  PO 2282 2358
30  CVST 2777 2478
10  PO 2802 2333
46
50  CVST 2589 2437
30  PO 2697 2400
10  CVST 2769 2416
47
50  PO 4839 2336
30  CVST 5630 2459
10  CVST 5639 2448
48
50  PO 5239 2391
30  PO 5258 2349
10  CVST 5286 2408
49
50  CVST 4415 2417
30  PO 4732 2342
10  CVST 4738 2442
50
50  PO 4740 2331
30  PO 4829 2315
10  CVST 4978 2480
51
50  PO 4338 2320
30  CVST 4631 2471
10  PO 4744 2319
52
50  CVST 3446 2460
30  PO 4268 2300
10  CVST 5103 2443
53
50  PO 12839 1888
54
50  CVST 9359 1890
30  PO 9464 1876
55
50  PO 17012 1877
30  CVST 19053 1892
56
50  CVST 18637 1894
30  PO 19939 1879
57
50  CVST 17503 1896
30  PO 19083 1881
58
50  PO 16272 1882
30  CVST 17620 1898
59
50  PO 15543 1884
30  CVST 17112 1900
60
50  PO 13909 1886
30  CVST 15547 1901
61
50  PO 12619 1887
30  CVST 12697 1902
SCORE:CVST,PO,2380,3100,-72.0
