CVST-ML
1
50  ML 7733 3026
30  ML 8827 3040
10  CVST 11587 2418
2
50  CVST 12734 2437
30  CVST 12739 2416
10  CVST 14447 2421
3
50  ML 7653 3039
30  ML 8387 3030
10  ML 8627 3021
4
50  CVST 9787 2472
30  CVST 10762 2415
10  CVST 12007 2408
5
50  ML 7646 2976
30  CVST 8095 2417
10  CVST 10977 2423
6
50  ML 8587 3042
30  ML 8838 3041
10  CVST 10273 2480
7
50  CVST 8300 2486
30  CVST 9113 2471
10  CVST 9977 2428
8
50  ML 6856 3009
30  CVST 7131 2460
9
50  ML 2362 3027
30  ML 3564 3035
10  ML 3747 3038
10
50  ML 3708 3055
30  CVST 4087 2450
10  ML 4282 3004
11
50  ML 1763 3018
30  CVST 2134 2473
10  ML 2138 2990
12
50  ML 1841 3057
30  ML 2006 3058
10  CVST 2072 2430
13
50  ML 4123 2974
30  CVST 4397 2469
10  CVST 4878 2455
14
50  ML 3347 3007
30  ML 3845 3052
10  ML 4152 3017
15
50  ML 3038 3039
30  ML 3094 2983
10  ML 3537 2977
16
50  ML 3797 3008
30  CVST 3974 2415
10  CVST 3988 2483
17
50  ML 6728 3025
30  ML 7035 2976
10  CVST 7332 2417
18
50  ML 7318 3042
30  ML 7769 3041
10  ML 8081 3006
19
50  CVST 7231 2447
30  CVST 7352 2486
10  CVST 7602 2467
20
50  ML 5822 3009
30  CVST 6471 2460
10  CVST 7039 2475
21
50  ML 3140 3027
30  ML 4009 2975
10  ML 4740 3035
22
50  ML 5102 3004
30  ML 5881 3055
10  ML 6240 3033
23
50  ML 2434 2968
30  ML 2446 3018
10  CVST 2512 2473
24
50  ML 2428 3058
30  CVST 2544 2430
10  ML 2614 3057
25
50  ML 2282 2979
30  ML 2409 2974
10  CVST 2453 2418
26
50  ML 1775 3007
30  ML 2128 3052
10  ML 2400 3017
27
50  ML 3468 3028
30  ML 3828 3030
10  ML 4069 3021
28
50  CVST 4787 2472
30  CVST 5099 2408
10  CVST 5134 2481
29
50  ML 3495 3025
30  ML 3766 2976
10  CVST 4394 2454
30
50  ML 4514 3006
30  ML 4781 3000
10  ML 4925 3023
31
80  CVST 3768 2467
40  CVST 4033 2447
0  CVST 4566 2428
32
80  ML 3295 3009
40  CVST 3903 2443
0  CVST 3967 2475
33
80  CVST 2497 2473
40  CVST 3566 2461
34
80  CVST 2670 2430
35
50  ML 1494 3026
30  ML 1822 3040
10  CVST 2464 2418
36
50  ML 1976 3007
30  ML 2253 3017
10  CVST 2475 2413
37
50  ML 3107 3028
30  ML 3506 3039
10  ML 3809 3030
38
50  ML 4734 3008
30  ML 5303 3053
10  CVST 5369 2472
39
50  ML 3244 2976
30  CVST 3459 2417
10  ML 3546 3025
40
50  CVST 4744 2480
30  ML 4843 3006
10  CVST 5309 2458
41
50  CVST 3789 2486
30  CVST 3790 2447
10  CVST 3822 2467
42
50  ML 2864 3009
30  CVST 4069 2475
10  CVST 4834 2407
43
50  ML 2798 3018
30  ML 2884 2968
10  CVST 3090 2433
44
50  ML 2996 2998
30  CVST 3410 2429
45
50  ML 1895 3026
30  ML 2352 3040
10  ML 2645 2974
46
50  CVST 2589 2437
30  CVST 2769 2416
10  ML 2939 3031
47
50  ML 3656 3028
30  ML 4203 2983
10  ML 4350 2999
48
50  ML 4858 3008
30  CVST 5286 2408
10  CVST 6513 2481
49
50  ML 4165 3025
30  CVST 4415 2417
10  CVST 4738 2442
50
50  ML 4115 3023
30  ML 4447 3041
10  ML 4591 3042
51
50  CVST 4631 2471
30  CVST 5069 2456
10  CVST 5203 2428
52
50  CVST 3446 2460
30  CVST 5103 2443
53
50  ML 16500 1973
54
50  ML 9222 1974
30  CVST 9359 1890
55
50  ML 16363 1977
30  CVST 19053 1892
56
50  ML 18044 1978
30  CVST 18637 1894
57
50  ML 12776 1980
30  CVST 17503 1896
58
50  CVST 17620 1898
59
50  CVST 17112 1900
60
50  ML 14843 1981
30  CVST 15547 1901
61
50  CVST 12697 1902
SCORE:CVST,ML,2080,3250,-117.0
