CVST-WRC
1
50  WRC 10759 2171
30  CVST 11587 2418
10  CVST 13418 2455
2
50  WRC 10377 2161
30  CVST 12734 2437
10  CVST 12739 2416
3
50  WRC 8371 2156
30  WRC 9470 2151
10  CVST 10802 2463
4
50  CVST 9787 2472
30  WRC 10200 2180
10  CVST 10762 2415
5
50  WRC 8003 2147
30  CVST 8095 2417
10  WRC 9690 2155
6
50  WRC 7619 2174
30  CVST 10273 2480
10  CVST 10653 2474
7
50  WRC 8182 2146
30  CVST 8300 2486
10  WRC 8594 2169
8
50  CVST 7131 2460
30  WRC 7292 2182
10  WRC 7447 2177
9
50  WRC 3100 2162
30  CVST 5503 2431
10
50  WRC 3732 2165
30  CVST 4087 2450
10  WRC 6075 2168
11
50  WRC 1881 2176
30  WRC 1968 2196
10  CVST 2134 2473
12
50  CVST 2072 2430
30  WRC 2313 2150
10  CVST 2494 2479
13
50  WRC 3889 2175
30  CVST 4397 2469
10  CVST 4878 2455
14
50  CVST 4356 2416
30  WRC 4383 2191
10  CVST 4514 2466
15
50  WRC 3553 2167
30  WRC 3638 2151
10  WRC 3659 2152
16
50  CVST 3974 2415
30  CVST 3988 2483
10  CVST 4405 2481
17
50  WRC 6896 2147
30  CVST 7332 2417
10  WRC 7375 2153
18
50  WRC 6674 2174
30  WRC 7522 2189
10  CVST 9025 2474
19
50  WRC 6727 2145
30  WRC 7127 2146
10  CVST 7231 2447
20
50  WRC 6001 2181
30  WRC 6272 2182
10  CVST 6471 2460
21
50  WRC 3722 2162
22
50  WRC 4550 2165
30  CVST 7122 2450
23
50  WRC 2194 2196
30  CVST 2512 2473
10  CVST 2834 2464
24
50  CVST 2544 2430
30  CVST 3310 2453
10  WRC 3389 2183
25
50  WRC 2256 2171
30  CVST 2453 2418
10  WRC 2677 2164
26
50  WRC 2103 2161
30  WRC 2347 2191
10  CVST 2446 2466
27
50  WRC 4144 2151
30  WRC 4376 2167
10  CVST 4985 2448
28
50  CVST 4787 2472
30  CVST 5099 2408
10  CVST 5134 2481
29
50  WRC 3476 2178
30  WRC 4006 2153
10  CVST 4394 2454
30
50  WRC 3546 2174
30  WRC 4187 2189
10  CVST 5015 2474
31
80  CVST 3768 2467
40  WRC 3850 2146
0  CVST 4033 2447
32
80  WRC 3201 2181
40  WRC 3499 2177
0  WRC 3783 2193
33
80  WRC 2358 2196
40  WRC 2458 2176
0  CVST 2497 2473
34
80  CVST 2670 2430
35
50  WRC 1814 2175
30  CVST 2464 2418
10  CVST 2891 2424
36
50  WRC 2018 2161
30  WRC 2403 2191
10  CVST 2475 2413
37
50  WRC 3987 2156
30  WRC 4400 2167
10  WRC 4733 2152
38
50  CVST 5369 2472
30  CVST 5604 2415
10  CVST 6528 2422
39
50  CVST 3459 2417
30  WRC 3559 2178
10  WRC 3650 2153
40
50  WRC 3512 2174
30  WRC 4271 2189
10  CVST 4744 2480
41
50  WRC 3456 2145
30  WRC 3719 2169
10  CVST 3789 2486
42
50  WRC 3052 2182
30  WRC 3094 2181
10  WRC 3489 2170
43
50  WRC 2683 2176
30  CVST 3090 2433
10  CVST 3214 2414
44
50  CVST 3410 2429
45
50  WRC 2627 2171
30  WRC 2653 2175
10  CVST 2777 2478
46
50  WRC 2445 2161
30  WRC 2487 2191
10  CVST 2589 2437
47
50  WRC 4069 2156
30  WRC 5535 2152
10  CVST 5630 2459
48
50  WRC 4896 2188
30  CVST 5286 2408
10  CVST 6513 2481
49
50  WRC 4226 2147
30  CVST 4415 2417
10  CVST 4738 2442
50
50  WRC 4032 2189
30  CVST 4978 2480
10  CVST 5988 2411
51
50  WRC 3802 2145
30  WRC 4565 2169
10  CVST 4631 2471
52
50  CVST 3446 2460
30  WRC 3662 2177
10  WRC 3976 2173
54
50  WRC 9339 1855
30  CVST 9359 1890
55
50  CVST 19053 1892
30  WRC 20388 1858
56
50  CVST 18637 1894
57
50  WRC 14518 1859
30  CVST 17503 1896
58
50  CVST 17620 1898
59
50  WRC 13206 1860
30  CVST 17112 1900
60
50  CVST 15547 1901
61
50  CVST 12697 1902
30  WRC 13246 1861
SCORE:CVST,WRC,2000,3210,-121.0
