CVST-BJCCS
1
50  CVST 11587 2418
30  CVST 13418 2455
10  CVST 13517 2424
2
50  BJCCS 7311 1954
30  BJCCS 9619 1983
10  BJCCS 12100 1969
3
50  BJCCS 9831 1977
30  CVST 10802 2463
10  CVST 11369 2448
4
50  BJCCS 8868 1970
30  BJCCS 8910 1964
10  CVST 9787 2472
5
50  BJCCS 7494 1958
30  CVST 8095 2417
10  BJCCS 9193 1972
6
50  BJCCS 7580 1985
30  BJCCS 8634 1960
10  CVST 10273 2480
7
50  BJCCS 7577 1975
30  BJCCS 8144 1986
10  CVST 8300 2486
8
50  BJCCS 6444 1974
30  BJCCS 6544 1984
10  CVST 7131 2460
9
50  BJCCS 2399 1956
30  BJCCS 3603 1978
10  BJCCS 4022 1963
10
50  CVST 4087 2450
11
50  BJCCS 2100 1973
30  CVST 2134 2473
10  CVST 2340 2433
12
50  BJCCS 1892 1955
30  BJCCS 2070 1981
10  CVST 2072 2430
13
50  CVST 4397 2469
30  CVST 4878 2455
10  CVST 5113 2424
14
50  BJCCS 2934 1954
30  CVST 4356 2416
10  BJCCS 4497 1988
15
50  CVST 3928 2463
30  CVST 4175 2482
10  BJCCS 4347 1976
16
50  BJCCS 3568 1964
30  BJCCS 3666 1970
10  CVST 3974 2415
17
50  BJCCS 7103 1958
30  CVST 7332 2417
10  BJCCS 7806 1972
18
50  BJCCS 6120 1966
30  BJCCS 7762 1960
10  BJCCS 7767 1980
19
50  BJCCS 6706 1975
30  CVST 7231 2447
10  CVST 7352 2486
20
50  BJCCS 5725 1974
30  CVST 6471 2460
10  BJCCS 6940 1962
21
50  BJCCS 2962 1956
30  BJCCS 3903 1989
10  BJCCS 4994 1963
22
50  CVST 7122 2450
23
50  CVST 2512 2473
30  BJCCS 2553 1973
10  CVST 2834 2464
24
50  BJCCS 2342 1955
30  CVST 2544 2430
10  BJCCS 2669 1981
25
50  CVST 2453 2418
30  CVST 2882 2469
10  CVST 3226 2409
26
50  BJCCS 2019 1983
30  BJCCS 2356 1988
10  CVST 2446 2466
27
50  CVST 4985 2448
30  BJCCS 5075 1977
10  CVST 5287 2465
28
50  BJCCS 4400 1970
30  CVST 4787 2472
10  CVST 5099 2408
29
50  BJCCS 3747 1958
30  BJCCS 4150 1972
10  CVST 4394 2454
30
50  BJCCS 3247 1966
30  BJCCS 3419 1985
10  BJCCS 4946 1980
31
80  BJCCS 3610 1986
40  CVST 3768 2467
0  CVST 4033 2447
32
80  BJCCS 2989 1984
40  BJCCS 3687 1962
0  CVST 3903 2443
33
80  CVST 2497 2473
40  BJCCS 2559 1973
0  BJCCS 3103 1956
34
80  BJCCS 2165 1981
40  CVST 2670 2430
35
50  CVST 2464 2418
30  CVST 2891 2424
10  CVST 2925 2478
36
50  BJCCS 1770 1983
30  BJCCS 2356 1988
10  CVST 2475 2413
37
50  BJCCS 4916 1977
30  CVST 5131 2463
10  BJCCS 5334 1976
38
50  BJCCS 4031 1970
30  BJCCS 4178 1964
10  BJCCS 4825 1987
39
50  CVST 3459 2417
30  BJCCS 4225 1972
10  CVST 4433 2454
40
50  BJCCS 3145 1966
30  BJCCS 4636 1980
10  CVST 4744 2480
41
50  CVST 3789 2486
30  CVST 3790 2447
10  CVST 3822 2467
42
50  BJCCS 3000 1974
30  BJCCS 3739 1962
10  BJCCS 3892 1982
43
50  CVST 3090 2433
30  CVST 3214 2414
10  BJCCS 4025 1957
44
50  BJCCS 3022 1955
30  CVST 3410 2429
45
50  CVST 2777 2478
30  CVST 2878 2469
10  CVST 3432 2435
46
50  BJCCS 1744 1954
30  CVST 2589 2437
10  CVST 2769 2416
47
50  BJCCS 5529 1977
30  CVST 5630 2459
10  CVST 5639 2448
48
50  BJCCS 4834 1964
30  CVST 5286 2408
10  BJCCS 5853 1987
49
50  BJCCS 3875 1958
30  CVST 4415 2417
10  CVST 4738 2442
50
50  BJCCS 4163 1985
30  BJCCS 4372 1960
10  CVST 4978 2480
51
50  CVST 4631 2471
30  CVST 5069 2456
10  CVST 5203 2428
52
50  CVST 3446 2460
30  BJCCS 3897 1984
10  BJCCS 4203 1982
54
50  BJCCS 9233 1830
30  CVST 9359 1890
55
50  CVST 19053 1892
56
50  BJCCS 15437 1831
30  CVST 18637 1894
57
50  CVST 17503 1896
58
50  CVST 17620 1898
59
50  CVST 17112 1900
60
50  BJCCS 12532 1832
30  CVST 15547 1901
61
50  BJCCS 12031 1833
30  CVST 12697 1902
SCORE:CVST,BJCCS,2230,3000,-77.0
