CVST-GBP
1
50  CVST 11587 2418
30  GBP 11741 3412
10  GBP 13410 3402
2
50  GBP 9298 3408
30  GBP 9322 3416
10  GBP 11916 3391
3
50  CVST 10802 2463
30  GBP 11009 3417
10  CVST 11369 2448
4
50  CVST 9787 2472
30  GBP 10451 3407
10  CVST 10762 2415
5
50  CVST 8095 2417
30  CVST 10977 2423
10  CVST 10988 2442
6
50  GBP 7190 3414
30  GBP 8906 3399
10  GBP 8937 3401
7
50  GBP 7477 3415
30  CVST 8300 2486
10  CVST 9113 2471
8
50  CVST 7131 2460
30  GBP 8403 3393
9
50  GBP 2550 3410
30  GBP 3697 3404
10  GBP 3837 3409
10
50  CVST 4087 2450
11
50  GBP 2046 3413
30  CVST 2134 2473
10  CVST 2340 2433
12
50  GBP 1853 3388
30  CVST 2072 2430
10  CVST 2494 2479
13
50  GBP 3943 3412
30  CVST 4397 2469
10  CVST 4878 2455
14
50  GBP 3432 3408
30  CVST 4356 2416
10  GBP 4485 3411
15
50  CVST 3928 2463
30  CVST 4175 2482
10  GBP 4221 3417
16
50  GBP 3813 3407
30  CVST 3974 2415
10  CVST 3988 2483
17
50  CVST 7332 2417
30  CVST 8221 2454
10  CVST 9380 2442
18
50  GBP 8007 3399
30  GBP 8147 3400
10  CVST 9025 2474
19
50  GBP 6648 3415
30  GBP 7221 3418
10  CVST 7231 2447
20
50  CVST 6471 2460
30  GBP 7038 3392
10  CVST 7039 2475
21
50  GBP 3449 3404
30  GBP 3872 3410
22
50  CVST 7122 2450
23
50  CVST 2512 2473
30  GBP 2762 3396
10  CVST 2834 2464
24
50  GBP 2508 3388
30  CVST 2544 2430
10  GBP 2585 3395
25
50  GBP 2384 3412
30  CVST 2453 2418
10  CVST 2882 2469
26
50  GBP 1909 3416
30  CVST 2446 2466
10  CVST 2693 2437
27
50  CVST 4985 2448
30  GBP 5013 3417
10  CVST 5287 2465
28
50  CVST 4787 2472
30  CVST 5099 2408
10  CVST 5134 2481
29
50  CVST 4394 2454
30  CVST 4825 2423
10  CVST 6525 2434
30
50  GBP 3294 3414
30  CVST 5015 2474
10  GBP 5037 3400
31
80  CVST 3768 2467
40  CVST 4033 2447
0  CVST 4566 2428
32
80  CVST 3903 2443
40  CVST 3967 2475
0  GBP 4038 3393
33
80  GBP 2384 3413
40  CVST 2497 2473
0  CVST 3566 2461
34
80  CVST 2670 2430
40  GBP 2772 3388
0  GBP 3281 3395
35
50  CVST 2464 2418
30  GBP 2647 3412
10  CVST 2891 2424
36
50  GBP 1660 3408
30  CVST 2475 2413
10  GBP 2481 3391
37
50  CVST 5131 2463
30  GBP 5136 3417
10  CVST 6066 2477
38
50  CVST 5369 2472
30  CVST 5604 2415
10  CVST 6528 2422
39
50  CVST 3459 2417
30  CVST 4433 2454
10  CVST 5262 2423
40
50  GBP 3096 3414
30  GBP 4228 3399
10  GBP 4262 3401
41
50  CVST 3789 2486
30  CVST 3790 2447
10  CVST 3822 2467
42
50  GBP 3747 3392
30  CVST 4069 2475
10  CVST 4834 2407
43
50  CVST 3090 2433
30  GBP 3213 3413
10  CVST 3214 2414
44
50  GBP 3047 3403
30  GBP 3172 3388
10  CVST 3410 2429
45
50  CVST 2777 2478
30  CVST 2878 2469
10  GBP 3181 3402
46
50  GBP 2090 3416
30  GBP 2550 3406
10  CVST 2589 2437
47
50  CVST 5630 2459
30  CVST 5639 2448
10  CVST 5749 2465
48
50  GBP 5239 3407
30  CVST 5286 2408
10  CVST 6513 2481
49
50  CVST 4415 2417
30  CVST 4738 2442
10  CVST 6327 2434
50
50  GBP 4584 3400
30  CVST 4978 2480
10  GBP 5112 3401
51
50  GBP 4132 3418
30  CVST 4631 2471
10  CVST 5069 2456
52
50  CVST 3446 2460
30  GBP 3738 3393
10  GBP 4054 3392
54
50  CVST 9359 1890
30  GBP 9875 2033
55
50  CVST 19053 1892
56
50  GBP 16283 2035
30  CVST 18637 1894
57
50  CVST 17503 1896
58
50  CVST 17620 1898
59
50  CVST 17112 1900
60
50  GBP 13453 2036
30  CVST 15547 1901
61
50  CVST 12697 1902
SCORE:CVST,GBP,3010,2180,83.0
