CVST-NC
1
50  NC 9537 1485
30  NC 11022 1472
10  CVST 11587 2418
2
50  NC 10859 1532
30  CVST 12734 2437
10  CVST 12739 2416
3
50  NC 7906 1477
30  NC 9235 1504
10  NC 9563 1519
4
50  NC 8479 1533
30  NC 9094 1471
10  CVST 9787 2472
5
50  NC 8092 1476
30  CVST 8095 2417
10  NC 9066 1506
6
50  NC 9079 1524
30  NC 9428 1514
10  CVST 10273 2480
7
50  CVST 8300 2486
30  NC 8569 1497
10  CVST 9113 2471
8
50  NC 7103 1483
30  CVST 7131 2460
10  NC 7146 1492
9
50  NC 2950 1526
30  NC 4638 1486
10  CVST 5503 2431
10
50  CVST 4087 2450
11
50  NC 2056 1515
30  CVST 2134 2473
10  CVST 2340 2433
12
50  CVST 2072 2430
30  NC 2144 1487
10  NC 2181 1530
13
50  NC 4184 1474
30  CVST 4397 2469
10  CVST 4878 2455
14
50  NC 4309 1528
30  CVST 4356 2416
10  CVST 4514 2466
15
50  NC 3160 1477
30  NC 3698 1522
10  CVST 3928 2463
16
50  NC 3250 1517
30  NC 3447 1533
10  NC 3932 1502
17
50  CVST 7332 2417
30  NC 7388 1470
10  CVST 8221 2454
18
50  NC 7797 1537
30  NC 7947 1524
10  NC 8323 1514
19
50  CVST 7231 2447
30  CVST 7352 2486
10  NC 7391 1497
20
50  NC 6181 1483
30  CVST 6471 2460
10  NC 6473 1509
21
50  NC 4007 1526
30  NC 5883 1486
22
50  CVST 7122 2450
23
50  CVST 2512 2473
30  NC 2606 1516
10  CVST 2834 2464
24
50  CVST 2544 2430
30  NC 2572 1487
10  NC 3022 1489
25
50  NC 1994 1485
30  NC 2363 1475
10  CVST 2453 2418
26
50  NC 2422 1525
30  CVST 2446 2466
10  NC 2580 1467
27
50  NC 3567 1477
30  NC 4549 1504
10  CVST 4985 2448
28
50  NC 4119 1533
30  NC 4179 1471
10  CVST 4787 2472
29
50  NC 3790 1470
30  NC 4284 1506
10  CVST 4394 2454
30
50  NC 4540 1537
30  NC 4856 1524
10  CVST 5015 2474
31
80  CVST 3768 2467
40  NC 3954 1497
0  CVST 4033 2447
32
80  NC 3181 1492
40  NC 3437 1509
0  CVST 3903 2443
33
80  CVST 2497 2473
40  NC 2860 1516
0  NC 2900 1515
34
80  NC 2659 1530
40  CVST 2670 2430
0  NC 3803 1487
35
50  NC 1873 1485
30  NC 2172 1472
10  CVST 2464 2418
36
50  NC 2300 1525
30  NC 2389 1532
10  NC 2462 1528
37
50  NC 4296 1519
30  NC 4328 1504
10  NC 4475 1522
38
50  NC 3571 1517
30  NC 4003 1471
10  CVST 5369 2472
39
50  CVST 3459 2417
30  NC 3541 1470
10  NC 3618 1476
40
50  NC 4068 1537
30  NC 4128 1514
10  CVST 4744 2480
41
50  NC 3763 1497
30  CVST 3789 2486
10  CVST 3790 2447
42
50  NC 2993 1483
30  NC 3113 1492
10  NC 3359 1509
43
50  NC 3047 1516
30  CVST 3090 2433
10  CVST 3214 2414
44
50  NC 2992 1494
30  NC 3066 1489
10  NC 3369 1530
45
50  NC 2462 1474
30  NC 2653 1472
10  CVST 2777 2478
46
50  NC 2525 1532
30  CVST 2589 2437
10  CVST 2769 2416
47
50  NC 4322 1477
30  NC 4701 1519
10  NC 4796 1522
48
50  NC 4507 1517
30  NC 5165 1502
10  CVST 5286 2408
49
50  NC 4160 1476
30  CVST 4415 2417
10  CVST 4738 2442
50
50  NC 4410 1524
30  CVST 4978 2480
10  NC 5575 1508
51
50  CVST 4631 2471
30  NC 4844 1505
10  NC 4958 1466
52
50  CVST 3446 2460
30  NC 3615 1483
10  NC 3750 1492
54
50  CVST 9359 1890
30  NC 9591 1764
55
50  NC 18144 1766
30  CVST 19053 1892
56
50  NC 18106 1768
30  CVST 18637 1894
57
50  NC 15191 1770
30  CVST 17503 1896
58
50  NC 14393 1772
30  CVST 17620 1898
59
50  NC 14019 1773
30  CVST 17112 1900
60
50  NC 14844 1774
30  CVST 15547 1901
61
50  CVST 12697 1902
30  NC 14235 1775
SCORE:CVST,NC,1710,3640,-193.0
