CVST-SPD
1
50  SPD 10483 2543
30  CVST 11587 2418
10  SPD 13000 2541
2
50  SPD 8459 2533
30  SPD 9968 2525
10  CVST 12734 2437
3
50  SPD 10200 2513
30  SPD 10800 2550
10  CVST 10802 2463
4
50  CVST 9787 2472
30  SPD 10001 2510
10  SPD 10160 2549
5
50  SPD 7938 2532
30  CVST 8095 2417
10  SPD 8957 2503
6
50  SPD 8395 2544
30  CVST 10273 2480
10  CVST 10653 2474
7
50  CVST 8300 2486
30  CVST 9113 2471
10  CVST 9977 2428
8
50  CVST 7131 2460
30  SPD 8953 2540
9
50  SPD 3385 2489
30  SPD 4118 2490
10  SPD 4586 2556
10
50  CVST 4087 2450
30  SPD 7354 2554
11
50  CVST 2134 2473
30  CVST 2340 2433
10  CVST 2530 2427
12
50  CVST 2072 2430
30  CVST 2494 2479
10  CVST 2538 2453
13
50  CVST 4397 2469
30  SPD 4588 2541
10  CVST 4878 2455
14
50  SPD 3450 2533
30  CVST 4356 2416
10  CVST 4514 2466
15
50  SPD 3909 2511
30  CVST 3928 2463
10  CVST 4175 2482
16
50  SPD 3708 2553
30  SPD 3714 2510
10  SPD 3970 2493
17
50  SPD 6896 2532
30  CVST 7332 2417
10  CVST 8221 2454
18
50  SPD 7106 2544
30  SPD 8412 2551
10  SPD 8768 2529
19
50  CVST 7231 2447
30  CVST 7352 2486
10  CVST 7602 2467
20
50  CVST 6471 2460
30  CVST 7039 2475
10  SPD 7422 2552
21
50  SPD 3859 2489
30  SPD 3863 2490
10  SPD 7130 2556
22
50  SPD 5433 2536
30  CVST 7122 2450
10  SPD 7209 2554
23
50  CVST 2512 2473
30  CVST 2834 2464
10  CVST 2993 2461
24
50  CVST 2544 2430
30  CVST 3310 2453
10  CVST 3415 2479
25
50  SPD 2138 2543
30  SPD 2449 2512
10  CVST 2453 2418
26
50  SPD 1891 2533
30  SPD 2140 2525
10  CVST 2446 2466
27
50  SPD 4615 2511
30  SPD 4970 2513
10  CVST 4985 2448
28
50  CVST 4787 2472
30  SPD 4881 2509
10  CVST 5099 2408
29
50  SPD 4043 2518
30  CVST 4394 2454
10  SPD 4679 2522
30
50  SPD 4387 2508
30  SPD 4707 2542
10  SPD 4803 2551
31
80  CVST 3768 2467
40  CVST 4033 2447
0  SPD 4170 2539
32
80  CVST 3903 2443
40  CVST 3967 2475
0  SPD 4063 2552
33
80  CVST 2497 2473
40  CVST 3566 2461
0  SPD 4375 2534
34
80  CVST 2670 2430
35
50  SPD 2403 2543
30  SPD 2406 2541
10  SPD 2426 2512
36
50  SPD 2102 2525
30  CVST 2475 2413
10  CVST 2943 2466
37
50  SPD 4592 2550
30  SPD 4819 2511
10  SPD 4969 2487
38
50  SPD 4631 2553
30  SPD 4950 2549
10  SPD 5247 2493
39
50  CVST 3459 2417
30  SPD 3639 2532
10  SPD 3788 2503
40
50  SPD 3814 2544
30  CVST 4744 2480
10  CVST 5309 2458
41
50  CVST 3789 2486
30  CVST 3790 2447
10  CVST 3822 2467
42
50  CVST 4069 2475
30  CVST 4834 2407
10  CVST 4907 2457
43
50  CVST 3090 2433
30  CVST 3214 2414
10  SPD 3899 2526
44
50  CVST 3410 2429
45
50  SPD 2703 2512
30  CVST 2777 2478
10  CVST 2878 2469
46
50  SPD 2083 2533
30  SPD 2428 2525
10  CVST 2589 2437
47
50  SPD 4937 2513
30  SPD 5538 2523
10  CVST 5630 2459
48
50  SPD 5052 2510
30  CVST 5286 2408
10  SPD 5469 2553
49
50  CVST 4415 2417
30  SPD 4663 2547
10  SPD 4725 2503
50
50  SPD 4334 2551
30  SPD 4456 2502
10  CVST 4978 2480
51
50  CVST 4631 2471
30  CVST 5069 2456
10  CVST 5203 2428
52
50  CVST 3446 2460
30  SPD 4607 2540
10  SPD 4683 2552
53
50  SPD 27334 1912
54
50  CVST 9359 1890
30  SPD 15415 1904
55
50  SPD 18900 1906
30  CVST 19053 1892
56
50  CVST 18637 1894
57
50  SPD 16523 1907
30  CVST 17503 1896
58
50  SPD 15638 1908
30  CVST 17620 1898
59
50  SPD 13778 1909
30  CVST 17112 1900
60
50  SPD 14566 1910
30  CVST 15547 1901
61
50  CVST 12697 1902
30  SPD 17680 1911
SCORE:CVST,SPD,2690,2670,2.0
