CVST-FV
1
50  FV 10025 3349
30  CVST 11587 2418
10  CVST 13418 2455
2
50  FV 10634 3383
30  CVST 12734 2437
10  CVST 12739 2416
3
50  FV 8790 3380
30  FV 9695 3377
10  FV 10253 3362
4
50  CVST 9787 2472
30  CVST 10762 2415
10  FV 11027 3350
5
50  CVST 8095 2417
30  FV 8295 3351
10  FV 8941 3381
6
50  CVST 10273 2480
30  FV 10438 3367
10  CVST 10653 2474
7
50  CVST 8300 2486
30  CVST 9113 2471
10  CVST 9977 2428
8
50  CVST 7131 2460
30  FV 7139 3384
10  FV 7577 3364
9
50  FV 3222 3343
30  CVST 5503 2431
10  FV 11425 3361
10
50  FV 3344 3360
30  CVST 4087 2450
11
50  CVST 2134 2473
30  FV 2181 3382
10  FV 2232 3344
12
50  CVST 2072 2430
30  FV 2238 3368
10  CVST 2494 2479
13
50  CVST 4397 2469
30  FV 4412 3375
10  CVST 4878 2455
14
50  CVST 4356 2416
30  CVST 4514 2466
10  CVST 4633 2413
15
50  FV 3525 3380
30  CVST 3928 2463
10  FV 3960 3377
16
50  FV 3762 3359
30  FV 3785 3379
10  CVST 3974 2415
17
50  FV 7303 3351
30  CVST 7332 2417
10  FV 7582 3352
18
50  CVST 9025 2474
30  CVST 9203 2458
10  CVST 10007 2411
19
50  CVST 7231 2447
30  CVST 7352 2486
10  CVST 7602 2467
20
50  FV 6359 3384
30  CVST 6471 2460
10  FV 6653 3355
21
50  FV 3926 3343
22
50  FV 5770 3360
30  CVST 7122 2450
23
50  CVST 2512 2473
30  FV 2641 3344
10  FV 2675 3382
24
50  CVST 2544 2430
30  CVST 3310 2453
10  CVST 3415 2479
25
50  FV 2089 3349
30  CVST 2453 2418
10  FV 2812 3353
26
50  CVST 2446 2466
30  FV 2464 3369
10  CVST 2693 2437
27
50  FV 4028 3380
30  FV 4595 3377
10  FV 4784 3362
28
50  FV 4766 3359
30  CVST 4787 2472
10  CVST 5099 2408
29
50  FV 3738 3351
30  FV 4328 3357
10  CVST 4394 2454
30
50  FV 5003 3367
30  CVST 5015 2474
10  CVST 5300 2411
31
80  CVST 3768 2467
40  CVST 4033 2447
0  CVST 4566 2428
32
80  FV 3475 3364
40  FV 3512 3384
0  FV 3645 3355
33
80  CVST 2497 2473
40  FV 3532 3344
0  CVST 3566 2461
34
80  CVST 2670 2430
40  FV 3213 3368
35
50  FV 1908 3349
30  CVST 2464 2418
10  FV 2653 3375
36
50  FV 2340 3383
30  CVST 2475 2413
10  CVST 2943 2466
37
50  FV 4444 3380
30  FV 4509 3362
10  FV 4872 3371
38
50  FV 5006 3359
30  CVST 5369 2472
10  CVST 5604 2415
39
50  CVST 3459 2417
30  FV 3577 3351
10  FV 3887 3352
40
50  CVST 4744 2480
30  CVST 5309 2458
10  FV 5819 3367
41
50  CVST 3789 2486
30  CVST 3790 2447
10  CVST 3822 2467
42
50  FV 3234 3384
30  FV 3381 3358
10  FV 3491 3355
43
50  CVST 3090 2433
30  CVST 3214 2414
10  FV 3579 3382
44
50  CVST 3410 2429
30  FV 3925 3368
45
50  CVST 2777 2478
30  CVST 2878 2469
10  FV 3062 3348
46
50  CVST 2589 2437
30  FV 2665 3383
10  CVST 2769 2416
47
50  FV 5371 3377
30  CVST 5630 2459
10  CVST 5639 2448
48
50  CVST 5286 2408
30  FV 5718 3350
10  FV 5747 3356
49
50  FV 4203 3352
30  CVST 4415 2417
10  CVST 4738 2442
50
50  CVST 4978 2480
30  FV 5175 3367
10  CVST 5988 2411
51
50  CVST 4631 2471
30  CVST 5069 2456
10  CVST 5203 2428
52
50  CVST 3446 2460
30  FV 4388 3355
10  FV 4463 3364
54
50  CVST 9359 1890
30  FV 11293 2015
55
50  CVST 19053 1892
30  FV 20352 2016
56
50  CVST 18637 1894
30  FV 19896 2017
57
50  FV 17397 2018
30  CVST 17503 1896
58
50  FV 17403 2019
30  CVST 17620 1898
59
50  FV 16759 2020
30  CVST 17112 1900
60
50  CVST 15547 1901
61
50  CVST 12697 1902
SCORE:CVST,FV,2910,2400,51.0
