CVST-ROR
1
50  ROR 9794 13
30  ROR 10469 56
10  CVST 11587 2418
2
50  ROR 10266 6
30  CVST 12734 2437
10  CVST 12739 2416
3
50  ROR 7756 33
30  ROR 8009 14
10  CVST 10802 2463
4
50  ROR 7966 7
30  CVST 9787 2472
10  ROR 9978 43
5
50  ROR 7441 10
30  CVST 8095 2417
10  CVST 10977 2423
6
50  ROR 7169 27
30  ROR 8022 64
10  CVST 10273 2480
7
50  ROR 7410 35
30  CVST 8300 2486
10  CVST 9113 2471
8
50  ROR 6656 68
30  CVST 7131 2460
9
50  ROR 2537 63
30  ROR 3150 31
10  CVST 5503 2431
10
50  ROR 3291 67
30  ROR 4050 39
10  CVST 4087 2450
11
50  ROR 1994 48
30  CVST 2134 2473
10  CVST 2340 2433
12
50  CVST 2072 2430
30  ROR 2081 32
10  ROR 2137 5
13
50  ROR 3966 15
30  ROR 3968 56
10  ROR 3978 13
14
50  ROR 4316 20
30  CVST 4356 2416
10  ROR 4440 40
15
50  ROR 3890 42
30  CVST 3928 2463
10  CVST 4175 2482
16
50  ROR 3175 36
30  CVST 3974 2415
10  CVST 3988 2483
17
50  ROR 6372 47
30  ROR 7128 57
10  CVST 7332 2417
18
50  ROR 6254 28
30  ROR 6944 64
10  CVST 9025 2474
19
50  ROR 6487 35
30  CVST 7231 2447
10  CVST 7352 2486
20
50  ROR 5890 68
30  CVST 6471 2460
10  CVST 7039 2475
21
50  ROR 2909 63
22
50  ROR 3997 67
30  ROR 5540 39
10  CVST 7122 2450
23
50  CVST 2512 2473
30  ROR 2778 21
10  CVST 2834 2464
24
50  ROR 2470 5
30  CVST 2544 2430
10  ROR 2659 49
25
50  ROR 2044 56
30  ROR 2278 15
10  CVST 2453 2418
26
50  ROR 2088 26
30  CVST 2446 2466
10  CVST 2693 2437
27
50  ROR 3778 16
30  CVST 4985 2448
10  CVST 5287 2465
28
50  ROR 3850 36
30  CVST 4787 2472
10  ROR 4956 59
29
50  ROR 3806 57
30  ROR 4128 69
10  CVST 4394 2454
30
50  ROR 3847 25
30  CVST 5015 2474
10  CVST 5300 2411
31
80  ROR 3550 35
40  CVST 3768 2467
0  ROR 3828 24
32
80  CVST 3903 2443
40  CVST 3967 2475
0  CVST 4660 2457
33
80  ROR 2116 34
40  CVST 2497 2473
0  ROR 2636 48
34
80  ROR 2250 38
40  ROR 2288 5
0  CVST 2670 2430
35
50  ROR 1889 61
30  CVST 2464 2418
10  ROR 2712 30
36
50  ROR 1883 6
30  ROR 2194 26
10  ROR 2291 17
37
50  ROR 3327 33
30  ROR 3482 14
10  CVST 5131 2463
38
50  ROR 3441 7
30  ROR 5214 44
10  CVST 5369 2472
39
50  ROR 3241 10
30  CVST 3459 2417
10  ROR 3500 18
40
50  ROR 3207 28
30  ROR 3788 25
10  CVST 4744 2480
41
50  ROR 3589 23
30  ROR 3606 24
10  CVST 3789 2486
42
50  CVST 4069 2475
30  CVST 4834 2407
10  CVST 4907 2457
43
50  ROR 2875 34
30  CVST 3090 2433
10  CVST 3214 2414
44
50  ROR 2753 38
30  ROR 3152 55
10  ROR 3333 32
45
50  ROR 2326 61
30  CVST 2777 2478
10  ROR 2839 50
46
50  CVST 2589 2437
30  ROR 2672 20
10  CVST 2769 2416
47
50  ROR 5050 16
30  ROR 5462 42
10  CVST 5630 2459
48
50  ROR 5233 43
30  CVST 5286 2408
10  ROR 5885 41
49
50  ROR 3527 47
30  CVST 4415 2417
10  ROR 4453 22
50
50  ROR 3632 27
30  CVST 4978 2480
10  CVST 5988 2411
51
50  CVST 4631 2471
30  CVST 5069 2456
10  CVST 5203 2428
52
50  CVST 3446 2460
30  ROR 3534 68
10  CVST 5103 2443
54
50  CVST 9359 1890
30  ROR 9445 1624
55
50  ROR 18003 1627
30  CVST 19053 1892
56
50  ROR 16518 1628
30  CVST 18637 1894
57
50  ROR 13885 1629
30  CVST 17503 1896
58
50  ROR 14409 1630
30  CVST 17620 1898
59
50  ROR 12591 1631
30  CVST 17112 1900
60
50  ROR 12175 1632
30  CVST 15547 1901
61
50  CVST 12697 1902
SCORE:CVST,ROR,1860,3500,-164.0
