CVST-NJST
1
50  NJST 10050 3229
30  CVST 11587 2418
10  CVST 13418 2455
2
50  NJST 11875 3221
30  CVST 12734 2437
10  CVST 12739 2416
3
50  NJST 7090 3206
30  NJST 7422 3238
10  NJST 8059 3224
4
50  CVST 9787 2472
30  NJST 10567 3243
10  CVST 10762 2415
5
50  NJST 8025 3231
30  CVST 8095 2417
10  CVST 10977 2423
6
50  CVST 10273 2480
30  CVST 10653 2474
7
50  NJST 7619 3234
30  CVST 8300 2486
10  NJST 8972 3211
8
50  CVST 7131 2460
30  NJST 7947 3230
9
50  NJST 2247 3222
30  NJST 3979 3235
10  CVST 5503 2431
10
50  CVST 4087 2450
11
50  NJST 1965 3197
30  CVST 2134 2473
10  NJST 2321 3215
12
50  NJST 2010 3225
30  CVST 2072 2430
10  CVST 2494 2479
13
50  NJST 4263 3229
30  CVST 4397 2469
10  NJST 4753 3212
14
50  NJST 4209 3226
30  CVST 4356 2416
10  CVST 4514 2466
15
50  NJST 2836 3206
30  NJST 2929 3238
10  NJST 3194 3191
16
50  NJST 3353 3236
30  NJST 3959 3243
10  CVST 3974 2415
17
50  CVST 7332 2417
30  CVST 8221 2454
10  CVST 9380 2442
18
50  CVST 9025 2474
30  CVST 9203 2458
10  CVST 10007 2411
19
50  NJST 6731 3234
30  CVST 7231 2447
10  CVST 7352 2486
20
50  CVST 6471 2460
30  CVST 7039 2475
10  CVST 7999 2457
21
50  NJST 2794 3222
30  NJST 5043 3235
22
50  CVST 7122 2450
23
50  CVST 2512 2473
30  NJST 2604 3197
10  NJST 2613 3215
24
50  NJST 2287 3225
30  CVST 2544 2430
10  CVST 3310 2453
25
50  NJST 2256 3212
30  NJST 2372 3196
10  CVST 2453 2418
26
50  NJST 2381 3221
30  NJST 2413 3226
10  CVST 2446 2466
27
50  NJST 3425 3213
30  NJST 3872 3191
10  NJST 4666 3232
28
50  NJST 4575 3236
30  CVST 4787 2472
10  CVST 5099 2408
29
50  NJST 3852 3231
30  CVST 4394 2454
10  CVST 4825 2423
30
50  CVST 5015 2474
30  CVST 5300 2411
10  CVST 5356 2458
31
80  CVST 3768 2467
40  NJST 3781 3234
0  CVST 4033 2447
32
80  CVST 3903 2443
40  CVST 3967 2475
0  NJST 3987 3230
33
80  CVST 2497 2473
40  NJST 3345 3197
0  CVST 3566 2461
34
80  CVST 2670 2430
35
50  NJST 2103 3229
30  CVST 2464 2418
10  NJST 2528 3196
36
50  NJST 2091 3226
30  CVST 2475 2413
10  CVST 2943 2466
37
50  NJST 3407 3206
30  NJST 3522 3238
10  NJST 3778 3224
38
50  CVST 5369 2472
30  CVST 5604 2415
10  CVST 6528 2422
39
50  CVST 3459 2417
30  NJST 3557 3231
10  CVST 4433 2454
40
50  CVST 4744 2480
30  CVST 5309 2458
41
50  NJST 3315 3234
30  CVST 3789 2486
10  CVST 3790 2447
42
50  NJST 3604 3230
30  CVST 4069 2475
10  CVST 4834 2407
43
50  CVST 3090 2433
30  NJST 3128 3219
10  CVST 3214 2414
44
50  NJST 3275 3225
30  CVST 3410 2429
10  NJST 4603 3205
45
50  NJST 2662 3194
30  CVST 2777 2478
10  CVST 2878 2469
46
50  CVST 2589 2437
30  CVST 2769 2416
10  NJST 3038 3221
47
50  NJST 4290 3224
30  NJST 5129 3232
10  NJST 5578 3227
48
50  CVST 5286 2408
30  NJST 5291 3214
10  NJST 5836 3236
49
50  NJST 4193 3231
30  CVST 4415 2417
10  CVST 4738 2442
50
50  CVST 4978 2480
30  CVST 5988 2411
51
50  NJST 4359 3211
30  CVST 4631 2471
10  NJST 4675 3240
52
50  CVST 3446 2460
30  NJST 3787 3230
10  CVST 5103 2443
54
50  CVST 9359 1890
30  NJST 10675 1997
55
50  CVST 19053 1892
30  NJST 19643 1998
56
50  CVST 18637 1894
30  NJST 22728 1999
57
50  NJST 12482 2000
30  CVST 17503 1896
58
50  CVST 17620 1898
30  NJST 18127 2002
59
50  CVST 17112 1900
60
50  CVST 15547 1901
61
50  CVST 12697 1902
SCORE:CVST,NJST,2780,2400,38.0
