CVST-WV
1
50  WV 9634 3126
30  WV 10830 3164
10  WV 10963 3154
2
50  WV 9582 3183
30  WV 10834 3137
10  WV 12243 3138
3
50  WV 8547 3175
30  CVST 10802 2463
10  CVST 11369 2448
4
50  WV 9062 3187
30  CVST 9787 2472
10  CVST 10762 2415
5
50  CVST 8095 2417
30  WV 8203 3127
10  WV 9550 3188
6
50  WV 8053 3169
30  CVST 10273 2480
10  CVST 10653 2474
7
50  WV 7778 3180
30  CVST 8300 2486
10  WV 8888 3143
8
50  CVST 7131 2460
30  WV 8844 3162
10  WV 9831 3172
9
50  WV 2925 3155
30  WV 4315 3166
10  CVST 5503 2431
10
50  CVST 4087 2450
30  WV 4763 3145
10  WV 10260 3149
11
50  WV 1953 3125
30  CVST 2134 2473
10  CVST 2340 2433
12
50  CVST 2072 2430
30  WV 2122 3186
10  WV 2162 3157
13
50  WV 3669 3126
30  WV 4250 3154
10  WV 4362 3173
14
50  WV 3866 3137
30  WV 4043 3183
10  WV 4197 3128
15
50  WV 3300 3175
30  CVST 3928 2463
10  CVST 4175 2482
16
50  CVST 3974 2415
30  CVST 3988 2483
10  CVST 4405 2481
17
50  CVST 7332 2417
30  CVST 8221 2454
10  WV 8916 3188
18
50  WV 7144 3169
30  CVST 9025 2474
10  CVST 9203 2458
19
50  WV 6813 3180
30  CVST 7231 2447
10  CVST 7352 2486
20
50  CVST 6471 2460
30  CVST 7039 2475
10  WV 7485 3178
21
50  WV 4028 3155
30  WV 4987 3166
10  WV 6575 3156
22
50  WV 5456 3161
30  CVST 7122 2450
10  WV 9569 3145
23
50  CVST 2512 2473
30  WV 2531 3125
10  CVST 2834 2464
24
50  CVST 2544 2430
30  WV 2869 3157
10  WV 3056 3136
25
50  CVST 2453 2418
30  WV 2540 3173
10  CVST 2882 2469
26
50  WV 2374 3128
30  WV 2384 3137
10  CVST 2446 2466
27
50  WV 3719 3175
30  CVST 4985 2448
10  CVST 5287 2465
28
50  CVST 4787 2472
30  CVST 5099 2408
10  CVST 5134 2481
29
50  WV 3922 3127
30  CVST 4394 2454
10  CVST 4825 2423
30
50  CVST 5015 2474
30  CVST 5300 2411
10  CVST 5356 2458
31
80  CVST 3768 2467
40  CVST 4033 2447
0  WV 4296 3143
32
80  CVST 3903 2443
40  CVST 3967 2475
0  WV 4203 3178
33
80  CVST 2497 2473
40  WV 2975 3179
0  CVST 3566 2461
34
80  CVST 2670 2430
40  WV 3246 3157
0  WV 3944 3148
35
50  WV 2047 3126
30  WV 2066 3164
10  CVST 2464 2418
36
50  WV 2003 3183
30  CVST 2475 2413
10  WV 2541 3135
37
50  CVST 5131 2463
30  WV 5409 3151
10  WV 5656 3159
38
50  CVST 5369 2472
30  CVST 5604 2415
10  WV 5762 3153
39
50  CVST 3459 2417
30  WV 3641 3127
10  WV 4318 3188
40
50  WV 3619 3169
30  CVST 4744 2480
10  CVST 5309 2458
41
50  CVST 3789 2486
30  CVST 3790 2447
10  CVST 3822 2467
42
50  WV 3808 3162
30  CVST 4069 2475
10  WV 4391 3134
43
50  WV 3034 3125
30  CVST 3090 2433
10  CVST 3214 2414
44
50  WV 2947 3186
30  CVST 3410 2429
10  WV 4212 3168
45
50  WV 2325 3173
30  WV 2512 3154
10  CVST 2777 2478
46
50  CVST 2589 2437
30  CVST 2769 2416
10  WV 2850 3138
47
50  WV 4675 3175
30  WV 5353 3151
10  WV 5537 3159
48
50  CVST 5286 2408
30  WV 5571 3153
10  CVST 6513 2481
49
50  CVST 4415 2417
30  WV 4422 3127
10  WV 4728 3188
50
50  WV 4337 3169
30  CVST 4978 2480
10  CVST 5988 2411
51
50  WV 4218 3180
30  CVST 4631 2471
10  WV 4663 3143
52
50  CVST 3446 2460
30  WV 4388 3178
10  WV 4837 3134
53
50  WV 28353 1996
54
50  CVST 9359 1890
30  WV 9372 1991
55
50  WV 16756 1993
30  CVST 19053 1892
56
50  WV 16555 1994
30  CVST 18637 1894
57
50  CVST 17503 1896
58
50  CVST 17620 1898
59
50  CVST 17112 1900
60
50  CVST 15547 1901
61
50  CVST 12697 1902
30  WV 13737 1995
SCORE:CVST,WV,2770,2600,17.0
