CVST-SH
1
50  SH 10278 2639
30  SH 11089 2607
10  CVST 11587 2418
2
50  CVST 12734 2437
30  CVST 12739 2416
10  CVST 14447 2421
3
50  SH 8498 2619
30  SH 9564 2612
10  SH 10747 2608
4
50  CVST 9787 2472
30  SH 9948 2647
10  CVST 10762 2415
5
50  SH 7836 2618
30  CVST 8095 2417
10  SH 8931 2640
6
50  CVST 10273 2480
30  CVST 10653 2474
7
50  CVST 8300 2486
30  SH 9090 2631
10  CVST 9113 2471
8
50  SH 6485 2605
30  SH 7027 2613
10  CVST 7131 2460
9
50  SH 4522 2646
30  CVST 5503 2431
10
50  CVST 4087 2450
30  SH 5726 2645
11
50  SH 2056 2629
30  CVST 2134 2473
10  CVST 2340 2433
12
50  SH 2009 2642
30  CVST 2072 2430
10  CVST 2494 2479
13
50  SH 3852 2639
30  SH 4190 2603
10  CVST 4397 2469
14
50  CVST 4356 2416
30  CVST 4514 2466
10  CVST 4633 2413
15
50  SH 3463 2619
30  CVST 3928 2463
10  SH 4058 2612
16
50  SH 3946 2630
30  CVST 3974 2415
10  CVST 3988 2483
17
50  SH 6858 2618
30  CVST 7332 2417
10  SH 8035 2641
18
50  CVST 9025 2474
30  CVST 9203 2458
10  CVST 10007 2411
19
50  CVST 7231 2447
30  CVST 7352 2486
10  CVST 7602 2467
20
50  SH 5747 2605
30  SH 6437 2613
10  CVST 6471 2460
22
50  CVST 7122 2450
23
50  CVST 2512 2473
30  SH 2543 2629
10  CVST 2834 2464
24
50  CVST 2544 2430
30  SH 2892 2642
10  CVST 3310 2453
25
50  SH 2416 2639
30  CVST 2453 2418
10  SH 2471 2643
26
50  CVST 2446 2466
30  CVST 2693 2437
10  SH 2762 2599
27
50  SH 4434 2612
30  SH 4963 2608
10  CVST 4985 2448
28
50  SH 4732 2630
30  CVST 4787 2472
10  CVST 5099 2408
29
50  SH 3769 2618
30  CVST 4394 2454
10  SH 4517 2637
30
50  CVST 5015 2474
30  CVST 5300 2411
10  CVST 5356 2458
31
80  CVST 3768 2467
40  CVST 4033 2447
0  CVST 4566 2428
32
80  SH 3178 2605
40  CVST 3903 2443
0  CVST 3967 2475
33
80  CVST 2497 2473
40  SH 2598 2629
0  SH 3369 2626
34
80  SH 2623 2642
40  CVST 2670 2430
35
50  SH 2202 2638
30  SH 2288 2607
10  SH 2381 2603
36
50  CVST 2475 2413
30  CVST 2943 2466
10  SH 3525 2614
37
50  SH 3979 2619
30  CVST 5131 2463
10  SH 5428 2608
38
50  CVST 5369 2472
30  SH 5382 2636
10  CVST 5604 2415
39
50  CVST 3459 2417
30  SH 3807 2640
10  SH 3932 2641
40
50  CVST 4744 2480
30  CVST 5309 2458
41
50  CVST 3789 2486
30  CVST 3790 2447
10  CVST 3822 2467
42
50  SH 2953 2605
30  SH 3161 2613
10  CVST 4069 2475
43
50  SH 2875 2629
30  CVST 3090 2433
10  CVST 3214 2414
44
50  SH 2983 2642
30  CVST 3410 2429
10  SH 3532 2644
45
50  SH 2408 2639
30  SH 2480 2603
10  CVST 2777 2478
46
50  CVST 2589 2437
30  CVST 2769 2416
10  SH 2964 2617
47
50  SH 4632 2619
30  SH 5171 2612
10  CVST 5630 2459
48
50  CVST 5286 2408
30  CVST 6513 2481
10  SH 6956 2597
49
50  CVST 4415 2417
30  SH 4600 2640
10  CVST 4738 2442
50
50  CVST 4978 2480
30  CVST 5988 2411
51
50  CVST 4631 2471
30  SH 4738 2631
10  CVST 5069 2456
52
50  SH 3350 2613
30  CVST 3446 2460
10  CVST 5103 2443
54
50  CVST 9359 1890
30  SH 11370 1919
55
50  CVST 19053 1892
30  SH 19413 1921
56
50  CVST 18637 1894
57
50  CVST 17503 1896
58
50  CVST 17620 1898
30  SH 19108 1923
59
50  SH 13886 1924
30  CVST 17112 1900
60
50  CVST 15547 1901
61
50  CVST 12697 1902
SCORE:CVST,SH,2890,2250,64.0
