CVST-OMST
1
50  CVST 11587 2418
30  OMST 11741 3251
10  CVST 13418 2455
2
50  OMST 8160 3253
30  OMST 11720 3256
10  CVST 12734 2437
3
50  OMST 8244 3275
30  CVST 10802 2463
10  CVST 11369 2448
4
50  CVST 9787 2472
30  CVST 10762 2415
10  CVST 12007 2408
5
50  OMST 7843 3258
30  CVST 8095 2417
10  CVST 10977 2423
6
50  OMST 8919 3263
30  CVST 10273 2480
10  CVST 10653 2474
7
50  OMST 7093 3269
30  OMST 7725 3285
10  CVST 8300 2486
8
50  OMST 6319 3274
30  CVST 7131 2460
9
50  OMST 4425 3259
30  CVST 5503 2431
10
50  CVST 4087 2450
30  OMST 6597 3248
10  OMST 7467 3252
11
50  CVST 2134 2473
30  CVST 2340 2433
10  OMST 2477 3286
12
50  CVST 2072 2430
30  CVST 2494 2479
10  CVST 2538 2453
13
50  CVST 4397 2469
30  CVST 4878 2455
10  CVST 5113 2424
14
50  OMST 3975 3261
30  OMST 4353 3256
10  CVST 4356 2416
15
50  OMST 3544 3279
30  CVST 3928 2463
10  CVST 4175 2482
16
50  OMST 3447 3266
30  CVST 3974 2415
10  CVST 3988 2483
17
50  CVST 7332 2417
30  CVST 8221 2454
10  OMST 8269 3271
18
50  OMST 7259 3257
30  CVST 9025 2474
10  CVST 9203 2458
19
50  OMST 6744 3285
30  CVST 7231 2447
10  CVST 7352 2486
20
50  CVST 6471 2460
30  CVST 7039 2475
10  OMST 7432 3288
21
50  OMST 4632 3259
22
50  CVST 7122 2450
23
50  CVST 2512 2473
30  CVST 2834 2464
10  CVST 2993 2461
24
50  CVST 2544 2430
30  OMST 3206 3284
10  CVST 3310 2453
25
50  OMST 2406 3251
30  CVST 2453 2418
10  OMST 2784 3268
26
50  OMST 1790 3253
30  CVST 2446 2466
10  OMST 2566 3261
27
50  OMST 3878 3275
30  OMST 4726 3279
10  OMST 4800 3262
28
50  CVST 4787 2472
30  CVST 5099 2408
10  CVST 5134 2481
29
50  OMST 3722 3258
30  CVST 4394 2454
10  OMST 4518 3271
30
50  OMST 4116 3263
30  CVST 5015 2474
10  OMST 5097 3273
31
80  OMST 3750 3285
40  CVST 3768 2467
0  CVST 4033 2447
32
80  CVST 3903 2443
40  CVST 3967 2475
0  OMST 4363 3288
33
80  CVST 2497 2473
40  CVST 3566 2461
0  OMST 4259 3289
34
80  CVST 2670 2430
35
50  CVST 2464 2418
30  OMST 2550 3251
10  CVST 2891 2424
36
50  OMST 1563 3253
30  CVST 2475 2413
10  OMST 2553 3256
37
50  OMST 4713 3279
30  CVST 5131 2463
10  OMST 5228 3262
38
50  CVST 5369 2472
30  CVST 5604 2415
10  OMST 6100 3283
39
50  CVST 3459 2417
30  OMST 3721 3258
10  CVST 4433 2454
40
50  OMST 3669 3257
30  CVST 4744 2480
10  CVST 5309 2458
41
50  OMST 3053 3269
30  CVST 3789 2486
10  CVST 3790 2447
42
50  OMST 2766 3274
30  CVST 4069 2475
10  OMST 4310 3288
43
50  CVST 3090 2433
30  CVST 3214 2414
10  CVST 4210 2427
44
50  OMST 3195 3284
30  CVST 3410 2429
45
50  CVST 2777 2478
30  CVST 2878 2469
10  CVST 3432 2435
46
50  CVST 2589 2437
30  CVST 2769 2416
10  OMST 2777 3246
47
50  OMST 4560 3275
30  CVST 5630 2459
10  CVST 5639 2448
48
50  OMST 4907 3266
30  CVST 5286 2408
10  OMST 5397 3249
49
50  CVST 4415 2417
30  CVST 4738 2442
10  OMST 5025 3265
50
50  CVST 4978 2480
30  CVST 5988 2411
10  OMST 6900 3273
51
50  OMST 3703 3269
30  CVST 4631 2471
10  CVST 5069 2456
52
50  OMST 3415 3274
30  CVST 3446 2460
10  CVST 5103 2443
54
50  CVST 9359 1890
30  OMST 12837 2003
55
50  CVST 19053 1892
30  OMST 27406 2004
56
50  OMST 16499 2005
30  CVST 18637 1894
57
50  CVST 17503 1896
58
50  OMST 17262 2007
30  CVST 17620 1898
59
50  OMST 15246 2008
30  CVST 17112 1900
60
50  CVST 15547 1901
61
50  OMST 12078 2009
30  CVST 12697 1902
SCORE:CVST,OMST,3050,2180,87.0
