CVST-LCC
1
50  CVST 11587 2418
30  LCC 12900 2855
10  CVST 13418 2455
2
50  CVST 12734 2437
30  CVST 12739 2416
10  CVST 14447 2421
3
50  LCC 7247 2844
30  LCC 9800 2860
10  CVST 10802 2463
4
50  LCC 7346 2868
30  CVST 9787 2472
10  CVST 10762 2415
5
50  LCC 7149 2861
30  LCC 7241 2846
10  CVST 8095 2417
6
50  LCC 8146 2867
30  CVST 10273 2480
10  CVST 10653 2474
7
50  LCC 6395 2845
30  CVST 8300 2486
10  LCC 8620 2858
8
50  LCC 6350 2871
30  LCC 6572 2836
10  CVST 7131 2460
9
50  LCC 5246 2841
30  CVST 5503 2431
10  LCC 7384 2842
10
50  CVST 4087 2450
11
50  CVST 2134 2473
30  LCC 2278 2859
10  CVST 2340 2433
12
50  CVST 2072 2430
30  CVST 2494 2479
10  CVST 2538 2453
13
50  LCC 3277 2869
30  CVST 4397 2469
10  LCC 4483 2855
14
50  CVST 4356 2416
30  CVST 4514 2466
10  CVST 4633 2413
15
50  CVST 3928 2463
30  LCC 4085 2864
10  CVST 4175 2482
16
50  LCC 2821 2868
30  CVST 3974 2415
10  CVST 3988 2483
17
50  LCC 6550 2862
30  CVST 7332 2417
10  LCC 8026 2829
18
50  LCC 7280 2867
30  LCC 9017 2847
10  CVST 9025 2474
19
50  CVST 7231 2447
30  CVST 7352 2486
10  CVST 7602 2467
20
50  LCC 5634 2836
30  LCC 5829 2835
10  CVST 6471 2460
21
50  LCC 4821 2842
30  LCC 6763 2841
10  LCC 9110 2852
22
50  CVST 7122 2450
23
50  CVST 2512 2473
30  LCC 2705 2832
10  CVST 2834 2464
24
50  CVST 2544 2430
30  CVST 3310 2453
10  CVST 3415 2479
25
50  LCC 1880 2869
30  CVST 2453 2418
10  CVST 2882 2469
26
50  CVST 2446 2466
30  CVST 2693 2437
10  LCC 2887 2831
27
50  LCC 3373 2844
30  CVST 4985 2448
10  CVST 5287 2465
28
50  CVST 4787 2472
30  CVST 5099 2408
10  CVST 5134 2481
29
50  LCC 3544 2862
30  CVST 4394 2454
10  LCC 4528 2829
30
50  LCC 4645 2847
30  CVST 5015 2474
10  CVST 5300 2411
31
80  CVST 3768 2467
40  LCC 3887 2858
0  CVST 4033 2447
32
80  LCC 2945 2871
40  LCC 3756 2834
0  CVST 3903 2443
33
80  CVST 2497 2473
40  CVST 3566 2461
0  LCC 4011 2859
34
80  CVST 2670 2430
35
50  CVST 2464 2418
30  CVST 2891 2424
10  CVST 2925 2478
36
50  CVST 2475 2413
30  CVST 2943 2466
10  CVST 3721 2449
37
50  LCC 3470 2844
30  CVST 5131 2463
10  LCC 5231 2860
38
50  CVST 5369 2472
30  CVST 5604 2415
10  CVST 6528 2422
39
50  LCC 3019 2861
30  LCC 3026 2846
10  CVST 3459 2417
40
50  LCC 3952 2867
30  CVST 4744 2480
10  CVST 5309 2458
41
50  LCC 2770 2845
30  CVST 3789 2486
10  CVST 3790 2447
42
50  LCC 2625 2871
30  LCC 3019 2835
10  LCC 3132 2851
43
50  CVST 3090 2433
30  CVST 3214 2414
10  CVST 4210 2427
44
50  CVST 3410 2429
45
50  CVST 2777 2478
30  CVST 2878 2469
10  CVST 3432 2435
46
50  CVST 2589 2437
30  LCC 2716 2831
10  CVST 2769 2416
47
50  LCC 5133 2860
30  CVST 5630 2459
10  CVST 5639 2448
48
50  CVST 5286 2408
30  CVST 6513 2481
10  CVST 7375 2483
49
50  LCC 3773 2861
30  LCC 3821 2846
10  CVST 4415 2417
50
50  CVST 4978 2480
30  CVST 5988 2411
51
50  LCC 3654 2845
30  CVST 4631 2471
10  CVST 5069 2456
52
50  CVST 3446 2460
30  LCC 3518 2836
10  LCC 3734 2851
54
50  CVST 9359 1890
55
50  CVST 19053 1892
30  LCC 20217 1954
56
50  CVST 18637 1894
57
50  LCC 16435 1955
30  CVST 17503 1896
58
50  CVST 17620 1898
59
50  LCC 11929 1956
30  CVST 17112 1900
60
50  CVST 15547 1901
30  LCC 17576 1957
61
50  LCC 11533 1959
30  CVST 12697 1902
SCORE:CVST,LCC,3010,2170,84.0
