CVST-WCSC
1
50  WCSC 8690 844
30  WCSC 9353 884
10  CVST 11587 2418
2
50  WCSC 10839 784
30  CVST 12734 2437
10  CVST 12739 2416
3
50  WCSC 7943 800
30  WCSC 8633 883
10  CVST 10802 2463
4
50  WCSC 8409 810
30  WCSC 9688 775
10  CVST 9787 2472
5
50  WCSC 7784 895
30  CVST 8095 2417
10  WCSC 9901 832
6
50  WCSC 7896 776
30  WCSC 8833 821
10  CVST 10273 2480
7
50  CVST 8300 2486
30  WCSC 8963 860
10  CVST 9113 2471
8
50  CVST 7131 2460
30  WCSC 7650 843
10  WCSC 7728 787
9
50  WCSC 3175 869
30  WCSC 3328 872
10  CVST 5503 2431
10
50  WCSC 3536 830
30  WCSC 3673 786
10  CVST 4087 2450
11
50  WCSC 1889 855
30  WCSC 2129 826
10  CVST 2134 2473
12
50  WCSC 1740 870
30  WCSC 1904 877
10  CVST 2072 2430
13
50  WCSC 3738 871
30  WCSC 3787 884
10  WCSC 4163 839
14
50  WCSC 4129 831
30  CVST 4356 2416
10  WCSC 4481 868
15
50  WCSC 3219 896
30  WCSC 3312 840
10  WCSC 3557 883
16
50  WCSC 3434 775
30  WCSC 3517 863
10  WCSC 3730 847
17
50  WCSC 7082 859
30  CVST 7332 2417
10  WCSC 7348 845
18
50  WCSC 6674 798
30  WCSC 6843 776
10  WCSC 7480 821
19
50  CVST 7231 2447
30  CVST 7352 2486
10  CVST 7602 2467
20
50  WCSC 6297 843
30  CVST 6471 2460
10  CVST 7039 2475
21
50  WCSC 3090 869
30  WCSC 4438 872
10  WCSC 8236 893
22
50  WCSC 4634 830
30  WCSC 5263 777
10  WCSC 5283 822
23
50  WCSC 2098 817
30  CVST 2512 2473
10  WCSC 2637 898
24
50  WCSC 1929 801
30  WCSC 2358 877
10  CVST 2544 2430
25
50  WCSC 2043 816
30  WCSC 2299 839
10  WCSC 2317 805
26
50  WCSC 2111 784
30  CVST 2446 2466
10  WCSC 2634 868
27
50  WCSC 3813 800
30  CVST 4985 2448
10  WCSC 5066 820
28
50  WCSC 4178 810
30  CVST 4787 2472
10  CVST 5099 2408
29
50  WCSC 3500 895
30  CVST 4394 2454
10  WCSC 4621 858
30
50  WCSC 3909 821
30  WCSC 4312 791
10  WCSC 4536 880
31
80  CVST 3768 2467
40  WCSC 3840 803
0  CVST 4033 2447
32
80  WCSC 3606 864
40  CVST 3903 2443
0  CVST 3967 2475
33
80  WCSC 2225 826
40  CVST 2497 2473
0  WCSC 2500 817
34
80  WCSC 2223 877
40  CVST 2670 2430
0  WCSC 2855 857
35
50  WCSC 1938 871
30  WCSC 2327 816
10  WCSC 2346 839
36
50  WCSC 2122 876
30  CVST 2475 2413
10  CVST 2943 2466
37
50  WCSC 3982 840
30  CVST 5131 2463
10  CVST 6066 2477
38
50  WCSC 4317 863
30  WCSC 4653 775
10  CVST 5369 2472
39
50  WCSC 3434 859
30  CVST 3459 2417
10  WCSC 4315 828
40
50  WCSC 3463 798
30  WCSC 4046 880
10  CVST 4744 2480
41
50  CVST 3789 2486
30  CVST 3790 2447
10  WCSC 3803 803
42
50  WCSC 3134 787
30  WCSC 3376 790
10  CVST 4069 2475
43
50  WCSC 2682 855
30  WCSC 3027 826
10  CVST 3090 2433
44
50  WCSC 2112 801
30  WCSC 2583 870
10  CVST 3410 2429
45
50  WCSC 2151 844
30  CVST 2777 2478
10  WCSC 2864 805
46
50  WCSC 2403 831
30  CVST 2589 2437
10  CVST 2769 2416
47
50  WCSC 4162 896
30  WCSC 5534 799
10  CVST 5630 2459
48
50  WCSC 4555 810
30  CVST 5286 2408
10  CVST 6513 2481
49
50  CVST 4415 2417
30  WCSC 4656 845
10  CVST 4738 2442
50
50  WCSC 4113 776
30  WCSC 4549 798
10  CVST 4978 2480
51
50  WCSC 4467 860
30  CVST 4631 2471
10  CVST 5069 2456
52
50  CVST 3446 2460
30  WCSC 3963 864
10  CVST 5103 2443
53
50  WCSC 16033 1707
54
50  WCSC 7650 1692
30  CVST 9359 1890
55
50  WCSC 16081 1695
30  CVST 19053 1892
56
50  WCSC 17798 1697
30  CVST 18637 1894
57
50  WCSC 13322 1699
30  CVST 17503 1896
58
50  CVST 17620 1898
30  WCSC 18199 1702
59
50  WCSC 13190 1703
30  CVST 17112 1900
60
50  WCSC 15089 1704
30  CVST 15547 1901
61
50  WCSC 12596 1705
30  CVST 12697 1902
SCORE:CVST,WCSC,1610,3880,-227.0
