CVST-WAW
1
50  WAW 9200 1022
30  WAW 11537 930
10  CVST 11587 2418
2
50  WAW 8528 1033
30  WAW 10693 964
10  WAW 12492 926
3
50  WAW 9045 931
30  WAW 9818 950
10  CVST 10802 2463
4
50  WAW 7781 940
30  CVST 9787 2472
10  CVST 10762 2415
5
50  WAW 7833 908
30  CVST 8095 2417
10  WAW 8719 1004
6
50  WAW 6684 904
30  WAW 7572 1032
10  CVST 10273 2480
7
50  WAW 7606 975
30  CVST 8300 2486
10  CVST 9113 2471
8
50  WAW 6267 1012
30  CVST 7131 2460
10  WAW 7387 1026
9
50  WAW 2516 959
30  WAW 4256 933
10  WAW 4412 913
10
50  WAW 2569 916
30  WAW 3534 947
10  WAW 4040 932
11
50  WAW 1876 1021
30  CVST 2134 2473
10  CVST 2340 2433
12
50  WAW 2056 961
30  CVST 2072 2430
10  WAW 2233 956
13
50  WAW 3626 939
30  CVST 4397 2469
10  CVST 4878 2455
14
50  WAW 3897 964
30  WAW 4081 996
10  WAW 4251 912
15
50  WAW 3166 938
30  CVST 3928 2463
10  WAW 4014 950
16
50  CVST 3974 2415
30  CVST 3988 2483
10  WAW 4262 998
17
50  WAW 7038 929
30  CVST 7332 2417
10  WAW 7763 909
18
50  WAW 6524 1030
30  WAW 7990 943
10  WAW 8181 951
19
50  WAW 7012 975
30  CVST 7231 2447
10  CVST 7352 2486
20
50  CVST 6471 2460
30  WAW 6546 1026
10  CVST 7039 2475
21
50  WAW 3312 959
30  WAW 4987 913
10  WAW 5907 933
22
50  WAW 3255 916
30  WAW 3816 947
10  WAW 6113 960
23
50  CVST 2512 2473
30  WAW 2516 1021
10  CVST 2834 2464
24
50  CVST 2544 2430
30  WAW 2659 902
10  WAW 2953 956
25
50  WAW 2369 906
30  CVST 2453 2418
10  WAW 2753 955
26
50  WAW 1809 915
30  WAW 2300 996
10  WAW 2371 926
27
50  WAW 4452 918
30  CVST 4985 2448
10  CVST 5287 2465
28
50  WAW 3533 940
30  CVST 4787 2472
10  CVST 5099 2408
29
50  WAW 3721 929
30  CVST 4394 2454
10  CVST 4825 2423
30
50  WAW 3430 1030
30  CVST 5015 2474
10  WAW 5037 1010
31
80  CVST 3768 2467
40  CVST 4033 2447
0  CVST 4566 2428
32
80  WAW 3298 976
40  WAW 3409 948
0  WAW 3836 937
33
80  CVST 2497 2473
40  CVST 3566 2461
34
80  CVST 2670 2430
35
50  WAW 2463 906
30  CVST 2464 2418
10  WAW 2667 955
36
50  WAW 1765 915
30  WAW 2451 1031
10  CVST 2475 2413
37
50  WAW 3497 938
30  WAW 4319 970
10  CVST 5131 2463
38
50  WAW 3681 940
30  CVST 5369 2472
10  CVST 5604 2415
39
50  CVST 3459 2417
30  WAW 3972 1004
10  WAW 4388 991
40
50  WAW 2938 904
30  WAW 4697 951
10  CVST 4744 2480
41
50  WAW 3582 971
30  CVST 3789 2486
10  CVST 3790 2447
42
50  WAW 2976 976
30  WAW 3246 1026
10  WAW 3267 968
43
50  WAW 2456 1021
30  CVST 3090 2433
10  CVST 3214 2414
44
50  WAW 3223 902
30  CVST 3410 2429
10  WAW 4112 945
45
50  WAW 2035 1022
30  WAW 2119 939
10  WAW 2477 930
46
50  WAW 1937 1033
30  WAW 2572 912
10  CVST 2589 2437
47
50  WAW 4628 931
30  WAW 4840 950
10  WAW 4857 970
48
50  CVST 5286 2408
30  WAW 5776 998
10  CVST 6513 2481
49
50  WAW 4032 908
30  CVST 4415 2417
10  WAW 4501 909
50
50  WAW 3637 1032
30  WAW 4833 943
10  CVST 4978 2480
51
50  WAW 3975 971
30  CVST 4631 2471
10  WAW 4857 957
52
50  WAW 3347 1012
30  CVST 3446 2460
10  WAW 3827 948
53
50  WAW 14403 1722
54
50  CVST 9359 1890
30  WAW 9827 1709
55
50  WAW 16351 1711
30  CVST 19053 1892
56
50  WAW 15537 1713
30  CVST 18637 1894
57
50  WAW 14803 1715
30  CVST 17503 1896
58
50  CVST 17620 1898
30  WAW 30791 1717
59
50  WAW 13606 1718
30  CVST 17112 1900
60
50  WAW 11946 1720
30  CVST 15547 1901
61
50  WAW 11575 1721
30  CVST 12697 1902
SCORE:CVST,WAW,1840,3610,-177.0
