DB-TR
1
50  DB 3013 1874
30  DB 3661 11
10  DB 4153 30
2
50  DB 2977 2682(Y) 53
30  DB 3339 3009(Y) 4
10  DB 3386 3051(Y) 15
3
50  DB 2851 2569(Y) 1448
30  DB 3065 2762(Y) 19
10  DB 3609 26
4
50  DB 3162 75
30  DB 3286 2961(Y) 16
10  DB 3588 3
5
50  TR 4326 2033
30  DB 4369 18
10  DB 4784 1443
6
50  DB 3578 1447
30  DB 3650 3289(Y) 1442
10  DB 3903 17
7
50  DB 1795 23
30  DB 1825 1645(Y) 1438
10  DB 1864 1680(Y) 1437
8
50  DB 1772 1449
30  DB 1802 1624(Y) 50
10  TR 1908 2028
9
50  DB 2307 72
30  DB 2397 2160(Y) 1441
10  TR 2406 2037
10
50  DB 2156 1943(Y) 78
30  DB 2353 49
10  DB 2456 2213(Y) 58
11
50  DB 2276 2051(Y) 31
30  DB 2669 22
10  DB 2806 2528(Y) 1996
12
50  DB 3475 12
30  DB 3613 68
10  DB 3697 39
13
50  DB 8569 1874
14
50  DB 7219 6504(Y) 53
30  DB 8797 6
10  DB 8876 15
15
50  DB 7696 6934(Y) 1448
30  DB 8283 19
10  DB 9229 26
16
50  DB 8172 75
30  DB 8654 16
10  DB 10482 3
18
50  DB 10208 9197(Y) 1442
30  DB 10304 17
10  DB 11300 10181(Y) 62
20
50  DB 11000 1449
30  DB 11259 43
10  DB 13217 11908(Y) 50
21
50  DB 5115 11
30  TR 5599 1862
22
50  DB 3775 3401(Y) 53
30  DB 4469 4027(Y) 15
10  DB 4821 4344(Y) 73
23
50  DB 4043 1448
30  DB 4722 26
10  DB 4960 8
24
50  DB 4419 75
30  DB 4828 16
10  DB 4875 59
25
50  TR 6171 5560(Y) 2033
30  DB 6475 1443
26
50  DB 5007 1447
30  DB 5325 10
10  DB 5401 4866(Y) 17
27
50  DB 2702 2435(Y) 54
30  DB 3149 2837(Y) 1437
10  DB 3672 3309(Y) 55
28
50  DB 2621 1449
30  DB 2697 43
10  DB 3144 50
29
50  DB 3732 72
30  DB 4284 1441
30
50  DB 3122 78
30  DB 3300 7
10  DB 4141 3731(Y) 32
31
80  DB 13801 2294
32
80  DB 19128 2296
33
80  DB 9644 2298
34
80  DB 11515 2299
35
50  TR 7017 6322(Y) 1862
36
50  DB 3375 3041(Y) 53
30  DB 3782 3408(Y) 4
10  DB 4080 3676(Y) 6
37
50  DB 5165 2049
30  DB 5263 5
10  DB 6229 5612(Y) 56
38
50  DB 3834 75
30  DB 4270 3
10  DB 4362 16
39
50  TR 5328 4800(Y) 2033
30  DB 6358 35
10  DB 6794 37
40
50  DB 4368 3936(Y) 62
30  DB 4606 1442
10  DB 4997 1432
41
50  DB 2253 2030(Y) 23
30  DB 2460 1438
10  DB 2603 1437
42
50  DB 2197 43
30  DB 2219 1449
10  TR 2303 2075(Y) 2028
43
50  DB 2723 2454(Y) 1441
30  DB 3104 2797(Y) 20
10  TR 3386 2037
44
50  DB 2599 2342(Y) 78
30  DB 2676 2411(Y) 49
10  DB 3156 32
45
50  DB 3070 2766(Y) 31
30  DB 3588 22
10  DB 3635 3275(Y) 1436
46
50  DB 3435 3095(Y) 12
30  TR 3646 3285(Y) 1858
10  DB 4366 3934(Y) 64
47
50  DB 6850 1874
30  TR 15783 14219(Y) 1862
48
50  DB 7464 6725(Y) 4
30  DB 7586 6835(Y) 6
10  DB 7603 15
49
50  DB 6250 5631(Y) 1448
30  DB 6826 6150(Y) 19
10  DB 8512 26
50
50  TR 9084 2038
30  DB 9166 44
10  TR 11715 2030
51
50  TR 9951 8965(Y) 2033
30  DB 11375 18
10  DB 11562 1443
52
50  DB 8030 7235(Y) 1442
30  DB 8981 17
10  DB 9721 62
53
50  DB 4082 3678(Y) 23
30  DB 4231 1438
10  DB 4593 4138(Y) 54
54
50  DB 3952 3561(Y) 50
30  TR 4748 4278(Y) 2028
10  DB 4937 33
55
50  DB 5480 4937(Y) 72
30  DB 5700 31
10  DB 5748 5179(Y) 1441
56
50  DB 4902 4417(Y) 78
30  DB 6095 5491(Y) 49
10  DB 6302 28
57
50  DB 3369 1874
58
50  DB 3728 3359(Y) 6
30  DB 4273 3850(Y) 4
10  DB 4294 67
59
50  DB 3413 19
60
50  DB 4540 3
62
50  DB 6657 62
63
50  DB 1906 1718(Y) 23
30  DB 2650 1437
64
50  DB 2284 43
65
50  DB 4218 3800(Y) 72
30  DB 5535 31
66
50  DB 3618 49
67
80  DB 17069 1810
40  TR 23051 2204
68
80  DB 15512 2302
40  TR 20652 2205
SCORE:DB,TR,4940,550,439.0
