DUL-FO
1
50  DUL 10606 1303
30  FO 10771 2035
10  DUL 11379 1307
2
50  FO 10637 2042
30  FO 11528 2114
10  FO 12258 2088
3
50  FO 8237 2055
30  DUL 9243 1320
10  FO 10522 2051
4
50  FO 8422 2127
30  FO 9837 2079
10  DUL 10659 1300
5
50  FO 8487 2036
30  DUL 9208 1347
10  DUL 9752 1319
6
50  FO 8478 2053
30  FO 8720 2121
7
50  FO 7744 2061
30  DUL 8048 1349
10  DUL 8394 1296
8
50  FO 6400 2077
30  FO 6997 2094
10  DUL 7197 1305
9
50  FO 3181 2050
30  DUL 3522 1291
10  DUL 3850 1313
10
50  FO 2470 2128
30  FO 2776 2049
10  DUL 3298 1361
11
50  FO 2071 2043
30  FO 2090 2078
10  DUL 2237 1318
12
50  FO 1906 2065
30  DUL 2127 1297
10  FO 2293 2107
13
50  DUL 4160 1303
30  DUL 4350 1338
10  DUL 4498 1331
14
50  FO 4140 2042
30  FO 4351 2088
10  FO 4642 2068
15
50  DUL 4062 1323
30  DUL 4413 1324
10  DUL 4719 1316
16
50  FO 3571 2066
30  FO 3901 2100
10  FO 4127 2137
17
50  FO 7118 2036
30  FO 7692 2071
10  FO 8075 2092
18
50  FO 7319 2121
30  FO 7333 2053
10  FO 7915 2047
19
50  FO 6721 2061
30  DUL 8299 1356
10  DUL 8634 1348
20
50  FO 5738 2077
30  FO 5938 2094
10  FO 6503 2076
21
50  FO 3857 2050
30  DUL 3983 1332
10  DUL 4739 1352
22
50  FO 2925 2128
30  FO 3814 2049
10  DUL 4059 1361
23
50  FO 2619 2139
30  DUL 2695 1337
10  FO 2720 2043
24
50  FO 2552 2065
30  FO 2965 2090
10  DUL 2994 1297
25
50  DUL 2093 1303
30  DUL 2238 1304
10  DUL 2359 1344
26
50  FO 2225 2048
30  FO 2312 2114
10  FO 2352 2042
27
50  FO 3759 2055
30  FO 4467 2109
10  FO 4728 2051
28
50  FO 4134 2127
30  FO 4747 2066
10  FO 4991 2079
29
50  FO 4128 2067
30  FO 4135 2060
10  DUL 4352 1347
30
50  FO 4253 2121
30  FO 4432 2047
10  FO 4922 2131
31
80  DUL 3909 1349
40  DUL 4014 1296
0  DUL 4300 1357
32
80  FO 3047 2077
40  FO 3414 2076
0  DUL 3673 1305
33
80  FO 2181 2139
40  FO 2381 2078
0  FO 2700 2043
34
80  FO 3806 2120
35
50  DUL 1873 1303
30  DUL 2175 1304
10  FO 2208 2035
36
50  FO 2122 2104
30  FO 2222 2048
10  FO 2563 2114
37
50  DUL 4325 1320
30  DUL 4438 1294
10  FO 4659 2109
38
50  FO 4043 2127
30  DUL 4950 1300
10  FO 5475 2079
39
50  FO 3744 2036
30  FO 3968 2060
10  DUL 3977 1347
40
50  FO 3906 2053
41
50  DUL 3374 1349
30  FO 3459 2061
10  DUL 3887 1296
42
50  FO 2884 2094
30  DUL 3122 1305
10  FO 3478 2076
43
50  FO 2740 2139
30  DUL 2877 1322
10  DUL 3127 1337
45
50  DUL 2291 1307
30  DUL 2775 1331
10  DUL 2864 1327
46
50  FO 2462 2104
30  FO 2484 2130
10  FO 2653 2048
47
50  FO 4008 2055
30  DUL 5163 1320
10  FO 5244 2109
48
50  FO 4576 2066
30  DUL 5469 1300
10  FO 6287 2137
49
50  FO 4431 2092
30  FO 4695 2071
10  DUL 4732 1347
50
50  FO 4110 2053
30  FO 4971 2047
10  FO 5393 2131
51
50  FO 3932 2061
30  DUL 4042 1296
10  DUL 4289 1349
52
50  DUL 3484 1295
30  FO 3541 2077
10  FO 3725 2094
53
50  FO 14008 1854
30  DUL 18537 1749
54
50  FO 9738 1838
30  DUL 12181 1742
55
50  FO 19576 1843
30  DUL 24027 1744
56
50  FO 18719 1846
57
50  FO 15307 1849
30  DUL 16909 1746
58
50  FO 14984 1850
59
50  FO 15100 1853
61
50  DUL 13150 1748
SCORE:DUL,FO,1560,3580,-202.0
