DUL-WH
1
50  WH 9640 1193
30  DUL 10606 1303
10  DUL 11379 1307
2
50  WH 10577 1271
30  WH 10928 1228
3
50  WH 8247 1194
30  DUL 9243 1320
10  WH 9784 1222
4
50  WH 9193 1192
30  DUL 10659 1300
10  WH 11040 1221
5
50  WH 7892 1191
30  WH 9129 1190
10  DUL 9208 1347
6
50  WH 10114 1226
30  WH 10162 1274
10  WH 10719 1273
7
50  DUL 8048 1349
30  DUL 8394 1296
10  WH 8651 1276
8
50  DUL 7197 1305
30  DUL 7268 1295
10  WH 8286 1280
9
50  DUL 3522 1291
30  WH 3735 1229
10  DUL 3850 1313
10
50  DUL 3298 1361
30  WH 4124 1181
10  DUL 4187 1325
11
50  WH 2018 1188
30  WH 2124 1236
10  DUL 2237 1318
12
50  DUL 2127 1297
30  WH 2443 1211
10  WH 2872 1258
13
50  DUL 4160 1303
30  DUL 4350 1338
10  DUL 4498 1331
14
50  WH 4037 1228
30  WH 5099 1233
10  WH 5416 1207
15
50  WH 3344 1194
30  WH 3856 1222
10  WH 3993 1176
16
50  WH 3582 1197
30  WH 3814 1205
10  WH 3817 1217
17
50  WH 7845 1178
30  WH 8026 1224
10  WH 8275 1190
18
50  WH 6598 1277
30  WH 8628 1206
10  WH 8715 1274
19
50  WH 6868 1187
30  WH 7183 1240
10  WH 7575 1276
20
50  WH 6743 1246
30  DUL 6944 1299
10  WH 7183 1247
21
50  DUL 3983 1332
30  DUL 4739 1352
10  WH 5483 1229
22
50  DUL 4059 1361
30  DUL 6140 1309
23
50  WH 2603 1188
30  DUL 2695 1337
10  WH 2802 1236
24
50  DUL 2994 1297
30  WH 3673 1256
10  DUL 3733 1317
25
50  DUL 2093 1303
30  WH 2213 1193
10  DUL 2238 1304
26
50  WH 2321 1271
30  DUL 2906 1293
10  WH 3022 1233
27
50  WH 3950 1194
30  DUL 4920 1294
10  DUL 5019 1334
28
50  WH 4251 1192
30  WH 4716 1197
10  WH 5074 1205
29
50  WH 3513 1191
30  WH 4098 1178
10  WH 4288 1190
30
50  WH 3788 1277
30  WH 4543 1226
10  WH 5338 1261
31
80  WH 3613 1240
40  WH 3877 1187
0  DUL 3909 1349
32
80  WH 3597 1247
40  DUL 3673 1305
0  DUL 3886 1299
33
80  DUL 2739 1337
40  DUL 3487 1351
35
50  DUL 1873 1303
30  WH 2132 1245
10  DUL 2175 1304
36
50  WH 1815 1189
30  WH 2148 1228
10  DUL 3350 1315
37
50  DUL 4325 1320
30  DUL 4438 1294
10  WH 4920 1176
38
50  WH 4260 1192
30  WH 4851 1221
10  DUL 4950 1300
39
50  WH 3611 1191
30  DUL 3977 1347
10  DUL 4454 1319
40
50  WH 4022 1274
41
50  DUL 3374 1349
30  WH 3517 1187
10  WH 3852 1276
42
50  DUL 3122 1305
30  WH 3502 1280
10  WH 3724 1198
43
50  DUL 2877 1322
30  DUL 3127 1337
10  WH 3268 1188
45
50  DUL 2291 1307
30  WH 2335 1193
10  DUL 2775 1331
46
50  WH 2147 1271
30  WH 2444 1189
10  DUL 2757 1293
47
50  DUL 5163 1320
30  WH 5269 1195
10  WH 5319 1176
48
50  WH 5403 1197
30  DUL 5469 1300
10  WH 5668 1179
49
50  WH 4345 1220
30  WH 4565 1178
10  WH 4685 1241
50
50  WH 3827 1277
30  WH 4859 1206
10  WH 5274 1261
51
50  DUL 4042 1296
30  DUL 4289 1349
10  DUL 4327 1357
52
50  DUL 3484 1295
30  DUL 3871 1299
10  WH 4106 1280
53
50  DUL 18537 1749
30  WH 24955 1733
54
50  WH 11963 1734
30  DUL 12181 1742
55
50  DUL 24027 1744
30  WH 28845 1735
56
50  WH 27833 1736
57
50  DUL 16909 1746
30  WH 23321 1737
58
50  WH 21021 1738
61
50  DUL 13150 1748
30  WH 15727 1739
SCORE:DUL,WH,2040,2990,-95.0
