DUL-NSC
1
50  DUL 10606 1303
30  NSC 10734 638
10  NSC 10903 666
2
50  NSC 10994 632
30  NSC 11871 607
10  NSC 15677 668
3
50  NSC 7928 660
30  DUL 9243 1320
10  NSC 9897 673
4
50  NSC 10388 671
30  DUL 10659 1300
5
50  NSC 7594 612
30  NSC 9172 625
10  DUL 9208 1347
6
50  NSC 7116 595
30  NSC 8581 601
10  NSC 8669 589
7
50  NSC 7146 664
30  NSC 7884 584
10  DUL 8048 1349
8
50  NSC 6128 586
30  NSC 7101 569
10  DUL 7197 1305
9
50  NSC 2872 634
30  NSC 3075 651
10  NSC 3385 674
10
50  DUL 3298 1361
30  NSC 3440 644
10  NSC 3666 630
11
50  NSC 2137 672
30  NSC 2175 643
10  DUL 2237 1318
12
50  NSC 2081 606
30  DUL 2127 1297
10  NSC 2541 657
13
50  NSC 4031 640
30  NSC 4131 638
10  DUL 4160 1303
14
50  NSC 3841 627
30  NSC 4163 677
10  NSC 4425 622
15
50  NSC 3797 635
30  NSC 3807 576
10  NSC 3847 593
16
50  NSC 3888 642
30  NSC 4300 613
10  NSC 4559 639
17
50  NSC 7472 656
30  NSC 8125 669
10  NSC 8218 604
18
50  NSC 7620 617
30  NSC 7872 589
10  NSC 8006 570
19
50  NSC 6697 573
30  NSC 7000 584
10  DUL 8299 1356
20
50  NSC 5459 586
30  NSC 5678 661
10  NSC 6572 605
21
50  NSC 3888 634
30  DUL 3983 1332
10  NSC 4450 651
22
50  DUL 4059 1361
30  NSC 4485 644
10  NSC 5784 654
23
50  NSC 2553 643
30  NSC 2566 665
10  DUL 2695 1337
24
50  NSC 2825 606
30  DUL 2994 1297
10  NSC 3006 578
25
50  DUL 2093 1303
30  NSC 2138 638
10  NSC 2170 666
26
50  NSC 2112 627
30  NSC 2384 677
10  NSC 2456 622
27
50  NSC 3566 660
30  DUL 4920 1294
10  NSC 4984 649
28
50  NSC 4747 642
30  DUL 5527 1300
10  NSC 5616 613
29
50  NSC 3691 612
30  NSC 4012 656
10  DUL 4352 1347
30
50  NSC 4118 592
30  NSC 4137 617
10  NSC 4447 589
31
80  NSC 3358 664
40  NSC 3612 594
0  NSC 3720 573
32
80  NSC 2969 586
40  NSC 3428 569
0  NSC 3500 605
33
80  NSC 2650 665
40  NSC 2703 672
0  DUL 2739 1337
34
80  NSC 2619 606
35
50  DUL 1873 1303
30  NSC 2060 640
10  DUL 2175 1304
36
50  NSC 2269 631
30  NSC 2356 633
10  NSC 2844 568
37
50  NSC 3546 660
30  DUL 4325 1320
10  DUL 4438 1294
38
50  DUL 4950 1300
30  NSC 5213 671
39
50  NSC 3901 656
30  DUL 3977 1347
10  NSC 4338 669
40
50  NSC 3934 601
30  NSC 3941 592
10  NSC 4331 570
41
50  NSC 3315 573
30  DUL 3374 1349
10  NSC 3440 567
42
50  NSC 2939 661
30  NSC 3104 591
10  DUL 3122 1305
43
50  NSC 2800 672
30  DUL 2877 1322
10  DUL 3127 1337
44
50  NSC 2832 621
30  NSC 4644 614
45
50  DUL 2291 1307
30  NSC 2497 640
10  NSC 2538 666
46
50  NSC 2409 632
30  NSC 2559 622
10  DUL 2757 1293
47
50  NSC 5122 593
30  NSC 5138 572
10  DUL 5163 1320
48
50  NSC 5044 671
30  NSC 5400 613
10  DUL 5469 1300
49
50  NSC 4059 612
30  NSC 4425 625
10  NSC 4694 667
50
50  NSC 3590 595
30  NSC 4453 592
51
50  NSC 3763 664
30  DUL 4042 1296
10  NSC 4044 567
52
50  DUL 3484 1295
30  NSC 3544 661
10  NSC 3844 569
53
50  NSC 15700 1685
30  DUL 18537 1749
54
50  NSC 9860 1672
30  DUL 12181 1742
55
50  NSC 20914 1675
30  DUL 24027 1744
56
50  NSC 17615 1677
57
50  NSC 15450 1679
30  DUL 16909 1746
59
50  NSC 14494 1682
60
50  NSC 12959 1683
61
50  NSC 12194 1684
30  DUL 13150 1748
SCORE:DUL,NSC,1060,4210,-315.0
