DUL-NC
1
50  NC 9537 1485
30  DUL 10606 1303
10  NC 11022 1472
2
50  NC 10859 1532
30  NC 13682 1467
3
50  NC 7906 1477
30  NC 9235 1504
10  DUL 9243 1320
4
50  NC 8479 1533
30  NC 9094 1471
10  NC 10406 1518
5
50  NC 8092 1476
30  NC 9066 1506
10  DUL 9208 1347
6
50  NC 9079 1524
30  NC 9428 1514
7
50  DUL 8048 1349
30  DUL 8394 1296
10  NC 8569 1497
8
50  NC 7103 1483
30  NC 7146 1492
10  DUL 7197 1305
9
50  NC 2950 1526
30  DUL 3522 1291
10  DUL 3850 1313
10
50  DUL 3298 1361
30  DUL 4187 1325
10  DUL 4641 1336
11
50  NC 2056 1515
30  DUL 2237 1318
10  DUL 2304 1322
12
50  DUL 2127 1297
30  NC 2144 1487
10  NC 2181 1530
13
50  DUL 4160 1303
30  NC 4184 1474
10  DUL 4350 1338
14
50  NC 4309 1528
30  NC 5276 1507
10  NC 5319 1467
15
50  NC 3160 1477
30  NC 3698 1522
10  DUL 4062 1323
16
50  NC 3250 1517
30  NC 3447 1533
10  NC 3932 1502
17
50  NC 7388 1470
30  NC 8268 1535
10  NC 8512 1506
18
50  NC 7797 1537
30  NC 7947 1524
10  NC 8323 1514
19
50  NC 7391 1497
30  DUL 8299 1356
10  NC 8413 1505
20
50  NC 6181 1483
30  NC 6473 1509
10  DUL 6944 1299
21
50  DUL 3983 1332
30  NC 4007 1526
10  DUL 4739 1352
22
50  DUL 4059 1361
30  DUL 6140 1309
23
50  NC 2606 1516
30  DUL 2695 1337
10  DUL 2847 1351
24
50  NC 2572 1487
30  DUL 2994 1297
10  NC 3022 1489
25
50  NC 1994 1485
30  DUL 2093 1303
10  DUL 2238 1304
26
50  NC 2422 1525
30  NC 2580 1467
10  NC 2619 1469
27
50  NC 3567 1477
30  NC 4549 1504
10  DUL 4920 1294
28
50  NC 4119 1533
30  NC 4179 1471
10  NC 5222 1518
29
50  NC 3790 1470
30  NC 4284 1506
10  DUL 4352 1347
30
50  NC 4540 1537
30  NC 4856 1524
10  NC 5037 1508
31
80  DUL 3909 1349
40  NC 3954 1497
0  DUL 4014 1296
32
80  NC 3181 1492
40  NC 3437 1509
0  DUL 3673 1305
33
80  DUL 2739 1337
40  NC 2860 1516
0  NC 2900 1515
34
80  NC 2659 1530
40  NC 3803 1487
35
50  DUL 1873 1303
30  NC 2172 1472
10  DUL 2175 1304
36
50  NC 2300 1525
30  NC 2389 1532
10  NC 2462 1528
37
50  NC 4296 1519
30  DUL 4325 1320
10  NC 4328 1504
38
50  NC 3571 1517
30  NC 4003 1471
10  DUL 4950 1300
39
50  NC 3541 1470
30  NC 3618 1476
10  NC 3825 1506
40
50  NC 4068 1537
30  NC 4128 1514
41
50  DUL 3374 1349
30  NC 3763 1497
10  DUL 3887 1296
42
50  NC 2993 1483
30  NC 3113 1492
10  DUL 3122 1305
43
50  DUL 2877 1322
30  NC 3047 1516
10  DUL 3127 1337
44
50  NC 2992 1494
30  NC 3066 1489
10  NC 3369 1530
45
50  DUL 2291 1307
30  NC 2462 1474
10  NC 2653 1472
46
50  NC 2525 1532
30  DUL 2757 1293
10  NC 3342 1469
47
50  NC 4322 1477
30  NC 4701 1519
10  NC 4796 1522
48
50  NC 4507 1517
30  NC 5165 1502
10  DUL 5469 1300
49
50  NC 4160 1476
30  DUL 4732 1347
10  NC 5303 1468
50
50  NC 4410 1524
30  NC 5575 1508
10  NC 5723 1480
51
50  DUL 4042 1296
30  DUL 4289 1349
10  DUL 4327 1357
52
50  DUL 3484 1295
30  NC 3615 1483
10  NC 3750 1492
53
50  DUL 18537 1749
54
50  NC 9591 1764
30  DUL 12181 1742
55
50  NC 18144 1766
30  DUL 24027 1744
56
50  NC 18106 1768
57
50  NC 15191 1770
30  DUL 16909 1746
58
50  NC 14393 1772
59
50  NC 14019 1773
60
50  NC 14844 1774
61
50  DUL 13150 1748
30  NC 14235 1775
SCORE:DUL,NC,1580,3750,-217.0
