DUL-ROR
1
50  ROR 9794 13
30  ROR 10469 56
10  DUL 10606 1303
2
50  ROR 10266 6
3
50  ROR 7756 33
30  ROR 8009 14
10  DUL 9243 1320
4
50  ROR 7966 7
30  ROR 9978 43
10  DUL 10659 1300
5
50  ROR 7441 10
30  DUL 9208 1347
10  DUL 9752 1319
6
50  ROR 7169 27
30  ROR 8022 64
7
50  ROR 7410 35
30  DUL 8048 1349
10  DUL 8394 1296
8
50  ROR 6656 68
30  DUL 7197 1305
10  DUL 7268 1295
9
50  ROR 2537 63
30  ROR 3150 31
10  DUL 3522 1291
10
50  ROR 3291 67
30  DUL 3298 1361
10  ROR 4050 39
11
50  ROR 1994 48
30  DUL 2237 1318
10  DUL 2304 1322
12
50  ROR 2081 32
30  DUL 2127 1297
10  ROR 2137 5
13
50  ROR 3966 15
30  ROR 3968 56
10  ROR 3978 13
14
50  ROR 4316 20
30  ROR 4440 40
10  ROR 4563 70
15
50  ROR 3890 42
30  DUL 4062 1323
10  DUL 4413 1324
16
50  ROR 3175 36
30  ROR 4041 59
10  ROR 4160 44
17
50  ROR 6372 47
30  ROR 7128 57
10  ROR 7938 18
18
50  ROR 6254 28
30  ROR 6944 64
19
50  ROR 6487 35
30  ROR 7791 24
10  DUL 8299 1356
20
50  ROR 5890 68
30  DUL 6944 1299
10  DUL 7277 1305
21
50  ROR 2909 63
30  DUL 3983 1332
10  DUL 4739 1352
22
50  ROR 3997 67
30  DUL 4059 1361
10  ROR 5540 39
23
50  DUL 2695 1337
30  ROR 2778 21
10  DUL 2847 1351
24
50  ROR 2470 5
30  ROR 2659 49
10  DUL 2994 1297
25
50  ROR 2044 56
30  DUL 2093 1303
10  DUL 2238 1304
26
50  ROR 2088 26
30  ROR 2765 12
10  ROR 2872 29
27
50  ROR 3778 16
30  DUL 4920 1294
10  DUL 5019 1334
28
50  ROR 3850 36
30  ROR 4956 59
10  DUL 5527 1300
29
50  ROR 3806 57
30  ROR 4128 69
10  DUL 4352 1347
30
50  ROR 3847 25
31
80  ROR 3550 35
40  ROR 3828 24
0  DUL 3909 1349
32
80  DUL 3673 1305
40  DUL 3886 1299
33
80  ROR 2116 34
40  ROR 2636 48
0  DUL 2739 1337
34
80  ROR 2250 38
40  ROR 2288 5
0  ROR 2943 32
35
50  DUL 1873 1303
30  ROR 1889 61
10  DUL 2175 1304
36
50  ROR 1883 6
30  ROR 2194 26
10  ROR 2291 17
37
50  ROR 3327 33
30  ROR 3482 14
10  DUL 4325 1320
38
50  ROR 3441 7
30  DUL 4950 1300
10  ROR 5214 44
39
50  ROR 3241 10
30  ROR 3500 18
10  ROR 3513 57
40
50  ROR 3207 28
30  ROR 3788 25
41
50  DUL 3374 1349
30  ROR 3589 23
10  ROR 3606 24
42
50  DUL 3122 1305
43
50  ROR 2875 34
30  DUL 2877 1322
10  DUL 3127 1337
44
50  ROR 2753 38
30  ROR 3152 55
10  ROR 3333 32
45
50  DUL 2291 1307
30  ROR 2326 61
10  DUL 2775 1331
46
50  ROR 2672 20
30  DUL 2757 1293
10  ROR 2881 17
47
50  ROR 5050 16
30  DUL 5163 1320
10  ROR 5462 42
48
50  ROR 5233 43
30  DUL 5469 1300
10  ROR 5885 41
49
50  ROR 3527 47
30  ROR 4453 22
10  DUL 4732 1347
50
50  ROR 3632 27
51
50  DUL 4042 1296
30  DUL 4289 1349
10  DUL 4327 1357
52
50  DUL 3484 1295
30  ROR 3534 68
10  DUL 3871 1299
53
50  DUL 18537 1749
54
50  ROR 9445 1624
30  DUL 12181 1742
55
50  ROR 18003 1627
30  DUL 24027 1744
56
50  ROR 16518 1628
57
50  ROR 13885 1629
30  DUL 16909 1746
58
50  ROR 14409 1630
59
50  ROR 12591 1631
60
50  ROR 12175 1632
61
50  DUL 13150 1748
SCORE:DUL,ROR,1450,3700,-225.0
