DUL-WCSC
1
50  WCSC 8690 844
30  WCSC 9353 884
10  DUL 10606 1303
2
50  WCSC 10839 784
3
50  WCSC 7943 800
30  WCSC 8633 883
10  DUL 9243 1320
4
50  WCSC 8409 810
30  WCSC 9688 775
10  DUL 10659 1300
5
50  WCSC 7784 895
30  DUL 9208 1347
10  DUL 9752 1319
6
50  WCSC 7896 776
30  WCSC 8833 821
7
50  DUL 8048 1349
30  DUL 8394 1296
10  DUL 8832 1357
8
50  DUL 7197 1305
30  DUL 7268 1295
10  WCSC 7650 843
9
50  WCSC 3175 869
30  WCSC 3328 872
10  DUL 3522 1291
10
50  DUL 3298 1361
30  WCSC 3536 830
10  WCSC 3673 786
11
50  WCSC 1889 855
30  WCSC 2129 826
10  WCSC 2194 862
12
50  WCSC 1740 870
30  WCSC 1904 877
10  WCSC 2085 857
13
50  WCSC 3738 871
30  WCSC 3787 884
10  DUL 4160 1303
14
50  WCSC 4129 831
30  WCSC 4481 868
10  WCSC 4502 823
15
50  WCSC 3219 896
30  WCSC 3312 840
10  WCSC 3557 883
16
50  WCSC 3434 775
30  WCSC 3517 863
10  WCSC 3730 847
17
50  WCSC 7082 859
30  WCSC 7348 845
10  WCSC 8671 828
18
50  WCSC 6674 798
30  WCSC 6843 776
10  WCSC 7480 821
19
50  WCSC 7938 860
30  WCSC 7996 881
10  WCSC 8133 835
20
50  WCSC 6297 843
30  DUL 6944 1299
10  WCSC 7173 864
21
50  WCSC 3090 869
30  DUL 3983 1332
10  WCSC 4438 872
22
50  DUL 4059 1361
30  WCSC 4634 830
10  WCSC 5263 777
23
50  WCSC 2098 817
30  WCSC 2637 898
10  WCSC 2662 879
24
50  WCSC 1929 801
30  WCSC 2358 877
10  WCSC 2809 857
25
50  WCSC 2043 816
30  DUL 2093 1303
10  DUL 2238 1304
26
50  WCSC 2111 784
30  WCSC 2634 868
10  WCSC 2657 829
27
50  WCSC 3813 800
30  DUL 4920 1294
10  DUL 5019 1334
28
50  WCSC 4178 810
30  DUL 5527 1300
10  WCSC 5603 847
29
50  WCSC 3500 895
30  DUL 4352 1347
10  DUL 4490 1319
30
50  WCSC 3909 821
30  WCSC 4312 791
10  WCSC 4536 880
31
80  WCSC 3840 803
40  DUL 3909 1349
0  DUL 4014 1296
32
80  WCSC 3606 864
40  DUL 3673 1305
0  DUL 3886 1299
33
80  WCSC 2225 826
40  WCSC 2500 817
0  DUL 2739 1337
34
80  WCSC 2223 877
40  WCSC 2855 857
0  WCSC 3469 812
35
50  DUL 1873 1303
30  WCSC 1938 871
10  DUL 2175 1304
36
50  WCSC 2122 876
30  WCSC 3057 823
10  DUL 3350 1315
37
50  WCSC 3982 840
30  DUL 4325 1320
10  DUL 4438 1294
38
50  WCSC 4317 863
30  WCSC 4653 775
10  DUL 4950 1300
39
50  WCSC 3434 859
30  DUL 3977 1347
10  WCSC 4315 828
40
50  WCSC 3463 798
30  WCSC 4046 880
41
50  DUL 3374 1349
30  WCSC 3803 803
10  DUL 3887 1296
42
50  DUL 3122 1305
30  WCSC 3134 787
10  WCSC 3376 790
43
50  WCSC 2682 855
30  DUL 2877 1322
10  WCSC 3027 826
44
50  WCSC 2112 801
30  WCSC 2583 870
45
50  WCSC 2151 844
30  DUL 2291 1307
10  DUL 2775 1331
46
50  WCSC 2403 831
30  DUL 2757 1293
47
50  WCSC 4162 896
30  DUL 5163 1320
10  WCSC 5534 799
48
50  WCSC 4555 810
30  DUL 5469 1300
10  DUL 7927 1363
49
50  WCSC 4656 845
30  DUL 4732 1347
10  DUL 5381 1298
50
50  WCSC 4113 776
30  WCSC 4549 798
51
50  DUL 4042 1296
30  DUL 4289 1349
10  DUL 4327 1357
52
50  DUL 3484 1295
30  DUL 3871 1299
10  WCSC 3963 864
53
50  WCSC 16033 1707
30  DUL 18537 1749
54
50  WCSC 7650 1692
30  DUL 12181 1742
55
50  WCSC 16081 1695
30  DUL 24027 1744
56
50  WCSC 17798 1697
57
50  WCSC 13322 1699
30  DUL 16909 1746
58
50  WCSC 18199 1702
59
50  WCSC 13190 1703
60
50  WCSC 15089 1704
61
50  WCSC 12596 1705
30  DUL 13150 1748
SCORE:DUL,WCSC,1440,3870,-243.0
