DUL-FV
1
50  FV 10025 3349
30  DUL 10606 1303
10  DUL 11379 1307
2
50  FV 10634 3383
3
50  FV 8790 3380
30  DUL 9243 1320
10  FV 9695 3377
4
50  DUL 10659 1300
30  FV 11027 3350
10  FV 11813 3356
5
50  FV 8295 3351
30  FV 8941 3381
10  DUL 9208 1347
6
50  FV 10438 3367
7
50  DUL 8048 1349
30  DUL 8394 1296
10  DUL 8832 1357
8
50  FV 7139 3384
30  DUL 7197 1305
10  DUL 7268 1295
9
50  FV 3222 3343
30  DUL 3522 1291
10  DUL 3850 1313
10
50  DUL 3298 1361
30  FV 3344 3360
10  DUL 4187 1325
11
50  FV 2181 3382
30  FV 2232 3344
10  DUL 2237 1318
12
50  DUL 2127 1297
30  FV 2238 3368
10  DUL 3045 1355
13
50  DUL 4160 1303
30  DUL 4350 1338
10  FV 4412 3375
14
50  FV 4650 3369
30  FV 4814 3366
10  FV 4909 3346
15
50  FV 3525 3380
30  FV 3960 3377
10  FV 3963 3370
16
50  FV 3762 3359
30  FV 3785 3379
10  FV 4108 3350
17
50  FV 7303 3351
30  FV 7582 3352
10  DUL 10604 1345
19
50  DUL 8299 1356
30  FV 8631 3373
10  DUL 8634 1348
20
50  FV 6359 3384
30  FV 6653 3355
10  FV 6853 3358
21
50  FV 3926 3343
30  DUL 3983 1332
10  DUL 4739 1352
22
50  DUL 4059 1361
30  FV 5770 3360
10  DUL 6140 1309
23
50  FV 2641 3344
30  FV 2675 3382
10  DUL 2695 1337
24
50  DUL 2994 1297
30  DUL 3733 1317
10  FV 3748 3374
25
50  FV 2089 3349
30  DUL 2093 1303
10  DUL 2238 1304
26
50  FV 2464 3369
30  FV 2878 3366
10  DUL 2906 1293
27
50  FV 4028 3380
30  FV 4595 3377
10  FV 4784 3362
28
50  FV 4766 3359
30  FV 5353 3379
10  DUL 5527 1300
29
50  FV 3738 3351
30  FV 4328 3357
10  DUL 4352 1347
30
50  FV 5003 3367
31
80  DUL 3909 1349
40  DUL 4014 1296
0  DUL 4300 1357
32
80  FV 3475 3364
40  FV 3512 3384
0  FV 3645 3355
33
80  DUL 2739 1337
40  DUL 3487 1351
0  FV 3532 3344
34
80  FV 3213 3368
35
50  DUL 1873 1303
30  FV 1908 3349
10  DUL 2175 1304
36
50  FV 2340 3383
30  FV 3039 3372
10  DUL 3350 1315
37
50  DUL 4325 1320
30  DUL 4438 1294
10  FV 4444 3380
38
50  DUL 4950 1300
30  FV 5006 3359
39
50  FV 3577 3351
30  FV 3887 3352
10  DUL 3977 1347
40
50  FV 5819 3367
41
50  DUL 3374 1349
30  DUL 3887 1296
10  DUL 4107 1357
42
50  DUL 3122 1305
30  FV 3234 3384
10  FV 3381 3358
43
50  DUL 2877 1322
30  DUL 3127 1337
10  FV 3579 3382
44
50  FV 3925 3368
45
50  DUL 2291 1307
30  DUL 2775 1331
10  DUL 2864 1327
46
50  FV 2665 3383
30  DUL 2757 1293
10  FV 2806 3363
47
50  DUL 5163 1320
30  FV 5371 3377
10  DUL 5656 1294
48
50  DUL 5469 1300
30  FV 5718 3350
10  FV 5747 3356
49
50  FV 4203 3352
30  DUL 4732 1347
10  FV 4771 3381
50
50  FV 5175 3367
51
50  DUL 4042 1296
30  DUL 4289 1349
10  DUL 4327 1357
52
50  DUL 3484 1295
30  DUL 3871 1299
10  FV 4388 3355
53
50  DUL 18537 1749
54
50  FV 11293 2015
30  DUL 12181 1742
55
50  FV 20352 2016
30  DUL 24027 1744
56
50  FV 19896 2017
57
50  DUL 16909 1746
30  FV 17397 2018
58
50  FV 17403 2019
59
50  FV 16759 2020
61
50  DUL 13150 1748
SCORE:DUL,FV,2150,2760,-61.0
