DUL-WST
1
50  WST 9560 1393
30  WST 10214 1445
10  DUL 10606 1303
2
50  WST 10409 1384
30  WST 15063 1458
3
50  WST 9201 1410
30  DUL 9243 1320
10  WST 9728 1391
4
50  WST 8631 1444
30  DUL 10659 1300
10  WST 13321 1412
5
50  WST 7806 1401
30  WST 8877 1387
10  WST 9115 1456
6
50  WST 9363 1376
30  WST 9634 1370
10  WST 10053 1460
7
50  DUL 8048 1349
30  DUL 8394 1296
10  DUL 8832 1357
8
50  WST 6800 1380
30  DUL 7197 1305
10  DUL 7268 1295
9
50  DUL 3522 1291
30  DUL 3850 1313
10  DUL 4415 1328
10
50  DUL 3298 1361
30  WST 3581 1423
10  WST 3746 1405
11
50  WST 1954 1411
30  DUL 2237 1318
10  WST 2277 1455
12
50  WST 1846 1421
30  DUL 2127 1297
10  WST 2390 1388
13
50  WST 4119 1445
30  DUL 4160 1303
10  WST 4175 1366
14
50  WST 3938 1384
30  WST 4257 1392
10  WST 4503 1417
15
50  WST 3622 1448
30  WST 3751 1410
10  WST 3823 1391
16
50  WST 3387 1444
30  WST 4944 1412
10  WST 5566 1453
17
50  WST 7747 1425
30  WST 7844 1456
10  WST 8190 1436
18
50  WST 7996 1370
30  WST 8036 1460
10  WST 8139 1376
19
50  WST 7150 1461
30  WST 7878 1399
10  DUL 8299 1356
20
50  WST 5963 1380
30  DUL 6944 1299
10  DUL 7277 1305
21
50  DUL 3983 1332
30  DUL 4739 1352
22
50  WST 3468 1423
30  DUL 4059 1361
10  WST 4919 1405
23
50  WST 2557 1389
30  DUL 2695 1337
10  WST 2771 1404
24
50  WST 2217 1421
30  DUL 2994 1297
10  WST 3152 1415
25
50  WST 2062 1393
30  DUL 2093 1303
10  DUL 2238 1304
26
50  WST 2282 1392
30  WST 2797 1417
10  DUL 2906 1293
27
50  WST 4415 1391
30  WST 4528 1410
10  WST 4606 1375
28
50  DUL 5527 1300
30  WST 6243 1412
10  DUL 7231 1363
29
50  WST 3400 1401
30  WST 3975 1387
10  DUL 4352 1347
30
50  WST 4352 1376
30  WST 4367 1369
31
80  WST 3713 1461
40  DUL 3909 1349
0  DUL 4014 1296
32
80  DUL 3673 1305
40  DUL 3886 1299
0  WST 4072 1463
33
80  WST 2529 1411
40  WST 2560 1389
0  DUL 2739 1337
34
80  WST 2022 1421
40  WST 4708 1372
0  WST 4744 1408
35
50  WST 1716 1393
30  DUL 1873 1303
10  WST 2115 1396
36
50  WST 2963 1378
30  WST 3169 1458
10  WST 3212 1417
37
50  DUL 4325 1320
30  DUL 4438 1294
10  WST 4690 1448
38
50  WST 4603 1444
30  DUL 4950 1300
10  WST 6015 1412
39
50  WST 3694 1387
30  DUL 3977 1347
10  WST 4081 1456
40
50  WST 4535 1370
30  WST 4549 1369
41
50  DUL 3374 1349
30  WST 3744 1461
10  DUL 3887 1296
42
50  WST 2927 1380
30  DUL 3122 1305
43
50  WST 2528 1411
30  DUL 2877 1322
10  DUL 3127 1337
44
50  WST 3463 1421
30  WST 3545 1388
45
50  WST 2255 1445
30  DUL 2291 1307
10  WST 2335 1396
46
50  WST 2591 1392
30  DUL 2757 1293
10  WST 2789 1458
47
50  WST 4922 1409
30  WST 5107 1402
10  DUL 5163 1320
48
50  WST 4406 1444
30  DUL 5469 1300
10  WST 7495 1453
49
50  WST 4372 1456
30  WST 4502 1401
10  DUL 4732 1347
50
50  WST 5246 1460
30  WST 5342 1369
51
50  DUL 4042 1296
30  DUL 4289 1349
10  DUL 4327 1357
52
50  DUL 3484 1295
30  DUL 3871 1299
10  WST 4178 1463
53
50  WST 18453 1763
30  DUL 18537 1749
54
50  WST 8588 1752
30  DUL 12181 1742
55
50  WST 16994 1755
30  DUL 24027 1744
57
50  WST 15310 1758
30  DUL 16909 1746
59
50  WST 13947 1760
60
50  WST 14387 1761
61
50  DUL 13150 1748
30  WST 15394 1762
SCORE:DUL,WST,1680,3550,-187.0
