DUL-CH
1
50  CH 9387 3108
30  CH 9994 3070
10  DUL 10606 1303
2
50  CH 13943 3123
30  CH 15191 3087
3
50  CH 8038 3083
30  DUL 9243 1320
10  CH 10602 3088
4
50  CH 10107 3111
30  DUL 10659 1300
10  CH 10791 3081
5
50  CH 8338 3086
30  DUL 9208 1347
10  DUL 9752 1319
6
50  CH 8290 3085
30  CH 9969 3095
7
50  DUL 8048 1349
30  DUL 8394 1296
10  DUL 8832 1357
8
50  DUL 7197 1305
30  DUL 7268 1295
10  CH 9731 3107
9
50  CH 2656 3080
30  CH 3053 3062
10  CH 3434 3118
10
50  CH 2587 3076
30  DUL 3298 1361
10  CH 3566 3067
11
50  DUL 2237 1318
30  DUL 2304 1322
10  DUL 2405 1330
12
50  DUL 2127 1297
30  CH 2153 3119
10  DUL 3045 1355
13
50  CH 3818 3108
30  CH 3875 3070
10  CH 4100 3066
14
50  CH 5110 3074
30  DUL 5563 1315
10  CH 5591 3087
15
50  CH 3274 3083
30  DUL 4062 1323
10  CH 4234 3088
16
50  CH 4012 3111
30  CH 4029 3081
10  CH 4506 3073
17
50  CH 7585 3086
30  CH 9529 3114
10  DUL 10604 1345
18
50  CH 7168 3085
30  CH 9206 3095
10  CH 9288 3071
19
50  DUL 8299 1356
30  DUL 8634 1348
10  DUL 8830 1292
20
50  DUL 6944 1299
30  DUL 7277 1305
10  CH 8722 3107
21
50  CH 3358 3062
30  CH 3632 3080
10  DUL 3983 1332
22
50  DUL 4059 1361
30  CH 4122 3076
10  CH 5985 3117
23
50  DUL 2695 1337
30  DUL 2847 1351
10  CH 2922 3120
24
50  DUL 2994 1297
30  CH 3088 3119
10  CH 3578 3110
25
50  DUL 2093 1303
30  CH 2178 3108
10  DUL 2238 1304
26
50  CH 2538 3087
30  DUL 2906 1293
10  DUL 3318 1315
27
50  CH 3922 3083
30  DUL 4920 1294
10  DUL 5019 1334
28
50  CH 4947 3073
30  CH 4950 3111
10  CH 5001 3081
29
50  CH 3618 3086
30  DUL 4352 1347
10  DUL 4490 1319
30
50  CH 5310 3071
30  CH 5478 3059
31
80  DUL 3909 1349
40  DUL 4014 1296
0  DUL 4300 1357
32
80  DUL 3673 1305
40  DUL 3886 1299
0  CH 5087 3107
33
80  DUL 2739 1337
40  CH 3087 3069
0  DUL 3487 1351
34
80  CH 2778 3119
35
50  DUL 1873 1303
30  CH 1913 3066
10  CH 1999 3108
36
50  DUL 3350 1315
30  CH 3640 3123
10  CH 3850 3099
37
50  CH 3868 3083
30  DUL 4325 1320
10  DUL 4438 1294
38
50  DUL 4950 1300
30  CH 5581 3111
10  CH 6155 3060
39
50  CH 3546 3086
30  DUL 3977 1347
10  DUL 4454 1319
40
50  CH 4072 3085
41
50  DUL 3374 1349
30  DUL 3887 1296
10  DUL 4107 1357
42
50  DUL 3122 1305
30  CH 4947 3107
43
50  DUL 2877 1322
30  DUL 3127 1337
10  CH 3694 3120
44
50  CH 4025 3119
45
50  DUL 2291 1307
30  CH 2458 3070
10  CH 2618 3089
46
50  DUL 2757 1293
47
50  DUL 5163 1320
30  CH 5384 3068
10  CH 5616 3098
48
50  DUL 5469 1300
30  CH 6846 3060
10  CH 7466 3073
49
50  DUL 4732 1347
30  DUL 5381 1298
10  DUL 5534 1319
50
50  CH 5263 3095
30  CH 7240 3059
51
50  DUL 4042 1296
30  DUL 4289 1349
10  DUL 4327 1357
52
50  DUL 3484 1295
30  DUL 3871 1299
10  CH 4908 3102
53
50  CH 14214 1989
30  DUL 18537 1749
54
50  DUL 12181 1742
30  CH 12912 1982
55
50  CH 17409 1984
30  DUL 24027 1744
56
50  CH 25353 1985
57
50  DUL 16909 1746
30  CH 18681 1986
58
50  CH 21965 1987
60
50  CH 15906 1988
61
50  DUL 13150 1748
SCORE:DUL,CH,2510,2600,-9.0
