DUL-SL
1
50  DUL 10606 1303
30  DUL 11379 1307
10  DUL 11689 1338
2
50  SL 8346 2877
30  SL 8361 2923
3
50  SL 8950 2918
30  SL 9075 2884
10  DUL 9243 1320
4
50  SL 9534 2909
30  DUL 10659 1300
5
50  SL 7340 2901
30  SL 7391 2928
10  SL 9206 2915
6
50  SL 7120 2921
30  SL 7529 2886
10  SL 7588 2883
7
50  DUL 8048 1349
30  DUL 8394 1296
10  DUL 8832 1357
8
50  SL 7163 2917
30  DUL 7197 1305
10  DUL 7268 1295
9
50  DUL 3522 1291
30  DUL 3850 1313
10  DUL 4415 1328
10
50  DUL 3298 1361
30  SL 4113 2913
10  DUL 4187 1325
11
50  SL 1652 2876
30  SL 1699 2908
10  SL 1840 2885
12
50  SL 1650 2874
30  DUL 2127 1297
10  SL 2522 2922
13
50  DUL 4160 1303
30  DUL 4350 1338
10  DUL 4498 1331
14
50  SL 3409 2923
30  SL 4400 2894
10  DUL 5563 1315
15
50  SL 3377 2884
30  SL 3550 2920
10  SL 3600 2918
16
50  SL 3384 2909
30  SL 3680 2880
10  SL 4277 2931
17
50  SL 6280 2928
30  SL 6354 2901
10  SL 8231 2915
18
50  SL 6249 2921
30  SL 6403 2883
10  SL 7270 2932
19
50  DUL 8299 1356
30  DUL 8634 1348
10  DUL 8830 1292
20
50  SL 5976 2917
30  DUL 6944 1299
10  DUL 7277 1305
21
50  DUL 3983 1332
30  DUL 4739 1352
22
50  DUL 4059 1361
30  DUL 6140 1309
23
50  SL 1968 2876
30  SL 2090 2908
10  SL 2282 2885
24
50  SL 2070 2874
30  DUL 2994 1297
10  DUL 3733 1317
25
50  DUL 2093 1303
30  DUL 2238 1304
10  DUL 2359 1344
26
50  SL 1912 2877
30  SL 2043 2899
10  SL 2310 2894
27
50  SL 4425 2918
30  SL 4534 2897
10  SL 4710 2912
28
50  SL 4029 2909
30  SL 5410 2880
10  DUL 5527 1300
29
50  SL 3388 2928
30  DUL 4352 1347
10  DUL 4490 1319
30
50  SL 3439 2883
30  SL 4214 2932
10  SL 4382 2904
31
80  DUL 3909 1349
40  DUL 4014 1296
0  DUL 4300 1357
32
80  SL 3410 2917
40  DUL 3673 1305
0  DUL 3886 1299
33
80  SL 1860 2876
40  SL 2121 2908
0  SL 2362 2885
34
80  SL 2033 2874
35
50  DUL 1873 1303
30  DUL 2175 1304
10  DUL 2234 1344
36
50  SL 1757 2877
30  SL 2149 2899
10  SL 2374 2894
37
50  SL 4031 2920
30  DUL 4325 1320
10  DUL 4438 1294
38
50  SL 4922 2909
30  DUL 4950 1300
10  SL 5777 2880
39
50  SL 3265 2928
30  SL 3427 2901
10  DUL 3977 1347
40
50  SL 4456 2932
41
50  DUL 3374 1349
30  DUL 3887 1296
10  DUL 4107 1357
42
50  SL 2859 2917
30  DUL 3122 1305
43
50  SL 2284 2876
30  SL 2790 2885
10  DUL 2877 1322
44
50  SL 2286 2874
45
50  DUL 2291 1307
30  DUL 2775 1331
10  DUL 2864 1327
46
50  SL 1938 2923
30  SL 2446 2899
10  DUL 2757 1293
47
50  SL 4651 2912
30  SL 4742 2918
10  DUL 5163 1320
48
50  DUL 5469 1300
30  SL 6701 2931
10  SL 6857 2880
49
50  SL 3903 2901
30  SL 4117 2916
10  SL 4626 2902
50
50  SL 3447 2921
30  SL 3884 2904
51
50  DUL 4042 1296
30  DUL 4289 1349
10  DUL 4327 1357
52
50  DUL 3484 1295
30  DUL 3871 1299
53
50  DUL 18537 1749
30  SL 23862 1969
54
50  SL 11727 1961
30  DUL 12181 1742
55
50  SL 20788 1963
30  DUL 24027 1744
56
50  SL 15044 1965
57
50  SL 15791 1966
30  DUL 16909 1746
59
50  SL 15156 1967
60
50  SL 12371 1968
61
50  DUL 13150 1748
SCORE:DUL,SL,1990,3140,-115.0
