DUL-CCC
1
50  CCC 9365 2014
30  DUL 10606 1303
10  DUL 11379 1307
2
50  CCC 10441 2005
30  CCC 11056 2019
10  CCC 13615 1994
3
50  DUL 9243 1320
30  CCC 9715 1991
10  DUL 10784 1334
4
50  CCC 8866 2012
30  CCC 9346 2027
10  DUL 10659 1300
5
50  CCC 7445 2031
30  CCC 8137 2030
10  DUL 9208 1347
7
50  CCC 7696 1992
30  DUL 8048 1349
10  DUL 8394 1296
8
50  DUL 7197 1305
30  DUL 7268 1295
10  CCC 7524 2002
9
50  DUL 3522 1291
30  CCC 3709 1996
10  CCC 3804 2009
10
50  DUL 3298 1361
30  DUL 4187 1325
10  DUL 4641 1336
11
50  CCC 2076 2026
30  DUL 2237 1318
10  CCC 2303 2010
12
50  CCC 1634 2020
30  DUL 2127 1297
10  CCC 2770 2032
13
50  DUL 4160 1303
30  DUL 4350 1338
10  CCC 4404 1995
14
50  CCC 4125 2019
30  CCC 4906 2017
10  CCC 4937 2025
15
50  CCC 3750 1991
30  DUL 4062 1323
10  DUL 4413 1324
16
50  CCC 3407 2012
30  CCC 4175 1993
10  DUL 5700 1363
17
50  CCC 8815 2029
30  CCC 9053 2018
10  DUL 10604 1345
18
50  CCC 12918 2015
19
50  CCC 7116 1992
30  CCC 7469 2028
10  CCC 7747 1998
20
50  CCC 6632 2002
30  DUL 6944 1299
10  DUL 7277 1305
21
50  DUL 3983 1332
30  CCC 4272 1996
10  DUL 4739 1352
22
50  DUL 4059 1361
30  DUL 6140 1309
23
50  DUL 2695 1337
30  CCC 2706 2023
10  DUL 2847 1351
24
50  DUL 2994 1297
30  DUL 3733 1317
10  DUL 3983 1290
25
50  DUL 2093 1303
30  DUL 2238 1304
10  DUL 2359 1344
26
50  CCC 1947 2005
30  CCC 2432 2025
10  CCC 2734 1994
27
50  DUL 4920 1294
30  DUL 5019 1334
10  DUL 5039 1324
28
50  CCC 4247 2012
30  DUL 5527 1300
10  DUL 7231 1363
29
50  CCC 3810 2030
30  DUL 4352 1347
10  CCC 4488 2018
31
80  CCC 3662 1992
40  CCC 3813 1998
0  DUL 3909 1349
32
80  DUL 3673 1305
40  DUL 3886 1299
33
80  CCC 2228 2026
40  DUL 2739 1337
0  CCC 3034 2024
35
50  CCC 1819 2014
30  DUL 1873 1303
10  DUL 2175 1304
36
50  CCC 1891 2005
30  CCC 2957 2025
10  DUL 3350 1315
37
50  CCC 4146 1991
30  DUL 4325 1320
10  DUL 4438 1294
38
50  CCC 4041 2027
30  CCC 4268 2012
10  DUL 4950 1300
39
50  CCC 3515 2031
30  CCC 3572 2030
10  DUL 3977 1347
41
50  DUL 3374 1349
30  CCC 3413 1992
10  CCC 3736 2028
42
50  DUL 3122 1305
43
50  DUL 2877 1322
30  DUL 3127 1337
10  CCC 3622 2024
45
50  CCC 2209 2014
30  DUL 2291 1307
10  CCC 2592 1995
46
50  DUL 2757 1293
30  CCC 3109 1997
10  CCC 3432 2008
47
50  CCC 5041 1991
30  DUL 5163 1320
10  DUL 5656 1294
48
50  CCC 5066 2027
30  DUL 5469 1300
10  DUL 7927 1363
49
50  CCC 3880 2031
30  CCC 4603 2029
10  DUL 4732 1347
51
50  DUL 4042 1296
30  DUL 4289 1349
10  CCC 4305 2028
52
50  DUL 3484 1295
30  DUL 3871 1299
53
50  DUL 18537 1749
54
50  CCC 11834 1834
30  DUL 12181 1742
55
50  CCC 19756 1835
30  DUL 24027 1744
56
50  CCC 20399 1836
57
50  DUL 16909 1746
61
50  DUL 13150 1748
SCORE:DUL,CCC,2150,2340,-19.0
