DUL-CVST
1
50  DUL 10606 1303
30  DUL 11379 1307
10  CVST 11587 2418
2
50  CVST 12734 2437
30  CVST 12739 2416
10  CVST 14447 2421
3
50  DUL 9243 1320
30  DUL 10784 1334
10  CVST 10802 2463
4
50  CVST 9787 2472
30  DUL 10659 1300
10  CVST 10762 2415
5
50  CVST 8095 2417
30  DUL 9208 1347
10  DUL 9752 1319
6
50  CVST 10273 2480
30  CVST 10653 2474
7
50  DUL 8048 1349
30  CVST 8300 2486
10  DUL 8394 1296
8
50  CVST 7131 2460
30  DUL 7197 1305
10  DUL 7268 1295
9
50  DUL 3522 1291
30  DUL 3850 1313
10  DUL 4415 1328
10
50  DUL 3298 1361
30  CVST 4087 2450
10  DUL 4187 1325
11
50  CVST 2134 2473
30  DUL 2237 1318
10  DUL 2304 1322
12
50  CVST 2072 2430
30  DUL 2127 1297
10  CVST 2494 2479
13
50  DUL 4160 1303
30  DUL 4350 1338
10  CVST 4397 2469
14
50  CVST 4356 2416
30  CVST 4514 2466
10  CVST 4633 2413
15
50  CVST 3928 2463
30  DUL 4062 1323
10  CVST 4175 2482
16
50  CVST 3974 2415
30  CVST 3988 2483
10  CVST 4405 2481
17
50  CVST 7332 2417
30  CVST 8221 2454
10  CVST 9380 2442
18
50  CVST 9025 2474
30  CVST 9203 2458
10  CVST 10007 2411
19
50  CVST 7231 2447
30  CVST 7352 2486
10  CVST 7602 2467
20
50  CVST 6471 2460
30  DUL 6944 1299
10  CVST 7039 2475
21
50  DUL 3983 1332
30  DUL 4739 1352
22
50  DUL 4059 1361
30  DUL 6140 1309
10  CVST 7122 2450
23
50  CVST 2512 2473
30  DUL 2695 1337
10  CVST 2834 2464
24
50  CVST 2544 2430
30  DUL 2994 1297
10  CVST 3310 2453
25
50  DUL 2093 1303
30  DUL 2238 1304
10  DUL 2359 1344
26
50  CVST 2446 2466
30  CVST 2693 2437
10  DUL 2906 1293
27
50  DUL 4920 1294
30  CVST 4985 2448
10  DUL 5019 1334
28
50  CVST 4787 2472
30  CVST 5099 2408
10  CVST 5134 2481
29
50  DUL 4352 1347
30  CVST 4394 2454
10  DUL 4490 1319
30
50  CVST 5015 2474
30  CVST 5300 2411
10  CVST 5356 2458
31
80  CVST 3768 2467
40  DUL 3909 1349
0  DUL 4014 1296
32
80  DUL 3673 1305
40  DUL 3886 1299
0  CVST 3903 2443
33
80  CVST 2497 2473
40  DUL 2739 1337
0  DUL 3487 1351
34
80  CVST 2670 2430
35
50  DUL 1873 1303
30  DUL 2175 1304
10  DUL 2234 1344
36
50  CVST 2475 2413
30  CVST 2943 2466
10  DUL 3350 1315
37
50  DUL 4325 1320
30  DUL 4438 1294
10  CVST 5131 2463
38
50  DUL 4950 1300
30  CVST 5369 2472
10  CVST 5604 2415
39
50  CVST 3459 2417
30  DUL 3977 1347
10  CVST 4433 2454
40
50  CVST 4744 2480
30  CVST 5309 2458
41
50  DUL 3374 1349
30  CVST 3789 2486
10  CVST 3790 2447
42
50  DUL 3122 1305
30  CVST 4069 2475
10  CVST 4834 2407
43
50  DUL 2877 1322
30  CVST 3090 2433
10  DUL 3127 1337
44
50  CVST 3410 2429
45
50  DUL 2291 1307
30  DUL 2775 1331
10  CVST 2777 2478
46
50  CVST 2589 2437
30  DUL 2757 1293
10  CVST 2769 2416
47
50  DUL 5163 1320
30  CVST 5630 2459
10  CVST 5639 2448
48
50  CVST 5286 2408
30  DUL 5469 1300
10  CVST 6513 2481
49
50  CVST 4415 2417
30  DUL 4732 1347
10  CVST 4738 2442
50
50  CVST 4978 2480
30  CVST 5988 2411
51
50  DUL 4042 1296
30  DUL 4289 1349
10  DUL 4327 1357
52
50  CVST 3446 2460
30  DUL 3484 1295
10  DUL 3871 1299
53
50  DUL 18537 1749
54
50  CVST 9359 1890
30  DUL 12181 1742
55
50  CVST 19053 1892
30  DUL 24027 1744
56
50  CVST 18637 1894
57
50  DUL 16909 1746
30  CVST 17503 1896
58
50  CVST 17620 1898
59
50  CVST 17112 1900
60
50  CVST 15547 1901
61
50  CVST 12697 1902
30  DUL 13150 1748
SCORE:DUL,CVST,2290,2960,-67.0
