DUL-BJCCS
1
50  DUL 10606 1303
30  DUL 11379 1307
10  DUL 11689 1338
2
50  BJCCS 7311 1954
30  BJCCS 9619 1983
10  BJCCS 12100 1969
3
50  DUL 9243 1320
30  BJCCS 9831 1977
10  DUL 10784 1334
4
50  BJCCS 8868 1970
30  BJCCS 8910 1964
10  DUL 10659 1300
5
50  BJCCS 7494 1958
30  BJCCS 9193 1972
10  DUL 9208 1347
6
50  BJCCS 7580 1985
30  BJCCS 8634 1960
7
50  BJCCS 7577 1975
30  DUL 8048 1349
10  BJCCS 8144 1986
8
50  BJCCS 6444 1974
30  BJCCS 6544 1984
10  DUL 7197 1305
9
50  BJCCS 2399 1956
30  DUL 3522 1291
10  BJCCS 3603 1978
10
50  DUL 3298 1361
30  DUL 4187 1325
10  DUL 4641 1336
11
50  BJCCS 2100 1973
30  DUL 2237 1318
10  DUL 2304 1322
12
50  BJCCS 1892 1955
30  BJCCS 2070 1981
10  DUL 2127 1297
13
50  DUL 4160 1303
30  DUL 4350 1338
10  DUL 4498 1331
14
50  BJCCS 2934 1954
30  BJCCS 4497 1988
10  BJCCS 4521 1969
15
50  DUL 4062 1323
30  BJCCS 4347 1976
10  DUL 4413 1324
16
50  BJCCS 3568 1964
30  BJCCS 3666 1970
10  BJCCS 4350 1987
17
50  BJCCS 7103 1958
30  BJCCS 7806 1972
10  DUL 10604 1345
18
50  BJCCS 6120 1966
30  BJCCS 7762 1960
10  BJCCS 7767 1980
19
50  BJCCS 6706 1975
30  BJCCS 7454 1986
10  DUL 8299 1356
20
50  BJCCS 5725 1974
30  BJCCS 6940 1962
10  DUL 6944 1299
21
50  BJCCS 2962 1956
30  BJCCS 3903 1989
10  DUL 3983 1332
22
50  DUL 4059 1361
30  DUL 6140 1309
23
50  BJCCS 2553 1973
30  DUL 2695 1337
10  DUL 2847 1351
24
50  BJCCS 2342 1955
30  BJCCS 2669 1981
10  DUL 2994 1297
25
50  DUL 2093 1303
30  DUL 2238 1304
10  DUL 2359 1344
26
50  BJCCS 2019 1983
30  BJCCS 2356 1988
10  BJCCS 2601 1969
27
50  DUL 4920 1294
30  DUL 5019 1334
10  DUL 5039 1324
28
50  BJCCS 4400 1970
30  DUL 5527 1300
10  BJCCS 5672 1987
29
50  BJCCS 3747 1958
30  BJCCS 4150 1972
10  DUL 4352 1347
30
50  BJCCS 3247 1966
30  BJCCS 3419 1985
10  BJCCS 4946 1980
31
80  BJCCS 3610 1986
40  DUL 3909 1349
0  DUL 4014 1296
32
80  BJCCS 2989 1984
40  DUL 3673 1305
0  BJCCS 3687 1962
33
80  BJCCS 2559 1973
40  DUL 2739 1337
0  BJCCS 3103 1956
34
80  BJCCS 2165 1981
35
50  DUL 1873 1303
30  DUL 2175 1304
10  DUL 2234 1344
36
50  BJCCS 1770 1983
30  BJCCS 2356 1988
10  DUL 3350 1315
37
50  DUL 4325 1320
30  DUL 4438 1294
10  BJCCS 4916 1977
38
50  BJCCS 4031 1970
30  BJCCS 4178 1964
10  BJCCS 4825 1987
39
50  DUL 3977 1347
30  BJCCS 4225 1972
10  DUL 4454 1319
40
50  BJCCS 3145 1966
30  BJCCS 4636 1980
41
50  DUL 3374 1349
30  DUL 3887 1296
10  DUL 4107 1357
42
50  BJCCS 3000 1974
30  DUL 3122 1305
10  BJCCS 3739 1962
43
50  DUL 2877 1322
30  DUL 3127 1337
10  DUL 3831 1306
44
50  BJCCS 3022 1955
45
50  DUL 2291 1307
30  DUL 2775 1331
10  DUL 2864 1327
46
50  BJCCS 1744 1954
30  DUL 2757 1293
10  BJCCS 3508 1953
47
50  DUL 5163 1320
30  BJCCS 5529 1977
10  DUL 5656 1294
48
50  BJCCS 4834 1964
30  DUL 5469 1300
10  BJCCS 5853 1987
49
50  BJCCS 3875 1958
30  DUL 4732 1347
10  DUL 5381 1298
50
50  BJCCS 4163 1985
30  BJCCS 4372 1960
51
50  DUL 4042 1296
30  DUL 4289 1349
10  DUL 4327 1357
52
50  DUL 3484 1295
30  DUL 3871 1299
10  BJCCS 3897 1984
53
50  DUL 18537 1749
54
50  BJCCS 9233 1830
30  DUL 12181 1742
55
50  DUL 24027 1744
56
50  BJCCS 15437 1831
57
50  DUL 16909 1746
60
50  BJCCS 12532 1832
61
50  BJCCS 12031 1833
30  DUL 13150 1748
SCORE:DUL,BJCCS,2120,2970,-85.0
