DUL-WM
1
50  DUL 10606 1303
30  DUL 11379 1307
10  WM 11381 409
2
50  WM 9257 442
30  WM 10290 397
10  WM 11085 361
3
50  DUL 9243 1320
30  WM 9647 413
10  WM 10400 421
4
50  WM 8102 420
30  WM 10572 426
10  DUL 10659 1300
5
50  WM 7746 354
30  WM 8813 396
10  WM 8982 437
6
50  WM 9098 366
7
50  WM 7315 362
30  WM 7745 395
10  DUL 8048 1349
8
50  WM 6781 429
30  DUL 7197 1305
10  DUL 7268 1295
9
50  WM 2723 424
30  DUL 3522 1291
10  DUL 3850 1313
10
50  WM 2822 399
30  DUL 3298 1361
10  WM 3653 438
11
50  DUL 2237 1318
30  WM 2259 410
10  DUL 2304 1322
12
50  WM 1872 422
30  WM 2007 398
10  DUL 2127 1297
13
50  WM 4088 368
30  DUL 4160 1303
10  DUL 4350 1338
14
50  WM 3604 344
30  WM 3605 370
10  WM 3615 442
15
50  WM 3354 413
30  WM 3712 392
10  WM 3790 421
16
50  WM 3172 419
30  WM 3212 420
10  WM 3678 376
17
50  WM 6889 447
30  WM 7740 444
10  WM 7768 428
18
50  WM 6745 449
30  WM 7763 417
10  WM 7980 366
19
50  WM 6491 362
30  WM 6744 395
10  DUL 8299 1356
20
50  WM 6571 418
30  DUL 6944 1299
10  DUL 7277 1305
21
50  WM 3807 424
30  DUL 3983 1332
10  WM 4444 369
22
50  WM 3663 399
30  WM 3854 438
10  DUL 4059 1361
23
50  DUL 2695 1337
30  DUL 2847 1351
10  DUL 3177 1330
24
50  WM 2235 422
30  WM 2456 398
10  DUL 2994 1297
25
50  DUL 2093 1303
30  DUL 2238 1304
10  WM 2297 368
26
50  WM 1956 357
30  WM 2032 442
10  WM 2334 364
27
50  WM 4469 421
30  DUL 4920 1294
10  DUL 5019 1334
28
50  WM 3978 419
30  WM 4551 426
10  DUL 5527 1300
29
50  WM 3591 447
30  WM 3647 354
10  WM 4010 444
30
50  WM 3774 449
30  WM 4159 366
10  WM 4888 417
31
80  WM 3342 362
40  WM 3633 395
0  DUL 3909 1349
32
80  DUL 3673 1305
40  DUL 3886 1299
0  WM 4063 339
33
80  DUL 2739 1337
40  DUL 3487 1351
34
80  WM 2535 422
40  WM 3318 434
35
50  DUL 1873 1303
30  WM 2172 368
10  DUL 2175 1304
36
50  WM 1782 370
30  WM 1856 344
10  WM 2326 361
37
50  WM 3887 413
30  DUL 4325 1320
10  DUL 4438 1294
38
50  WM 3441 419
30  DUL 4950 1300
10  WM 5119 426
39
50  WM 3809 447
30  WM 3952 428
10  DUL 3977 1347
41
50  DUL 3374 1349
30  DUL 3887 1296
10  DUL 4107 1357
42
50  WM 2804 429
30  WM 3032 418
10  DUL 3122 1305
43
50  DUL 2877 1322
30  WM 2913 410
10  DUL 3127 1337
44
50  WM 3271 398
30  WM 3397 373
10  WM 4166 380
45
50  DUL 2291 1307
30  WM 2656 425
10  DUL 2775 1331
46
50  WM 2401 397
30  WM 2450 361
10  WM 2644 357
47
50  DUL 5163 1320
30  WM 5535 342
10  DUL 5656 1294
48
50  WM 4140 420
30  DUL 5469 1300
10  WM 5713 376
49
50  WM 3902 354
30  WM 4207 396
10  WM 4446 428
50
50  WM 4287 449
30  WM 5900 406
10  WM 6501 417
51
50  DUL 4042 1296
30  DUL 4289 1349
10  DUL 4327 1357
52
50  DUL 3484 1295
30  WM 3656 429
10  DUL 3871 1299
53
50  WM 18189 1662
30  DUL 18537 1749
54
50  WM 11382 1658
30  DUL 12181 1742
55
50  DUL 24027 1744
57
50  DUL 16909 1746
59
50  WM 14150 1660
61
50  DUL 13150 1748
30  WM 14309 1661
SCORE:DUL,WM,1740,3320,-158.0
