DUL-SPD
1
50  SPD 10483 2543
30  DUL 10606 1303
10  DUL 11379 1307
2
50  SPD 8459 2533
30  SPD 9968 2525
3
50  DUL 9243 1320
30  SPD 10200 2513
10  DUL 10784 1334
4
50  SPD 10001 2510
30  SPD 10160 2549
10  DUL 10659 1300
5
50  SPD 7938 2532
30  SPD 8957 2503
10  DUL 9208 1347
6
50  SPD 8395 2544
30  SPD 11019 2502
10  SPD 11081 2542
7
50  DUL 8048 1349
30  DUL 8394 1296
10  DUL 8832 1357
8
50  DUL 7197 1305
30  DUL 7268 1295
10  SPD 8953 2540
9
50  SPD 3385 2489
30  DUL 3522 1291
10  DUL 3850 1313
10
50  DUL 3298 1361
30  DUL 4187 1325
10  DUL 4641 1336
11
50  DUL 2237 1318
30  DUL 2304 1322
10  DUL 2405 1330
12
50  DUL 2127 1297
30  DUL 3045 1355
10  DUL 3079 1317
13
50  DUL 4160 1303
30  DUL 4350 1338
10  DUL 4498 1331
14
50  SPD 3450 2533
30  SPD 4704 2520
10  DUL 5563 1315
15
50  SPD 3909 2511
30  SPD 3928 2531
10  DUL 4062 1323
16
50  SPD 3708 2553
30  SPD 3714 2510
10  SPD 3970 2493
17
50  SPD 6896 2532
30  SPD 8813 2548
10  SPD 8985 2522
18
50  SPD 7106 2544
30  SPD 8412 2551
10  SPD 8768 2529
19
50  DUL 8299 1356
30  SPD 8300 2539
10  DUL 8634 1348
20
50  DUL 6944 1299
30  DUL 7277 1305
10  SPD 7422 2552
21
50  SPD 3859 2489
30  SPD 3863 2490
10  DUL 3983 1332
22
50  DUL 4059 1361
30  SPD 5433 2536
10  DUL 6140 1309
23
50  DUL 2695 1337
30  DUL 2847 1351
10  DUL 3177 1330
24
50  DUL 2994 1297
30  DUL 3733 1317
10  DUL 3983 1290
25
50  DUL 2093 1303
30  SPD 2138 2543
10  DUL 2238 1304
26
50  SPD 1891 2533
30  SPD 2140 2525
10  DUL 2906 1293
27
50  SPD 4615 2511
30  DUL 4920 1294
10  SPD 4970 2513
28
50  SPD 4881 2509
30  SPD 5303 2549
10  DUL 5527 1300
29
50  SPD 4043 2518
30  DUL 4352 1347
10  DUL 4490 1319
30
50  SPD 4387 2508
30  SPD 4707 2542
10  SPD 4803 2551
31
80  DUL 3909 1349
40  DUL 4014 1296
0  SPD 4170 2539
32
80  DUL 3673 1305
40  DUL 3886 1299
0  SPD 4063 2552
33
80  DUL 2739 1337
40  DUL 3487 1351
0  SPD 4375 2534
35
50  DUL 1873 1303
30  DUL 2175 1304
10  DUL 2234 1344
36
50  SPD 2102 2525
30  SPD 2956 2520
10  DUL 3350 1315
37
50  DUL 4325 1320
30  DUL 4438 1294
10  SPD 4592 2550
38
50  SPD 4631 2553
30  DUL 4950 1300
10  SPD 5247 2493
39
50  SPD 3639 2532
30  SPD 3788 2503
10  DUL 3977 1347
40
50  SPD 3814 2544
30  SPD 6559 2502
41
50  DUL 3374 1349
30  DUL 3887 1296
10  DUL 4107 1357
42
50  DUL 3122 1305
43
50  DUL 2877 1322
30  DUL 3127 1337
10  DUL 3831 1306
45
50  DUL 2291 1307
30  SPD 2703 2512
10  DUL 2775 1331
46
50  SPD 2083 2533
30  SPD 2428 2525
10  DUL 2757 1293
47
50  SPD 4937 2513
30  DUL 5163 1320
10  SPD 5538 2523
48
50  SPD 5052 2510
30  DUL 5469 1300
10  SPD 5490 2506
49
50  SPD 4663 2547
30  SPD 4725 2503
10  DUL 4732 1347
50
50  SPD 4334 2551
30  SPD 4456 2502
10  SPD 5021 2508
51
50  DUL 4042 1296
30  DUL 4289 1349
10  DUL 4327 1357
52
50  DUL 3484 1295
30  DUL 3871 1299
10  SPD 4607 2540
53
50  DUL 18537 1749
30  SPD 27334 1912
54
50  DUL 12181 1742
30  SPD 15415 1904
55
50  SPD 18900 1906
30  DUL 24027 1744
57
50  SPD 16523 1907
30  DUL 16909 1746
58
50  SPD 15638 1908
59
50  SPD 13778 1909
60
50  SPD 14566 1910
61
50  DUL 13150 1748
30  SPD 17680 1911
SCORE:DUL,SPD,2580,2500,8.0
