DUL-TVT
1
50  DUL 10606 1303
30  TVT 11250 1868
10  DUL 11379 1307
2
50  TVT 9773 1951
30  TVT 10577 1856
10  TVT 11309 1879
3
50  TVT 7662 1866
30  TVT 8557 1845
10  DUL 9243 1320
4
50  TVT 9433 1917
30  DUL 10659 1300
10  TVT 11734 1880
5
50  TVT 7571 1867
30  DUL 9208 1347
10  DUL 9752 1319
6
50  TVT 7397 1888
30  TVT 7590 1911
10  TVT 13171 1905
7
50  DUL 8048 1349
30  DUL 8394 1296
10  DUL 8832 1357
8
50  TVT 6297 1874
30  DUL 7197 1305
10  DUL 7268 1295
9
50  DUL 3522 1291
30  DUL 3850 1313
10  DUL 4415 1328
10
50  TVT 3245 1950
30  DUL 3298 1361
10  TVT 3347 1908
11
50  DUL 2237 1318
30  TVT 2259 1952
10  DUL 2304 1322
12
50  TVT 2033 1946
30  DUL 2127 1297
10  TVT 2513 1903
13
50  TVT 4097 1868
30  DUL 4160 1303
10  DUL 4350 1338
14
50  TVT 3875 1951
30  TVT 4012 1879
10  TVT 4844 1901
15
50  TVT 3063 1866
30  TVT 3357 1845
10  TVT 3963 1861
16
50  TVT 4169 1880
30  TVT 4566 1886
10  TVT 4569 1943
17
50  TVT 6991 1867
30  TVT 7376 1910
10  DUL 10604 1345
18
50  TVT 6400 1911
30  TVT 6771 1888
10  TVT 11457 1905
19
50  DUL 8299 1356
30  TVT 8321 1900
10  DUL 8634 1348
20
50  TVT 5377 1899
30  TVT 5753 1874
10  DUL 6944 1299
21
50  DUL 3983 1332
30  DUL 4739 1352
10  TVT 4982 1875
22
50  TVT 3774 1908
30  DUL 4059 1361
10  TVT 4170 1950
23
50  TVT 2634 1892
30  TVT 2684 1952
10  DUL 2695 1337
24
50  TVT 2567 1946
30  DUL 2994 1297
10  TVT 3113 1935
25
50  DUL 2093 1303
30  DUL 2238 1304
10  DUL 2359 1344
26
50  TVT 2397 1898
30  TVT 2513 1907
10  DUL 2906 1293
27
50  TVT 4013 1845
30  TVT 4915 1859
10  DUL 4920 1294
28
50  TVT 5289 1880
30  DUL 5527 1300
10  DUL 7231 1363
29
50  TVT 3845 1910
30  DUL 4352 1347
10  DUL 4490 1319
30
50  TVT 3535 1888
30  TVT 3733 1911
10  TVT 6939 1905
31
80  DUL 3909 1349
40  DUL 4014 1296
0  TVT 4059 1900
32
80  TVT 2849 1899
40  TVT 3656 1860
0  DUL 3673 1305
33
80  DUL 2739 1337
40  TVT 2840 1952
0  DUL 3487 1351
34
80  TVT 2670 1946
40  TVT 3389 1896
35
50  DUL 1873 1303
30  TVT 2166 1868
10  DUL 2175 1304
36
50  TVT 2050 1856
30  TVT 2078 1951
10  TVT 2336 1898
37
50  TVT 3427 1866
30  TVT 4109 1913
10  DUL 4325 1320
38
50  TVT 4381 1917
30  DUL 4950 1300
10  TVT 7064 1848
39
50  TVT 3496 1867
30  DUL 3977 1347
10  DUL 4454 1319
40
50  TVT 3217 1888
41
50  DUL 3374 1349
30  DUL 3887 1296
10  DUL 4107 1357
42
50  TVT 2764 1899
30  TVT 2776 1874
10  DUL 3122 1305
43
50  DUL 2877 1322
30  DUL 3127 1337
10  TVT 3133 1952
44
50  TVT 2528 1946
30  TVT 3303 1896
10  TVT 3571 1903
45
50  DUL 2291 1307
30  DUL 2775 1331
10  TVT 2798 1853
46
50  TVT 2600 1856
30  TVT 2637 1907
10  TVT 2667 1879
47
50  TVT 4616 1913
30  TVT 4678 1916
10  DUL 5163 1320
48
50  TVT 5013 1917
30  DUL 5469 1300
10  TVT 5643 1886
49
50  TVT 4377 1910
30  DUL 4732 1347
10  DUL 5381 1298
50
50  TVT 3877 1911
51
50  DUL 4042 1296
30  DUL 4289 1349
10  DUL 4327 1357
52
50  TVT 3306 1874
30  DUL 3484 1295
10  DUL 3871 1299
53
50  TVT 16803 1828
30  DUL 18537 1749
54
50  DUL 12181 1742
30  TVT 12231 1815
55
50  TVT 19785 1818
30  DUL 24027 1744
56
50  TVT 17443 1820
57
50  TVT 14320 1822
30  DUL 16909 1746
58
50  TVT 17419 1825
59
50  TVT 15096 1826
61
50  DUL 13150 1748
30  TVT 13181 1827
SCORE:DUL,TVT,1940,3330,-139.0
