DUL-FR
1
50  FR 9756 1771
30  DUL 10606 1303
10  FR 11123 1757
2
50  FR 14198 1805
3
50  FR 9077 1829
30  DUL 9243 1320
10  FR 9742 1797
4
50  FR 7209 1825
30  FR 10057 1800
10  FR 10463 1784
5
50  FR 7641 1767
30  DUL 9208 1347
10  FR 9555 1833
6
50  FR 8712 1781
30  FR 9324 1756
10  FR 9844 1831
7
50  FR 8011 1828
30  DUL 8048 1349
10  DUL 8394 1296
8
50  DUL 7197 1305
30  DUL 7268 1295
10  FR 7819 1749
9
50  DUL 3522 1291
30  DUL 3850 1313
10  FR 4226 1823
10
50  DUL 3298 1361
30  DUL 4187 1325
10  DUL 4641 1336
11
50  FR 2003 1815
30  DUL 2237 1318
10  FR 2238 1778
12
50  FR 2009 1740
30  FR 2057 1770
10  DUL 2127 1297
13
50  DUL 4160 1303
30  DUL 4350 1338
10  FR 4397 1757
14
50  FR 5036 1794
30  FR 5071 1788
10  FR 5314 1805
15
50  FR 3487 1785
30  FR 3761 1797
10  FR 3957 1819
16
50  FR 2909 1825
30  FR 3730 1826
10  FR 4046 1813
17
50  FR 8153 1833
30  FR 8839 1772
10  FR 8850 1783
18
50  FR 7796 1831
30  FR 7883 1756
19
50  FR 6978 1828
30  DUL 8299 1356
10  FR 8397 1769
20
50  DUL 6944 1299
30  DUL 7277 1305
10  FR 7289 1748
21
50  DUL 3983 1332
30  DUL 4739 1352
10  FR 4902 1798
22
50  DUL 4059 1361
30  FR 5597 1775
10  DUL 6140 1309
23
50  FR 2359 1815
30  FR 2628 1778
10  DUL 2695 1337
24
50  FR 2369 1740
30  DUL 2994 1297
10  FR 3435 1746
25
50  DUL 2093 1303
30  FR 2137 1771
10  DUL 2238 1304
26
50  FR 2488 1837
30  DUL 2906 1293
10  DUL 3318 1315
27
50  FR 4456 1785
30  FR 4617 1797
10  DUL 4920 1294
28
50  FR 4469 1826
30  FR 4849 1784
10  FR 5253 1780
29
50  FR 3559 1767
30  FR 4101 1833
10  DUL 4352 1347
30
50  FR 4107 1781
30  FR 4263 1831
31
80  FR 3485 1765
40  DUL 3909 1349
0  DUL 4014 1296
32
80  FR 3537 1749
40  DUL 3673 1305
0  DUL 3886 1299
33
80  FR 2371 1815
40  FR 2673 1820
0  DUL 2739 1337
34
80  FR 2468 1740
40  FR 2562 1770
0  FR 4457 1789
35
50  DUL 1873 1303
30  FR 2038 1771
10  DUL 2175 1304
36
50  DUL 3350 1315
37
50  FR 4082 1785
30  DUL 4325 1320
10  DUL 4438 1294
38
50  FR 3378 1825
30  FR 4474 1784
10  DUL 4950 1300
39
50  FR 3359 1767
30  DUL 3977 1347
10  DUL 4454 1319
40
50  FR 3883 1781
30  FR 3989 1756
10  FR 4378 1831
41
50  FR 3181 1765
30  DUL 3374 1349
10  FR 3494 1828
42
50  DUL 3122 1305
30  FR 3447 1749
43
50  DUL 2877 1322
30  DUL 3127 1337
10  FR 3201 1778
44
50  FR 2806 1770
30  FR 4503 1746
45
50  DUL 2291 1307
30  FR 2412 1771
10  FR 2652 1741
46
50  DUL 2757 1293
30  FR 2884 1794
10  FR 2992 1805
47
50  FR 4369 1829
30  DUL 5163 1320
10  FR 5456 1821
48
50  FR 3828 1825
30  FR 5026 1800
10  FR 5087 1826
49
50  FR 4196 1767
30  FR 4599 1833
10  DUL 4732 1347
50
50  FR 4141 1781
30  FR 5093 1756
51
50  FR 3700 1765
30  DUL 4042 1296
10  DUL 4289 1349
52
50  DUL 3484 1295
30  DUL 3871 1299
10  FR 4293 1748
53
50  DUL 18537 1749
30  FR 30704 1814
54
50  FR 11241 1805
30  DUL 12181 1742
55
50  FR 23538 1808
30  DUL 24027 1744
56
50  FR 25100 1809
57
50  FR 15370 1811
30  DUL 16909 1746
58
50  FR 15968 1812
61
50  FR 12000 1813
30  DUL 13150 1748
SCORE:DUL,FR,1780,3390,-161.0
