DUL-SHC
1
50  SHC 8773 492
30  SHC 10263 463
10  DUL 10606 1303
2
50  SHC 10517 475
30  SHC 10644 539
10  SHC 12246 531
3
50  SHC 8951 533
30  DUL 9243 1320
10  SHC 9627 514
4
50  SHC 7872 552
30  DUL 10659 1300
5
50  SHC 8052 501
30  DUL 9208 1347
10  DUL 9752 1319
6
50  SHC 6757 549
30  SHC 11721 476
7
50  SHC 7710 459
30  SHC 7723 479
10  DUL 8048 1349
8
50  DUL 7197 1305
30  DUL 7268 1295
10  SHC 7306 502
9
50  SHC 3479 481
30  SHC 3513 528
10  DUL 3522 1291
10
50  SHC 3037 565
30  DUL 3298 1361
10  SHC 3619 471
11
50  SHC 2143 564
30  DUL 2237 1318
10  DUL 2304 1322
12
50  DUL 2127 1297
30  SHC 2783 535
10  SHC 2872 512
13
50  SHC 3514 492
30  SHC 3799 547
10  SHC 3929 522
14
50  SHC 4207 537
30  SHC 4694 559
10  SHC 4865 531
15
50  SHC 3479 533
30  SHC 3687 514
10  SHC 3807 515
16
50  SHC 3036 552
30  SHC 3941 542
10  SHC 3990 525
17
50  SHC 7129 546
30  SHC 7729 478
10  SHC 10400 462
18
50  SHC 7143 493
30  SHC 8607 488
10  SHC 9696 476
19
50  SHC 6655 479
30  SHC 6933 459
10  SHC 7867 489
20
50  SHC 5949 490
30  SHC 6294 497
10  DUL 6944 1299
21
50  SHC 2812 540
30  SHC 3757 481
10  DUL 3983 1332
22
50  SHC 3253 565
30  SHC 3894 471
10  DUL 4059 1361
23
50  SHC 2502 564
30  DUL 2695 1337
10  SHC 2827 554
24
50  SHC 2900 464
30  DUL 2994 1297
10  DUL 3733 1317
25
50  SHC 2013 550
30  SHC 2044 513
10  DUL 2093 1303
26
50  SHC 2653 457
30  SHC 2657 538
10  SHC 2905 480
27
50  SHC 4386 533
30  SHC 4756 487
10  DUL 4920 1294
28
50  SHC 4765 451
30  SHC 5445 525
10  DUL 5527 1300
29
50  SHC 3509 546
30  DUL 4352 1347
10  DUL 4490 1319
30
50  SHC 4305 493
30  SHC 4891 488
31
80  SHC 3706 558
40  SHC 3828 458
0  DUL 3909 1349
32
80  SHC 3169 502
40  SHC 3619 526
0  DUL 3673 1305
33
80  DUL 2739 1337
40  SHC 2923 554
0  SHC 2977 491
34
80  SHC 3849 511
35
50  DUL 1873 1303
30  SHC 1906 463
10  DUL 2175 1304
36
50  SHC 2075 537
30  SHC 2173 539
10  SHC 2534 506
37
50  SHC 4158 514
30  DUL 4325 1320
10  DUL 4438 1294
38
50  SHC 3333 552
30  SHC 4793 525
10  DUL 4950 1300
39
50  SHC 3290 501
30  SHC 3653 546
10  DUL 3977 1347
40
50  SHC 2951 549
30  SHC 3667 493
41
50  SHC 3356 459
30  DUL 3374 1349
10  SHC 3443 479
42
50  SHC 2906 490
30  SHC 3016 502
10  DUL 3122 1305
43
50  DUL 2877 1322
30  DUL 3127 1337
10  SHC 3154 553
44
50  SHC 3788 464
45
50  SHC 2141 550
30  DUL 2291 1307
10  SHC 2513 522
46
50  SHC 2295 475
30  SHC 2475 539
10  DUL 2757 1293
47
50  DUL 5163 1320
30  SHC 5463 482
10  SHC 5543 515
48
50  SHC 5134 542
30  DUL 5469 1300
10  SHC 5643 466
49
50  SHC 4671 478
30  DUL 4732 1347
10  DUL 5381 1298
50
50  SHC 3461 549
30  SHC 5967 476
51
50  DUL 4042 1296
30  SHC 4114 458
10  DUL 4289 1349
52
50  DUL 3484 1295
30  SHC 3760 490
10  SHC 3804 497
53
50  SHC 16298 1670
30  DUL 18537 1749
54
50  DUL 12181 1742
55
50  SHC 14927 1665
30  DUL 24027 1744
56
50  SHC 18851 1666
57
50  DUL 16909 1746
30  SHC 18766 1667
61
50  DUL 13150 1748
SCORE:DUL,SHC,1300,3760,-246.0
