DUL-ALT
1
50  DUL 10606 1303
30  DUL 11379 1307
10  DUL 11689 1338
3
50  DUL 9243 1320
30  DUL 10784 1334
10  DUL 11206 1323
4
50  DUL 10659 1300
5
50  DUL 9208 1347
30  DUL 9752 1319
10  DUL 10513 1298
7
50  DUL 8048 1349
30  DUL 8394 1296
10  DUL 8832 1357
8
50  DUL 7197 1305
30  DUL 7268 1295
9
50  DUL 3522 1291
30  DUL 3850 1313
10  DUL 4415 1328
10
50  DUL 3298 1361
30  DUL 4187 1325
10  DUL 4641 1336
11
50  DUL 2237 1318
30  DUL 2304 1322
10  DUL 2405 1330
12
50  DUL 2127 1297
30  DUL 3045 1355
10  DUL 3079 1317
13
50  DUL 4160 1303
30  DUL 4350 1338
10  DUL 4498 1331
14
50  DUL 5563 1315
30  DUL 5773 1354
10  DUL 7409 1301
15
50  DUL 4062 1323
30  DUL 4413 1324
10  DUL 4719 1316
16
50  DUL 5700 1363
17
50  DUL 10604 1345
30  DUL 13283 1350
19
50  DUL 8299 1356
30  DUL 8634 1348
10  DUL 8830 1292
20
50  DUL 6944 1299
30  DUL 7277 1305
21
50  DUL 3983 1332
30  DUL 4739 1352
22
50  DUL 4059 1361
30  DUL 6140 1309
23
50  DUL 2695 1337
30  DUL 2847 1351
10  DUL 3177 1330
24
50  DUL 2994 1297
30  DUL 3733 1317
10  DUL 3983 1290
25
50  DUL 2093 1303
30  DUL 2238 1304
10  DUL 2359 1344
26
50  DUL 2906 1293
30  DUL 3318 1315
10  DUL 3501 1354
27
50  DUL 4920 1294
30  DUL 5019 1334
10  DUL 5039 1324
28
50  DUL 5527 1300
30  DUL 7231 1363
29
50  DUL 4352 1347
30  DUL 4490 1319
10  DUL 5725 1345
31
80  DUL 3909 1349
40  DUL 4014 1296
0  DUL 4300 1357
32
80  DUL 3673 1305
40  DUL 3886 1299
33
80  DUL 2739 1337
40  DUL 3487 1351
35
50  DUL 1873 1303
30  DUL 2175 1304
10  DUL 2234 1344
36
50  DUL 3350 1315
37
50  DUL 4325 1320
30  DUL 4438 1294
10  DUL 6715 1324
38
50  DUL 4950 1300
39
50  DUL 3977 1347
30  DUL 4454 1319
10  DUL 5547 1298
41
50  DUL 3374 1349
30  DUL 3887 1296
10  DUL 4107 1357
42
50  DUL 3122 1305
43
50  DUL 2877 1322
30  DUL 3127 1337
10  DUL 3831 1306
45
50  DUL 2291 1307
30  DUL 2775 1331
10  DUL 2864 1327
46
50  DUL 2757 1293
47
50  DUL 5163 1320
30  DUL 5656 1294
10  DUL 5693 1334
48
50  DUL 5469 1300
30  DUL 7927 1363
49
50  DUL 4732 1347
30  DUL 5381 1298
10  DUL 5534 1319
51
50  DUL 4042 1296
30  DUL 4289 1349
10  DUL 4327 1357
52
50  DUL 3484 1295
30  DUL 3871 1299
53
50  DUL 18537 1749
54
50  DUL 12181 1742
55
50  DUL 24027 1744
57
50  DUL 16909 1746
61
50  DUL 13150 1748
SCORE:DUL,ALT,3980,0,398.0
