DUL-SH
1
50  SH 10278 2639
30  DUL 10606 1303
10  SH 11089 2607
3
50  SH 8498 2619
30  DUL 9243 1320
10  SH 9564 2612
4
50  SH 9948 2647
30  DUL 10659 1300
10  SH 12226 2625
5
50  SH 7836 2618
30  SH 8931 2640
10  SH 8961 2641
7
50  DUL 8048 1349
30  DUL 8394 1296
10  DUL 8832 1357
8
50  SH 6485 2605
30  SH 7027 2613
10  DUL 7197 1305
9
50  DUL 3522 1291
30  DUL 3850 1313
10  DUL 4415 1328
10
50  DUL 3298 1361
30  DUL 4187 1325
10  DUL 4641 1336
11
50  SH 2056 2629
30  DUL 2237 1318
10  DUL 2304 1322
12
50  SH 2009 2642
30  DUL 2127 1297
10  SH 2814 2644
13
50  SH 3852 2639
30  DUL 4160 1303
10  SH 4190 2603
14
50  SH 5275 2599
30  SH 5561 2617
10  DUL 5563 1315
15
50  SH 3463 2619
30  SH 4058 2612
10  DUL 4062 1323
16
50  SH 3946 2630
30  SH 4097 2636
10  SH 4259 2647
17
50  SH 6858 2618
30  SH 8035 2641
10  SH 8570 2637
19
50  SH 8136 2631
30  DUL 8299 1356
10  DUL 8634 1348
20
50  SH 5747 2605
30  SH 6437 2613
10  DUL 6944 1299
21
50  DUL 3983 1332
30  DUL 4739 1352
22
50  DUL 4059 1361
30  DUL 6140 1309
23
50  SH 2543 2629
30  DUL 2695 1337
10  DUL 2847 1351
24
50  SH 2892 2642
30  DUL 2994 1297
10  DUL 3733 1317
25
50  DUL 2093 1303
30  DUL 2238 1304
10  DUL 2359 1344
26
50  SH 2762 2599
30  DUL 2906 1293
10  SH 3143 2614
27
50  SH 4434 2612
30  DUL 4920 1294
10  SH 4963 2608
28
50  SH 4732 2630
30  SH 5383 2625
10  DUL 5527 1300
29
50  SH 3769 2618
30  DUL 4352 1347
10  DUL 4490 1319
31
80  DUL 3909 1349
40  DUL 4014 1296
0  DUL 4300 1357
32
80  SH 3178 2605
40  DUL 3673 1305
0  DUL 3886 1299
33
80  SH 2598 2629
40  DUL 2739 1337
0  SH 3369 2626
34
80  SH 2623 2642
35
50  DUL 1873 1303
30  DUL 2175 1304
10  SH 2202 2638
36
50  DUL 3350 1315
30  SH 3525 2614
37
50  SH 3979 2619
30  DUL 4325 1320
10  DUL 4438 1294
38
50  DUL 4950 1300
30  SH 5382 2636
10  SH 5677 2625
39
50  SH 3807 2640
30  SH 3932 2641
10  DUL 3977 1347
41
50  DUL 3374 1349
30  DUL 3887 1296
10  DUL 4107 1357
42
50  SH 2953 2605
30  DUL 3122 1305
10  SH 3161 2613
43
50  SH 2875 2629
30  DUL 2877 1322
10  DUL 3127 1337
44
50  SH 2983 2642
30  SH 3532 2644
10  SH 4311 2621
45
50  DUL 2291 1307
30  SH 2408 2639
10  SH 2480 2603
46
50  DUL 2757 1293
30  SH 2964 2617
47
50  SH 4632 2619
30  DUL 5163 1320
10  SH 5171 2612
48
50  DUL 5469 1300
30  SH 6956 2597
10  SH 7558 2625
49
50  SH 4600 2640
30  DUL 4732 1347
10  DUL 5381 1298
51
50  DUL 4042 1296
30  DUL 4289 1349
10  DUL 4327 1357
52
50  SH 3350 2613
30  DUL 3484 1295
10  DUL 3871 1299
53
50  DUL 18537 1749
54
50  SH 11370 1919
30  DUL 12181 1742
55
50  SH 19413 1921
30  DUL 24027 1744
57
50  DUL 16909 1746
58
50  SH 19108 1923
59
50  SH 13886 1924
61
50  DUL 13150 1748
SCORE:DUL,SH,2130,2460,-33.0
