DUL-SD
1
50  SD 10430 3496
30  DUL 10606 1303
10  DUL 11379 1307
2
50  SD 13250 3516
30  SD 13371 3510
3
50  SD 9045 3497
30  DUL 9243 1320
10  DUL 10784 1334
4
50  SD 10282 3500
30  DUL 10659 1300
10  SD 12127 3483
5
50  DUL 9208 1347
30  DUL 9752 1319
10  SD 9879 3521
6
50  SD 7475 3498
30  SD 9590 3480
7
50  DUL 8048 1349
30  DUL 8394 1296
10  DUL 8832 1357
8
50  DUL 7197 1305
30  DUL 7268 1295
10  SD 8732 3501
9
50  SD 3290 3514
30  DUL 3522 1291
10  SD 3633 3515
10
50  SD 2538 3513
30  SD 3182 3519
10  SD 3209 3512
11
50  DUL 2237 1318
30  DUL 2304 1322
10  DUL 2405 1330
12
50  SD 1883 3478
30  DUL 2127 1297
10  SD 2227 3499
13
50  DUL 4160 1303
30  DUL 4350 1338
10  DUL 4498 1331
14
50  SD 4775 3504
30  SD 4787 3503
10  DUL 5563 1315
15
50  DUL 4062 1323
30  DUL 4413 1324
10  SD 4625 3488
16
50  SD 4600 3483
30  DUL 5700 1363
17
50  SD 8478 3521
30  DUL 10604 1345
10  DUL 13283 1350
18
50  SD 6208 3498
19
50  DUL 8299 1356
30  DUL 8634 1348
10  DUL 8830 1292
20
50  DUL 6944 1299
30  DUL 7277 1305
10  SD 8545 3495
21
50  SD 3746 3506
30  DUL 3983 1332
10  SD 3990 3515
22
50  SD 3064 3513
30  SD 3569 3519
10  DUL 4059 1361
23
50  DUL 2695 1337
30  DUL 2847 1351
10  DUL 3177 1330
24
50  SD 2452 3478
30  SD 2613 3499
10  SD 2721 3509
25
50  SD 2087 3496
30  DUL 2093 1303
10  DUL 2238 1304
26
50  SD 2570 3503
30  SD 2651 3510
10  SD 2733 3516
27
50  SD 4000 3497
30  DUL 4920 1294
10  DUL 5019 1334
28
50  SD 4532 3500
30  DUL 5527 1300
10  SD 5972 3483
29
50  SD 4327 3521
30  DUL 4352 1347
10  DUL 4490 1319
30
50  SD 4615 3480
31
80  DUL 3909 1349
40  DUL 4014 1296
0  DUL 4300 1357
32
80  DUL 3673 1305
40  DUL 3886 1299
0  SD 4585 3501
33
80  DUL 2739 1337
40  DUL 3487 1351
34
80  SD 2528 3478
40  SD 2935 3499
0  SD 3640 3509
35
50  DUL 1873 1303
30  SD 2064 3496
10  DUL 2175 1304
36
50  SD 2477 3516
30  DUL 3350 1315
10  SD 3441 3504
37
50  DUL 4325 1320
30  SD 4327 3497
10  DUL 4438 1294
38
50  DUL 4950 1300
30  SD 5521 3500
39
50  DUL 3977 1347
30  DUL 4454 1319
10  SD 5118 3487
40
50  SD 4488 3480
41
50  DUL 3374 1349
30  DUL 3887 1296
10  DUL 4107 1357
42
50  DUL 3122 1305
30  SD 3970 3501
43
50  DUL 2877 1322
30  DUL 3127 1337
10  DUL 3831 1306
44
50  SD 2788 3478
30  SD 3101 3499
10  SD 3502 3509
45
50  DUL 2291 1307
30  SD 2541 3479
10  DUL 2775 1331
46
50  DUL 2757 1293
30  SD 3234 3510
47
50  SD 4700 3497
30  DUL 5163 1320
10  DUL 5656 1294
48
50  SD 5057 3500
30  DUL 5469 1300
10  SD 6591 3483
49
50  DUL 4732 1347
30  SD 4806 3487
10  DUL 5381 1298
50
50  SD 5284 3480
51
50  DUL 4042 1296
30  DUL 4289 1349
10  DUL 4327 1357
52
50  DUL 3484 1295
30  DUL 3871 1299
10  SD 4000 3501
53
50  SD 15585 2067
30  DUL 18537 1749
54
50  DUL 12181 1742
30  SD 12488 2064
55
50  SD 21624 2065
30  DUL 24027 1744
56
50  SD 19897 2066
57
50  DUL 16909 1746
61
50  DUL 13150 1748
SCORE:DUL,SD,2700,2270,43.0
