DUL-WV
1
50  WV 9634 3126
30  DUL 10606 1303
10  WV 10830 3164
2
50  WV 9582 3183
30  WV 10834 3137
10  WV 12243 3138
3
50  WV 8547 3175
30  DUL 9243 1320
10  DUL 10784 1334
4
50  WV 9062 3187
30  DUL 10659 1300
10  WV 10928 3153
5
50  WV 8203 3127
30  DUL 9208 1347
10  WV 9550 3188
6
50  WV 8053 3169
7
50  WV 7778 3180
30  DUL 8048 1349
10  DUL 8394 1296
8
50  DUL 7197 1305
30  DUL 7268 1295
10  WV 8844 3162
9
50  WV 2925 3155
30  DUL 3522 1291
10  DUL 3850 1313
10
50  DUL 3298 1361
30  DUL 4187 1325
10  DUL 4641 1336
11
50  WV 1953 3125
30  DUL 2237 1318
10  DUL 2304 1322
12
50  WV 2122 3186
30  DUL 2127 1297
10  WV 2162 3157
13
50  WV 3669 3126
30  DUL 4160 1303
10  WV 4250 3154
14
50  WV 3866 3137
30  WV 4043 3183
10  WV 4197 3128
15
50  WV 3300 3175
30  DUL 4062 1323
10  WV 4409 3151
16
50  WV 4490 3153
30  DUL 5700 1363
17
50  WV 8916 3188
30  WV 9272 3174
10  WV 9353 3133
18
50  WV 7144 3169
19
50  WV 6813 3180
30  DUL 8299 1356
10  WV 8390 3142
20
50  DUL 6944 1299
30  DUL 7277 1305
10  WV 7485 3178
21
50  DUL 3983 1332
30  WV 4028 3155
10  DUL 4739 1352
22
50  DUL 4059 1361
30  WV 5456 3161
10  DUL 6140 1309
23
50  WV 2531 3125
30  DUL 2695 1337
10  DUL 2847 1351
24
50  WV 2869 3157
30  DUL 2994 1297
10  WV 3056 3136
25
50  DUL 2093 1303
30  DUL 2238 1304
10  DUL 2359 1344
26
50  WV 2374 3128
30  WV 2384 3137
10  WV 2531 3135
27
50  WV 3719 3175
30  DUL 4920 1294
10  DUL 5019 1334
28
50  DUL 5527 1300
30  WV 7090 3150
10  DUL 7231 1363
29
50  WV 3922 3127
30  DUL 4352 1347
10  DUL 4490 1319
31
80  DUL 3909 1349
40  DUL 4014 1296
0  WV 4296 3143
32
80  DUL 3673 1305
40  DUL 3886 1299
0  WV 4203 3178
33
80  DUL 2739 1337
40  WV 2975 3179
0  DUL 3487 1351
34
80  WV 3246 3157
40  WV 3944 3148
0  WV 3975 3168
35
50  DUL 1873 1303
30  WV 2047 3126
10  WV 2066 3164
36
50  WV 2003 3183
30  WV 2541 3135
10  WV 2578 3128
37
50  DUL 4325 1320
30  DUL 4438 1294
10  WV 5409 3151
38
50  DUL 4950 1300
30  WV 5762 3153
39
50  WV 3641 3127
30  DUL 3977 1347
10  WV 4318 3188
40
50  WV 3619 3169
41
50  DUL 3374 1349
30  DUL 3887 1296
10  DUL 4107 1357
42
50  DUL 3122 1305
30  WV 3808 3162
10  WV 4391 3134
43
50  DUL 2877 1322
30  WV 3034 3125
10  DUL 3127 1337
44
50  WV 2947 3186
30  WV 4212 3168
45
50  DUL 2291 1307
30  WV 2325 3173
10  WV 2512 3154
46
50  DUL 2757 1293
30  WV 2850 3138
10  WV 3583 3135
47
50  WV 4675 3175
30  DUL 5163 1320
10  WV 5353 3151
48
50  DUL 5469 1300
30  WV 5571 3153
10  DUL 7927 1363
49
50  WV 4422 3127
30  WV 4728 3188
10  DUL 4732 1347
50
50  WV 4337 3169
51
50  DUL 4042 1296
30  WV 4218 3180
10  DUL 4289 1349
52
50  DUL 3484 1295
30  DUL 3871 1299
10  WV 4388 3178
53
50  DUL 18537 1749
30  WV 28353 1996
54
50  WV 9372 1991
30  DUL 12181 1742
55
50  WV 16756 1993
30  DUL 24027 1744
56
50  WV 16555 1994
57
50  DUL 16909 1746
61
50  DUL 13150 1748
30  WV 13737 1995
SCORE:DUL,WV,2350,2590,-24.0
