DUL-GBP
1
50  DUL 10606 1303
30  DUL 11379 1307
10  DUL 11689 1338
2
50  GBP 9298 3408
30  GBP 9322 3416
10  GBP 11916 3391
3
50  DUL 9243 1320
30  DUL 10784 1334
10  GBP 11009 3417
4
50  GBP 10451 3407
30  DUL 10659 1300
5
50  DUL 9208 1347
30  DUL 9752 1319
10  DUL 10513 1298
6
50  GBP 7190 3414
30  GBP 8906 3399
10  GBP 8937 3401
7
50  GBP 7477 3415
30  DUL 8048 1349
10  DUL 8394 1296
8
50  DUL 7197 1305
30  DUL 7268 1295
10  GBP 8403 3393
9
50  GBP 2550 3410
30  DUL 3522 1291
10  GBP 3697 3404
10
50  DUL 3298 1361
30  DUL 4187 1325
10  DUL 4641 1336
11
50  GBP 2046 3413
30  DUL 2237 1318
10  DUL 2304 1322
12
50  GBP 1853 3388
30  DUL 2127 1297
10  GBP 2656 3403
13
50  GBP 3943 3412
30  DUL 4160 1303
10  DUL 4350 1338
14
50  GBP 3432 3408
30  GBP 4485 3411
10  GBP 5417 3406
15
50  DUL 4062 1323
30  GBP 4221 3417
10  DUL 4413 1324
16
50  GBP 3813 3407
30  DUL 5700 1363
17
50  DUL 10604 1345
30  DUL 13283 1350
18
50  GBP 8007 3399
30  GBP 8147 3400
19
50  GBP 6648 3415
30  GBP 7221 3418
10  DUL 8299 1356
20
50  DUL 6944 1299
30  GBP 7038 3392
10  DUL 7277 1305
21
50  GBP 3449 3404
30  GBP 3872 3410
10  DUL 3983 1332
22
50  DUL 4059 1361
30  DUL 6140 1309
23
50  DUL 2695 1337
30  GBP 2762 3396
10  DUL 2847 1351
24
50  GBP 2508 3388
30  GBP 2585 3395
10  DUL 2994 1297
25
50  DUL 2093 1303
30  DUL 2238 1304
10  DUL 2359 1344
26
50  GBP 1909 3416
30  GBP 2772 3411
10  DUL 2906 1293
27
50  DUL 4920 1294
30  GBP 5013 3417
10  DUL 5019 1334
28
50  DUL 5527 1300
30  GBP 5637 3407
10  DUL 7231 1363
29
50  DUL 4352 1347
30  DUL 4490 1319
10  DUL 5725 1345
30
50  GBP 3294 3414
30  GBP 5037 3400
31
80  DUL 3909 1349
40  DUL 4014 1296
0  DUL 4300 1357
32
80  DUL 3673 1305
40  DUL 3886 1299
0  GBP 4038 3393
33
80  GBP 2384 3413
40  DUL 2739 1337
0  DUL 3487 1351
34
80  GBP 2772 3388
40  GBP 3281 3395
35
50  DUL 1873 1303
30  DUL 2175 1304
10  DUL 2234 1344
36
50  GBP 1660 3408
30  GBP 2481 3391
10  GBP 2925 3411
37
50  DUL 4325 1320
30  DUL 4438 1294
10  GBP 5136 3417
38
50  DUL 4950 1300
39
50  DUL 3977 1347
30  DUL 4454 1319
10  DUL 5547 1298
40
50  GBP 3096 3414
30  GBP 4228 3399
10  GBP 4262 3401
41
50  DUL 3374 1349
30  DUL 3887 1296
10  DUL 4107 1357
42
50  DUL 3122 1305
30  GBP 3747 3392
43
50  DUL 2877 1322
30  DUL 3127 1337
10  GBP 3213 3413
44
50  GBP 3047 3403
30  GBP 3172 3388
10  GBP 3785 3395
45
50  DUL 2291 1307
30  DUL 2775 1331
10  DUL 2864 1327
46
50  GBP 2090 3416
30  GBP 2550 3406
10  DUL 2757 1293
47
50  DUL 5163 1320
30  DUL 5656 1294
10  DUL 5693 1334
48
50  GBP 5239 3407
30  DUL 5469 1300
10  DUL 7927 1363
49
50  DUL 4732 1347
30  DUL 5381 1298
10  DUL 5534 1319
50
50  GBP 4584 3400
30  GBP 5112 3401
51
50  DUL 4042 1296
30  GBP 4132 3418
10  DUL 4289 1349
52
50  DUL 3484 1295
30  GBP 3738 3393
10  DUL 3871 1299
53
50  DUL 18537 1749
54
50  GBP 9875 2033
30  DUL 12181 1742
55
50  DUL 24027 1744
56
50  GBP 16283 2035
57
50  DUL 16909 1746
60
50  GBP 13453 2036
61
50  DUL 13150 1748
SCORE:DUL,GBP,2830,2230,60.0
