DUL-OMST
1
50  DUL 10606 1303
30  DUL 11379 1307
10  DUL 11689 1338
2
50  OMST 8160 3253
30  OMST 11720 3256
3
50  OMST 8244 3275
30  DUL 9243 1320
10  DUL 10784 1334
4
50  DUL 10659 1300
30  OMST 12479 3247
5
50  OMST 7843 3258
30  DUL 9208 1347
10  DUL 9752 1319
6
50  OMST 8919 3263
7
50  OMST 7093 3269
30  OMST 7725 3285
10  DUL 8048 1349
8
50  OMST 6319 3274
30  DUL 7197 1305
10  DUL 7268 1295
9
50  DUL 3522 1291
30  DUL 3850 1313
10  DUL 4415 1328
10
50  DUL 3298 1361
30  DUL 4187 1325
10  DUL 4641 1336
11
50  DUL 2237 1318
30  DUL 2304 1322
10  DUL 2405 1330
12
50  DUL 2127 1297
30  OMST 2603 3284
10  DUL 3045 1355
13
50  DUL 4160 1303
30  DUL 4350 1338
10  DUL 4498 1331
14
50  OMST 3975 3261
30  OMST 4353 3256
10  DUL 5563 1315
15
50  OMST 3544 3279
30  DUL 4062 1323
10  DUL 4413 1324
16
50  OMST 3447 3266
30  OMST 4120 3283
10  OMST 4575 3249
17
50  OMST 8269 3271
30  OMST 9440 3281
10  OMST 9734 3254
18
50  OMST 7259 3257
30  OMST 9822 3273
19
50  OMST 6744 3285
30  DUL 8299 1356
10  DUL 8634 1348
20
50  DUL 6944 1299
30  DUL 7277 1305
10  OMST 7432 3288
21
50  DUL 3983 1332
30  OMST 4632 3259
10  DUL 4739 1352
22
50  DUL 4059 1361
30  DUL 6140 1309
23
50  DUL 2695 1337
30  DUL 2847 1351
10  OMST 3056 3286
24
50  DUL 2994 1297
30  OMST 3206 3284
10  DUL 3733 1317
25
50  DUL 2093 1303
30  DUL 2238 1304
10  DUL 2359 1344
26
50  OMST 1790 3253
30  OMST 2566 3261
10  OMST 2765 3246
27
50  OMST 3878 3275
30  OMST 4726 3279
10  OMST 4800 3262
28
50  DUL 5527 1300
30  OMST 5844 3283
10  OMST 6204 3249
29
50  OMST 3722 3258
30  DUL 4352 1347
10  DUL 4490 1319
30
50  OMST 4116 3263
30  OMST 5097 3273
31
80  OMST 3750 3285
40  DUL 3909 1349
0  DUL 4014 1296
32
80  DUL 3673 1305
40  DUL 3886 1299
0  OMST 4363 3288
33
80  DUL 2739 1337
40  DUL 3487 1351
0  OMST 4259 3289
35
50  DUL 1873 1303
30  DUL 2175 1304
10  DUL 2234 1344
36
50  OMST 1563 3253
30  OMST 2553 3256
10  DUL 3350 1315
37
50  DUL 4325 1320
30  DUL 4438 1294
10  OMST 4713 3279
38
50  DUL 4950 1300
30  OMST 6100 3283
10  OMST 7372 3247
39
50  OMST 3721 3258
30  DUL 3977 1347
10  DUL 4454 1319
40
50  OMST 3669 3257
41
50  OMST 3053 3269
30  DUL 3374 1349
10  DUL 3887 1296
42
50  OMST 2766 3274
30  DUL 3122 1305
10  OMST 4310 3288
43
50  DUL 2877 1322
30  DUL 3127 1337
10  DUL 3831 1306
44
50  OMST 3195 3284
45
50  DUL 2291 1307
30  DUL 2775 1331
10  DUL 2864 1327
46
50  DUL 2757 1293
30  OMST 2777 3246
47
50  OMST 4560 3275
30  DUL 5163 1320
10  DUL 5656 1294
48
50  OMST 4907 3266
30  OMST 5397 3249
10  DUL 5469 1300
49
50  DUL 4732 1347
30  OMST 5025 3265
10  DUL 5381 1298
50
50  OMST 6900 3273
51
50  OMST 3703 3269
30  DUL 4042 1296
10  DUL 4289 1349
52
50  OMST 3415 3274
30  DUL 3484 1295
10  DUL 3871 1299
53
50  DUL 18537 1749
54
50  DUL 12181 1742
30  OMST 12837 2003
55
50  DUL 24027 1744
30  OMST 27406 2004
56
50  OMST 16499 2005
57
50  DUL 16909 1746
58
50  OMST 17262 2007
59
50  OMST 15246 2008
61
50  OMST 12078 2009
30  DUL 13150 1748
SCORE:DUL,OMST,2590,2360,23.0
