FCY-LAND
1
50  FCY 2601 1307
30  FCY 2650 2388(Y) 378
10  FCY 2709 391
2
50  LAND 2939 2648(Y) 873
30  FCY 3056 2754(Y) 1302
10  FCY 3174 2860(Y) 375
3
50  FCY 2819 2540(Y) 376
30  FCY 2832 2552(Y) 406
10  FCY 2859 2576(Y) 386
4
50  FCY 3062 2759(Y) 352
30  FCY 3243 2922(Y) 367
10  LAND 3324 1467
5
50  LAND 3036 2736(Y) 863
30  FCY 3227 430
10  FCY 3492 3146(Y) 388
6
50  LAND 3594 3238(Y) 917
30  FCY 3659 358
10  LAND 3681 856
7
50  FCY 1628 348
30  FCY 1790 394
10  FCY 1857 427
8
50  LAND 1812 862
30  LAND 1891 891
10  FCY 1903 418
9
50  FCY 1851 413
30  LAND 2203 858
10  LAND 2503 914
10
50  LAND 1931 845
30  LAND 1994 867
10  FCY 2127 372
11
50  FCY 2984 385
30  FCY 3133 1305
10  LAND 3547 868
12
50  FCY 2377 383
30  LAND 2540 919
10  LAND 2911 2623(Y) 855
13
50  FCY 6650 5991(Y) 378
30  FCY 7107 6403(Y) 391
10  FCY 7167 6457(Y) 1307
14
50  LAND 7149 6441(Y) 873
30  FCY 7927 7142(Y) 375
10  LAND 8009 875
15
50  FCY 7042 6345(Y) 406
30  FCY 7197 6484(Y) 416
10  FCY 7327 6601(Y) 376
16
50  FCY 7974 7184(Y) 352
30  FCY 8270 367
10  FCY 8558 7710(Y) 402
17
50  LAND 7584 6833(Y) 863
30  FCY 8503 430
10  FCY 9093 364
18
50  LAND 9677 917
30  FCY 9862 8885(Y) 380
10  LAND 10550 856
19
50  FCY 9685 8726(Y) 348
30  FCY 10588 427
10  FCY 11338 394
20
50  FCY 10944 9860(Y) 418
30  LAND 11794 891
10  FCY 12196 351
21
50  FCY 3613 3255(Y) 391
30  FCY 3639 3279(Y) 353
10  FCY 3734 3364(Y) 1307
22
50  LAND 3663 3300(Y) 873
30  LAND 3920 3532(Y) 1468
10  FCY 4050 3649(Y) 401
23
50  FCY 3570 406
30  FCY 3869 3486(Y) 416
10  LAND 3937 3547(Y) 851
24
50  FCY 4044 3644(Y) 352
30  FCY 4284 367
10  FCY 4578 4125(Y) 402
25
50  LAND 3805 3428(Y) 863
30  FCY 4032 430
10  FCY 4566 388
26
50  LAND 4865 852
30  LAND 5171 864
10  FCY 5288 380
27
50  FCY 2466 2222(Y) 427
30  FCY 2579 2324(Y) 394
10  FCY 2615 2356(Y) 348
28
50  FCY 2481 418
30  LAND 2585 2329(Y) 871
10  FCY 2727 351
29
50  LAND 3022 858
30  FCY 3517 413
10  LAND 3844 1937
30
50  LAND 3263 867
30  LAND 3769 845
10  LAND 3876 919
31
80  FCY 13084 11788(Y) 2109
40  LAND 13863 2322
32
80  FCY 16075 2366
40  LAND 17093 2323
33
80  FCY 8625 7771(Y) 2113
40  LAND 9860 1587
34
80  LAND 10919 1884
40  FCY 13718 1696
35
50  FCY 3053 2751(Y) 1307
30  FCY 3060 2757(Y) 378
10  FCY 3348 3017(Y) 369
36
50  LAND 3488 3143(Y) 875
30  LAND 3578 873
10  FCY 3656 3294(Y) 1302
37
50  FCY 3258 2936(Y) 376
30  FCY 3409 3072(Y) 387
10  FCY 3463 3120(Y) 416
38
50  FCY 3882 402
30  LAND 3934 1467
10  FCY 3951 3560(Y) 367
39
50  LAND 3837 863
30  FCY 3915 428
10  FCY 4132 3723(Y) 364
40
50  FCY 4452 4011(Y) 380
30  LAND 4494 856
10  FCY 4580 4127(Y) 358
41
50  FCY 1944 394
30  FCY 2031 1830(Y) 348
10  FCY 2323 2093(Y) 1303
42
50  FCY 2087 418
30  FCY 2204 1986(Y) 366
10  LAND 2247 2025(Y) 891
43
50  FCY 2354 413
30  LAND 2628 914
10  LAND 2838 858
44
50  LAND 2360 2127(Y) 845
30  LAND 2659 2396(Y) 867
10  FCY 2697 410
45
50  FCY 3359 1305
30  LAND 3963 868
10  FCY 3990 385
46
50  LAND 2915 919
30  FCY 3043 2742(Y) 383
10  FCY 3674 3310(Y) 392
47
50  FCY 5856 5276(Y) 378
30  FCY 6050 5451(Y) 391
10  FCY 6532 353
48
50  FCY 6727 1302
30  FCY 7086 6384(Y) 375
10  FCY 7338 401
49
50  FCY 6214 5599(Y) 406
30  FCY 6388 5755(Y) 416
10  FCY 6491 5848(Y) 376
50
50  FCY 6887 6205(Y) 352
30  LAND 7510 1467
10  FCY 7995 1890
51
50  FCY 7743 430
30  FCY 8381 388
10  FCY 8457 7619(Y) 364
52
50  LAND 8140 7334(Y) 917
30  FCY 8438 358
10  LAND 8975 856
53
50  FCY 4149 3738(Y) 427
30  FCY 4450 359
10  FCY 4694 1313
54
50  LAND 4213 3796(Y) 862
30  FCY 4421 351
10  LAND 4556 891
55
50  FCY 4302 3876(Y) 413
30  LAND 6147 911
10  LAND 6220 858
56
50  LAND 4431 3992(Y) 845
30  LAND 4666 867
10  FCY 5232 410
57
50  FCY 3201 353
30  FCY 3209 2891(Y) 369
10  FCY 3441 3100(Y) 363
58
50  LAND 3258 2936(Y) 875
30  FCY 3364 3031(Y) 375
10  FCY 3578 1302
59
50  LAND 3216 2898(Y) 851
30  FCY 3578 355
10  FCY 3735 3365(Y) 397
60
50  LAND 3625 1467
30  FCY 3899 1890
10  FCY 4409 425
61
50  FCY 4038 364
30  FCY 4165 3753(Y) 388
10  FCY 4667 403
62
50  FCY 3920 3532(Y) 380
30  LAND 4637 917
10  FCY 4872 411
63
50  FCY 2513 407
30  FCY 2702 421
10  FCY 2808 371
64
50  FCY 2386 2150(Y) 351
30  LAND 2406 869
10  LAND 2472 862
65
50  LAND 4018 1937
66
50  FCY 2915 410
30  FCY 2993 372
10  LAND 3444 887
67
80  FCY 13552 2369
40  LAND 16500 1885
68
80  FCY 15191 13686(Y) 2117
40  LAND 15818 2329
SCORE:FCY,LAND,4010,2250,176.0
