FCY-TR
1
50  FCY 2601 1307
30  FCY 2650 2388(Y) 378
10  FCY 2709 391
2
50  FCY 3056 2754(Y) 1302
30  FCY 3174 2860(Y) 375
10  FCY 3314 401
3
50  FCY 2819 2540(Y) 376
30  FCY 2832 2552(Y) 406
10  FCY 2859 2576(Y) 386
4
50  FCY 3062 2759(Y) 352
30  FCY 3243 2922(Y) 367
10  FCY 3364 3031(Y) 402
5
50  FCY 3227 430
30  FCY 3492 3146(Y) 388
10  FCY 3635 364
6
50  FCY 3659 358
30  FCY 3861 3479(Y) 380
10  FCY 4125 3717(Y) 411
7
50  FCY 1628 348
30  FCY 1790 394
10  FCY 1857 427
8
50  FCY 1903 418
30  TR 1908 2028
10  FCY 1933 351
9
50  FCY 1851 413
30  TR 2406 2037
10  FCY 2753 2481(Y) 374
10
50  FCY 2127 372
30  FCY 2157 410
10  FCY 2581 373
11
50  FCY 2984 385
30  FCY 3133 1305
12
50  FCY 2377 383
30  FCY 3277 392
10  TR 3971 3578(Y) 1858
13
50  FCY 6650 5991(Y) 378
30  FCY 7107 6403(Y) 391
10  FCY 7167 6457(Y) 1307
14
50  FCY 7927 7142(Y) 375
30  FCY 8075 401
10  FCY 8264 382
15
50  FCY 7042 6345(Y) 406
30  FCY 7197 6484(Y) 416
10  FCY 7327 6601(Y) 376
16
50  FCY 7974 7184(Y) 352
30  FCY 8270 367
10  FCY 8558 7710(Y) 402
17
50  FCY 8503 430
30  FCY 9093 364
10  FCY 9203 8291(Y) 388
18
50  FCY 9862 8885(Y) 380
30  FCY 10609 9558(Y) 432
10  FCY 12336 411
19
50  FCY 9685 8726(Y) 348
30  FCY 10588 427
10  FCY 11338 394
20
50  FCY 10944 9860(Y) 418
30  FCY 12196 351
10  FCY 13670 384
21
50  FCY 3613 3255(Y) 391
30  FCY 3639 3279(Y) 353
10  FCY 3734 3364(Y) 1307
22
50  FCY 4050 3649(Y) 401
30  FCY 4144 3734(Y) 375
10  FCY 4812 4336(Y) 412
23
50  FCY 3570 406
30  FCY 3869 3486(Y) 416
10  FCY 4029 3630(Y) 387
24
50  FCY 4044 3644(Y) 352
30  FCY 4284 367
10  FCY 4578 4125(Y) 402
25
50  FCY 4032 430
30  FCY 4566 388
10  FCY 4868 4386(Y) 403
26
50  FCY 5288 380
30  FCY 5365 4834(Y) 432
10  FCY 6120 5514(Y) 358
27
50  FCY 2466 2222(Y) 427
30  FCY 2579 2324(Y) 394
10  FCY 2615 2356(Y) 348
28
50  FCY 2481 418
30  FCY 2727 351
10  FCY 2949 2657(Y) 384
29
50  FCY 3517 413
31
80  FCY 13084 11788(Y) 2109
32
80  FCY 16075 2366
33
80  FCY 8625 7771(Y) 2113
34
80  FCY 13718 1696
35
50  FCY 3053 2751(Y) 1307
30  FCY 3060 2757(Y) 378
10  FCY 3348 3017(Y) 369
36
50  FCY 3656 3294(Y) 1302
30  FCY 3688 3323(Y) 375
10  FCY 3829 401
37
50  FCY 3258 2936(Y) 376
30  FCY 3409 3072(Y) 387
10  FCY 3463 3120(Y) 416
38
50  FCY 3882 402
30  FCY 3951 3560(Y) 367
10  FCY 3997 1888
39
50  FCY 3915 428
30  FCY 4132 3723(Y) 364
10  FCY 4319 3891(Y) 388
40
50  FCY 4452 4011(Y) 380
30  FCY 4580 4127(Y) 358
10  FCY 5255 4735(Y) 411
41
50  FCY 1944 394
30  FCY 2031 1830(Y) 348
10  FCY 2323 2093(Y) 1303
42
50  FCY 2087 418
30  FCY 2204 1986(Y) 366
10  TR 2303 2075(Y) 2028
43
50  FCY 2354 413
30  TR 3386 2037
10  FCY 3662 374
44
50  FCY 2697 410
30  FCY 3046 390
10  FCY 3217 2899(Y) 372
45
50  FCY 3359 1305
30  FCY 3990 385
46
50  FCY 3043 2742(Y) 383
30  TR 3646 3285(Y) 1858
10  FCY 3674 3310(Y) 392
47
50  FCY 5856 5276(Y) 378
30  FCY 6050 5451(Y) 391
10  FCY 6532 353
48
50  FCY 6727 1302
30  FCY 7482 6741(Y) 382
10  FCY 7791 1310
49
50  FCY 6214 5599(Y) 406
30  FCY 6388 5755(Y) 416
10  FCY 6491 5848(Y) 376
50
50  FCY 6887 6205(Y) 352
30  FCY 7995 1890
10  FCY 8219 395
51
50  FCY 7743 430
30  FCY 8457 7619(Y) 364
10  FCY 9157 428
52
50  FCY 8438 358
30  FCY 9779 8810(Y) 432
10  FCY 10025 9032(Y) 411
53
50  FCY 4149 3738(Y) 427
30  FCY 4450 359
10  FCY 4694 1313
54
50  FCY 4421 351
30  FCY 4635 4176(Y) 366
10  TR 4748 4278(Y) 2028
55
50  FCY 4302 3876(Y) 413
30  TR 5872 2037
10  FCY 6709 1305
56
50  FCY 5232 410
30  FCY 5313 372
10  FCY 5966 5375(Y) 383
57
50  FCY 3201 353
30  FCY 3209 2891(Y) 369
10  FCY 3441 3100(Y) 363
58
50  FCY 3578 1302
30  FCY 3608 3251(Y) 382
10  FCY 3811 3434(Y) 365
59
50  FCY 3578 355
30  FCY 3735 3365(Y) 397
10  FCY 3832 431
60
50  FCY 3899 1890
30  FCY 4409 425
10  FCY 4494 4049(Y) 1888
61
50  FCY 4667 403
30  FCY 4707 4241(Y) 428
10  FCY 4769 4297(Y) 408
62
50  FCY 5197 432
30  FCY 6102 5498(Y) 409
10  FCY 7998 7206(Y) 381
63
50  FCY 2513 407
30  FCY 2702 421
10  FCY 2808 371
64
50  FCY 2514 366
30  FCY 2644 419
10  FCY 2998 384
65
66
50  FCY 2915 410
30  FCY 2993 372
67
80  FCY 13552 2369
40  TR 23051 2204
68
80  FCY 15191 13686(Y) 2117
40  TR 20652 2205
SCORE:FCY,TR,5630,260,537.0
