FO-AND
1
50  AND 9931 1090
30  AND 10053 1040
10  AND 10600 1107
2
50  FO 10637 2042
30  FO 11528 2114
10  FO 12258 2088
3
50  FO 8237 2055
30  AND 8533 1041
10  AND 9628 1059
4
50  AND 8178 1089
30  FO 8422 2127
10  FO 9837 2079
5
50  AND 7363 1095
30  FO 8487 2036
10  AND 9390 1124
6
50  FO 8478 2053
30  AND 8681 1127
10  FO 8720 2121
7
50  FO 7744 2061
30  AND 7909 1094
10  AND 9389 1155
8
50  FO 6400 2077
30  FO 6997 2094
10  FO 7566 2076
9
50  FO 3181 2050
30  FO 4028 2064
10  AND 4037 1072
10
50  FO 2470 2128
30  FO 2776 2049
10  AND 3468 1139
11
50  FO 2071 2043
30  FO 2090 2078
10  AND 2150 1034
12
50  FO 1906 2065
30  FO 2293 2107
10  FO 2300 2101
13
50  AND 3820 1054
30  AND 3843 1107
10  AND 4206 1171
14
50  FO 4140 2042
30  AND 4141 1080
10  FO 4351 2088
15
50  AND 3380 1122
30  AND 3537 1059
10  AND 3630 1152
16
50  AND 3513 1079
30  FO 3571 2066
10  AND 3896 1053
17
50  AND 6284 1121
30  AND 6286 1095
10  FO 7118 2036
18
50  FO 7319 2121
30  FO 7333 2053
10  AND 7423 1127
19
50  FO 6721 2061
30  AND 7168 1108
10  AND 7177 1137
20
50  FO 5738 2077
30  FO 5938 2094
10  AND 5943 1125
21
50  FO 3857 2050
30  AND 4686 1072
10  AND 4868 1174
22
50  FO 2925 2128
30  FO 3814 2049
10  AND 4911 1139
23
50  FO 2619 2139
30  FO 2720 2043
10  AND 2751 1034
24
50  FO 2552 2065
30  AND 2843 1066
10  FO 2965 2090
25
50  AND 2055 1044
30  AND 2282 1171
10  AND 2349 1073
26
50  FO 2225 2048
30  FO 2312 2114
10  FO 2352 2042
27
50  AND 3713 1122
30  FO 3759 2055
10  AND 4077 1041
28
50  AND 3865 1120
30  FO 4134 2127
10  FO 4747 2066
29
50  AND 3901 1068
30  AND 4043 1124
10  AND 4116 1088
30
50  FO 4253 2121
30  AND 4322 1127
10  AND 4348 1100
31
80  AND 3907 1108
40  AND 4229 1113
0  AND 4313 1155
32
80  FO 3047 2077
40  AND 3183 1125
0  FO 3414 2076
33
80  FO 2181 2139
40  FO 2381 2078
0  FO 2700 2043
34
80  FO 3806 2120
35
50  AND 1935 1090
30  AND 1953 1040
10  AND 2132 1054
36
50  FO 2122 2104
30  FO 2222 2048
10  AND 2289 1035
37
50  AND 3932 1122
30  AND 3956 1059
10  FO 4659 2109
38
50  AND 3591 1089
30  AND 3613 1120
10  FO 4043 2127
39
50  AND 3193 1121
30  AND 3229 1095
10  FO 3744 2036
40
50  AND 3823 1045
30  FO 3906 2053
10  AND 4450 1100
41
50  FO 3459 2061
30  AND 3548 1137
10  AND 4334 1162
42
50  FO 2884 2094
30  FO 3478 2076
10  AND 3808 1116
43
50  FO 2740 2139
30  AND 3225 1034
10  AND 3423 1071
45
50  AND 2051 1044
30  AND 2537 1054
10  AND 2609 1171
46
50  FO 2462 2104
30  FO 2484 2130
10  AND 2599 1077
47
50  FO 4008 2055
30  AND 4259 1041
10  FO 5244 2109
48
50  AND 4420 1089
30  FO 4576 2066
10  AND 5038 1079
49
50  AND 4009 1121
30  FO 4431 2092
10  AND 4613 1124
50
50  FO 4110 2053
30  AND 4404 1081
10  AND 4473 1045
51
50  FO 3932 2061
30  AND 4211 1094
10  AND 4288 1108
52
50  FO 3541 2077
30  FO 3725 2094
10  FO 4119 2132
53
50  FO 14008 1854
54
50  FO 9738 1838
30  AND 11193 1724
55
50  AND 16214 1726
30  FO 19576 1843
56
50  FO 18719 1846
30  AND 19643 1728
57
50  FO 15307 1849
30  AND 20541 1729
58
50  FO 14984 1850
59
50  AND 14394 1731
30  FO 15100 1853
61
50  AND 12242 1732
SCORE:FO,AND,2830,2390,44.0
