FO-BJCCS
1
50  FO 10771 2035
30  FO 12495 2122
2
50  BJCCS 7311 1954
30  BJCCS 9619 1983
10  FO 10637 2042
3
50  FO 8237 2055
30  BJCCS 9831 1977
10  FO 10522 2051
4
50  FO 8422 2127
30  BJCCS 8868 1970
10  BJCCS 8910 1964
5
50  BJCCS 7494 1958
30  FO 8487 2036
10  BJCCS 9193 1972
6
50  BJCCS 7580 1985
30  FO 8478 2053
10  BJCCS 8634 1960
7
50  BJCCS 7577 1975
30  FO 7744 2061
10  BJCCS 8144 1986
8
50  FO 6400 2077
30  BJCCS 6444 1974
10  BJCCS 6544 1984
9
50  BJCCS 2399 1956
30  FO 3181 2050
10  BJCCS 3603 1978
10
50  FO 2470 2128
30  FO 2776 2049
10  FO 3569 2106
11
50  FO 2071 2043
30  FO 2090 2078
10  BJCCS 2100 1973
12
50  BJCCS 1892 1955
30  FO 1906 2065
10  BJCCS 2070 1981
13
50  FO 4515 2110
30  FO 4844 2074
10  FO 5179 2096
14
50  BJCCS 2934 1954
30  FO 4140 2042
10  FO 4351 2088
15
50  BJCCS 4347 1976
30  FO 5079 2059
10  FO 5137 2091
16
50  BJCCS 3568 1964
30  FO 3571 2066
10  BJCCS 3666 1970
17
50  BJCCS 7103 1958
30  FO 7118 2036
10  FO 7692 2071
18
50  BJCCS 6120 1966
30  FO 7319 2121
10  FO 7333 2053
19
50  BJCCS 6706 1975
30  FO 6721 2061
10  BJCCS 7454 1986
20
50  BJCCS 5725 1974
30  FO 5738 2077
10  FO 5938 2094
21
50  BJCCS 2962 1956
30  FO 3857 2050
10  BJCCS 3903 1989
22
50  FO 2925 2128
30  FO 3814 2049
10  FO 5522 2106
23
50  BJCCS 2553 1973
30  FO 2619 2139
10  FO 2720 2043
24
50  BJCCS 2342 1955
30  FO 2552 2065
10  BJCCS 2669 1981
25
50  FO 2372 2074
30  FO 2381 2035
10  FO 2458 2110
26
50  BJCCS 2019 1983
30  FO 2225 2048
10  FO 2312 2114
27
50  FO 3759 2055
30  FO 4467 2109
10  FO 4728 2051
28
50  FO 4134 2127
30  BJCCS 4400 1970
10  FO 4747 2066
29
50  BJCCS 3747 1958
30  FO 4128 2067
10  FO 4135 2060
30
50  BJCCS 3247 1966
30  BJCCS 3419 1985
10  FO 4253 2121
31
80  BJCCS 3610 1986
40  FO 4765 2039
32
80  BJCCS 2989 1984
40  FO 3047 2077
0  FO 3414 2076
33
80  FO 2181 2139
40  FO 2381 2078
0  BJCCS 2559 1973
34
80  BJCCS 2165 1981
40  FO 3806 2120
35
50  FO 2208 2035
30  FO 2598 2122
10  FO 2908 2074
36
50  BJCCS 1770 1983
30  FO 2122 2104
10  FO 2222 2048
37
50  FO 4659 2109
30  FO 4838 2051
10  BJCCS 4916 1977
38
50  BJCCS 4031 1970
30  FO 4043 2127
10  BJCCS 4178 1964
39
50  FO 3744 2036
30  FO 3968 2060
10  FO 4015 2071
40
50  BJCCS 3145 1966
30  FO 3906 2053
10  BJCCS 4636 1980
41
50  FO 3459 2061
30  FO 5570 2039
42
50  FO 2884 2094
30  BJCCS 3000 1974
10  FO 3478 2076
43
50  FO 2740 2139
30  FO 3895 2097
10  BJCCS 4025 1957
44
50  BJCCS 3022 1955
45
50  FO 2901 2110
30  FO 3119 2045
10  FO 3164 2083
46
50  BJCCS 1744 1954
30  FO 2462 2104
10  FO 2484 2130
47
50  FO 4008 2055
30  FO 5244 2109
10  BJCCS 5529 1977
48
50  FO 4576 2066
30  BJCCS 4834 1964
10  BJCCS 5853 1987
49
50  BJCCS 3875 1958
30  FO 4431 2092
10  FO 4695 2071
50
50  FO 4110 2053
30  BJCCS 4163 1985
10  BJCCS 4372 1960
51
50  FO 3932 2061
52
50  FO 3541 2077
30  FO 3725 2094
10  BJCCS 3897 1984
53
50  FO 14008 1854
54
50  BJCCS 9233 1830
30  FO 9738 1838
55
50  FO 19576 1843
56
50  BJCCS 15437 1831
30  FO 18719 1846
57
50  FO 15307 1849
58
50  FO 14984 1850
59
50  FO 15100 1853
60
50  BJCCS 12532 1832
61
50  BJCCS 12031 1833
SCORE:FO,BJCCS,3050,2160,89.0
