FO-CH
1
50  CH 9387 3108
30  CH 9994 3070
10  FO 10771 2035
2
50  FO 10637 2042
30  FO 11528 2114
10  FO 12258 2088
3
50  CH 8038 3083
30  FO 8237 2055
10  FO 10522 2051
4
50  FO 8422 2127
30  FO 9837 2079
10  CH 10107 3111
5
50  CH 8338 3086
30  FO 8487 2036
10  FO 9789 2067
6
50  CH 8290 3085
30  FO 8478 2053
10  FO 8720 2121
7
50  FO 7744 2061
8
50  FO 6400 2077
30  FO 6997 2094
10  FO 7566 2076
9
50  CH 2656 3080
30  CH 3053 3062
10  FO 3181 2050
10
50  FO 2470 2128
30  CH 2587 3076
10  FO 2776 2049
11
50  FO 2071 2043
30  FO 2090 2078
10  CH 2405 3069
12
50  FO 1906 2065
30  CH 2153 3119
10  FO 2293 2107
13
50  CH 3818 3108
30  CH 3875 3070
10  CH 4100 3066
14
50  FO 4140 2042
30  FO 4351 2088
10  FO 4642 2068
15
50  CH 3274 3083
30  CH 4234 3088
10  CH 4287 3065
16
50  FO 3571 2066
30  FO 3901 2100
10  CH 4012 3111
17
50  FO 7118 2036
30  CH 7585 3086
10  FO 7692 2071
18
50  CH 7168 3085
30  FO 7319 2121
10  FO 7333 2053
19
50  FO 6721 2061
30  FO 9947 2039
20
50  FO 5738 2077
30  FO 5938 2094
10  FO 6503 2076
21
50  CH 3358 3062
30  CH 3632 3080
10  FO 3857 2050
22
50  FO 2925 2128
30  FO 3814 2049
10  CH 4122 3076
23
50  FO 2619 2139
30  FO 2720 2043
10  FO 2837 2078
24
50  FO 2552 2065
30  FO 2965 2090
10  CH 3088 3119
25
50  CH 2178 3108
30  FO 2372 2074
10  FO 2381 2035
26
50  FO 2225 2048
30  FO 2312 2114
10  FO 2352 2042
27
50  FO 3759 2055
30  CH 3922 3083
10  FO 4467 2109
28
50  FO 4134 2127
30  FO 4747 2066
10  CH 4947 3073
29
50  CH 3618 3086
30  FO 4128 2067
10  FO 4135 2060
30
50  FO 4253 2121
30  FO 4432 2047
10  FO 4922 2131
31
80  FO 4765 2039
32
80  FO 3047 2077
40  FO 3414 2076
0  FO 4132 2132
33
80  FO 2181 2139
40  FO 2381 2078
0  FO 2700 2043
34
80  CH 2778 3119
40  FO 3806 2120
35
50  CH 1913 3066
30  CH 1999 3108
10  FO 2208 2035
36
50  FO 2122 2104
30  FO 2222 2048
10  FO 2563 2114
37
50  CH 3868 3083
30  FO 4659 2109
10  CH 4818 3088
38
50  FO 4043 2127
30  FO 5475 2079
10  CH 5581 3111
39
50  CH 3546 3086
30  FO 3744 2036
10  FO 3968 2060
40
50  FO 3906 2053
30  CH 4072 3085
41
50  FO 3459 2061
30  FO 5570 2039
42
50  FO 2884 2094
30  FO 3478 2076
10  FO 3989 2132
43
50  FO 2740 2139
30  CH 3694 3120
10  FO 3895 2097
44
50  CH 4025 3119
45
50  CH 2458 3070
30  CH 2618 3089
10  CH 2705 3082
46
50  FO 2462 2104
30  FO 2484 2130
10  FO 2653 2048
47
50  FO 4008 2055
30  FO 5244 2109
10  CH 5384 3068
48
50  FO 4576 2066
30  FO 6287 2137
10  CH 6846 3060
49
50  FO 4431 2092
30  FO 4695 2071
10  FO 5006 2099
50
50  FO 4110 2053
30  FO 4971 2047
10  CH 5263 3095
51
50  FO 3932 2061
52
50  FO 3541 2077
30  FO 3725 2094
10  FO 4119 2132
53
50  FO 14008 1854
30  CH 14214 1989
54
50  FO 9738 1838
30  CH 12912 1982
55
50  CH 17409 1984
30  FO 19576 1843
56
50  FO 18719 1846
30  CH 25353 1985
57
50  FO 15307 1849
30  CH 18681 1986
58
50  FO 14984 1850
30  CH 21965 1987
59
50  FO 15100 1853
60
50  CH 15906 1988
SCORE:FO,CH,3530,1660,187.0
