FO-CVST
1
50  FO 10771 2035
30  CVST 11587 2418
10  FO 12495 2122
2
50  FO 10637 2042
30  FO 11528 2114
10  FO 12258 2088
3
50  FO 8237 2055
30  FO 10522 2051
10  CVST 10802 2463
4
50  FO 8422 2127
30  CVST 9787 2472
10  FO 9837 2079
5
50  CVST 8095 2417
30  FO 8487 2036
10  FO 9789 2067
6
50  FO 8478 2053
30  FO 8720 2121
10  CVST 10273 2480
7
50  FO 7744 2061
30  CVST 8300 2486
10  CVST 9113 2471
8
50  FO 6400 2077
30  FO 6997 2094
10  CVST 7131 2460
9
50  FO 3181 2050
30  FO 4028 2064
10  FO 4659 2143
10
50  FO 2470 2128
30  FO 2776 2049
10  FO 3569 2106
11
50  FO 2071 2043
30  FO 2090 2078
10  CVST 2134 2473
12
50  FO 1906 2065
30  CVST 2072 2430
10  FO 2293 2107
13
50  CVST 4397 2469
30  FO 4515 2110
10  FO 4844 2074
14
50  FO 4140 2042
30  FO 4351 2088
10  CVST 4356 2416
15
50  CVST 3928 2463
30  CVST 4175 2482
10  CVST 4384 2465
16
50  FO 3571 2066
30  FO 3901 2100
10  CVST 3974 2415
17
50  FO 7118 2036
30  CVST 7332 2417
10  FO 7692 2071
18
50  FO 7319 2121
30  FO 7333 2053
10  FO 7915 2047
19
50  FO 6721 2061
30  CVST 7231 2447
10  CVST 7352 2486
20
50  FO 5738 2077
30  FO 5938 2094
10  CVST 6471 2460
21
50  FO 3857 2050
30  FO 4878 2143
10  FO 5563 2064
22
50  FO 2925 2128
30  FO 3814 2049
10  FO 5522 2106
23
50  CVST 2512 2473
30  FO 2619 2139
10  FO 2720 2043
24
50  CVST 2544 2430
30  FO 2552 2065
10  FO 2965 2090
25
50  FO 2372 2074
30  FO 2381 2035
10  CVST 2453 2418
26
50  FO 2225 2048
30  FO 2312 2114
10  FO 2352 2042
27
50  FO 3759 2055
30  FO 4467 2109
10  FO 4728 2051
28
50  FO 4134 2127
30  FO 4747 2066
10  CVST 4787 2472
29
50  FO 4128 2067
30  FO 4135 2060
10  CVST 4394 2454
30
50  FO 4253 2121
30  FO 4432 2047
10  FO 4922 2131
31
80  CVST 3768 2467
40  CVST 4033 2447
0  CVST 4566 2428
32
80  FO 3047 2077
40  FO 3414 2076
0  CVST 3903 2443
33
80  FO 2181 2139
40  FO 2381 2078
0  CVST 2497 2473
34
80  CVST 2670 2430
40  FO 3806 2120
35
50  FO 2208 2035
30  CVST 2464 2418
10  FO 2598 2122
36
50  FO 2122 2104
30  FO 2222 2048
10  CVST 2475 2413
37
50  FO 4659 2109
30  FO 4838 2051
10  CVST 5131 2463
38
50  FO 4043 2127
30  CVST 5369 2472
10  FO 5475 2079
39
50  CVST 3459 2417
30  FO 3744 2036
10  FO 3968 2060
40
50  FO 3906 2053
30  CVST 4744 2480
10  CVST 5309 2458
41
50  FO 3459 2061
30  CVST 3789 2486
10  CVST 3790 2447
42
50  FO 2884 2094
30  FO 3478 2076
10  FO 3989 2132
43
50  FO 2740 2139
30  CVST 3090 2433
10  CVST 3214 2414
44
50  CVST 3410 2429
45
50  CVST 2777 2478
30  CVST 2878 2469
10  FO 2901 2110
46
50  FO 2462 2104
30  FO 2484 2130
10  CVST 2589 2437
47
50  FO 4008 2055
30  FO 5244 2109
10  CVST 5630 2459
48
50  FO 4576 2066
30  CVST 5286 2408
10  FO 6287 2137
49
50  CVST 4415 2417
30  FO 4431 2092
10  FO 4695 2071
50
50  FO 4110 2053
30  FO 4971 2047
10  CVST 4978 2480
51
50  FO 3932 2061
30  CVST 4631 2471
10  CVST 5069 2456
52
50  CVST 3446 2460
30  FO 3541 2077
10  FO 3725 2094
53
50  FO 14008 1854
54
50  CVST 9359 1890
30  FO 9738 1838
55
50  CVST 19053 1892
30  FO 19576 1843
56
50  CVST 18637 1894
30  FO 18719 1846
57
50  FO 15307 1849
30  CVST 17503 1896
58
50  FO 14984 1850
30  CVST 17620 1898
59
50  FO 15100 1853
30  CVST 17112 1900
60
50  CVST 15547 1901
61
50  CVST 12697 1902
SCORE:FO,CVST,3680,1710,197.0
