FO-CC
1
50  FO 10771 2035
30  CC 10921 2939
10  FO 12495 2122
2
50  CC 8850 2949
30  FO 10637 2042
10  FO 11528 2114
3
50  CC 8118 2938
30  FO 8237 2055
10  CC 8262 2957
4
50  CC 8034 2948
30  FO 8422 2127
10  FO 9837 2079
5
50  CC 7882 2954
30  FO 8487 2036
10  CC 9281 2937
6
50  CC 8156 2963
30  CC 8302 2944
10  FO 8478 2053
7
50  FO 7744 2061
30  CC 9441 2943
8
50  FO 6400 2077
30  CC 6620 2964
10  FO 6997 2094
9
50  FO 3181 2050
30  CC 3234 2960
10  FO 4028 2064
10
50  FO 2470 2128
30  FO 2776 2049
10  FO 3569 2106
11
50  FO 2071 2043
30  FO 2090 2078
10  CC 2302 2951
12
50  FO 1906 2065
30  CC 1919 2950
10  FO 2293 2107
13
50  CC 4125 2959
30  FO 4515 2110
10  CC 4578 2958
14
50  FO 4140 2042
30  FO 4351 2088
10  FO 4642 2068
15
50  CC 3222 2938
30  CC 3295 2957
10  CC 3450 2965
16
50  CC 3277 2948
30  FO 3571 2066
10  FO 3901 2100
17
50  FO 7118 2036
30  CC 7166 2937
10  FO 7692 2071
18
50  CC 6925 2944
30  FO 7319 2121
10  FO 7333 2053
19
50  FO 6721 2061
30  FO 9947 2039
20
50  FO 5738 2077
30  FO 5938 2094
10  CC 6203 2934
21
50  CC 2950 2960
30  FO 3857 2050
10  FO 4878 2143
22
50  FO 2925 2128
30  FO 3814 2049
10  FO 5522 2106
23
50  FO 2619 2139
30  FO 2720 2043
10  CC 2725 2951
24
50  CC 2439 2950
30  FO 2552 2065
10  FO 2965 2090
25
50  CC 2207 2939
30  FO 2372 2074
10  FO 2381 2035
26
50  CC 1737 2949
30  FO 2225 2048
10  FO 2312 2114
27
50  FO 3759 2055
30  CC 4340 2965
10  FO 4467 2109
28
50  FO 4134 2127
30  FO 4747 2066
10  FO 4991 2079
29
50  FO 4128 2067
30  FO 4135 2060
10  CC 4219 2937
30
50  CC 3806 2944
30  CC 3850 2963
10  FO 4253 2121
31
80  CC 4707 2943
40  FO 4765 2039
32
80  FO 3047 2077
40  CC 3128 2964
0  FO 3414 2076
33
80  FO 2181 2139
40  FO 2381 2078
0  FO 2700 2043
34
80  CC 2484 2950
40  FO 3806 2120
35
50  CC 2038 2939
30  FO 2208 2035
10  CC 2359 2959
36
50  CC 1658 2949
30  FO 2122 2104
10  FO 2222 2048
37
50  CC 3522 2938
30  CC 3640 2957
10  FO 4659 2109
38
50  CC 3847 2948
30  FO 4043 2127
10  FO 5475 2079
39
50  CC 3449 2954
30  FO 3744 2036
10  CC 3895 2942
40
50  CC 3527 2944
30  FO 3906 2053
10  CC 4050 2963
41
50  FO 3459 2061
30  CC 4125 2943
10  FO 5570 2039
42
50  CC 2822 2964
30  FO 2884 2094
10  CC 3266 2934
43
50  FO 2740 2139
30  CC 3131 2951
10  FO 3895 2097
44
50  CC 2945 2950
45
50  CC 2420 2939
30  CC 2485 2958
10  CC 2827 2961
46
50  FO 2462 2104
30  FO 2484 2130
10  FO 2653 2048
47
50  FO 4008 2055
30  CC 4600 2965
10  FO 5244 2109
48
50  CC 4097 2948
30  FO 4576 2066
10  FO 6287 2137
49
50  CC 3807 2954
30  FO 4431 2092
10  CC 4456 2942
50
50  CC 4108 2963
30  FO 4110 2053
10  FO 4971 2047
51
50  FO 3932 2061
30  CC 5260 2943
52
50  CC 3294 2964
30  FO 3541 2077
10  FO 3725 2094
53
50  FO 14008 1854
54
50  FO 9738 1838
55
50  FO 19576 1843
56
50  FO 18719 1846
30  CC 19707 1970
57
50  FO 15307 1849
30  CC 15841 1971
58
50  FO 14984 1850
59
50  CC 13789 1972
30  FO 15100 1853
SCORE:FO,CC,2890,2280,61.0
