FO-FR
1
50  FR 9756 1771
30  FO 10771 2035
10  FR 11123 1757
2
50  FO 10637 2042
30  FO 11528 2114
10  FO 12258 2088
3
50  FO 8237 2055
30  FR 9077 1829
10  FR 9742 1797
4
50  FR 7209 1825
30  FO 8422 2127
10  FO 9837 2079
5
50  FR 7641 1767
30  FO 8487 2036
10  FR 9555 1833
6
50  FO 8478 2053
30  FR 8712 1781
10  FO 8720 2121
7
50  FO 7744 2061
30  FR 8011 1828
10  FR 9367 1769
8
50  FO 6400 2077
30  FO 6997 2094
10  FO 7566 2076
9
50  FO 3181 2050
30  FO 4028 2064
10  FR 4226 1823
10
50  FO 2470 2128
30  FO 2776 2049
10  FO 3569 2106
11
50  FR 2003 1815
30  FO 2071 2043
10  FO 2090 2078
12
50  FO 1906 2065
30  FR 2009 1740
10  FR 2057 1770
13
50  FR 4397 1757
30  FR 4501 1786
10  FO 4515 2110
14
50  FO 4140 2042
30  FO 4351 2088
10  FO 4642 2068
15
50  FR 3487 1785
30  FR 3761 1797
10  FR 3957 1819
16
50  FR 2909 1825
30  FO 3571 2066
10  FR 3730 1826
17
50  FO 7118 2036
30  FO 7692 2071
10  FO 8075 2092
18
50  FO 7319 2121
30  FO 7333 2053
10  FR 7796 1831
19
50  FO 6721 2061
30  FR 6978 1828
10  FR 8397 1769
20
50  FO 5738 2077
30  FO 5938 2094
10  FO 6503 2076
21
50  FO 3857 2050
30  FO 4878 2143
10  FR 4902 1798
22
50  FO 2925 2128
30  FO 3814 2049
10  FO 5522 2106
23
50  FR 2359 1815
30  FO 2619 2139
10  FR 2628 1778
24
50  FR 2369 1740
30  FO 2552 2065
10  FO 2965 2090
25
50  FR 2137 1771
30  FO 2372 2074
10  FO 2381 2035
26
50  FO 2225 2048
30  FO 2312 2114
10  FO 2352 2042
27
50  FO 3759 2055
30  FR 4456 1785
10  FO 4467 2109
28
50  FO 4134 2127
30  FR 4469 1826
10  FO 4747 2066
29
50  FR 3559 1767
30  FR 4101 1833
10  FO 4128 2067
30
50  FR 4107 1781
30  FO 4253 2121
10  FR 4263 1831
31
80  FR 3485 1765
40  FR 4595 1835
0  FO 4765 2039
32
80  FO 3047 2077
40  FO 3414 2076
0  FR 3537 1749
33
80  FO 2181 2139
40  FR 2371 1815
0  FO 2381 2078
34
80  FR 2468 1740
40  FR 2562 1770
0  FO 3806 2120
35
50  FR 2038 1771
30  FO 2208 2035
10  FR 2295 1786
36
50  FO 2122 2104
30  FO 2222 2048
10  FO 2563 2114
37
50  FR 4082 1785
30  FR 4656 1829
10  FO 4659 2109
38
50  FR 3378 1825
30  FO 4043 2127
10  FR 4474 1784
39
50  FR 3359 1767
30  FO 3744 2036
10  FO 3968 2060
40
50  FR 3883 1781
30  FO 3906 2053
10  FR 3989 1756
41
50  FR 3181 1765
30  FO 3459 2061
10  FR 3494 1828
42
50  FO 2884 2094
30  FR 3447 1749
10  FO 3478 2076
43
50  FO 2740 2139
30  FR 3201 1778
10  FR 3810 1820
44
50  FR 2806 1770
30  FR 4503 1746
45
50  FR 2412 1771
30  FR 2652 1741
10  FR 2765 1757
46
50  FO 2462 2104
30  FO 2484 2130
10  FO 2653 2048
47
50  FO 4008 2055
30  FR 4369 1829
10  FO 5244 2109
48
50  FR 3828 1825
30  FO 4576 2066
10  FR 5026 1800
49
50  FR 4196 1767
30  FO 4431 2092
10  FR 4599 1833
50
50  FO 4110 2053
30  FR 4141 1781
10  FO 4971 2047
51
50  FR 3700 1765
30  FO 3932 2061
10  FR 4614 1769
52
50  FO 3541 2077
30  FO 3725 2094
10  FO 4119 2132
53
50  FO 14008 1854
30  FR 30704 1814
54
50  FO 9738 1838
30  FR 11241 1805
55
50  FO 19576 1843
30  FR 23538 1808
56
50  FO 18719 1846
30  FR 25100 1809
57
50  FO 15307 1849
30  FR 15370 1811
58
50  FO 14984 1850
30  FR 15968 1812
59
50  FO 15100 1853
61
50  FR 12000 1813
SCORE:FO,FR,2980,2390,59.0
