FO-FV
1
50  FV 10025 3349
30  FO 10771 2035
10  FO 12495 2122
2
50  FV 10634 3383
30  FO 10637 2042
10  FO 11528 2114
3
50  FO 8237 2055
30  FV 8790 3380
10  FV 9695 3377
4
50  FO 8422 2127
30  FO 9837 2079
10  FV 11027 3350
5
50  FV 8295 3351
30  FO 8487 2036
10  FV 8941 3381
6
50  FO 8478 2053
30  FO 8720 2121
10  FV 10438 3367
7
50  FO 7744 2061
30  FV 10543 3373
8
50  FO 6400 2077
30  FO 6997 2094
10  FV 7139 3384
9
50  FO 3181 2050
30  FV 3222 3343
10  FO 4028 2064
10
50  FO 2470 2128
30  FO 2776 2049
10  FV 3344 3360
11
50  FO 2071 2043
30  FO 2090 2078
10  FV 2181 3382
12
50  FO 1906 2065
30  FV 2238 3368
10  FO 2293 2107
13
50  FV 4412 3375
30  FO 4515 2110
10  FO 4844 2074
14
50  FO 4140 2042
30  FO 4351 2088
10  FO 4642 2068
15
50  FV 3525 3380
30  FV 3960 3377
10  FV 3963 3370
16
50  FO 3571 2066
30  FV 3762 3359
10  FV 3785 3379
17
50  FO 7118 2036
30  FV 7303 3351
10  FV 7582 3352
18
50  FO 7319 2121
30  FO 7333 2053
10  FO 7915 2047
19
50  FO 6721 2061
30  FV 8631 3373
10  FO 9947 2039
20
50  FO 5738 2077
30  FO 5938 2094
10  FV 6359 3384
21
50  FO 3857 2050
30  FV 3926 3343
10  FO 4878 2143
22
50  FO 2925 2128
30  FO 3814 2049
10  FO 5522 2106
23
50  FO 2619 2139
30  FV 2641 3344
10  FV 2675 3382
24
50  FO 2552 2065
30  FO 2965 2090
10  FO 3384 2124
25
50  FV 2089 3349
30  FO 2372 2074
10  FO 2381 2035
26
50  FO 2225 2048
30  FO 2312 2114
10  FO 2352 2042
27
50  FO 3759 2055
30  FV 4028 3380
10  FO 4467 2109
28
50  FO 4134 2127
30  FO 4747 2066
10  FV 4766 3359
29
50  FV 3738 3351
30  FO 4128 2067
10  FO 4135 2060
30
50  FO 4253 2121
30  FO 4432 2047
10  FO 4922 2131
31
80  FO 4765 2039
40  FV 5164 3373
32
80  FO 3047 2077
40  FO 3414 2076
0  FV 3475 3364
33
80  FO 2181 2139
40  FO 2381 2078
0  FO 2700 2043
34
80  FV 3213 3368
40  FO 3806 2120
35
50  FV 1908 3349
30  FO 2208 2035
10  FO 2598 2122
36
50  FO 2122 2104
30  FO 2222 2048
10  FV 2340 3383
37
50  FV 4444 3380
30  FV 4509 3362
10  FO 4659 2109
38
50  FO 4043 2127
30  FV 5006 3359
10  FO 5475 2079
39
50  FV 3577 3351
30  FO 3744 2036
10  FV 3887 3352
40
50  FO 3906 2053
30  FV 5819 3367
41
50  FO 3459 2061
30  FV 4947 3373
10  FO 5570 2039
42
50  FO 2884 2094
30  FV 3234 3384
10  FV 3381 3358
43
50  FO 2740 2139
30  FV 3579 3382
10  FO 3895 2097
44
50  FV 3925 3368
45
50  FO 2901 2110
30  FV 3062 3348
10  FV 3069 3376
46
50  FO 2462 2104
30  FO 2484 2130
10  FO 2653 2048
47
50  FO 4008 2055
30  FO 5244 2109
10  FV 5371 3377
48
50  FO 4576 2066
30  FV 5718 3350
10  FV 5747 3356
49
50  FV 4203 3352
30  FO 4431 2092
10  FO 4695 2071
50
50  FO 4110 2053
30  FO 4971 2047
10  FV 5175 3367
51
50  FO 3932 2061
52
50  FO 3541 2077
30  FO 3725 2094
10  FO 4119 2132
53
50  FO 14008 1854
54
50  FO 9738 1838
30  FV 11293 2015
55
50  FO 19576 1843
30  FV 20352 2016
56
50  FO 18719 1846
30  FV 19896 2017
57
50  FO 15307 1849
30  FV 17397 2018
58
50  FO 14984 1850
30  FV 17403 2019
59
50  FO 15100 1853
30  FV 16759 2020
SCORE:FO,FV,3560,1670,189.0
