FO-HP
1
50  HP 9165 260
30  FO 10771 2035
10  HP 11713 224
2
50  HP 9344 328
30  HP 9725 237
10  FO 10637 2042
3
50  HP 7550 269
30  FO 8237 2055
10  HP 9669 332
4
50  HP 7934 236
30  FO 8422 2127
10  FO 9837 2079
5
50  HP 7225 290
30  HP 8263 234
10  FO 8487 2036
6
50  HP 7203 256
30  HP 8175 244
10  FO 8478 2053
7
50  HP 7603 220
30  FO 7744 2061
10  HP 10002 291
8
50  FO 6400 2077
30  FO 6997 2094
10  HP 7391 303
9
50  FO 3181 2050
30  HP 3975 322
10  HP 3998 273
10
50  FO 2470 2128
30  FO 2776 2049
10  HP 3084 255
11
50  FO 2071 2043
30  FO 2090 2078
10  HP 2162 338
12
50  FO 1906 2065
30  FO 2293 2107
10  FO 2300 2101
13
50  HP 3703 211
30  HP 4381 226
10  HP 4419 248
14
50  HP 3725 237
30  HP 4106 283
10  FO 4140 2042
15
50  HP 3207 330
30  HP 3650 335
10  HP 3719 332
16
50  HP 3135 236
30  HP 3422 254
10  FO 3571 2066
17
50  HP 6384 290
30  FO 7118 2036
10  FO 7692 2071
18
50  FO 7319 2121
30  FO 7333 2053
10  HP 7653 241
19
50  FO 6721 2061
30  HP 8572 307
10  HP 8647 243
20
50  HP 5659 308
30  FO 5738 2077
10  FO 5938 2094
21
50  FO 3857 2050
30  FO 4878 2143
10  HP 4947 322
22
50  HP 2850 227
30  FO 2925 2128
10  HP 3722 255
23
50  FO 2619 2139
30  HP 2685 229
10  FO 2720 2043
24
50  FO 2552 2065
30  HP 2787 331
10  HP 2850 227
25
50  HP 1963 260
30  HP 2303 233
10  HP 2308 323
26
50  FO 2225 2048
30  FO 2312 2114
10  FO 2352 2042
27
50  HP 3568 269
30  FO 3759 2055
10  HP 3894 330
28
50  FO 4134 2127
30  HP 4231 254
10  FO 4747 2066
29
50  HP 3984 235
30  FO 4128 2067
10  FO 4135 2060
30
50  HP 3275 268
30  HP 4110 288
10  FO 4253 2121
31
80  HP 3625 220
40  HP 4468 291
0  HP 4719 242
32
80  HP 2865 308
40  FO 3047 2077
0  FO 3414 2076
33
80  FO 2181 2139
40  FO 2381 2078
0  HP 2600 338
34
80  HP 2722 227
40  HP 3031 331
0  FO 3806 2120
35
50  HP 1863 260
30  HP 1960 211
10  FO 2208 2035
36
50  HP 1747 328
30  FO 2122 2104
10  HP 2134 283
37
50  HP 3265 269
30  HP 4228 332
10  FO 4659 2109
38
50  HP 3428 236
30  FO 4043 2127
10  FO 5475 2079
39
50  HP 3072 290
30  HP 3618 234
10  FO 3744 2036
40
50  HP 3075 256
30  HP 3638 244
10  HP 3778 241
41
50  FO 3459 2061
30  HP 4053 291
10  HP 4466 242
42
50  HP 2698 308
30  FO 2884 2094
10  HP 3059 303
43
50  FO 2740 2139
30  HP 2884 229
10  FO 3895 2097
44
50  HP 3416 227
30  HP 3853 261
45
50  HP 2439 211
30  HP 2795 215
10  HP 2800 224
46
50  FO 2462 2104
30  FO 2484 2130
10  HP 2560 282
47
50  FO 4008 2055
30  HP 4525 330
10  HP 4844 335
48
50  FO 4576 2066
30  HP 5325 276
10  HP 5327 254
49
50  FO 4431 2092
30  HP 4641 234
10  FO 4695 2071
50
50  HP 3669 268
30  FO 4110 2053
10  HP 4369 288
51
50  FO 3932 2061
30  HP 3997 220
10  HP 4753 243
52
50  FO 3541 2077
30  HP 3687 312
10  HP 3715 289
53
50  FO 14008 1854
30  HP 18604 1656
54
50  FO 9738 1838
30  HP 10553 1642
55
50  HP 18650 1644
30  FO 19576 1843
56
50  HP 15963 1646
30  FO 18719 1846
57
50  FO 15307 1849
30  HP 17031 1647
58
50  FO 14984 1850
30  HP 17835 1649
59
50  FO 15100 1853
30  HP 15187 1650
60
50  HP 12150 1651
61
50  HP 13259 1653
SCORE:FO,HP,2300,3150,-85.0
