FO-LCC
1
50  FO 10771 2035
30  FO 12495 2122
10  LCC 12900 2855
2
50  FO 10637 2042
30  FO 11528 2114
10  FO 12258 2088
3
50  LCC 7247 2844
30  FO 8237 2055
10  LCC 9800 2860
4
50  LCC 7346 2868
30  FO 8422 2127
10  FO 9837 2079
5
50  LCC 7149 2861
30  LCC 7241 2846
10  FO 8487 2036
6
50  LCC 8146 2867
30  FO 8478 2053
10  FO 8720 2121
7
50  LCC 6395 2845
30  FO 7744 2061
10  LCC 8620 2858
8
50  LCC 6350 2871
30  FO 6400 2077
10  LCC 6572 2836
9
50  FO 3181 2050
30  FO 4028 2064
10  FO 4659 2143
10
50  FO 2470 2128
30  FO 2776 2049
10  FO 3569 2106
11
50  FO 2071 2043
30  FO 2090 2078
10  LCC 2278 2859
12
50  FO 1906 2065
30  FO 2293 2107
10  FO 2300 2101
13
50  LCC 3277 2869
30  LCC 4483 2855
10  FO 4515 2110
14
50  FO 4140 2042
30  FO 4351 2088
10  FO 4642 2068
15
50  LCC 4085 2864
30  FO 5079 2059
10  FO 5137 2091
16
50  LCC 2821 2868
30  FO 3571 2066
10  FO 3901 2100
17
50  LCC 6550 2862
30  FO 7118 2036
10  FO 7692 2071
18
50  LCC 7280 2867
30  FO 7319 2121
10  FO 7333 2053
19
50  FO 6721 2061
30  FO 9947 2039
20
50  LCC 5634 2836
30  FO 5738 2077
10  LCC 5829 2835
21
50  FO 3857 2050
30  LCC 4821 2842
10  FO 4878 2143
22
50  FO 2925 2128
30  FO 3814 2049
10  FO 5522 2106
23
50  FO 2619 2139
30  LCC 2705 2832
10  FO 2720 2043
24
50  FO 2552 2065
30  FO 2965 2090
10  FO 3384 2124
25
50  LCC 1880 2869
30  FO 2372 2074
10  FO 2381 2035
26
50  FO 2225 2048
30  FO 2312 2114
10  FO 2352 2042
27
50  LCC 3373 2844
30  FO 3759 2055
10  FO 4467 2109
28
50  FO 4134 2127
30  FO 4747 2066
10  FO 4991 2079
29
50  LCC 3544 2862
30  FO 4128 2067
10  FO 4135 2060
30
50  FO 4253 2121
30  FO 4432 2047
10  LCC 4645 2847
31
80  LCC 3887 2858
40  FO 4765 2039
0  LCC 5175 2865
32
80  LCC 2945 2871
40  FO 3047 2077
0  FO 3414 2076
33
80  FO 2181 2139
40  FO 2381 2078
0  FO 2700 2043
34
80  FO 3806 2120
35
50  FO 2208 2035
30  FO 2598 2122
10  FO 2908 2074
36
50  FO 2122 2104
30  FO 2222 2048
10  FO 2563 2114
37
50  LCC 3470 2844
30  FO 4659 2109
10  FO 4838 2051
38
50  FO 4043 2127
30  FO 5475 2079
10  FO 8564 2041
39
50  LCC 3019 2861
30  LCC 3026 2846
10  LCC 3614 2862
40
50  FO 3906 2053
30  LCC 3952 2867
41
50  LCC 2770 2845
30  FO 3459 2061
10  LCC 3963 2858
42
50  LCC 2625 2871
30  FO 2884 2094
10  LCC 3019 2835
43
50  FO 2740 2139
30  FO 3895 2097
45
50  FO 2901 2110
30  FO 3119 2045
10  FO 3164 2083
46
50  FO 2462 2104
30  FO 2484 2130
10  FO 2653 2048
47
50  FO 4008 2055
30  LCC 5133 2860
10  FO 5244 2109
48
50  FO 4576 2066
30  FO 6287 2137
10  FO 7631 2100
49
50  LCC 3773 2861
30  LCC 3821 2846
10  FO 4431 2092
50
50  FO 4110 2053
30  FO 4971 2047
10  FO 5393 2131
51
50  LCC 3654 2845
30  FO 3932 2061
52
50  LCC 3518 2836
30  FO 3541 2077
10  FO 3725 2094
53
50  FO 14008 1854
54
50  FO 9738 1838
55
50  FO 19576 1843
30  LCC 20217 1954
56
50  FO 18719 1846
57
50  FO 15307 1849
30  LCC 16435 1955
58
50  FO 14984 1850
59
50  LCC 11929 1956
30  FO 15100 1853
60
50  LCC 17576 1957
61
50  LCC 11533 1959
SCORE:FO,LCC,3360,1810,155.0
