FO-OMST
1
50  FO 10771 2035
30  OMST 11741 3251
10  FO 12495 2122
2
50  OMST 8160 3253
30  FO 10637 2042
10  FO 11528 2114
3
50  FO 8237 2055
30  OMST 8244 3275
10  FO 10522 2051
4
50  FO 8422 2127
30  FO 9837 2079
10  OMST 12479 3247
5
50  OMST 7843 3258
30  FO 8487 2036
10  FO 9789 2067
6
50  FO 8478 2053
30  FO 8720 2121
10  OMST 8919 3263
7
50  OMST 7093 3269
30  OMST 7725 3285
10  FO 7744 2061
8
50  OMST 6319 3274
30  FO 6400 2077
10  FO 6997 2094
9
50  FO 3181 2050
30  FO 4028 2064
10  OMST 4425 3259
10
50  FO 2470 2128
30  FO 2776 2049
10  FO 3569 2106
11
50  FO 2071 2043
30  FO 2090 2078
10  OMST 2477 3286
12
50  FO 1906 2065
30  FO 2293 2107
10  FO 2300 2101
13
50  FO 4515 2110
30  FO 4844 2074
10  FO 5179 2096
14
50  OMST 3975 3261
30  FO 4140 2042
10  FO 4351 2088
15
50  OMST 3544 3279
30  OMST 4501 3262
10  FO 5079 2059
16
50  OMST 3447 3266
30  FO 3571 2066
10  FO 3901 2100
17
50  FO 7118 2036
30  FO 7692 2071
10  FO 8075 2092
18
50  OMST 7259 3257
30  FO 7319 2121
10  FO 7333 2053
19
50  FO 6721 2061
30  OMST 6744 3285
10  FO 9947 2039
20
50  FO 5738 2077
30  FO 5938 2094
10  FO 6503 2076
21
50  FO 3857 2050
30  OMST 4632 3259
10  FO 4878 2143
22
50  FO 2925 2128
30  FO 3814 2049
10  FO 5522 2106
23
50  FO 2619 2139
30  FO 2720 2043
10  FO 2837 2078
24
50  FO 2552 2065
30  FO 2965 2090
10  OMST 3206 3284
25
50  FO 2372 2074
30  FO 2381 2035
10  OMST 2406 3251
26
50  OMST 1790 3253
30  FO 2225 2048
10  FO 2312 2114
27
50  FO 3759 2055
30  OMST 3878 3275
10  FO 4467 2109
28
50  FO 4134 2127
30  FO 4747 2066
10  FO 4991 2079
29
50  OMST 3722 3258
30  FO 4128 2067
10  FO 4135 2060
30
50  OMST 4116 3263
30  FO 4253 2121
10  FO 4432 2047
31
80  OMST 3750 3285
40  FO 4765 2039
32
80  FO 3047 2077
40  FO 3414 2076
0  FO 4132 2132
33
80  FO 2181 2139
40  FO 2381 2078
0  FO 2700 2043
34
80  FO 3806 2120
35
50  FO 2208 2035
30  OMST 2550 3251
10  FO 2598 2122
36
50  OMST 1563 3253
30  FO 2122 2104
10  FO 2222 2048
37
50  FO 4659 2109
30  OMST 4713 3279
10  FO 4838 2051
38
50  FO 4043 2127
30  FO 5475 2079
10  OMST 6100 3283
39
50  OMST 3721 3258
30  FO 3744 2036
10  FO 3968 2060
40
50  OMST 3669 3257
30  FO 3906 2053
41
50  OMST 3053 3269
30  FO 3459 2061
10  FO 5570 2039
42
50  OMST 2766 3274
30  FO 2884 2094
10  FO 3478 2076
43
50  FO 2740 2139
30  FO 3895 2097
10  OMST 4881 3260
44
50  OMST 3195 3284
45
50  FO 2901 2110
30  FO 3119 2045
10  FO 3164 2083
46
50  FO 2462 2104
30  FO 2484 2130
10  FO 2653 2048
47
50  FO 4008 2055
30  OMST 4560 3275
10  FO 5244 2109
48
50  FO 4576 2066
30  OMST 4907 3266
10  OMST 5397 3249
49
50  FO 4431 2092
30  FO 4695 2071
10  FO 5006 2099
50
50  FO 4110 2053
30  FO 4971 2047
10  FO 5393 2131
51
50  OMST 3703 3269
30  FO 3932 2061
52
50  OMST 3415 3274
30  FO 3541 2077
10  FO 3725 2094
53
50  FO 14008 1854
54
50  FO 9738 1838
30  OMST 12837 2003
55
50  FO 19576 1843
30  OMST 27406 2004
56
50  OMST 16499 2005
30  FO 18719 1846
57
50  FO 15307 1849
58
50  FO 14984 1850
30  OMST 17262 2007
59
50  FO 15100 1853
30  OMST 15246 2008
61
50  OMST 12078 2009
SCORE:FO,OMST,3580,1670,191.0
