FO-PO
1
50  PO 9340 2358
30  FO 10771 2035
10  PO 10953 2304
2
50  PO 10430 2359
30  FO 10637 2042
10  FO 11528 2114
3
50  FO 8237 2055
30  PO 9899 2336
10  FO 10522 2051
4
50  FO 8422 2127
30  PO 9149 2391
10  FO 9837 2079
5
50  FO 8487 2036
30  PO 9593 2388
10  PO 9719 2312
6
50  PO 7628 2297
30  PO 7677 2366
10  FO 8478 2053
7
50  FO 7744 2061
30  PO 8925 2320
10  PO 8952 2319
8
50  FO 6400 2077
30  FO 6997 2094
10  PO 7191 2298
9
50  PO 2428 2293
30  FO 3181 2050
10  PO 3240 2374
10
50  FO 2470 2128
30  PO 2596 2346
10  FO 2776 2049
11
50  FO 2071 2043
30  FO 2090 2078
10  PO 2096 2364
12
50  FO 1906 2065
30  PO 2075 2402
10  PO 2097 2292
13
50  PO 3834 2317
30  PO 4408 2304
10  FO 4515 2110
14
50  FO 4140 2042
30  PO 4212 2359
10  PO 4251 2389
15
50  PO 3896 2336
30  PO 4000 2295
10  PO 4459 2380
16
50  FO 3571 2066
30  PO 3749 2349
10  FO 3901 2100
17
50  FO 7118 2036
30  FO 7692 2071
10  FO 8075 2092
18
50  FO 7319 2121
30  FO 7333 2053
10  PO 7672 2315
19
50  FO 6721 2061
30  PO 7177 2353
10  PO 7887 2356
20
50  FO 5738 2077
30  FO 5938 2094
10  FO 6503 2076
21
50  PO 3271 2378
30  PO 3409 2293
10  FO 3857 2050
22
50  FO 2925 2128
30  PO 3458 2346
10  PO 3540 2322
23
50  PO 2579 2351
30  PO 2611 2330
10  FO 2619 2139
24
50  FO 2552 2065
30  PO 2745 2345
10  PO 2847 2292
25
50  PO 2181 2317
30  FO 2372 2074
10  FO 2381 2035
26
50  FO 2225 2048
30  FO 2312 2114
10  FO 2352 2042
27
50  FO 3759 2055
30  FO 4467 2109
10  FO 4728 2051
28
50  FO 4134 2127
30  FO 4747 2066
10  FO 4991 2079
29
50  FO 4128 2067
30  FO 4135 2060
10  PO 4596 2361
30
50  PO 3426 2297
30  PO 3614 2366
10  FO 4253 2121
31
80  PO 4090 2319
40  PO 4220 2320
0  FO 4765 2039
32
80  FO 3047 2077
40  FO 3414 2076
0  PO 4094 2300
33
80  FO 2181 2139
40  FO 2381 2078
0  FO 2700 2043
34
80  PO 2833 2345
40  PO 2866 2402
0  PO 2975 2355
35
50  PO 1754 2358
30  PO 1951 2317
10  FO 2208 2035
36
50  PO 2003 2359
30  FO 2122 2104
10  FO 2222 2048
37
50  FO 4659 2109
30  FO 4838 2051
10  FO 5581 2052
38
50  FO 4043 2127
30  PO 4129 2391
10  PO 5443 2334
39
50  FO 3744 2036
30  FO 3968 2060
10  FO 4015 2071
40
50  PO 3357 2297
30  PO 3587 2366
10  FO 3906 2053
41
50  FO 3459 2061
30  PO 3582 2353
10  PO 4020 2356
42
50  FO 2884 2094
30  PO 3243 2298
10  FO 3478 2076
43
50  FO 2740 2139
30  PO 3567 2390
10  FO 3895 2097
44
50  PO 3713 2355
45
50  PO 2282 2358
30  PO 2802 2333
10  FO 2901 2110
46
50  FO 2462 2104
30  FO 2484 2130
10  FO 2653 2048
47
50  FO 4008 2055
30  PO 4839 2336
10  FO 5244 2109
48
50  FO 4576 2066
30  PO 5239 2391
10  PO 5258 2349
49
50  FO 4431 2092
30  FO 4695 2071
10  PO 4732 2342
50
50  FO 4110 2053
30  PO 4740 2331
10  PO 4829 2315
51
50  FO 3932 2061
30  PO 4338 2320
10  PO 4744 2319
52
50  FO 3541 2077
30  FO 3725 2094
10  FO 4119 2132
53
50  PO 12839 1888
30  FO 14008 1854
54
50  PO 9464 1876
30  FO 9738 1838
55
50  PO 17012 1877
30  FO 19576 1843
56
50  FO 18719 1846
30  PO 19939 1879
57
50  FO 15307 1849
30  PO 19083 1881
58
50  FO 14984 1850
30  PO 16272 1882
59
50  FO 15100 1853
30  PO 15543 1884
60
50  PO 13909 1886
61
50  PO 12619 1887
SCORE:FO,PO,3020,2400,62.0
