FO-SL
1
50  FO 10771 2035
30  SL 11744 2907
10  FO 12495 2122
2
50  SL 8346 2877
30  SL 8361 2923
10  FO 10637 2042
3
50  FO 8237 2055
30  SL 8950 2918
10  SL 9075 2884
4
50  FO 8422 2127
30  SL 9534 2909
10  FO 9837 2079
5
50  SL 7340 2901
30  SL 7391 2928
10  FO 8487 2036
6
50  SL 7120 2921
30  SL 7529 2886
10  SL 7588 2883
7
50  FO 7744 2061
8
50  FO 6400 2077
30  FO 6997 2094
10  SL 7163 2917
9
50  FO 3181 2050
30  FO 4028 2064
10  FO 4659 2143
10
50  FO 2470 2128
30  FO 2776 2049
10  FO 3569 2106
11
50  SL 1652 2876
30  SL 1699 2908
10  SL 1840 2885
12
50  SL 1650 2874
30  FO 1906 2065
10  FO 2293 2107
13
50  FO 4515 2110
30  SL 4839 2905
10  FO 4844 2074
14
50  SL 3409 2923
30  FO 4140 2042
10  FO 4351 2088
15
50  SL 3377 2884
30  SL 3550 2920
10  SL 3600 2918
16
50  SL 3384 2909
30  FO 3571 2066
10  SL 3680 2880
17
50  SL 6280 2928
30  SL 6354 2901
10  FO 7118 2036
18
50  SL 6249 2921
30  SL 6403 2883
10  SL 7270 2932
19
50  FO 6721 2061
30  FO 9947 2039
20
50  FO 5738 2077
30  FO 5938 2094
10  SL 5976 2917
21
50  FO 3857 2050
30  FO 4878 2143
10  FO 5563 2064
22
50  FO 2925 2128
30  FO 3814 2049
10  FO 5522 2106
23
50  SL 1968 2876
30  SL 2090 2908
10  SL 2282 2885
24
50  SL 2070 2874
30  FO 2552 2065
10  FO 2965 2090
25
50  FO 2372 2074
30  FO 2381 2035
10  SL 2450 2907
26
50  SL 1912 2877
30  SL 2043 2899
10  FO 2225 2048
27
50  FO 3759 2055
30  SL 4425 2918
10  FO 4467 2109
28
50  SL 4029 2909
30  FO 4134 2127
10  FO 4747 2066
29
50  SL 3388 2928
30  FO 4128 2067
10  FO 4135 2060
30
50  SL 3439 2883
30  SL 4214 2932
10  FO 4253 2121
31
80  FO 4765 2039
32
80  FO 3047 2077
40  SL 3410 2917
0  FO 3414 2076
33
80  SL 1860 2876
40  SL 2121 2908
0  FO 2181 2139
34
80  SL 2033 2874
40  FO 3806 2120
35
50  FO 2208 2035
30  SL 2492 2907
10  FO 2598 2122
36
50  SL 1757 2877
30  FO 2122 2104
10  SL 2149 2899
37
50  SL 4031 2920
30  FO 4659 2109
10  FO 4838 2051
38
50  FO 4043 2127
30  SL 4922 2909
10  FO 5475 2079
39
50  SL 3265 2928
30  SL 3427 2901
10  FO 3744 2036
40
50  FO 3906 2053
30  SL 4456 2932
41
50  FO 3459 2061
30  FO 5570 2039
42
50  SL 2859 2917
30  FO 2884 2094
10  FO 3478 2076
43
50  SL 2284 2876
30  FO 2740 2139
10  SL 2790 2885
44
50  SL 2286 2874
45
50  SL 2892 2907
30  FO 2901 2110
10  FO 3119 2045
46
50  SL 1938 2923
30  SL 2446 2899
10  FO 2462 2104
47
50  FO 4008 2055
30  SL 4651 2912
10  SL 4742 2918
48
50  FO 4576 2066
30  FO 6287 2137
10  SL 6701 2931
49
50  SL 3903 2901
30  SL 4117 2916
10  FO 4431 2092
50
50  SL 3447 2921
30  SL 3884 2904
10  FO 4110 2053
51
50  FO 3932 2061
52
50  FO 3541 2077
30  FO 3725 2094
10  FO 4119 2132
53
50  FO 14008 1854
30  SL 23862 1969
54
50  FO 9738 1838
30  SL 11727 1961
55
50  FO 19576 1843
30  SL 20788 1963
56
50  SL 15044 1965
30  FO 18719 1846
57
50  FO 15307 1849
30  SL 15791 1966
58
50  FO 14984 1850
59
50  FO 15100 1853
30  SL 15156 1967
60
50  SL 12371 1968
SCORE:FO,SL,2570,2620,-5.0
