FO-SD
1
50  SD 10430 3496
30  FO 10771 2035
10  FO 12495 2122
2
50  FO 10637 2042
30  FO 11528 2114
10  FO 12258 2088
3
50  FO 8237 2055
30  SD 9045 3497
10  FO 10522 2051
4
50  FO 8422 2127
30  FO 9837 2079
10  SD 10282 3500
5
50  FO 8487 2036
30  FO 9789 2067
10  SD 9879 3521
6
50  SD 7475 3498
30  FO 8478 2053
10  FO 8720 2121
7
50  FO 7744 2061
30  SD 9537 3481
8
50  FO 6400 2077
30  FO 6997 2094
10  FO 7566 2076
9
50  FO 3181 2050
30  SD 3290 3514
10  SD 3633 3515
10
50  FO 2470 2128
30  SD 2538 3513
10  FO 2776 2049
11
50  FO 2071 2043
30  FO 2090 2078
10  FO 2652 2097
12
50  SD 1883 3478
30  FO 1906 2065
10  SD 2227 3499
13
50  FO 4515 2110
30  FO 4844 2074
10  SD 4896 3508
14
50  FO 4140 2042
30  FO 4351 2088
10  FO 4642 2068
15
50  SD 4625 3488
30  FO 5079 2059
10  SD 5097 3511
16
50  FO 3571 2066
30  FO 3901 2100
10  FO 4127 2137
17
50  FO 7118 2036
30  FO 7692 2071
10  FO 8075 2092
18
50  SD 6208 3498
30  FO 7319 2121
10  FO 7333 2053
19
50  FO 6721 2061
30  FO 9947 2039
20
50  FO 5738 2077
30  FO 5938 2094
10  FO 6503 2076
21
50  SD 3746 3506
30  FO 3857 2050
10  SD 3990 3515
22
50  FO 2925 2128
30  SD 3064 3513
10  SD 3569 3519
23
50  FO 2619 2139
30  FO 2720 2043
10  FO 2837 2078
24
50  SD 2452 3478
30  FO 2552 2065
10  SD 2613 3499
25
50  SD 2087 3496
30  FO 2372 2074
10  FO 2381 2035
26
50  FO 2225 2048
30  FO 2312 2114
10  FO 2352 2042
27
50  FO 3759 2055
30  SD 4000 3497
10  FO 4467 2109
28
50  FO 4134 2127
30  SD 4532 3500
10  FO 4747 2066
29
50  FO 4128 2067
30  FO 4135 2060
10  SD 4327 3521
30
50  FO 4253 2121
30  FO 4432 2047
10  SD 4615 3480
31
80  SD 4613 3481
40  FO 4765 2039
32
80  FO 3047 2077
40  FO 3414 2076
0  FO 4132 2132
33
80  FO 2181 2139
40  FO 2381 2078
0  FO 2700 2043
34
80  SD 2528 3478
40  SD 2935 3499
0  SD 3640 3509
35
50  SD 2064 3496
30  FO 2208 2035
10  FO 2598 2122
36
50  FO 2122 2104
30  FO 2222 2048
10  SD 2477 3516
37
50  SD 4327 3497
30  FO 4659 2109
10  FO 4838 2051
38
50  FO 4043 2127
30  FO 5475 2079
10  SD 5521 3500
39
50  FO 3744 2036
30  FO 3968 2060
10  FO 4015 2071
40
50  FO 3906 2053
30  SD 4488 3480
41
50  FO 3459 2061
30  SD 4363 3481
10  FO 5570 2039
42
50  FO 2884 2094
30  FO 3478 2076
10  SD 3970 3501
43
50  FO 2740 2139
30  FO 3895 2097
10  SD 4865 3505
44
50  SD 2788 3478
30  SD 3101 3499
10  SD 3502 3509
45
50  SD 2541 3479
30  FO 2901 2110
10  SD 2955 3508
46
50  FO 2462 2104
30  FO 2484 2130
10  FO 2653 2048
47
50  FO 4008 2055
30  SD 4700 3497
10  FO 5244 2109
48
50  FO 4576 2066
30  SD 5057 3500
10  FO 6287 2137
49
50  FO 4431 2092
30  FO 4695 2071
10  SD 4806 3487
50
50  FO 4110 2053
30  FO 4971 2047
10  SD 5284 3480
51
50  FO 3932 2061
30  SD 5034 3481
52
50  FO 3541 2077
30  FO 3725 2094
10  SD 4000 3501
53
50  FO 14008 1854
30  SD 15585 2067
54
50  FO 9738 1838
30  SD 12488 2064
55
50  FO 19576 1843
30  SD 21624 2065
56
50  FO 18719 1846
30  SD 19897 2066
57
50  FO 15307 1849
58
50  FO 14984 1850
59
50  FO 15100 1853
SCORE:FO,SD,3720,1510,221.0
