FO-SPL
1
50  SPL 8802 1687
30  FO 10771 2035
10  FO 12495 2122
2
50  SPL 8844 1719
30  FO 10637 2042
10  FO 11528 2114
3
50  FO 8237 2055
30  SPL 8969 1739
10  SPL 10281 1709
4
50  FO 8422 2127
30  SPL 9290 1705
10  SPL 9620 1671
5
50  SPL 7969 1720
30  FO 8487 2036
10  FO 9789 2067
6
50  SPL 7284 1689
30  FO 8478 2053
10  FO 8720 2121
7
50  SPL 7357 1698
30  FO 7744 2061
10  SPL 7863 1697
8
50  FO 6400 2077
30  FO 6997 2094
10  FO 7566 2076
9
50  FO 3181 2050
30  SPL 3863 1722
10  FO 4028 2064
10
50  FO 2470 2128
30  FO 2776 2049
10  SPL 3256 1677
11
50  SPL 1950 1672
30  SPL 2012 1708
10  FO 2071 2043
12
50  FO 1906 2065
30  FO 2293 2107
10  FO 2300 2101
13
50  SPL 3444 1687
30  FO 4515 2110
10  FO 4844 2074
14
50  SPL 3591 1719
30  SPL 3692 1670
10  FO 4140 2042
15
50  SPL 3532 1739
30  SPL 4178 1730
10  SPL 4193 1736
16
50  SPL 3479 1665
30  FO 3571 2066
10  FO 3901 2100
17
50  SPL 6478 1718
30  FO 7118 2036
10  FO 7692 2071
18
50  SPL 6409 1689
30  FO 7319 2121
10  FO 7333 2053
19
50  SPL 6384 1698
30  FO 6721 2061
10  SPL 7006 1697
20
50  FO 5738 2077
30  FO 5938 2094
10  FO 6503 2076
21
50  FO 3857 2050
30  SPL 4433 1722
10  FO 4878 2143
22
50  FO 2925 2128
30  FO 3814 2049
10  FO 5522 2106
23
50  SPL 2555 1708
30  FO 2619 2139
10  FO 2720 2043
24
50  FO 2552 2065
30  SPL 2646 1726
10  FO 2965 2090
25
50  FO 2372 2074
30  FO 2381 2035
10  FO 2458 2110
26
50  SPL 1913 1719
30  FO 2225 2048
10  FO 2312 2114
27
50  FO 3759 2055
30  SPL 4400 1709
10  FO 4467 2109
28
50  FO 4134 2127
30  FO 4747 2066
10  FO 4991 2079
29
50  FO 4128 2067
30  FO 4135 2060
10  SPL 4667 1711
30
50  SPL 3484 1689
30  SPL 3934 1666
10  FO 4253 2121
31
80  SPL 3483 1698
40  SPL 3735 1649
0  SPL 4627 1648
32
80  FO 3047 2077
40  FO 3414 2076
0  FO 4132 2132
33
80  FO 2181 2139
40  FO 2381 2078
0  FO 2700 2043
34
80  FO 3806 2120
35
50  FO 2208 2035
30  SPL 2331 1690
10  SPL 2492 1713
36
50  SPL 1860 1670
30  FO 2122 2104
10  FO 2222 2048
37
50  SPL 4055 1739
30  FO 4659 2109
10  SPL 4759 1709
38
50  SPL 3981 1705
30  FO 4043 2127
10  SPL 4577 1671
39
50  SPL 3246 1718
30  SPL 3531 1720
10  FO 3744 2036
40
50  FO 3906 2053
30  SPL 4193 1727
41
50  SPL 3366 1697
30  FO 3459 2061
10  SPL 3625 1649
42
50  FO 2884 2094
30  FO 3478 2076
10  SPL 3697 1680
43
50  SPL 2652 1672
30  FO 2740 2139
10  SPL 3321 1715
44
50  SPL 3371 1699
30  SPL 3403 1726
10  SPL 3452 1662
45
50  SPL 2033 1687
30  SPL 2546 1738
10  SPL 2765 1728
46
50  SPL 2422 1653
30  FO 2462 2104
10  FO 2484 2130
47
50  FO 4008 2055
30  SPL 5018 1652
10  SPL 5207 1663
48
50  FO 4576 2066
30  SPL 5462 1700
10  FO 6287 2137
49
50  FO 4431 2092
30  FO 4695 2071
10  FO 5006 2099
50
50  FO 4110 2053
30  SPL 4475 1666
10  FO 4971 2047
51
50  FO 3932 2061
30  SPL 4402 1712
10  SPL 4475 1664
52
50  FO 3541 2077
30  FO 3725 2094
10  FO 4119 2132
53
50  FO 14008 1854
30  SPL 18907 1804
54
50  SPL 9289 1796
30  FO 9738 1838
55
50  FO 19576 1843
30  SPL 20778 1798
56
50  FO 18719 1846
57
50  FO 15307 1849
30  SPL 17312 1800
58
50  FO 14984 1850
30  SPL 15425 1801
59
50  SPL 13914 1802
30  FO 15100 1853
61
50  SPL 13256 1803
SCORE:FO,SPL,2950,2380,57.0
