FO-WM
1
50  FO 10771 2035
30  WM 11381 409
10  FO 12495 2122
2
50  WM 9257 442
30  WM 10290 397
10  FO 10637 2042
3
50  FO 8237 2055
30  WM 9647 413
10  WM 10400 421
4
50  WM 8102 420
30  FO 8422 2127
10  FO 9837 2079
5
50  WM 7746 354
30  FO 8487 2036
10  WM 8813 396
6
50  FO 8478 2053
30  FO 8720 2121
10  WM 9098 366
7
50  WM 7315 362
30  FO 7744 2061
10  WM 7745 395
8
50  FO 6400 2077
30  WM 6781 429
10  FO 6997 2094
9
50  WM 2723 424
30  FO 3181 2050
10  FO 4028 2064
10
50  FO 2470 2128
30  FO 2776 2049
10  WM 2822 399
11
50  FO 2071 2043
30  FO 2090 2078
10  WM 2259 410
12
50  WM 1872 422
30  FO 1906 2065
10  WM 2007 398
13
50  WM 4088 368
30  FO 4515 2110
10  WM 4529 356
14
50  WM 3604 344
30  WM 3605 370
10  WM 3615 442
15
50  WM 3354 413
30  WM 3712 392
10  WM 3790 421
16
50  WM 3172 419
30  WM 3212 420
10  FO 3571 2066
17
50  WM 6889 447
30  FO 7118 2036
10  FO 7692 2071
18
50  WM 6745 449
30  FO 7319 2121
10  FO 7333 2053
19
50  WM 6491 362
30  FO 6721 2061
10  WM 6744 395
20
50  FO 5738 2077
30  FO 5938 2094
10  FO 6503 2076
21
50  WM 3807 424
30  FO 3857 2050
10  WM 4444 369
22
50  FO 2925 2128
30  WM 3663 399
10  FO 3814 2049
23
50  FO 2619 2139
30  FO 2720 2043
10  FO 2837 2078
24
50  WM 2235 422
30  WM 2456 398
10  FO 2552 2065
25
50  WM 2297 368
30  FO 2372 2074
10  FO 2381 2035
26
50  WM 1956 357
30  WM 2032 442
10  FO 2225 2048
27
50  FO 3759 2055
30  FO 4467 2109
10  WM 4469 421
28
50  WM 3978 419
30  FO 4134 2127
10  WM 4551 426
29
50  WM 3591 447
30  WM 3647 354
10  WM 4010 444
30
50  WM 3774 449
30  WM 4159 366
10  FO 4253 2121
31
80  WM 3342 362
40  WM 3633 395
0  WM 3985 382
32
80  FO 3047 2077
40  FO 3414 2076
0  WM 4063 339
33
80  FO 2181 2139
40  FO 2381 2078
0  FO 2700 2043
34
80  WM 2535 422
40  WM 3318 434
0  FO 3806 2120
35
50  WM 2172 368
30  FO 2208 2035
10  WM 2301 435
36
50  WM 1782 370
30  WM 1856 344
10  FO 2122 2104
37
50  WM 3887 413
30  WM 4606 392
10  FO 4659 2109
38
50  WM 3441 419
30  FO 4043 2127
10  WM 5119 426
39
50  FO 3744 2036
30  WM 3809 447
10  WM 3952 428
40
50  FO 3906 2053
41
50  FO 3459 2061
30  FO 5570 2039
42
50  WM 2804 429
30  FO 2884 2094
10  WM 3032 418
43
50  FO 2740 2139
30  WM 2913 410
10  FO 3895 2097
44
50  WM 3271 398
30  WM 3397 373
10  WM 4166 380
45
50  WM 2656 425
30  WM 2820 409
10  FO 2901 2110
46
50  WM 2401 397
30  WM 2450 361
10  FO 2462 2104
47
50  FO 4008 2055
30  FO 5244 2109
10  WM 5535 342
48
50  WM 4140 420
30  FO 4576 2066
10  WM 5713 376
49
50  WM 3902 354
30  WM 4207 396
10  FO 4431 2092
50
50  FO 4110 2053
30  WM 4287 449
10  FO 4971 2047
51
50  FO 3932 2061
30  WM 4555 382
10  WM 5679 416
52
50  FO 3541 2077
30  WM 3656 429
10  FO 3725 2094
53
50  FO 14008 1854
30  WM 18189 1662
54
50  FO 9738 1838
30  WM 11382 1658
55
50  FO 19576 1843
56
50  FO 18719 1846
57
50  FO 15307 1849
58
50  FO 14984 1850
59
50  WM 14150 1660
30  FO 15100 1853
61
50  WM 14309 1661
SCORE:FO,WM,2420,2820,-40.0
