FO-WH
1
50  WH 9640 1193
30  FO 10771 2035
10  WH 11865 1245
2
50  WH 10577 1271
30  FO 10637 2042
10  WH 10928 1228
3
50  FO 8237 2055
30  WH 8247 1194
10  WH 9784 1222
4
50  FO 8422 2127
30  WH 9193 1192
10  FO 9837 2079
5
50  WH 7892 1191
30  FO 8487 2036
10  WH 9129 1190
6
50  FO 8478 2053
30  FO 8720 2121
10  WH 10114 1226
7
50  FO 7744 2061
30  WH 8651 1276
8
50  FO 6400 2077
30  FO 6997 2094
10  FO 7566 2076
9
50  FO 3181 2050
30  WH 3735 1229
10  FO 4028 2064
10
50  FO 2470 2128
30  FO 2776 2049
10  FO 3569 2106
11
50  WH 2018 1188
30  FO 2071 2043
10  FO 2090 2078
12
50  FO 1906 2065
30  FO 2293 2107
10  FO 2300 2101
13
50  FO 4515 2110
30  WH 4773 1288
10  WH 4802 1239
14
50  WH 4037 1228
30  FO 4140 2042
10  FO 4351 2088
15
50  WH 3344 1194
30  WH 3856 1222
10  WH 3993 1176
16
50  FO 3571 2066
30  WH 3582 1197
10  WH 3814 1205
17
50  FO 7118 2036
30  FO 7692 2071
10  WH 7845 1178
18
50  WH 6598 1277
30  FO 7319 2121
10  FO 7333 2053
19
50  FO 6721 2061
30  WH 6868 1187
10  WH 7183 1240
20
50  FO 5738 2077
30  FO 5938 2094
10  FO 6503 2076
21
50  FO 3857 2050
30  FO 4878 2143
10  WH 5483 1229
22
50  FO 2925 2128
30  FO 3814 2049
10  FO 5522 2106
23
50  WH 2603 1188
30  FO 2619 2139
10  FO 2720 2043
24
50  FO 2552 2065
30  FO 2965 2090
10  FO 3384 2124
25
50  WH 2213 1193
30  WH 2308 1245
10  FO 2372 2074
26
50  FO 2225 2048
30  FO 2312 2114
10  WH 2321 1271
27
50  FO 3759 2055
30  WH 3950 1194
10  FO 4467 2109
28
50  FO 4134 2127
30  WH 4251 1192
10  WH 4716 1197
29
50  WH 3513 1191
30  WH 4098 1178
10  FO 4128 2067
30
50  WH 3788 1277
30  FO 4253 2121
10  FO 4432 2047
31
80  WH 3613 1240
40  WH 3877 1187
0  WH 4647 1264
32
80  FO 3047 2077
40  FO 3414 2076
0  WH 3597 1247
33
80  FO 2181 2139
40  FO 2381 2078
0  FO 2700 2043
34
80  FO 3806 2120
35
50  WH 2132 1245
30  FO 2208 2035
10  FO 2598 2122
36
50  WH 1815 1189
30  FO 2122 2104
10  WH 2148 1228
37
50  FO 4659 2109
30  FO 4838 2051
10  WH 4920 1176
38
50  FO 4043 2127
30  WH 4260 1192
10  WH 4851 1221
39
50  WH 3611 1191
30  FO 3744 2036
10  FO 3968 2060
40
50  FO 3906 2053
30  WH 4022 1274
41
50  FO 3459 2061
30  WH 3517 1187
10  WH 3852 1276
42
50  FO 2884 2094
30  FO 3478 2076
10  WH 3502 1280
43
50  FO 2740 2139
30  WH 3268 1188
10  WH 3453 1279
45
50  WH 2335 1193
30  WH 2814 1281
10  FO 2901 2110
46
50  WH 2147 1271
30  WH 2444 1189
10  FO 2462 2104
47
50  FO 4008 2055
30  FO 5244 2109
10  WH 5269 1195
48
50  FO 4576 2066
30  WH 5403 1197
10  WH 5668 1179
49
50  WH 4345 1220
30  FO 4431 2092
10  WH 4565 1178
50
50  WH 3827 1277
30  FO 4110 2053
10  WH 4859 1206
51
50  FO 3932 2061
30  WH 4341 1240
10  WH 4961 1196
52
50  FO 3541 2077
30  FO 3725 2094
10  WH 4106 1280
53
50  FO 14008 1854
30  WH 24955 1733
54
50  FO 9738 1838
30  WH 11963 1734
55
50  FO 19576 1843
30  WH 28845 1735
56
50  FO 18719 1846
30  WH 27833 1736
57
50  FO 15307 1849
30  WH 23321 1737
58
50  FO 14984 1850
30  WH 21021 1738
59
50  FO 15100 1853
61
50  WH 15727 1739
SCORE:FO,WH,3130,2100,103.0
