FO-WAW
1
50  WAW 9200 1022
30  FO 10771 2035
10  WAW 11537 930
2
50  WAW 8528 1033
30  FO 10637 2042
10  WAW 10693 964
3
50  FO 8237 2055
30  WAW 9045 931
10  WAW 9818 950
4
50  WAW 7781 940
30  FO 8422 2127
10  FO 9837 2079
5
50  WAW 7833 908
30  FO 8487 2036
10  WAW 8719 1004
6
50  WAW 6684 904
30  WAW 7572 1032
10  FO 8478 2053
7
50  WAW 7606 975
30  FO 7744 2061
10  WAW 10288 957
8
50  WAW 6267 1012
30  FO 6400 2077
10  FO 6997 2094
9
50  WAW 2516 959
30  FO 3181 2050
10  FO 4028 2064
10
50  FO 2470 2128
30  WAW 2569 916
10  FO 2776 2049
11
50  WAW 1876 1021
30  FO 2071 2043
10  FO 2090 2078
12
50  FO 1906 2065
30  WAW 2056 961
10  WAW 2233 956
13
50  WAW 3626 939
30  FO 4515 2110
10  FO 4844 2074
14
50  WAW 3897 964
30  WAW 4081 996
10  FO 4140 2042
15
50  WAW 3166 938
30  WAW 4014 950
10  WAW 4039 918
16
50  FO 3571 2066
30  FO 3901 2100
10  FO 4127 2137
17
50  WAW 7038 929
30  FO 7118 2036
10  FO 7692 2071
18
50  WAW 6524 1030
30  FO 7319 2121
10  FO 7333 2053
19
50  FO 6721 2061
30  WAW 7012 975
10  WAW 8919 957
20
50  FO 5738 2077
30  FO 5938 2094
10  FO 6503 2076
21
50  WAW 3312 959
30  FO 3857 2050
10  FO 4878 2143
22
50  FO 2925 2128
30  WAW 3255 916
10  FO 3814 2049
23
50  WAW 2516 1021
30  FO 2619 2139
10  FO 2720 2043
24
50  FO 2552 2065
30  WAW 2659 902
10  WAW 2953 956
25
50  WAW 2369 906
30  FO 2372 2074
10  FO 2381 2035
26
50  WAW 1809 915
30  FO 2225 2048
10  WAW 2300 996
27
50  FO 3759 2055
30  WAW 4452 918
10  FO 4467 2109
28
50  WAW 3533 940
30  FO 4134 2127
10  FO 4747 2066
29
50  WAW 3721 929
30  FO 4128 2067
10  FO 4135 2060
30
50  WAW 3430 1030
30  FO 4253 2121
10  FO 4432 2047
31
80  FO 4765 2039
40  WAW 5869 1018
32
80  FO 3047 2077
40  WAW 3298 976
0  WAW 3409 948
33
80  FO 2181 2139
40  FO 2381 2078
0  FO 2700 2043
34
80  FO 3806 2120
35
50  FO 2208 2035
30  WAW 2463 906
10  FO 2598 2122
36
50  WAW 1765 915
30  FO 2122 2104
10  FO 2222 2048
37
50  WAW 3497 938
30  WAW 4319 970
10  FO 4659 2109
38
50  WAW 3681 940
30  FO 4043 2127
10  FO 5475 2079
39
50  FO 3744 2036
30  FO 3968 2060
10  WAW 3972 1004
40
50  WAW 2938 904
30  FO 3906 2053
10  WAW 4697 951
41
50  FO 3459 2061
30  WAW 3582 971
10  FO 5570 2039
42
50  FO 2884 2094
30  WAW 2976 976
10  WAW 3246 1026
43
50  WAW 2456 1021
30  FO 2740 2139
10  FO 3895 2097
44
50  WAW 3223 902
30  WAW 4112 945
45
50  WAW 2035 1022
30  WAW 2119 939
10  WAW 2477 930
46
50  WAW 1937 1033
30  FO 2462 2104
10  FO 2484 2130
47
50  FO 4008 2055
30  WAW 4628 931
10  WAW 4840 950
48
50  FO 4576 2066
30  WAW 5776 998
10  FO 6287 2137
49
50  WAW 4032 908
30  FO 4431 2092
10  WAW 4501 909
50
50  WAW 3637 1032
30  FO 4110 2053
10  WAW 4833 943
51
50  FO 3932 2061
30  WAW 3975 971
10  WAW 4857 957
52
50  WAW 3347 1012
30  FO 3541 2077
10  FO 3725 2094
53
50  FO 14008 1854
30  WAW 14403 1722
54
50  FO 9738 1838
30  WAW 9827 1709
55
50  WAW 16351 1711
30  FO 19576 1843
56
50  WAW 15537 1713
30  FO 18719 1846
57
50  WAW 14803 1715
30  FO 15307 1849
58
50  FO 14984 1850
30  WAW 30791 1717
59
50  WAW 13606 1718
30  FO 15100 1853
60
50  WAW 11946 1720
61
50  WAW 11575 1721
SCORE:FO,WAW,2590,2820,-23.0
