FO-WV
1
50  WV 9634 3126
30  FO 10771 2035
10  WV 10830 3164
2
50  WV 9582 3183
30  FO 10637 2042
10  WV 10834 3137
3
50  FO 8237 2055
30  WV 8547 3175
10  FO 10522 2051
4
50  FO 8422 2127
30  WV 9062 3187
10  FO 9837 2079
5
50  WV 8203 3127
30  FO 8487 2036
10  WV 9550 3188
6
50  WV 8053 3169
30  FO 8478 2053
10  FO 8720 2121
7
50  FO 7744 2061
30  WV 7778 3180
10  WV 8888 3143
8
50  FO 6400 2077
30  FO 6997 2094
10  FO 7566 2076
9
50  WV 2925 3155
30  FO 3181 2050
10  FO 4028 2064
10
50  FO 2470 2128
30  FO 2776 2049
10  FO 3569 2106
11
50  WV 1953 3125
30  FO 2071 2043
10  FO 2090 2078
12
50  FO 1906 2065
30  WV 2122 3186
10  WV 2162 3157
13
50  WV 3669 3126
30  WV 4250 3154
10  WV 4362 3173
14
50  WV 3866 3137
30  WV 4043 3183
10  FO 4140 2042
15
50  WV 3300 3175
30  WV 4409 3151
10  WV 4619 3159
16
50  FO 3571 2066
30  FO 3901 2100
10  FO 4127 2137
17
50  FO 7118 2036
30  FO 7692 2071
10  FO 8075 2092
18
50  WV 7144 3169
30  FO 7319 2121
10  FO 7333 2053
19
50  FO 6721 2061
30  WV 6813 3180
10  WV 8390 3142
20
50  FO 5738 2077
30  FO 5938 2094
10  FO 6503 2076
21
50  FO 3857 2050
30  WV 4028 3155
10  FO 4878 2143
22
50  FO 2925 2128
30  FO 3814 2049
10  WV 5456 3161
23
50  WV 2531 3125
30  FO 2619 2139
10  FO 2720 2043
24
50  FO 2552 2065
30  WV 2869 3157
10  FO 2965 2090
25
50  FO 2372 2074
30  FO 2381 2035
10  FO 2458 2110
26
50  FO 2225 2048
30  FO 2312 2114
10  FO 2352 2042
27
50  WV 3719 3175
30  FO 3759 2055
10  FO 4467 2109
28
50  FO 4134 2127
30  FO 4747 2066
10  FO 4991 2079
29
50  WV 3922 3127
30  FO 4128 2067
10  FO 4135 2060
30
50  FO 4253 2121
30  FO 4432 2047
10  FO 4922 2131
31
80  WV 4296 3143
40  WV 4431 3144
0  FO 4765 2039
32
80  FO 3047 2077
40  FO 3414 2076
0  FO 4132 2132
33
80  FO 2181 2139
40  FO 2381 2078
0  FO 2700 2043
34
80  WV 3246 3157
40  FO 3806 2120
0  WV 3944 3148
35
50  WV 2047 3126
30  WV 2066 3164
10  FO 2208 2035
36
50  WV 2003 3183
30  FO 2122 2104
10  FO 2222 2048
37
50  FO 4659 2109
30  FO 4838 2051
10  WV 5409 3151
38
50  FO 4043 2127
30  FO 5475 2079
10  WV 5762 3153
39
50  WV 3641 3127
30  FO 3744 2036
10  FO 3968 2060
40
50  WV 3619 3169
30  FO 3906 2053
41
50  FO 3459 2061
30  WV 4306 3163
10  WV 4394 3144
42
50  FO 2884 2094
30  FO 3478 2076
10  WV 3808 3162
43
50  FO 2740 2139
30  WV 3034 3125
10  WV 3416 3184
44
50  WV 2947 3186
30  WV 4212 3168
45
50  WV 2325 3173
30  WV 2512 3154
10  FO 2901 2110
46
50  FO 2462 2104
30  FO 2484 2130
10  FO 2653 2048
47
50  FO 4008 2055
30  WV 4675 3175
10  FO 5244 2109
48
50  FO 4576 2066
30  WV 5571 3153
10  FO 6287 2137
49
50  WV 4422 3127
30  FO 4431 2092
10  FO 4695 2071
50
50  FO 4110 2053
30  WV 4337 3169
10  FO 4971 2047
51
50  FO 3932 2061
30  WV 4218 3180
10  WV 4663 3143
52
50  FO 3541 2077
30  FO 3725 2094
10  FO 4119 2132
53
50  FO 14008 1854
30  WV 28353 1996
54
50  WV 9372 1991
30  FO 9738 1838
55
50  WV 16756 1993
30  FO 19576 1843
56
50  WV 16555 1994
30  FO 18719 1846
57
50  FO 15307 1849
58
50  FO 14984 1850
59
50  FO 15100 1853
61
50  WV 13737 1995
SCORE:FO,WV,3150,2150,100.0
