FR-CR
1
50  FR 9756 1771
30  FR 11123 1757
10  CR 11712 3318
2
50  CR 13265 3320
30  FR 14198 1805
3
50  FR 9077 1829
30  CR 9232 3319
10  FR 9742 1797
4
50  FR 7209 1825
30  CR 8600 3475
10  FR 10057 1800
5
50  FR 7641 1767
30  CR 8527 3299
10  FR 9555 1833
6
50  FR 8712 1781
30  FR 9324 1756
10  FR 9844 1831
7
50  FR 8011 1828
30  CR 9051 3476
10  FR 9367 1769
8
50  CR 6896 3314
30  CR 7457 3298
10  FR 7819 1749
9
50  CR 2966 3340
30  CR 2986 3297
10  CR 3035 3342
10
50  CR 3769 3292
30  CR 4727 3291
10  CR 5039 3468
11
50  FR 2003 1815
30  FR 2238 1778
10  FR 2335 1820
12
50  FR 2009 1740
30  FR 2057 1770
10  CR 2227 3313
13
50  FR 4397 1757
30  FR 4501 1786
10  FR 4539 1741
14
50  CR 4819 3320
30  CR 4867 3301
10  CR 4975 3317
15
50  FR 3487 1785
30  CR 3501 3319
10  FR 3761 1797
16
50  FR 2909 1825
30  CR 3247 3475
10  CR 3667 3315
17
50  CR 7574 3299
30  FR 8153 1833
10  FR 8839 1772
18
50  FR 7796 1831
30  FR 7883 1756
19
50  FR 6978 1828
30  CR 8297 3476
10  FR 8397 1769
20
50  CR 6211 3314
30  CR 6259 3298
10  FR 7289 1748
21
50  CR 3135 3340
30  CR 3330 3342
10  CR 3584 3297
22
50  FR 5597 1775
23
50  FR 2359 1815
30  FR 2628 1778
10  FR 2794 1820
24
50  FR 2369 1740
30  CR 2928 3313
10  FR 3435 1746
25
50  FR 2137 1771
30  CR 2378 3334
10  FR 2467 1799
26
50  FR 2488 1837
30  CR 2584 3337
10  CR 2898 3317
27
50  CR 4382 3319
30  FR 4456 1785
10  FR 4617 1797
28
50  CR 3958 3475
30  FR 4469 1826
10  FR 4849 1784
29
50  FR 3559 1767
30  CR 3934 3299
10  FR 4101 1833
30
50  FR 4107 1781
30  FR 4263 1831
31
80  FR 3485 1765
40  CR 4231 3476
0  FR 4595 1835
32
80  CR 3125 3314
40  FR 3537 1749
0  FR 3950 1748
33
80  FR 2371 1815
40  FR 2673 1820
0  FR 3068 1778
34
80  FR 2468 1740
40  FR 2562 1770
0  CR 3214 3313
35
50  FR 2038 1771
30  FR 2295 1786
10  FR 2337 1757
37
50  FR 4082 1785
30  FR 4656 1829
10  FR 4838 1758
38
50  FR 3378 1825
30  CR 3709 3475
10  CR 4460 3470
39
50  FR 3359 1767
30  CR 4012 3299
10  FR 4532 1783
40
50  FR 3883 1781
30  FR 3989 1756
10  FR 4378 1831
41
50  FR 3181 1765
30  FR 3494 1828
10  CR 3916 3476
42
50  CR 3003 3298
30  FR 3447 1749
43
50  FR 3201 1778
30  CR 3545 3332
10  FR 3810 1820
44
50  FR 2806 1770
30  FR 4503 1746
45
50  FR 2412 1771
30  FR 2652 1741
10  CR 2738 3321
46
50  CR 2711 3301
30  FR 2884 1794
10  FR 2992 1805
47
50  FR 4369 1829
30  CR 4747 3319
10  FR 5456 1821
48
50  FR 3828 1825
30  FR 5026 1800
10  FR 5087 1826
49
50  FR 4196 1767
30  FR 4599 1833
10  FR 4828 1783
50
50  FR 4141 1781
30  FR 5093 1756
51
50  FR 3700 1765
30  FR 4614 1769
10  FR 4743 1835
52
50  CR 3675 3314
30  CR 3995 3298
10  FR 4293 1748
53
50  FR 30704 1814
54
50  FR 11241 1805
30  CR 12468 2010
55
50  FR 23538 1808
56
50  FR 25100 1809
57
50  FR 15370 1811
58
50  CR 15619 2063
30  FR 15968 1812
59
50  CR 17846 2014
61
50  FR 12000 1813
SCORE:FR,CR,3400,1670,173.0
