FR-CC
1
50  FR 9756 1771
30  CC 10921 2939
10  FR 11123 1757
2
50  CC 8850 2949
30  FR 14198 1805
3
50  CC 8118 2938
30  CC 8262 2957
10  FR 9077 1829
4
50  FR 7209 1825
30  CC 8034 2948
10  FR 10057 1800
5
50  FR 7641 1767
30  CC 7882 2954
10  CC 9281 2937
6
50  CC 8156 2963
30  CC 8302 2944
10  FR 8712 1781
7
50  FR 8011 1828
30  FR 9367 1769
10  CC 9441 2943
8
50  CC 6620 2964
30  CC 7634 2934
10  FR 7819 1749
9
50  CC 3234 2960
30  FR 4226 1823
10  FR 5019 1798
10
50  FR 6518 1775
11
50  FR 2003 1815
30  FR 2238 1778
10  CC 2302 2951
12
50  CC 1919 2950
30  FR 2009 1740
10  FR 2057 1770
13
50  CC 4125 2959
30  FR 4397 1757
10  FR 4501 1786
14
50  CC 4768 2941
30  CC 4781 2953
10  CC 4785 2936
15
50  CC 3222 2938
30  CC 3295 2957
10  CC 3450 2965
16
50  FR 2909 1825
30  CC 3277 2948
10  FR 3730 1826
17
50  CC 7166 2937
30  CC 7925 2942
10  FR 8153 1833
18
50  CC 6925 2944
30  FR 7796 1831
10  FR 7883 1756
19
50  FR 6978 1828
30  FR 8397 1769
10  FR 8701 1824
20
50  CC 6203 2934
30  CC 7121 2935
10  FR 7289 1748
21
50  CC 2950 2960
30  FR 4902 1798
10  FR 6624 1823
22
50  FR 5597 1775
23
50  FR 2359 1815
30  FR 2628 1778
10  CC 2725 2951
24
50  FR 2369 1740
30  CC 2439 2950
10  FR 3435 1746
25
50  FR 2137 1771
30  CC 2207 2939
10  CC 2372 2958
26
50  CC 1737 2949
30  FR 2488 1837
10  CC 2684 2953
27
50  CC 4340 2965
30  FR 4456 1785
10  FR 4617 1797
28
50  FR 4469 1826
30  FR 4849 1784
10  FR 5253 1780
29
50  FR 3559 1767
30  FR 4101 1833
10  CC 4219 2937
30
50  CC 3806 2944
30  CC 3850 2963
10  FR 4107 1781
31
80  FR 3485 1765
40  FR 4595 1835
0  CC 4707 2943
32
80  CC 3128 2964
40  CC 3500 2934
0  FR 3537 1749
33
80  FR 2371 1815
40  FR 2673 1820
0  FR 3068 1778
34
80  FR 2468 1740
40  CC 2484 2950
0  FR 2562 1770
35
50  FR 2038 1771
30  FR 2295 1786
10  FR 2337 1757
36
50  CC 1658 2949
30  CC 2789 2941
37
50  CC 3522 2938
30  CC 3640 2957
10  FR 4082 1785
38
50  FR 3378 1825
30  CC 3847 2948
10  FR 4474 1784
39
50  FR 3359 1767
30  CC 3449 2954
10  CC 3895 2942
40
50  CC 3527 2944
30  FR 3883 1781
10  FR 3989 1756
41
50  FR 3181 1765
30  FR 3494 1828
10  CC 4125 2943
42
50  CC 2822 2964
30  CC 3266 2934
10  FR 3447 1749
43
50  CC 3131 2951
30  FR 3201 1778
10  FR 3810 1820
44
50  FR 2806 1770
30  CC 2945 2950
10  FR 4503 1746
45
50  FR 2412 1771
30  CC 2420 2939
10  CC 2485 2958
46
50  CC 2719 2936
30  CC 2841 2941
10  FR 2884 1794
47
50  FR 4369 1829
30  CC 4600 2965
10  FR 5456 1821
48
50  FR 3828 1825
30  CC 4097 2948
10  FR 5026 1800
49
50  CC 3807 2954
30  FR 4196 1767
10  CC 4456 2942
50
50  CC 4108 2963
30  FR 4141 1781
10  FR 5093 1756
51
50  FR 3700 1765
30  FR 4614 1769
10  FR 4743 1835
52
50  CC 3294 2964
30  FR 4293 1748
10  CC 4506 2947
53
50  FR 30704 1814
54
50  FR 11241 1805
55
50  FR 23538 1808
56
50  CC 19707 1970
30  FR 25100 1809
57
50  FR 15370 1811
30  CC 15841 1971
58
50  FR 15968 1812
59
50  CC 13789 1972
61
50  FR 12000 1813
SCORE:FR,CC,2760,2400,36.0
