FR-CASC
1
50  FR 9756 1771
30  CASC 10350 2559
10  FR 11123 1757
2
50  FR 14198 1805
3
50  CASC 8249 2560
30  FR 9077 1829
10  CASC 9192 2568
4
50  FR 7209 1825
30  CASC 9625 2570
10  CASC 9843 2565
5
50  FR 7641 1767
30  FR 9555 1833
10  FR 9581 1772
6
50  FR 8712 1781
30  FR 9324 1756
10  FR 9844 1831
7
50  CASC 7566 2596
30  FR 8011 1828
10  FR 9367 1769
8
50  CASC 6676 2589
30  CASC 7000 2582
10  CASC 7362 2566
9
50  CASC 4132 2558
30  FR 4226 1823
10  FR 5019 1798
10
50  FR 6518 1775
11
50  FR 2003 1815
30  FR 2238 1778
10  FR 2335 1820
12
50  CASC 1967 2569
30  FR 2009 1740
10  FR 2057 1770
13
50  FR 4397 1757
30  FR 4501 1786
10  FR 4539 1741
14
50  CASC 3920 2567
30  CASC 4271 2592
10  CASC 4516 2564
15
50  CASC 3326 2560
30  CASC 3459 2595
10  FR 3487 1785
16
50  FR 2909 1825
30  CASC 3723 2565
10  FR 3730 1826
17
50  FR 8153 1833
30  FR 8839 1772
10  FR 8850 1783
18
50  FR 7796 1831
30  FR 7883 1756
19
50  FR 6978 1828
30  CASC 7263 2581
10  FR 8397 1769
20
50  CASC 5976 2589
30  CASC 6106 2585
10  CASC 6517 2593
21
50  CASC 4897 2558
30  FR 4902 1798
10  FR 6624 1823
22
50  FR 5597 1775
23
50  FR 2359 1815
30  FR 2628 1778
10  FR 2794 1820
24
50  FR 2369 1740
30  CASC 2707 2569
10  CASC 2839 2571
25
50  FR 2137 1771
30  CASC 2255 2559
10  FR 2467 1799
26
50  CASC 2159 2567
30  CASC 2461 2561
10  FR 2488 1837
27
50  CASC 4156 2595
30  CASC 4365 2568
10  FR 4456 1785
28
50  FR 4469 1826
30  FR 4849 1784
10  CASC 5026 2573
29
50  FR 3559 1767
30  FR 4101 1833
10  FR 5399 1783
30
50  FR 4107 1781
30  FR 4263 1831
31
80  CASC 3307 2596
40  FR 3485 1765
0  CASC 3897 2581
32
80  CASC 3368 2582
40  CASC 3454 2593
0  CASC 3535 2585
33
80  FR 2371 1815
40  FR 2673 1820
0  FR 3068 1778
34
80  FR 2468 1740
40  FR 2562 1770
0  FR 4457 1789
35
50  FR 2038 1771
30  CASC 2100 2559
10  FR 2295 1786
36
50  CASC 2600 2561
30  CASC 2771 2592
10  CASC 2843 2564
37
50  CASC 3762 2560
30  FR 4082 1785
10  FR 4656 1829
38
50  FR 3378 1825
30  FR 4474 1784
10  FR 5282 1800
39
50  FR 3359 1767
30  FR 4532 1783
10  FR 4562 1742
40
50  FR 3883 1781
30  FR 3989 1756
10  FR 4378 1831
41
50  FR 3181 1765
30  CASC 3334 2596
10  FR 3494 1828
42
50  CASC 3113 2593
30  CASC 3183 2585
10  CASC 3367 2566
43
50  FR 3201 1778
30  FR 3810 1820
10  CASC 4173 2590
44
50  CASC 2689 2569
30  FR 2806 1770
10  FR 4503 1746
45
50  FR 2412 1771
30  CASC 2417 2559
10  FR 2652 1741
46
50  CASC 2299 2567
30  CASC 2747 2592
10  CASC 2795 2561
47
50  FR 4369 1829
30  CASC 4506 2568
10  CASC 4766 2595
48
50  FR 3828 1825
30  CASC 4834 2565
10  FR 5026 1800
49
50  FR 4196 1767
30  FR 4599 1833
10  FR 4828 1783
50
50  FR 4141 1781
30  FR 5093 1756
51
50  FR 3700 1765
30  CASC 4516 2594
10  CASC 4555 2581
52
50  CASC 3417 2589
30  CASC 3541 2585
10  CASC 3601 2593
53
50  FR 30704 1814
54
50  FR 11241 1805
30  CASC 12204 1913
55
50  FR 23538 1808
56
50  CASC 18359 1914
30  FR 25100 1809
57
50  CASC 14158 1915
30  FR 15370 1811
58
50  FR 15968 1812
30  CASC 16135 1917
61
50  FR 12000 1813
30  CASC 12488 1918
SCORE:FR,CASC,3110,2040,107.0
