FR-FV
1
50  FR 9756 1771
30  FV 10025 3349
10  FR 11123 1757
2
50  FV 10634 3383
30  FR 14198 1805
3
50  FV 8790 3380
30  FR 9077 1829
10  FV 9695 3377
4
50  FR 7209 1825
30  FR 10057 1800
10  FR 10463 1784
5
50  FR 7641 1767
30  FV 8295 3351
10  FV 8941 3381
6
50  FR 8712 1781
30  FR 9324 1756
10  FR 9844 1831
7
50  FR 8011 1828
30  FR 9367 1769
10  FR 10173 1824
8
50  FV 7139 3384
30  FV 7577 3364
10  FR 7819 1749
9
50  FV 3222 3343
30  FR 4226 1823
10  FR 5019 1798
10
50  FV 3344 3360
30  FR 6518 1775
11
50  FR 2003 1815
30  FV 2181 3382
10  FV 2232 3344
12
50  FR 2009 1740
30  FR 2057 1770
10  FV 2238 3368
13
50  FR 4397 1757
30  FV 4412 3375
10  FR 4501 1786
14
50  FV 4650 3369
30  FV 4814 3366
10  FV 4909 3346
15
50  FR 3487 1785
30  FV 3525 3380
10  FR 3761 1797
16
50  FR 2909 1825
30  FR 3730 1826
10  FV 3762 3359
17
50  FV 7303 3351
30  FV 7582 3352
10  FR 8153 1833
18
50  FR 7796 1831
30  FR 7883 1756
19
50  FR 6978 1828
30  FR 8397 1769
10  FV 8631 3373
20
50  FV 6359 3384
30  FV 6653 3355
10  FV 6853 3358
21
50  FV 3926 3343
30  FR 4902 1798
10  FR 6624 1823
22
50  FR 5597 1775
30  FV 5770 3360
23
50  FR 2359 1815
30  FR 2628 1778
10  FV 2641 3344
24
50  FR 2369 1740
30  FR 3435 1746
10  FV 3748 3374
25
50  FV 2089 3349
30  FR 2137 1771
10  FR 2467 1799
26
50  FV 2464 3369
30  FR 2488 1837
10  FV 2878 3366
27
50  FV 4028 3380
30  FR 4456 1785
10  FV 4595 3377
28
50  FR 4469 1826
30  FV 4766 3359
10  FR 4849 1784
29
50  FR 3559 1767
30  FV 3738 3351
10  FR 4101 1833
30
50  FR 4107 1781
30  FR 4263 1831
10  FV 5003 3367
31
80  FR 3485 1765
40  FR 4595 1835
0  FR 4778 1812
32
80  FV 3475 3364
40  FV 3512 3384
0  FR 3537 1749
33
80  FR 2371 1815
40  FR 2673 1820
0  FR 3068 1778
34
80  FR 2468 1740
40  FR 2562 1770
0  FV 3213 3368
35
50  FV 1908 3349
30  FR 2038 1771
10  FR 2295 1786
36
50  FV 2340 3383
30  FV 3039 3372
37
50  FR 4082 1785
30  FV 4444 3380
10  FV 4509 3362
38
50  FR 3378 1825
30  FR 4474 1784
10  FV 5006 3359
39
50  FR 3359 1767
30  FV 3577 3351
10  FV 3887 3352
40
50  FR 3883 1781
30  FR 3989 1756
10  FR 4378 1831
41
50  FR 3181 1765
30  FR 3494 1828
10  FR 4517 1769
42
50  FV 3234 3384
30  FV 3381 3358
10  FR 3447 1749
43
50  FR 3201 1778
30  FV 3579 3382
10  FR 3810 1820
44
50  FR 2806 1770
30  FV 3925 3368
10  FR 4503 1746
45
50  FR 2412 1771
30  FR 2652 1741
10  FR 2765 1757
46
50  FV 2665 3383
30  FV 2806 3363
10  FR 2884 1794
47
50  FR 4369 1829
30  FV 5371 3377
10  FR 5456 1821
48
50  FR 3828 1825
30  FR 5026 1800
10  FR 5087 1826
49
50  FR 4196 1767
30  FV 4203 3352
10  FR 4599 1833
50
50  FR 4141 1781
30  FR 5093 1756
10  FV 5175 3367
51
50  FR 3700 1765
30  FR 4614 1769
10  FR 4743 1835
52
50  FR 4293 1748
30  FV 4388 3355
10  FV 4463 3364
53
50  FR 30704 1814
54
50  FR 11241 1805
30  FV 11293 2015
55
50  FV 20352 2016
30  FR 23538 1808
56
50  FV 19896 2017
30  FR 25100 1809
57
50  FR 15370 1811
30  FV 17397 2018
58
50  FR 15968 1812
30  FV 17403 2019
59
50  FV 16759 2020
61
50  FR 12000 1813
SCORE:FR,FV,3300,2000,130.0
