FR-LCC
1
50  FR 9756 1771
30  FR 11123 1757
10  FR 11833 1799
2
50  FR 14198 1805
3
50  LCC 7247 2844
30  FR 9077 1829
10  FR 9742 1797
4
50  FR 7209 1825
30  LCC 7346 2868
10  FR 10057 1800
5
50  LCC 7149 2861
30  LCC 7241 2846
10  FR 7641 1767
6
50  LCC 8146 2867
30  FR 8712 1781
10  FR 9324 1756
7
50  LCC 6395 2845
30  FR 8011 1828
10  LCC 8620 2858
8
50  LCC 6350 2871
30  LCC 6572 2836
10  FR 7819 1749
9
50  FR 4226 1823
30  FR 5019 1798
10  FR 5146 1762
10
50  FR 6518 1775
11
50  FR 2003 1815
30  FR 2238 1778
10  LCC 2278 2859
12
50  FR 2009 1740
30  FR 2057 1770
10  LCC 2865 2837
13
50  LCC 3277 2869
30  FR 4397 1757
10  LCC 4483 2855
14
50  FR 5036 1794
30  FR 5071 1788
10  LCC 5203 2831
15
50  FR 3487 1785
30  FR 3761 1797
10  FR 3957 1819
16
50  LCC 2821 2868
30  FR 2909 1825
10  FR 3730 1826
17
50  LCC 6550 2862
30  LCC 8026 2829
10  FR 8153 1833
18
50  LCC 7280 2867
30  FR 7796 1831
10  FR 7883 1756
19
50  FR 6978 1828
30  FR 8397 1769
10  FR 8701 1824
20
50  LCC 5634 2836
30  LCC 5829 2835
10  LCC 6720 2870
21
50  LCC 4821 2842
30  FR 4902 1798
10  FR 6624 1823
22
50  FR 5597 1775
23
50  FR 2359 1815
30  FR 2628 1778
10  LCC 2705 2832
24
50  FR 2369 1740
30  FR 3435 1746
10  LCC 3932 2837
25
50  LCC 1880 2869
30  FR 2137 1771
10  FR 2467 1799
26
50  FR 2488 1837
30  LCC 2887 2831
10  FR 3885 1806
27
50  LCC 3373 2844
30  FR 4456 1785
10  FR 4617 1797
28
50  FR 4469 1826
30  FR 4849 1784
10  FR 5253 1780
29
50  LCC 3544 2862
30  FR 3559 1767
10  FR 4101 1833
30
50  FR 4107 1781
30  FR 4263 1831
10  LCC 4645 2847
31
80  FR 3485 1765
40  LCC 3887 2858
0  FR 4595 1835
32
80  LCC 2945 2871
40  FR 3537 1749
0  LCC 3756 2834
33
80  FR 2371 1815
40  FR 2673 1820
0  FR 3068 1778
34
80  FR 2468 1740
40  FR 2562 1770
0  FR 4457 1789
35
50  FR 2038 1771
30  FR 2295 1786
10  FR 2337 1757
37
50  LCC 3470 2844
30  FR 4082 1785
10  FR 4656 1829
38
50  FR 3378 1825
30  FR 4474 1784
10  FR 5282 1800
39
50  LCC 3019 2861
30  LCC 3026 2846
10  FR 3359 1767
40
50  FR 3883 1781
30  LCC 3952 2867
10  FR 3989 1756
41
50  LCC 2770 2845
30  FR 3181 1765
10  FR 3494 1828
42
50  LCC 2625 2871
30  LCC 3019 2835
10  LCC 3132 2851
43
50  FR 3201 1778
30  FR 3810 1820
44
50  FR 2806 1770
30  FR 4503 1746
45
50  FR 2412 1771
30  FR 2652 1741
10  FR 2765 1757
46
50  LCC 2716 2831
30  FR 2884 1794
10  FR 2992 1805
47
50  FR 4369 1829
30  LCC 5133 2860
10  FR 5456 1821
48
50  FR 3828 1825
30  FR 5026 1800
10  FR 5087 1826
49
50  LCC 3773 2861
30  LCC 3821 2846
10  FR 4196 1767
50
50  FR 4141 1781
30  FR 5093 1756
51
50  LCC 3654 2845
30  FR 3700 1765
10  FR 4614 1769
52
50  LCC 3518 2836
30  LCC 3734 2851
10  LCC 3784 2835
53
50  FR 30704 1814
54
50  FR 11241 1805
55
50  LCC 20217 1954
30  FR 23538 1808
56
50  FR 25100 1809
57
50  FR 15370 1811
30  LCC 16435 1955
58
50  FR 15968 1812
59
50  LCC 11929 1956
60
50  LCC 17576 1957
61
50  LCC 11533 1959
30  FR 12000 1813
SCORE:FR,LCC,3180,1920,126.0
