FR-PO
1
50  PO 9340 2358
30  FR 9756 1771
10  PO 10953 2304
2
50  PO 10430 2359
30  PO 12613 2389
10  PO 13970 2307
3
50  FR 9077 1829
30  FR 9742 1797
10  PO 9899 2336
4
50  FR 7209 1825
30  PO 9149 2391
10  FR 10057 1800
5
50  FR 7641 1767
30  FR 9555 1833
10  FR 9581 1772
6
50  PO 7628 2297
30  PO 7677 2366
10  FR 8712 1781
7
50  FR 8011 1828
30  PO 8925 2320
10  PO 8952 2319
8
50  PO 7191 2298
30  FR 7819 1749
10  PO 8889 2300
9
50  PO 2428 2293
30  PO 3240 2374
10  PO 3401 2365
10
50  PO 2596 2346
30  PO 3253 2322
10  PO 3576 2305
11
50  FR 2003 1815
30  PO 2096 2364
10  FR 2238 1778
12
50  FR 2009 1740
30  FR 2057 1770
10  PO 2075 2402
13
50  PO 3834 2317
30  FR 4397 1757
10  PO 4408 2304
14
50  PO 4212 2359
30  PO 4251 2389
10  PO 4348 2400
15
50  FR 3487 1785
30  FR 3761 1797
10  PO 3896 2336
16
50  FR 2909 1825
30  FR 3730 1826
10  PO 3749 2349
17
50  FR 8153 1833
30  PO 8416 2312
10  FR 8839 1772
18
50  PO 7672 2315
30  FR 7796 1831
10  FR 7883 1756
19
50  FR 6978 1828
30  PO 7177 2353
10  PO 7887 2356
20
50  PO 7108 2298
30  FR 7289 1748
10  PO 7330 2340
21
50  PO 3271 2378
30  PO 3409 2293
10  PO 3913 2303
22
50  PO 3458 2346
30  PO 3540 2322
10  PO 4746 2305
23
50  FR 2359 1815
30  PO 2579 2351
10  PO 2611 2330
24
50  FR 2369 1740
30  PO 2745 2345
10  PO 2847 2292
25
50  FR 2137 1771
30  PO 2181 2317
10  FR 2467 1799
26
50  FR 2488 1837
30  PO 2667 2307
10  PO 2954 2341
27
50  FR 4456 1785
30  FR 4617 1797
10  FR 5387 1821
28
50  FR 4469 1826
30  FR 4849 1784
10  PO 5190 2396
29
50  FR 3559 1767
30  FR 4101 1833
10  PO 4596 2361
30
50  PO 3426 2297
30  PO 3614 2366
10  FR 4107 1781
31
80  FR 3485 1765
40  PO 4090 2319
0  PO 4220 2320
32
80  FR 3537 1749
40  FR 3950 1748
0  PO 4094 2300
33
80  FR 2371 1815
40  FR 2673 1820
0  PO 2769 2364
34
80  FR 2468 1740
40  FR 2562 1770
0  PO 2833 2345
35
50  PO 1754 2358
30  PO 1951 2317
10  FR 2038 1771
36
50  PO 2003 2359
30  PO 2400 2400
10  PO 5197 2360
37
50  FR 4082 1785
30  FR 4656 1829
10  FR 4838 1758
38
50  FR 3378 1825
30  PO 4129 2391
10  FR 4474 1784
39
50  FR 3359 1767
30  PO 4303 2361
10  PO 4482 2312
40
50  PO 3357 2297
30  PO 3587 2366
10  FR 3883 1781
41
50  FR 3181 1765
30  FR 3494 1828
10  PO 3582 2353
42
50  PO 3243 2298
30  FR 3447 1749
10  PO 3741 2340
43
50  FR 3201 1778
30  PO 3567 2390
10  FR 3810 1820
44
50  FR 2806 1770
30  PO 3713 2355
10  FR 4503 1746
45
50  PO 2282 2358
30  FR 2412 1771
10  FR 2652 1741
46
50  PO 2697 2400
30  FR 2884 1794
10  FR 2992 1805
47
50  FR 4369 1829
30  PO 4839 2336
10  FR 5456 1821
48
50  FR 3828 1825
30  FR 5026 1800
10  FR 5087 1826
49
50  FR 4196 1767
30  FR 4599 1833
10  PO 4732 2342
50
50  FR 4141 1781
30  PO 4740 2331
10  PO 4829 2315
51
50  FR 3700 1765
30  PO 4338 2320
10  FR 4614 1769
52
50  PO 4268 2300
30  FR 4293 1748
53
50  PO 12839 1888
30  FR 30704 1814
54
50  PO 9464 1876
30  FR 11241 1805
55
50  PO 17012 1877
30  FR 23538 1808
56
50  PO 19939 1879
30  FR 25100 1809
57
50  FR 15370 1811
30  PO 19083 1881
58
50  FR 15968 1812
30  PO 16272 1882
59
50  PO 15543 1884
60
50  PO 13909 1886
61
50  FR 12000 1813
30  PO 12619 1887
SCORE:FR,PO,2940,2510,43.0
