FR-ROR
1
50  FR 9756 1771
30  ROR 9794 13
10  ROR 10469 56
2
50  ROR 10266 6
30  FR 14198 1805
3
50  ROR 7756 33
30  ROR 8009 14
10  FR 9077 1829
4
50  FR 7209 1825
30  ROR 7966 7
10  ROR 9978 43
5
50  ROR 7441 10
30  FR 7641 1767
10  FR 9555 1833
6
50  ROR 7169 27
30  ROR 8022 64
10  FR 8712 1781
7
50  ROR 7410 35
30  FR 8011 1828
10  ROR 9194 23
8
50  ROR 6656 68
30  FR 7819 1749
9
50  ROR 2537 63
30  ROR 3150 31
10  FR 4226 1823
10
50  ROR 3291 67
30  ROR 4050 39
10  ROR 5797 9
11
50  ROR 1994 48
30  FR 2003 1815
10  FR 2238 1778
12
50  FR 2009 1740
30  FR 2057 1770
10  ROR 2081 32
13
50  ROR 3966 15
30  ROR 3968 56
10  ROR 3978 13
14
50  ROR 4316 20
30  ROR 4440 40
10  ROR 4563 70
15
50  FR 3487 1785
30  FR 3761 1797
10  ROR 3890 42
16
50  FR 2909 1825
30  ROR 3175 36
10  FR 3730 1826
17
50  ROR 6372 47
30  ROR 7128 57
10  ROR 7938 18
18
50  ROR 6254 28
30  ROR 6944 64
10  FR 7796 1831
19
50  ROR 6487 35
30  FR 6978 1828
10  ROR 7791 24
20
50  ROR 5890 68
30  FR 7289 1748
21
50  ROR 2909 63
30  FR 4902 1798
10  FR 6624 1823
22
50  ROR 3997 67
30  ROR 5540 39
10  FR 5597 1775
23
50  FR 2359 1815
30  FR 2628 1778
10  ROR 2778 21
24
50  FR 2369 1740
30  ROR 2470 5
10  ROR 2659 49
25
50  ROR 2044 56
30  FR 2137 1771
10  ROR 2278 15
26
50  ROR 2088 26
30  FR 2488 1837
10  ROR 2765 12
27
50  ROR 3778 16
30  FR 4456 1785
10  FR 4617 1797
28
50  ROR 3850 36
30  FR 4469 1826
10  FR 4849 1784
29
50  FR 3559 1767
30  ROR 3806 57
10  FR 4101 1833
30
50  ROR 3847 25
30  FR 4107 1781
10  FR 4263 1831
31
80  FR 3485 1765
40  ROR 3550 35
0  ROR 3828 24
32
80  FR 3537 1749
40  FR 3950 1748
33
80  ROR 2116 34
40  FR 2371 1815
0  ROR 2636 48
34
80  ROR 2250 38
40  ROR 2288 5
0  FR 2468 1740
35
50  ROR 1889 61
30  FR 2038 1771
10  FR 2295 1786
36
50  ROR 1883 6
30  ROR 2194 26
10  ROR 2291 17
37
50  ROR 3327 33
30  ROR 3482 14
10  FR 4082 1785
38
50  FR 3378 1825
30  ROR 3441 7
10  FR 4474 1784
39
50  ROR 3241 10
30  FR 3359 1767
10  ROR 3500 18
40
50  ROR 3207 28
30  ROR 3788 25
10  FR 3883 1781
41
50  FR 3181 1765
30  FR 3494 1828
10  ROR 3589 23
42
50  FR 3447 1749
43
50  ROR 2875 34
30  FR 3201 1778
10  FR 3810 1820
44
50  ROR 2753 38
30  FR 2806 1770
10  ROR 3152 55
45
50  ROR 2326 61
30  FR 2412 1771
10  FR 2652 1741
46
50  ROR 2672 20
30  ROR 2881 17
10  FR 2884 1794
47
50  FR 4369 1829
30  ROR 5050 16
10  FR 5456 1821
48
50  FR 3828 1825
30  FR 5026 1800
10  FR 5087 1826
49
50  ROR 3527 47
30  FR 4196 1767
10  ROR 4453 22
50
50  ROR 3632 27
30  FR 4141 1781
10  FR 5093 1756
51
50  FR 3700 1765
30  FR 4614 1769
10  FR 4743 1835
52
50  ROR 3534 68
30  FR 4293 1748
53
50  FR 30704 1814
54
50  ROR 9445 1624
30  FR 11241 1805
55
50  ROR 18003 1627
30  FR 23538 1808
56
50  ROR 16518 1628
30  FR 25100 1809
57
50  ROR 13885 1629
30  FR 15370 1811
58
50  ROR 14409 1630
30  FR 15968 1812
59
50  ROR 12591 1631
60
50  ROR 12175 1632
61
50  FR 12000 1813
SCORE:FR,ROR,2240,3080,-84.0
