FR-RW
1
50  FR 9756 1771
30  RW 10009 718
10  FR 11123 1757
2
50  RW 8968 753
30  RW 9600 762
10  FR 14198 1805
3
50  RW 8982 725
30  FR 9077 1829
10  FR 9742 1797
4
50  FR 7209 1825
30  FR 10057 1800
10  FR 10463 1784
5
50  FR 7641 1767
30  RW 7908 773
10  RW 8319 735
6
50  RW 7729 752
30  FR 8712 1781
10  FR 9324 1756
7
50  RW 7459 772
30  FR 8011 1828
10  FR 9367 1769
8
50  RW 6948 733
30  RW 7027 763
10  RW 7268 742
9
50  RW 2557 688
30  RW 4166 684
10  FR 4226 1823
10
50  RW 3534 751
30  RW 4054 720
10  RW 4172 695
11
50  RW 1975 771
30  FR 2003 1815
10  FR 2238 1778
12
50  RW 1829 726
30  FR 2009 1740
10  RW 2055 696
13
50  RW 3735 718
30  RW 3906 701
10  FR 4397 1757
14
50  RW 3905 762
30  RW 4925 746
10  FR 5036 1794
15
50  FR 3487 1785
30  RW 3539 727
10  FR 3761 1797
16
50  FR 2909 1825
30  RW 3402 724
10  FR 3730 1826
17
50  RW 7229 735
30  FR 8153 1833
10  RW 8526 767
18
50  RW 6623 752
30  FR 7796 1831
10  FR 7883 1756
19
50  RW 6387 772
30  FR 6978 1828
10  FR 8397 1769
20
50  RW 5551 716
30  RW 5951 763
10  RW 6060 733
21
50  RW 3450 688
30  RW 4716 684
10  FR 4902 1798
22
50  RW 4079 695
30  RW 4291 751
10  FR 5597 1775
23
50  FR 2359 1815
30  FR 2628 1778
10  FR 2794 1820
24
50  FR 2369 1740
30  RW 2427 726
10  RW 2718 737
25
50  RW 1989 701
30  FR 2137 1771
10  RW 2244 715
26
50  RW 1908 753
30  RW 2256 749
10  FR 2488 1837
27
50  FR 4456 1785
30  RW 4563 743
10  FR 4617 1797
28
50  FR 4469 1826
30  RW 4728 724
10  FR 4849 1784
29
50  FR 3559 1767
30  RW 3721 735
10  FR 4101 1833
30
50  FR 4107 1781
30  FR 4263 1831
10  RW 5444 691
31
80  FR 3485 1765
40  RW 3927 722
0  FR 4595 1835
32
80  RW 3041 716
40  RW 3259 742
0  RW 3425 690
33
80  FR 2371 1815
40  RW 2497 771
0  FR 2673 1820
34
80  FR 2468 1740
40  FR 2562 1770
0  RW 2609 696
35
50  RW 1973 718
30  FR 2038 1771
10  FR 2295 1786
36
50  RW 1899 762
30  RW 2556 730
10  RW 2951 746
37
50  FR 4082 1785
30  RW 4372 686
10  FR 4656 1829
38
50  FR 3378 1825
30  RW 4420 736
10  FR 4474 1784
39
50  FR 3359 1767
30  RW 3435 773
10  RW 4221 767
40
50  FR 3883 1781
30  FR 3989 1756
10  FR 4378 1831
41
50  FR 3181 1765
30  RW 3266 772
10  FR 3494 1828
42
50  RW 2739 716
30  RW 2939 733
10  RW 3106 742
43
50  RW 2462 771
30  FR 3201 1778
10  FR 3810 1820
44
50  RW 2621 726
30  FR 2806 1770
10  RW 3435 748
45
50  RW 2351 701
30  FR 2412 1771
10  FR 2652 1741
46
50  RW 2123 753
30  FR 2884 1794
10  RW 2953 749
47
50  RW 4334 725
30  FR 4369 1829
10  RW 4809 727
48
50  FR 3828 1825
30  FR 5026 1800
10  FR 5087 1826
49
50  RW 3988 773
30  FR 4196 1767
10  FR 4599 1833
50
50  RW 4049 752
30  FR 4141 1781
10  RW 5058 691
51
50  FR 3700 1765
30  FR 4614 1769
10  RW 4707 722
52
50  RW 3837 763
30  RW 4031 710
10  FR 4293 1748
53
50  RW 17717 1691
30  FR 30704 1814
54
50  RW 10673 1686
30  FR 11241 1805
55
50  RW 18245 1687
30  FR 23538 1808
56
50  RW 19983 1688
30  FR 25100 1809
57
50  RW 15355 1689
30  FR 15370 1811
58
50  FR 15968 1812
61
50  FR 12000 1813
SCORE:FR,RW,2430,2870,-44.0
