FR-SPD
1
50  FR 9756 1771
30  SPD 10483 2543
10  FR 11123 1757
2
50  SPD 8459 2533
30  SPD 9968 2525
10  FR 14198 1805
3
50  FR 9077 1829
30  FR 9742 1797
10  SPD 10200 2513
4
50  FR 7209 1825
30  SPD 10001 2510
10  FR 10057 1800
5
50  FR 7641 1767
30  SPD 7938 2532
10  SPD 8957 2503
6
50  SPD 8395 2544
30  FR 8712 1781
10  FR 9324 1756
7
50  FR 8011 1828
30  FR 9367 1769
10  FR 10173 1824
8
50  FR 7819 1749
30  SPD 8953 2540
9
50  SPD 3385 2489
30  SPD 4118 2490
10  FR 4226 1823
10
50  FR 6518 1775
30  SPD 7354 2554
11
50  FR 2003 1815
30  FR 2238 1778
10  FR 2335 1820
12
50  FR 2009 1740
30  FR 2057 1770
10  FR 3118 1789
13
50  FR 4397 1757
30  FR 4501 1786
10  FR 4539 1741
14
50  SPD 3450 2533
30  SPD 4704 2520
10  FR 5036 1794
15
50  FR 3487 1785
30  FR 3761 1797
10  SPD 3909 2511
16
50  FR 2909 1825
30  SPD 3708 2553
10  SPD 3714 2510
17
50  SPD 6896 2532
30  FR 8153 1833
10  SPD 8813 2548
18
50  SPD 7106 2544
30  FR 7796 1831
10  FR 7883 1756
19
50  FR 6978 1828
30  SPD 8300 2539
10  FR 8397 1769
20
50  FR 7289 1748
30  SPD 7422 2552
21
50  SPD 3859 2489
30  SPD 3863 2490
10  FR 4902 1798
22
50  SPD 5433 2536
30  FR 5597 1775
10  SPD 7209 2554
23
50  FR 2359 1815
30  FR 2628 1778
10  FR 2794 1820
24
50  FR 2369 1740
30  FR 3435 1746
10  FR 3950 1814
25
50  FR 2137 1771
30  SPD 2138 2543
10  SPD 2449 2512
26
50  SPD 1891 2533
30  SPD 2140 2525
10  FR 2488 1837
27
50  FR 4456 1785
30  SPD 4615 2511
10  FR 4617 1797
28
50  FR 4469 1826
30  FR 4849 1784
10  SPD 4881 2509
29
50  FR 3559 1767
30  SPD 4043 2518
10  FR 4101 1833
30
50  FR 4107 1781
30  FR 4263 1831
10  SPD 4387 2508
31
80  FR 3485 1765
40  SPD 4170 2539
0  FR 4595 1835
32
80  FR 3537 1749
40  FR 3950 1748
0  SPD 4063 2552
33
80  FR 2371 1815
40  FR 2673 1820
0  FR 3068 1778
34
80  FR 2468 1740
40  FR 2562 1770
0  FR 4457 1789
35
50  FR 2038 1771
30  FR 2295 1786
10  FR 2337 1757
36
50  SPD 2102 2525
30  SPD 2956 2520
37
50  FR 4082 1785
30  SPD 4592 2550
10  FR 4656 1829
38
50  FR 3378 1825
30  FR 4474 1784
10  SPD 4631 2553
39
50  FR 3359 1767
30  SPD 3639 2532
10  SPD 3788 2503
40
50  SPD 3814 2544
30  FR 3883 1781
10  FR 3989 1756
41
50  FR 3181 1765
30  FR 3494 1828
10  SPD 4227 2539
42
50  FR 3447 1749
43
50  FR 3201 1778
30  FR 3810 1820
10  SPD 3899 2526
44
50  FR 2806 1770
30  FR 4503 1746
45
50  FR 2412 1771
30  FR 2652 1741
10  SPD 2703 2512
46
50  SPD 2083 2533
30  SPD 2428 2525
10  FR 2884 1794
47
50  FR 4369 1829
30  SPD 4937 2513
10  FR 5456 1821
48
50  FR 3828 1825
30  FR 5026 1800
10  SPD 5052 2510
49
50  FR 4196 1767
30  FR 4599 1833
10  SPD 4663 2547
50
50  FR 4141 1781
30  SPD 4334 2551
10  SPD 4456 2502
51
50  FR 3700 1765
30  FR 4614 1769
10  FR 4743 1835
52
50  FR 4293 1748
30  SPD 4607 2540
10  SPD 4683 2552
53
50  SPD 27334 1912
30  FR 30704 1814
54
50  FR 11241 1805
30  SPD 15415 1904
55
50  SPD 18900 1906
30  FR 23538 1808
56
50  FR 25100 1809
57
50  FR 15370 1811
30  SPD 16523 1907
58
50  SPD 15638 1908
30  FR 15968 1812
59
50  SPD 13778 1909
60
50  SPD 14566 1910
61
50  FR 12000 1813
30  SPD 17680 1911
SCORE:FR,SPD,3490,1850,164.0
