FR-WAW
1
50  WAW 9200 1022
30  FR 9756 1771
10  FR 11123 1757
2
50  WAW 8528 1033
30  WAW 10693 964
10  WAW 12492 926
3
50  WAW 9045 931
30  FR 9077 1829
10  FR 9742 1797
4
50  FR 7209 1825
30  WAW 7781 940
10  FR 10057 1800
5
50  FR 7641 1767
30  WAW 7833 908
10  WAW 8719 1004
6
50  WAW 6684 904
30  WAW 7572 1032
10  FR 8712 1781
7
50  WAW 7606 975
30  FR 8011 1828
10  FR 9367 1769
8
50  WAW 6267 1012
30  WAW 7387 1026
10  FR 7819 1749
9
50  WAW 2516 959
30  FR 4226 1823
10  WAW 4256 933
10
50  WAW 2569 916
30  WAW 3534 947
10  WAW 4040 932
11
50  WAW 1876 1021
30  FR 2003 1815
10  FR 2238 1778
12
50  FR 2009 1740
30  WAW 2056 961
10  FR 2057 1770
13
50  WAW 3626 939
30  FR 4397 1757
10  FR 4501 1786
14
50  WAW 3897 964
30  WAW 4081 996
10  WAW 4251 912
15
50  WAW 3166 938
30  FR 3487 1785
10  FR 3761 1797
16
50  FR 2909 1825
30  FR 3730 1826
10  FR 4046 1813
17
50  WAW 7038 929
30  WAW 7763 909
10  WAW 8048 1023
18
50  WAW 6524 1030
30  FR 7796 1831
10  FR 7883 1756
19
50  FR 6978 1828
30  WAW 7012 975
10  FR 8397 1769
20
50  WAW 6546 1026
30  WAW 7147 948
10  FR 7289 1748
21
50  WAW 3312 959
30  FR 4902 1798
10  WAW 4987 913
22
50  WAW 3255 916
30  WAW 3816 947
10  FR 5597 1775
23
50  FR 2359 1815
30  WAW 2516 1021
10  FR 2628 1778
24
50  FR 2369 1740
30  WAW 2659 902
10  WAW 2953 956
25
50  FR 2137 1771
30  WAW 2369 906
10  FR 2467 1799
26
50  WAW 1809 915
30  WAW 2300 996
10  WAW 2371 926
27
50  WAW 4452 918
30  FR 4456 1785
10  FR 4617 1797
28
50  WAW 3533 940
30  FR 4469 1826
10  FR 4849 1784
29
50  FR 3559 1767
30  WAW 3721 929
10  FR 4101 1833
30
50  WAW 3430 1030
30  FR 4107 1781
10  FR 4263 1831
31
80  FR 3485 1765
40  FR 4595 1835
0  FR 4778 1812
32
80  WAW 3298 976
40  WAW 3409 948
0  FR 3537 1749
33
80  FR 2371 1815
40  FR 2673 1820
0  FR 3068 1778
34
80  FR 2468 1740
40  FR 2562 1770
0  FR 4457 1789
35
50  FR 2038 1771
30  FR 2295 1786
10  FR 2337 1757
36
50  WAW 1765 915
30  WAW 2451 1031
37
50  WAW 3497 938
30  FR 4082 1785
10  WAW 4319 970
38
50  FR 3378 1825
30  WAW 3681 940
10  FR 4474 1784
39
50  FR 3359 1767
30  WAW 3972 1004
10  WAW 4388 991
40
50  WAW 2938 904
30  FR 3883 1781
10  FR 3989 1756
41
50  FR 3181 1765
30  FR 3494 1828
10  WAW 3582 971
42
50  WAW 2976 976
30  WAW 3246 1026
10  WAW 3267 968
43
50  WAW 2456 1021
30  FR 3201 1778
10  FR 3810 1820
44
50  FR 2806 1770
30  WAW 3223 902
10  WAW 4112 945
45
50  WAW 2035 1022
30  WAW 2119 939
10  FR 2412 1771
46
50  WAW 1937 1033
30  WAW 2572 912
10  FR 2884 1794
47
50  FR 4369 1829
30  WAW 4628 931
10  WAW 4840 950
48
50  FR 3828 1825
30  FR 5026 1800
10  FR 5087 1826
49
50  WAW 4032 908
30  FR 4196 1767
10  WAW 4501 909
50
50  WAW 3637 1032
30  FR 4141 1781
10  WAW 4833 943
51
50  FR 3700 1765
30  WAW 3975 971
10  FR 4614 1769
52
50  WAW 3347 1012
30  WAW 3827 948
10  FR 4293 1748
53
50  WAW 14403 1722
30  FR 30704 1814
54
50  WAW 9827 1709
30  FR 11241 1805
55
50  WAW 16351 1711
30  FR 23538 1808
56
50  WAW 15537 1713
30  FR 25100 1809
57
50  WAW 14803 1715
30  FR 15370 1811
58
50  FR 15968 1812
30  WAW 30791 1717
59
50  WAW 13606 1718
60
50  WAW 11946 1720
61
50  WAW 11575 1721
30  FR 12000 1813
SCORE:FR,WAW,2370,3080,-71.0
