FR-WW
1
50  WW 9347 1645
30  FR 9756 1771
10  FR 11123 1757
2
50  WW 11716 1597
30  WW 12762 1592
10  WW 14049 1606
3
50  FR 9077 1829
30  WW 9519 1584
10  FR 9742 1797
4
50  FR 7209 1825
30  FR 10057 1800
10  FR 10463 1784
5
50  FR 7641 1767
30  WW 8091 1544
10  WW 8587 1626
6
50  WW 7547 1643
30  FR 8712 1781
10  FR 9324 1756
7
50  WW 7781 1616
30  FR 8011 1828
10  WW 9163 1640
8
50  WW 6700 1585
30  FR 7819 1749
10  WW 7888 1550
9
50  WW 3607 1555
30  FR 4226 1823
10  FR 5019 1798
10
50  WW 2803 1591
30  WW 4153 1615
10  WW 4281 1593
11
50  WW 1959 1580
30  FR 2003 1815
10  WW 2100 1573
12
50  FR 2009 1740
30  FR 2057 1770
10  WW 2186 1619
13
50  WW 3890 1589
30  WW 4283 1638
10  FR 4397 1757
14
50  WW 4059 1552
30  WW 4381 1569
10  WW 4538 1623
15
50  WW 3228 1625
30  FR 3487 1785
10  WW 3729 1584
16
50  FR 2909 1825
30  FR 3730 1826
10  WW 3762 1605
17
50  WW 6844 1581
30  WW 6869 1618
10  FR 8153 1833
18
50  WW 7106 1583
30  FR 7796 1831
10  FR 7883 1756
19
50  WW 6303 1551
30  FR 6978 1828
10  WW 7506 1562
20
50  WW 6309 1582
30  WW 6444 1565
10  WW 7222 1627
21
50  WW 4309 1555
30  FR 4902 1798
10  FR 6624 1823
22
50  WW 5181 1591
30  FR 5597 1775
10  WW 5769 1615
23
50  FR 2359 1815
30  WW 2472 1580
10  FR 2628 1778
24
50  FR 2369 1740
30  WW 3006 1635
10  WW 3325 1619
25
50  WW 2100 1645
30  FR 2137 1771
10  FR 2467 1799
26
50  WW 2428 1569
30  FR 2488 1837
10  WW 2609 1623
27
50  FR 4456 1785
30  FR 4617 1797
10  WW 4756 1634
28
50  FR 4469 1826
30  WW 4644 1605
10  FR 4849 1784
29
50  FR 3559 1767
30  WW 3622 1618
10  WW 3709 1595
30
50  WW 3488 1643
30  WW 3675 1583
10  FR 4107 1781
31
80  FR 3485 1765
40  WW 3531 1551
0  WW 3584 1616
32
80  WW 3043 1585
40  FR 3537 1749
0  WW 3605 1582
33
80  FR 2371 1815
40  WW 2604 1573
0  FR 2673 1820
34
80  FR 2468 1740
40  FR 2562 1770
0  WW 3675 1635
35
50  WW 1864 1645
30  FR 2038 1771
10  FR 2295 1786
36
50  WW 2463 1639
30  WW 2991 1623
10  WW 3288 1592
37
50  WW 3816 1625
30  WW 3966 1572
10  FR 4082 1785
38
50  FR 3378 1825
30  WW 4303 1636
10  FR 4474 1784
39
50  FR 3359 1767
30  WW 3473 1618
10  WW 3593 1581
40
50  WW 3459 1643
30  FR 3883 1781
10  FR 3989 1756
41
50  FR 3181 1765
30  WW 3331 1616
10  FR 3494 1828
42
50  WW 2879 1585
30  WW 3316 1565
10  FR 3447 1749
43
50  WW 2591 1573
30  FR 3201 1778
10  WW 3260 1601
44
50  FR 2806 1770
30  WW 3581 1620
10  FR 4503 1746
45
50  WW 2350 1589
30  FR 2412 1771
10  WW 2469 1638
46
50  WW 2640 1552
30  WW 2721 1629
10  FR 2884 1794
47
50  WW 4207 1625
30  WW 4327 1572
10  WW 4363 1584
48
50  FR 3828 1825
30  WW 4466 1636
10  FR 5026 1800
49
50  WW 3978 1544
30  WW 4063 1581
10  FR 4196 1767
50
50  FR 4141 1781
30  WW 4181 1583
10  FR 5093 1756
51
50  FR 3700 1765
30  WW 3768 1551
10  WW 4440 1596
52
50  WW 3665 1608
30  WW 3700 1582
10  WW 3838 1550
53
50  WW 11534 1795
30  FR 30704 1814
54
50  WW 9416 1776
30  FR 11241 1805
55
50  WW 17160 1779
30  FR 23538 1808
56
50  WW 18144 1782
30  FR 25100 1809
57
50  WW 14228 1784
30  FR 15370 1811
58
50  FR 15968 1812
30  WW 20981 1788
59
50  WW 12400 1789
60
50  WW 13835 1791
61
50  WW 11479 1792
30  FR 12000 1813
SCORE:FR,WW,2270,3190,-92.0
