FR-WH
1
50  WH 9640 1193
30  FR 9756 1771
10  FR 11123 1757
2
50  WH 10577 1271
30  WH 10928 1228
10  FR 14198 1805
3
50  WH 8247 1194
30  FR 9077 1829
10  FR 9742 1797
4
50  FR 7209 1825
30  WH 9193 1192
10  FR 10057 1800
5
50  FR 7641 1767
30  WH 7892 1191
10  WH 9129 1190
6
50  FR 8712 1781
30  FR 9324 1756
10  FR 9844 1831
7
50  FR 8011 1828
30  WH 8651 1276
10  FR 9367 1769
8
50  FR 7819 1749
30  WH 8286 1280
10  WH 8650 1198
9
50  WH 3735 1229
30  FR 4226 1823
10  FR 5019 1798
10
50  WH 4124 1181
30  WH 4823 1257
10  WH 5578 1265
11
50  FR 2003 1815
30  WH 2018 1188
10  WH 2124 1236
12
50  FR 2009 1740
30  FR 2057 1770
10  WH 2443 1211
13
50  FR 4397 1757
30  FR 4501 1786
10  FR 4539 1741
14
50  WH 4037 1228
30  FR 5036 1794
10  FR 5071 1788
15
50  WH 3344 1194
30  FR 3487 1785
10  FR 3761 1797
16
50  FR 2909 1825
30  WH 3582 1197
10  FR 3730 1826
17
50  WH 7845 1178
30  WH 8026 1224
10  FR 8153 1833
18
50  WH 6598 1277
30  FR 7796 1831
10  FR 7883 1756
19
50  WH 6868 1187
30  FR 6978 1828
10  WH 7183 1240
20
50  WH 6743 1246
30  WH 7183 1247
10  FR 7289 1748
21
50  FR 4902 1798
30  WH 5483 1229
10  FR 6624 1823
22
50  FR 5597 1775
23
50  FR 2359 1815
30  WH 2603 1188
10  FR 2628 1778
24
50  FR 2369 1740
30  FR 3435 1746
10  WH 3673 1256
25
50  FR 2137 1771
30  WH 2213 1193
10  WH 2308 1245
26
50  WH 2321 1271
30  FR 2488 1837
10  WH 3022 1233
27
50  WH 3950 1194
30  FR 4456 1785
10  FR 4617 1797
28
50  WH 4251 1192
30  FR 4469 1826
10  WH 4716 1197
29
50  WH 3513 1191
30  FR 3559 1767
10  WH 4098 1178
30
50  WH 3788 1277
30  FR 4107 1781
10  FR 4263 1831
31
80  FR 3485 1765
40  WH 3613 1240
0  WH 3877 1187
32
80  FR 3537 1749
40  WH 3597 1247
0  FR 3950 1748
33
80  FR 2371 1815
40  FR 2673 1820
0  FR 3068 1778
34
80  FR 2468 1740
40  FR 2562 1770
0  FR 4457 1789
35
50  FR 2038 1771
30  WH 2132 1245
10  FR 2295 1786
36
50  WH 1815 1189
30  WH 2148 1228
37
50  FR 4082 1785
30  FR 4656 1829
10  FR 4838 1758
38
50  FR 3378 1825
30  WH 4260 1192
10  FR 4474 1784
39
50  FR 3359 1767
30  WH 3611 1191
10  FR 4532 1783
40
50  FR 3883 1781
30  FR 3989 1756
10  WH 4022 1274
41
50  FR 3181 1765
30  FR 3494 1828
10  WH 3517 1187
42
50  FR 3447 1749
30  WH 3502 1280
10  WH 3724 1198
43
50  FR 3201 1778
30  WH 3268 1188
10  WH 3453 1279
44
50  FR 2806 1770
30  FR 4503 1746
45
50  WH 2335 1193
30  FR 2412 1771
10  FR 2652 1741
46
50  WH 2147 1271
30  WH 2444 1189
10  FR 2884 1794
47
50  FR 4369 1829
30  WH 5269 1195
10  WH 5319 1176
48
50  FR 3828 1825
30  FR 5026 1800
10  FR 5087 1826
49
50  FR 4196 1767
30  WH 4345 1220
10  WH 4565 1178
50
50  WH 3827 1277
30  FR 4141 1781
10  WH 4859 1206
51
50  FR 3700 1765
30  WH 4341 1240
10  FR 4614 1769
52
50  WH 4106 1280
30  FR 4293 1748
10  WH 4311 1247
53
50  WH 24955 1733
30  FR 30704 1814
54
50  FR 11241 1805
30  WH 11963 1734
55
50  FR 23538 1808
30  WH 28845 1735
56
50  FR 25100 1809
30  WH 27833 1736
57
50  FR 15370 1811
30  WH 23321 1737
58
50  FR 15968 1812
30  WH 21021 1738
61
50  FR 12000 1813
30  WH 15727 1739
SCORE:FR,WH,3060,2240,82.0
