FV-CCC
1
50  CCC 9365 2014
30  FV 10025 3349
10  FV 13531 3375
2
50  CCC 10441 2005
30  FV 10634 3383
10  CCC 11056 2019
3
50  FV 8790 3380
30  FV 9695 3377
10  CCC 9715 1991
4
50  CCC 8866 2012
30  CCC 9346 2027
10  FV 11027 3350
5
50  CCC 7445 2031
30  CCC 8137 2030
10  FV 8295 3351
6
50  FV 10438 3367
7
50  CCC 7696 1992
30  CCC 8435 2028
10  CCC 8545 1998
8
50  FV 7139 3384
30  CCC 7524 2002
10  FV 7577 3364
9
50  FV 3222 3343
30  CCC 3709 1996
10  CCC 3804 2009
10
50  FV 3344 3360
11
50  CCC 2076 2026
30  FV 2181 3382
10  FV 2232 3344
12
50  CCC 1634 2020
30  FV 2238 3368
10  CCC 2770 2032
13
50  CCC 4404 1995
30  FV 4412 3375
10  CCC 4490 2006
14
50  CCC 4125 2019
30  FV 4650 3369
10  FV 4814 3366
15
50  FV 3525 3380
30  CCC 3750 1991
10  FV 3960 3377
16
50  CCC 3407 2012
30  FV 3762 3359
10  FV 3785 3379
17
50  FV 7303 3351
30  FV 7582 3352
10  CCC 8815 2029
18
50  CCC 12918 2015
19
50  CCC 7116 1992
30  CCC 7469 2028
10  CCC 7747 1998
20
50  FV 6359 3384
30  CCC 6632 2002
10  FV 6653 3355
21
50  FV 3926 3343
30  CCC 4272 1996
10  CCC 6403 2016
22
50  FV 5770 3360
23
50  FV 2641 3344
30  FV 2675 3382
10  CCC 2706 2023
24
50  FV 3748 3374
30  CCC 4210 2000
10  CCC 4712 2032
25
50  FV 2089 3349
30  CCC 2734 1995
10  FV 2812 3353
26
50  CCC 1947 2005
30  CCC 2432 2025
10  FV 2464 3369
27
50  FV 4028 3380
30  FV 4595 3377
10  FV 4784 3362
28
50  CCC 4247 2012
30  FV 4766 3359
10  FV 5353 3379
29
50  FV 3738 3351
30  CCC 3810 2030
10  FV 4328 3357
30
50  FV 5003 3367
31
80  CCC 3662 1992
40  CCC 3813 1998
0  CCC 4203 2013
32
80  FV 3475 3364
40  FV 3512 3384
0  FV 3645 3355
33
80  CCC 2228 2026
40  CCC 3034 2024
0  FV 3532 3344
34
80  FV 3213 3368
35
50  CCC 1819 2014
30  FV 1908 3349
10  FV 2653 3375
36
50  CCC 1891 2005
30  FV 2340 3383
10  CCC 2957 2025
37
50  CCC 4146 1991
30  FV 4444 3380
10  FV 4509 3362
38
50  CCC 4041 2027
30  CCC 4268 2012
10  FV 5006 3359
39
50  CCC 3515 2031
30  CCC 3572 2030
10  FV 3577 3351
40
50  FV 5819 3367
41
50  CCC 3413 1992
30  CCC 3736 2028
10  CCC 3934 1998
42
50  FV 3234 3384
30  FV 3381 3358
10  FV 3491 3355
43
50  FV 3579 3382
30  CCC 3622 2024
10  CCC 3755 2010
44
50  FV 3925 3368
45
50  CCC 2209 2014
30  CCC 2592 1995
10  CCC 2700 2006
46
50  FV 2665 3383
30  FV 2806 3363
10  CCC 3109 1997
47
50  CCC 5041 1991
30  FV 5371 3377
10  FV 7506 3347
48
50  CCC 5066 2027
30  FV 5718 3350
10  FV 5747 3356
49
50  CCC 3880 2031
30  FV 4203 3352
10  CCC 4603 2029
50
50  FV 5175 3367
51
50  CCC 4305 2028
30  CCC 4529 2013
10  CCC 4956 1990
52
50  FV 4388 3355
30  FV 4463 3364
10  FV 4503 3358
54
50  FV 11293 2015
30  CCC 11834 1834
55
50  CCC 19756 1835
30  FV 20352 2016
56
50  FV 19896 2017
30  CCC 20399 1836
57
50  FV 17397 2018
58
50  FV 17403 2019
59
50  FV 16759 2020
SCORE:FV,CCC,2480,2350,13.0
