FV-GBP
1
50  FV 10025 3349
30  GBP 11741 3412
10  GBP 13410 3402
2
50  GBP 9298 3408
30  GBP 9322 3416
10  FV 10634 3383
3
50  FV 8790 3380
30  FV 9695 3377
10  FV 10253 3362
4
50  GBP 10451 3407
30  FV 11027 3350
10  FV 11813 3356
5
50  FV 8295 3351
30  FV 8941 3381
10  FV 10281 3357
6
50  GBP 7190 3414
30  GBP 8906 3399
10  GBP 8937 3401
7
50  GBP 7477 3415
30  FV 10543 3373
8
50  FV 7139 3384
30  FV 7577 3364
10  FV 8072 3358
9
50  GBP 2550 3410
30  FV 3222 3343
10  GBP 3697 3404
10
50  FV 3344 3360
11
50  GBP 2046 3413
30  FV 2181 3382
10  FV 2232 3344
12
50  GBP 1853 3388
30  FV 2238 3368
10  GBP 2656 3403
13
50  GBP 3943 3412
30  FV 4412 3375
10  FV 5334 3376
14
50  GBP 3432 3408
30  GBP 4485 3411
10  FV 4650 3369
15
50  FV 3525 3380
30  FV 3960 3377
10  FV 3963 3370
16
50  FV 3762 3359
30  FV 3785 3379
10  GBP 3813 3407
17
50  FV 7303 3351
30  FV 7582 3352
10  FV 12406 3354
18
50  GBP 8007 3399
30  GBP 8147 3400
19
50  GBP 6648 3415
30  GBP 7221 3418
10  FV 8631 3373
20
50  FV 6359 3384
30  FV 6653 3355
10  FV 6853 3358
21
50  GBP 3449 3404
30  GBP 3872 3410
10  FV 3926 3343
22
50  FV 5770 3360
23
50  FV 2641 3344
30  FV 2675 3382
10  GBP 2762 3396
24
50  GBP 2508 3388
30  GBP 2585 3395
10  GBP 3559 3394
25
50  FV 2089 3349
30  GBP 2384 3412
10  FV 2812 3353
26
50  GBP 1909 3416
30  FV 2464 3369
10  GBP 2772 3411
27
50  FV 4028 3380
30  FV 4595 3377
10  FV 4784 3362
28
50  FV 4766 3359
30  FV 5353 3379
10  FV 5591 3356
29
50  FV 3738 3351
30  FV 4328 3357
10  FV 6035 3354
30
50  GBP 3294 3414
30  FV 5003 3367
10  GBP 5037 3400
31
80  FV 5164 3373
32
80  FV 3475 3364
40  FV 3512 3384
0  FV 3645 3355
33
80  GBP 2384 3413
40  FV 3532 3344
34
80  GBP 2772 3388
40  FV 3213 3368
0  GBP 3281 3395
35
50  FV 1908 3349
30  GBP 2647 3412
10  FV 2653 3375
36
50  GBP 1660 3408
30  FV 2340 3383
10  GBP 2481 3391
37
50  FV 4444 3380
30  FV 4509 3362
10  FV 4872 3371
38
50  FV 5006 3359
39
50  FV 3577 3351
30  FV 3887 3352
10  FV 4240 3381
40
50  GBP 3096 3414
30  GBP 4228 3399
10  GBP 4262 3401
41
50  FV 4947 3373
42
50  FV 3234 3384
30  FV 3381 3358
10  FV 3491 3355
43
50  GBP 3213 3413
30  FV 3579 3382
10  FV 4928 3365
44
50  GBP 3047 3403
30  GBP 3172 3388
10  GBP 3785 3395
45
50  FV 3062 3348
30  FV 3069 3376
10  GBP 3181 3402
46
50  GBP 2090 3416
30  GBP 2550 3406
10  FV 2665 3383
47
50  FV 5371 3377
30  FV 7506 3347
48
50  GBP 5239 3407
30  FV 5718 3350
10  FV 5747 3356
49
50  FV 4203 3352
30  FV 4771 3381
10  FV 5169 3357
50
50  GBP 4584 3400
30  GBP 5112 3401
10  FV 5175 3367
51
50  GBP 4132 3418
52
50  GBP 3738 3393
30  GBP 4054 3392
10  FV 4388 3355
54
50  GBP 9875 2033
30  FV 11293 2015
55
50  FV 20352 2016
56
50  GBP 16283 2035
30  FV 19896 2017
57
50  FV 17397 2018
58
50  FV 17403 2019
59
50  FV 16759 2020
60
50  GBP 13453 2036
SCORE:FV,GBP,2850,2090,76.0
