FV-HH
1
50  FV 10025 3349
30  HH 10833 2255
10  HH 10937 2250
2
50  FV 10634 3383
30  HH 11531 2218
10  HH 12748 2221
3
50  HH 8407 2211
30  FV 8790 3380
10  HH 9578 2285
4
50  FV 11027 3350
30  HH 11712 2279
10  FV 11813 3356
5
50  HH 7706 2236
30  HH 7812 2240
10  HH 8182 2224
6
50  HH 8663 2233
30  HH 9413 2227
10  HH 10125 2269
7
50  HH 7733 2237
30  HH 8933 2246
10  HH 9082 2206
8
50  FV 7139 3384
30  HH 7209 2235
10  FV 7577 3364
9
50  FV 3222 3343
30  HH 4109 2220
10  HH 5221 2214
10
50  FV 3344 3360
30  HH 3377 2222
10  HH 3744 2225
11
50  FV 2181 3382
30  FV 2232 3344
10  HH 2287 2212
12
50  FV 2238 3368
30  HH 2565 2260
10  HH 2600 2219
13
50  HH 4202 2249
30  FV 4412 3375
10  HH 4503 2255
14
50  HH 4512 2221
30  FV 4650 3369
10  FV 4814 3366
15
50  HH 3227 2211
30  FV 3525 3380
10  HH 3926 2286
16
50  FV 3762 3359
30  FV 3785 3379
10  HH 3967 2266
17
50  HH 6947 2240
30  FV 7303 3351
10  FV 7582 3352
18
50  HH 8103 2227
30  HH 9845 2204
10  HH 9954 2271
19
50  HH 6752 2237
30  HH 7974 2206
10  FV 8631 3373
20
50  FV 6359 3384
30  HH 6551 2234
10  FV 6653 3355
21
50  FV 3926 3343
30  HH 5075 2214
10  HH 5333 2220
22
50  HH 5363 2225
30  HH 5694 2222
10  FV 5770 3360
23
50  FV 2641 3344
30  FV 2675 3382
10  HH 3027 2289
24
50  FV 3748 3374
30  HH 4215 2274
10  HH 4388 2283
25
50  FV 2089 3349
30  HH 2290 2255
10  HH 2331 2249
26
50  FV 2464 3369
30  FV 2878 3366
10  FV 2932 3372
27
50  FV 4028 3380
30  FV 4595 3377
10  FV 4784 3362
28
50  FV 4766 3359
30  HH 4889 2248
10  HH 5064 2266
29
50  HH 3628 2236
30  FV 3738 3351
10  HH 3878 2223
30
50  HH 4996 2269
30  FV 5003 3367
10  HH 5063 2227
31
80  HH 3649 2237
40  HH 4100 2246
0  HH 4405 2217
32
80  FV 3475 3364
40  FV 3512 3384
0  FV 3645 3355
33
80  HH 3238 2212
40  HH 3519 2230
0  FV 3532 3344
34
80  FV 3213 3368
40  HH 4222 2260
0  HH 5513 2239
35
50  FV 1908 3349
30  HH 1913 2263
10  HH 2028 2249
36
50  FV 2340 3383
30  HH 2421 2218
10  HH 2652 2221
37
50  HH 3806 2211
30  FV 4444 3380
10  FV 4509 3362
38
50  FV 5006 3359
30  HH 5450 2268
10  HH 5463 2248
39
50  HH 3508 2240
30  FV 3577 3351
10  HH 3614 2224
40
50  HH 4760 2269
30  HH 5189 2204
10  HH 5371 2271
41
50  HH 3301 2237
30  HH 3977 2246
10  HH 4113 2206
42
50  FV 3234 3384
30  FV 3381 3358
10  FV 3491 3355
43
50  FV 3579 3382
30  HH 4070 2198
10  HH 4343 2291
44
50  FV 3925 3368
45
50  HH 2358 2250
30  HH 2470 2263
10  HH 2633 2276
46
50  FV 2665 3383
30  FV 2806 3363
10  HH 2822 2218
47
50  HH 4890 2285
30  FV 5371 3377
10  HH 5928 2197
48
50  FV 5718 3350
30  FV 5747 3356
10  FV 5765 3379
49
50  HH 3832 2236
30  FV 4203 3352
10  FV 4771 3381
50
50  HH 5039 2271
30  FV 5175 3367
10  HH 6403 2201
51
50  HH 4534 2246
30  HH 6394 2199
52
50  HH 3701 2234
30  HH 3822 2235
10  FV 4388 3355
53
50  HH 18253 1874
54
50  HH 11083 1862
30  FV 11293 2015
55
50  HH 17450 1864
30  FV 20352 2016
56
50  FV 19896 2017
30  HH 20332 1866
57
50  HH 15031 1868
30  FV 17397 2018
58
50  FV 17403 2019
30  HH 18633 1869
59
50  HH 13502 1870
30  FV 16759 2020
61
50  HH 12364 1873
SCORE:FV,HH,2410,2920,-51.0
