FV-HSC
1
50  FV 10025 3349
30  HSC 12582 3422
10  FV 13531 3375
2
50  FV 10634 3383
30  HSC 13133 3465
10  HSC 13628 3436
3
50  FV 8790 3380
30  FV 9695 3377
10  FV 10253 3362
4
50  HSC 8441 3463
30  FV 11027 3350
10  FV 11813 3356
5
50  HSC 7740 3466
30  HSC 7854 3424
10  FV 8295 3351
6
50  HSC 7907 3446
30  HSC 8508 3458
10  FV 10438 3367
7
50  HSC 8442 3457
30  HSC 8729 3447
10  FV 10543 3373
8
50  HSC 6592 3462
30  FV 7139 3384
10  FV 7577 3364
9
50  FV 3222 3343
30  HSC 5143 3442
10  HSC 5829 3441
10
50  FV 3344 3360
30  HSC 3999 3459
11
50  HSC 1977 3430
30  HSC 2019 3464
10  FV 2181 3382
12
50  FV 2238 3368
30  FV 3459 3374
10  HSC 3999 3459
13
50  FV 4412 3375
30  HSC 4509 3422
10  HSC 4704 3467
14
50  HSC 4084 3420
30  FV 4650 3369
10  HSC 4704 3465
15
50  FV 3525 3380
30  FV 3960 3377
10  FV 3963 3370
16
50  HSC 3251 3453
30  HSC 3253 3463
10  HSC 3521 3421
17
50  HSC 6734 3466
30  HSC 6821 3424
10  HSC 7172 3444
18
50  HSC 6803 3423
30  HSC 7347 3458
10  HSC 8261 3432
19
50  HSC 7373 3448
30  HSC 7776 3447
10  FV 8631 3373
20
50  HSC 5558 3462
30  HSC 5947 3460
10  FV 6359 3384
21
50  FV 3926 3343
30  HSC 5788 3441
10  HSC 7357 3442
22
50  FV 5770 3360
30  HSC 8421 3459
23
50  FV 2641 3344
30  FV 2675 3382
10  HSC 2976 3430
24
50  FV 3748 3374
30  HSC 4538 3452
10  HSC 8421 3459
25
50  FV 2089 3349
30  HSC 2488 3422
10  FV 2812 3353
26
50  FV 2464 3369
30  HSC 2844 3420
10  HSC 2852 3465
27
50  FV 4028 3380
30  FV 4595 3377
10  FV 4784 3362
28
50  HSC 4294 3421
30  HSC 4380 3453
10  FV 4766 3359
29
50  FV 3738 3351
30  HSC 3789 3444
10  FV 4328 3357
30
50  HSC 3802 3446
30  HSC 3893 3423
10  FV 5003 3367
31
80  HSC 3913 3448
40  HSC 4225 3447
0  FV 5164 3373
32
80  FV 3475 3364
40  FV 3512 3384
0  FV 3645 3355
33
80  FV 3532 3344
34
80  FV 3213 3368
35
50  FV 1908 3349
30  FV 2653 3375
36
50  FV 2340 3383
30  FV 3039 3372
10  HSC 3654 3436
37
50  FV 4444 3380
30  FV 4509 3362
10  FV 4872 3371
38
50  HSC 4317 3453
30  FV 5006 3359
39
50  FV 3577 3351
30  HSC 3635 3424
10  HSC 3875 3444
40
50  HSC 3304 3446
30  HSC 3927 3423
10  FV 5819 3367
41
50  HSC 3312 3457
30  HSC 4225 3448
10  FV 4947 3373
42
50  HSC 2639 3462
30  HSC 2925 3460
10  FV 3234 3384
43
50  HSC 2932 3430
30  HSC 3033 3464
10  FV 3579 3382
44
50  FV 3925 3368
45
50  FV 3062 3348
30  FV 3069 3376
10  HSC 3075 3440
46
50  FV 2665 3383
30  FV 2806 3363
10  HSC 3058 3420
47
50  FV 5371 3377
30  HSC 6262 3445
10  FV 7506 3347
48
50  HSC 4691 3463
30  HSC 5188 3435
10  FV 5718 3350
49
50  HSC 4065 3466
30  FV 4203 3352
10  FV 4771 3381
50
50  HSC 4279 3423
30  HSC 4618 3432
10  FV 5175 3367
51
50  HSC 4470 3448
30  HSC 4532 3457
52
50  HSC 3407 3460
30  HSC 3845 3454
10  HSC 4113 3461
54
50  FV 11293 2015
55
50  FV 20352 2016
56
50  FV 19896 2017
30  HSC 19928 2040
57
50  FV 17397 2018
58
50  HSC 15277 2041
30  FV 17403 2019
59
50  HSC 12869 2042
30  FV 16759 2020
60
50  HSC 12747 2043
61
50  HSC 12104 2044
SCORE:FV,HSC,2440,2680,-24.0
