FV-LCC
1
50  FV 10025 3349
30  LCC 12900 2855
10  FV 13531 3375
2
50  FV 10634 3383
3
50  LCC 7247 2844
30  FV 8790 3380
10  FV 9695 3377
4
50  LCC 7346 2868
30  FV 11027 3350
10  FV 11813 3356
5
50  LCC 7149 2861
30  LCC 7241 2846
10  FV 8295 3351
6
50  LCC 8146 2867
30  FV 10438 3367
7
50  LCC 6395 2845
30  LCC 8620 2858
10  FV 10543 3373
8
50  LCC 6350 2871
30  LCC 6572 2836
10  FV 7139 3384
9
50  FV 3222 3343
30  LCC 5246 2841
10  LCC 7384 2842
10
50  FV 3344 3360
11
50  FV 2181 3382
30  FV 2232 3344
10  LCC 2278 2859
12
50  FV 2238 3368
30  LCC 2865 2837
10  FV 3459 3374
13
50  LCC 3277 2869
30  FV 4412 3375
10  LCC 4483 2855
14
50  FV 4650 3369
30  FV 4814 3366
10  FV 4909 3346
15
50  FV 3525 3380
30  FV 3960 3377
10  FV 3963 3370
16
50  LCC 2821 2868
30  FV 3762 3359
10  FV 3785 3379
17
50  LCC 6550 2862
30  FV 7303 3351
10  FV 7582 3352
18
50  LCC 7280 2867
30  LCC 9017 2847
10  LCC 10007 2838
19
50  FV 8631 3373
20
50  LCC 5634 2836
30  LCC 5829 2835
10  FV 6359 3384
21
50  FV 3926 3343
30  LCC 4821 2842
10  LCC 6763 2841
22
50  FV 5770 3360
23
50  FV 2641 3344
30  FV 2675 3382
10  LCC 2705 2832
24
50  FV 3748 3374
30  LCC 3932 2837
25
50  LCC 1880 2869
30  FV 2089 3349
10  FV 2812 3353
26
50  FV 2464 3369
30  FV 2878 3366
10  LCC 2887 2831
27
50  LCC 3373 2844
30  FV 4028 3380
10  FV 4595 3377
28
50  FV 4766 3359
30  FV 5353 3379
10  FV 5591 3356
29
50  LCC 3544 2862
30  FV 3738 3351
10  FV 4328 3357
30
50  LCC 4645 2847
30  FV 5003 3367
10  LCC 6495 2838
31
80  LCC 3887 2858
40  FV 5164 3373
0  LCC 5175 2865
32
80  LCC 2945 2871
40  FV 3475 3364
0  FV 3512 3384
33
80  FV 3532 3344
40  LCC 4011 2859
34
80  FV 3213 3368
35
50  FV 1908 3349
30  FV 2653 3375
10  LCC 3666 2855
36
50  FV 2340 3383
30  FV 3039 3372
37
50  LCC 3470 2844
30  FV 4444 3380
10  FV 4509 3362
38
50  FV 5006 3359
39
50  LCC 3019 2861
30  LCC 3026 2846
10  FV 3577 3351
40
50  LCC 3952 2867
30  FV 5819 3367
41
50  LCC 2770 2845
30  LCC 3963 2858
10  FV 4947 3373
42
50  LCC 2625 2871
30  LCC 3019 2835
10  LCC 3132 2851
43
50  FV 3579 3382
30  FV 4928 3365
44
50  FV 3925 3368
45
50  FV 3062 3348
30  FV 3069 3376
10  LCC 5274 2854
46
50  FV 2665 3383
30  LCC 2716 2831
10  FV 2806 3363
47
50  LCC 5133 2860
30  FV 5371 3377
10  LCC 6635 2864
48
50  FV 5718 3350
30  FV 5747 3356
10  FV 5765 3379
49
50  LCC 3773 2861
30  LCC 3821 2846
10  FV 4203 3352
50
50  FV 5175 3367
51
50  LCC 3654 2845
52
50  LCC 3518 2836
30  LCC 3734 2851
10  LCC 3784 2835
54
50  FV 11293 2015
55
50  LCC 20217 1954
30  FV 20352 2016
56
50  FV 19896 2017
57
50  LCC 16435 1955
30  FV 17397 2018
58
50  FV 17403 2019
59
50  LCC 11929 1956
30  FV 16759 2020
60
50  LCC 17576 1957
61
50  LCC 11533 1959
SCORE:FV,LCC,2620,2260,36.0
