FV-ML
1
50  ML 7733 3026
30  ML 8827 3040
10  FV 10025 3349
2
50  FV 10634 3383
3
50  ML 7653 3039
30  ML 8387 3030
10  ML 8627 3021
4
50  FV 11027 3350
30  FV 11813 3356
5
50  ML 7646 2976
30  FV 8295 3351
10  FV 8941 3381
6
50  ML 8587 3042
30  ML 8838 3041
10  FV 10438 3367
7
50  FV 10543 3373
8
50  ML 6856 3009
30  FV 7139 3384
10  FV 7577 3364
9
50  ML 2362 3027
30  FV 3222 3343
10  ML 3564 3035
10
50  FV 3344 3360
30  ML 3708 3055
10  ML 4282 3004
11
50  ML 1763 3018
30  ML 2138 2990
10  FV 2181 3382
12
50  ML 1841 3057
30  ML 2006 3058
10  ML 2091 3016
13
50  ML 4123 2974
30  FV 4412 3375
10  ML 4884 2994
14
50  ML 3347 3007
30  ML 3845 3052
10  ML 4152 3017
15
50  ML 3038 3039
30  ML 3094 2983
10  FV 3525 3380
16
50  FV 3762 3359
30  FV 3785 3379
10  ML 3797 3008
17
50  ML 6728 3025
30  ML 7035 2976
10  FV 7303 3351
18
50  ML 7318 3042
30  ML 7769 3041
10  ML 8081 3006
19
50  FV 8631 3373
20
50  ML 5822 3009
30  FV 6359 3384
10  FV 6653 3355
21
50  ML 3140 3027
30  FV 3926 3343
10  ML 4009 2975
22
50  ML 5102 3004
30  FV 5770 3360
10  ML 5881 3055
23
50  ML 2434 2968
30  ML 2446 3018
10  FV 2641 3344
24
50  ML 2428 3058
30  ML 2614 3057
10  ML 2625 3016
25
50  FV 2089 3349
30  ML 2282 2979
10  ML 2409 2974
26
50  ML 1775 3007
30  ML 2128 3052
10  ML 2400 3017
27
50  ML 3468 3028
30  ML 3828 3030
10  FV 4028 3380
28
50  FV 4766 3359
30  ML 5208 3053
10  FV 5353 3379
29
50  ML 3495 3025
30  FV 3738 3351
10  ML 3766 2976
30
50  ML 4514 3006
30  ML 4781 3000
10  ML 4925 3023
31
80  FV 5164 3373
32
80  ML 3295 3009
40  FV 3475 3364
0  FV 3512 3384
33
80  FV 3532 3344
34
80  FV 3213 3368
35
50  ML 1494 3026
30  ML 1822 3040
10  FV 1908 3349
36
50  ML 1976 3007
30  ML 2253 3017
10  FV 2340 3383
37
50  ML 3107 3028
30  ML 3506 3039
10  ML 3809 3030
38
50  ML 4734 3008
30  FV 5006 3359
10  ML 5303 3053
39
50  ML 3244 2976
30  ML 3546 3025
10  FV 3577 3351
40
50  ML 4843 3006
30  FV 5819 3367
41
50  FV 4947 3373
42
50  ML 2864 3009
30  FV 3234 3384
10  FV 3381 3358
43
50  ML 2798 3018
30  ML 2884 2968
10  FV 3579 3382
44
50  ML 2996 2998
30  FV 3925 3368
45
50  ML 1895 3026
30  ML 2352 3040
10  ML 2645 2974
46
50  FV 2665 3383
30  FV 2806 3363
10  ML 2939 3031
47
50  ML 3656 3028
30  ML 4203 2983
10  ML 4350 2999
48
50  ML 4858 3008
30  FV 5718 3350
10  FV 5747 3356
49
50  ML 4165 3025
30  FV 4203 3352
10  FV 4771 3381
50
50  ML 4115 3023
30  ML 4447 3041
10  ML 4591 3042
52
50  FV 4388 3355
30  FV 4463 3364
10  FV 4503 3358
53
50  ML 16500 1973
54
50  ML 9222 1974
30  FV 11293 2015
55
50  ML 16363 1977
30  FV 20352 2016
56
50  ML 18044 1978
30  FV 19896 2017
57
50  ML 12776 1980
30  FV 17397 2018
58
50  FV 17403 2019
59
50  FV 16759 2020
60
50  ML 14843 1981
SCORE:FV,ML,1780,3140,-136.0
