FV-NJST
1
50  FV 10025 3349
30  NJST 10050 3229
10  FV 13531 3375
2
50  FV 10634 3383
30  NJST 11875 3221
3
50  NJST 7090 3206
30  NJST 7422 3238
10  NJST 8059 3224
4
50  NJST 10567 3243
30  FV 11027 3350
10  FV 11813 3356
5
50  NJST 8025 3231
30  FV 8295 3351
10  FV 8941 3381
6
50  FV 10438 3367
7
50  NJST 7619 3234
30  NJST 8972 3211
10  NJST 9154 3240
8
50  FV 7139 3384
30  FV 7577 3364
10  NJST 7947 3230
9
50  NJST 2247 3222
30  FV 3222 3343
10  NJST 3979 3235
10
50  FV 3344 3360
11
50  NJST 1965 3197
30  FV 2181 3382
10  FV 2232 3344
12
50  NJST 2010 3225
30  FV 2238 3368
10  NJST 3113 3205
13
50  NJST 4263 3229
30  FV 4412 3375
10  NJST 4753 3212
14
50  NJST 4209 3226
30  FV 4650 3369
10  FV 4814 3366
15
50  NJST 2836 3206
30  NJST 2929 3238
10  NJST 3194 3191
16
50  NJST 3353 3236
30  FV 3762 3359
10  FV 3785 3379
17
50  FV 7303 3351
30  FV 7582 3352
10  FV 12406 3354
19
50  NJST 6731 3234
30  NJST 7723 3240
10  NJST 8363 3211
20
50  FV 6359 3384
30  FV 6653 3355
10  FV 6853 3358
21
50  NJST 2794 3222
30  FV 3926 3343
10  NJST 5043 3235
22
50  FV 5770 3360
23
50  NJST 2604 3197
30  NJST 2613 3215
10  FV 2641 3344
24
50  NJST 2287 3225
30  NJST 3470 3192
10  NJST 3728 3205
25
50  FV 2089 3349
30  NJST 2256 3212
10  NJST 2372 3196
26
50  NJST 2381 3221
30  NJST 2413 3226
10  FV 2464 3369
27
50  NJST 3425 3213
30  NJST 3872 3191
10  FV 4028 3380
28
50  NJST 4575 3236
30  FV 4766 3359
10  FV 5353 3379
29
50  FV 3738 3351
30  NJST 3852 3231
10  FV 4328 3357
30
50  FV 5003 3367
31
80  NJST 3781 3234
40  NJST 4162 3211
0  FV 5164 3373
32
80  FV 3475 3364
40  FV 3512 3384
0  FV 3645 3355
33
80  NJST 3345 3197
40  FV 3532 3344
34
80  FV 3213 3368
35
50  FV 1908 3349
30  NJST 2103 3229
10  NJST 2528 3196
36
50  NJST 2091 3226
30  FV 2340 3383
10  FV 3039 3372
37
50  NJST 3407 3206
30  NJST 3522 3238
10  NJST 3778 3224
38
50  FV 5006 3359
39
50  NJST 3557 3231
30  FV 3577 3351
10  FV 3887 3352
40
50  FV 5819 3367
41
50  NJST 3315 3234
30  NJST 4063 3240
10  FV 4947 3373
42
50  FV 3234 3384
30  FV 3381 3358
10  FV 3491 3355
43
50  NJST 3128 3219
30  FV 3579 3382
10  NJST 3909 3233
44
50  NJST 3275 3225
30  FV 3925 3368
10  NJST 4603 3205
45
50  NJST 2662 3194
30  FV 3062 3348
10  FV 3069 3376
46
50  FV 2665 3383
30  FV 2806 3363
10  NJST 3038 3221
47
50  NJST 4290 3224
30  NJST 5129 3232
10  FV 5371 3377
48
50  NJST 5291 3214
30  FV 5718 3350
10  FV 5747 3356
49
50  NJST 4193 3231
30  FV 4203 3352
10  FV 4771 3381
50
50  FV 5175 3367
51
50  NJST 4359 3211
30  NJST 4675 3240
52
50  NJST 3787 3230
30  FV 4388 3355
10  FV 4463 3364
54
50  NJST 10675 1997
30  FV 11293 2015
55
50  NJST 19643 1998
30  FV 20352 2016
56
50  FV 19896 2017
30  NJST 22728 1999
57
50  NJST 12482 2000
30  FV 17397 2018
58
50  FV 17403 2019
30  NJST 18127 2002
59
50  FV 16759 2020
SCORE:FV,NJST,2240,2580,-34.0
