FV-NSC
1
50  FV 10025 3349
30  NSC 10734 638
10  NSC 10903 666
2
50  FV 10634 3383
30  NSC 10994 632
10  NSC 11871 607
3
50  NSC 7928 660
30  FV 8790 3380
10  FV 9695 3377
4
50  NSC 10388 671
30  FV 11027 3350
10  FV 11813 3356
5
50  NSC 7594 612
30  FV 8295 3351
10  FV 8941 3381
6
50  NSC 7116 595
30  NSC 8581 601
10  NSC 8669 589
7
50  NSC 7146 664
30  NSC 7884 584
10  FV 10543 3373
8
50  NSC 6128 586
30  NSC 7101 569
10  FV 7139 3384
9
50  NSC 2872 634
30  NSC 3075 651
10  FV 3222 3343
10
50  FV 3344 3360
30  NSC 3440 644
10  NSC 3666 630
11
50  NSC 2137 672
30  NSC 2175 643
10  FV 2181 3382
12
50  NSC 2081 606
30  FV 2238 3368
10  NSC 2541 657
13
50  NSC 4031 640
30  NSC 4131 638
10  FV 4412 3375
14
50  NSC 3841 627
30  NSC 4163 677
10  NSC 4425 622
15
50  FV 3525 3380
30  NSC 3797 635
10  NSC 3807 576
16
50  FV 3762 3359
30  FV 3785 3379
10  NSC 3888 642
17
50  FV 7303 3351
30  NSC 7472 656
10  FV 7582 3352
18
50  NSC 7620 617
30  NSC 7872 589
10  NSC 8006 570
19
50  NSC 6697 573
30  NSC 7000 584
10  NSC 8369 663
20
50  NSC 5459 586
30  NSC 5678 661
10  FV 6359 3384
21
50  NSC 3888 634
30  FV 3926 3343
10  NSC 4450 651
22
50  NSC 4485 644
30  FV 5770 3360
10  NSC 5784 654
23
50  NSC 2553 643
30  NSC 2566 665
10  FV 2641 3344
24
50  NSC 2825 606
30  NSC 3006 578
10  NSC 3125 614
25
50  FV 2089 3349
30  NSC 2138 638
10  NSC 2170 666
26
50  NSC 2112 627
30  NSC 2384 677
10  NSC 2456 622
27
50  NSC 3566 660
30  FV 4028 3380
10  FV 4595 3377
28
50  NSC 4747 642
30  FV 4766 3359
10  FV 5353 3379
29
50  NSC 3691 612
30  FV 3738 3351
10  NSC 4012 656
30
50  NSC 4118 592
30  NSC 4137 617
10  NSC 4447 589
31
80  NSC 3358 664
40  NSC 3612 594
0  NSC 3720 573
32
80  NSC 2969 586
40  NSC 3428 569
0  FV 3475 3364
33
80  NSC 2650 665
40  NSC 2703 672
0  NSC 2825 603
34
80  NSC 2619 606
40  FV 3213 3368
35
50  FV 1908 3349
30  NSC 2060 640
10  NSC 2512 618
36
50  NSC 2269 631
30  FV 2340 3383
10  NSC 2356 633
37
50  NSC 3546 660
30  FV 4444 3380
10  NSC 4490 576
38
50  FV 5006 3359
30  NSC 5213 671
39
50  FV 3577 3351
30  FV 3887 3352
10  NSC 3901 656
40
50  NSC 3934 601
30  NSC 3941 592
10  NSC 4331 570
41
50  NSC 3315 573
30  NSC 3440 567
10  NSC 3545 584
42
50  NSC 2939 661
30  NSC 3104 591
10  FV 3234 3384
43
50  NSC 2800 672
30  NSC 3390 626
10  FV 3579 3382
44
50  NSC 2832 621
30  FV 3925 3368
10  NSC 4644 614
45
50  NSC 2497 640
30  NSC 2538 666
10  NSC 2752 610
46
50  NSC 2409 632
30  NSC 2559 622
10  FV 2665 3383
47
50  NSC 5122 593
30  NSC 5138 572
10  NSC 5259 673
48
50  NSC 5044 671
30  NSC 5400 613
10  FV 5718 3350
49
50  NSC 4059 612
30  FV 4203 3352
10  NSC 4425 625
50
50  NSC 3590 595
30  NSC 4453 592
10  FV 5175 3367
51
50  NSC 3763 664
30  NSC 4044 567
10  NSC 4137 594
52
50  NSC 3544 661
30  NSC 3844 569
10  FV 4388 3355
53
50  NSC 15700 1685
54
50  NSC 9860 1672
30  FV 11293 2015
55
50  FV 20352 2016
30  NSC 20914 1675
56
50  NSC 17615 1677
30  FV 19896 2017
57
50  NSC 15450 1679
30  FV 17397 2018
58
50  FV 17403 2019
59
50  NSC 14494 1682
30  FV 16759 2020
60
50  NSC 12959 1683
61
50  NSC 12194 1684
SCORE:FV,NSC,1400,3990,-259.0
