FV-NC
1
50  NC 9537 1485
30  FV 10025 3349
10  NC 11022 1472
2
50  FV 10634 3383
30  NC 10859 1532
10  NC 13682 1467
3
50  NC 7906 1477
30  FV 8790 3380
10  NC 9235 1504
4
50  NC 8479 1533
30  NC 9094 1471
10  NC 10406 1518
5
50  NC 8092 1476
30  FV 8295 3351
10  FV 8941 3381
6
50  NC 9079 1524
30  NC 9428 1514
10  FV 10438 3367
7
50  NC 8569 1497
30  NC 9537 1466
10  FV 10543 3373
8
50  NC 7103 1483
30  FV 7139 3384
10  NC 7146 1492
9
50  NC 2950 1526
30  FV 3222 3343
10  NC 4638 1486
10
50  FV 3344 3360
11
50  NC 2056 1515
30  FV 2181 3382
10  FV 2232 3344
12
50  NC 2144 1487
30  NC 2181 1530
10  FV 2238 3368
13
50  NC 4184 1474
30  FV 4412 3375
10  NC 5063 1520
14
50  NC 4309 1528
30  FV 4650 3369
10  FV 4814 3366
15
50  NC 3160 1477
30  FV 3525 3380
10  NC 3698 1522
16
50  NC 3250 1517
30  NC 3447 1533
10  FV 3762 3359
17
50  FV 7303 3351
30  NC 7388 1470
10  FV 7582 3352
18
50  NC 7797 1537
30  NC 7947 1524
10  NC 8323 1514
19
50  NC 7391 1497
30  NC 8413 1505
10  FV 8631 3373
20
50  NC 6181 1483
30  FV 6359 3384
10  NC 6473 1509
21
50  FV 3926 3343
30  NC 4007 1526
10  NC 5883 1486
22
50  FV 5770 3360
23
50  NC 2606 1516
30  FV 2641 3344
10  FV 2675 3382
24
50  NC 2572 1487
30  NC 3022 1489
10  NC 3553 1521
25
50  NC 1994 1485
30  FV 2089 3349
10  NC 2363 1475
26
50  NC 2422 1525
30  FV 2464 3369
10  NC 2580 1467
27
50  NC 3567 1477
30  FV 4028 3380
10  NC 4549 1504
28
50  NC 4119 1533
30  NC 4179 1471
10  FV 4766 3359
29
50  FV 3738 3351
30  NC 3790 1470
10  NC 4284 1506
30
50  NC 4540 1537
30  NC 4856 1524
10  FV 5003 3367
31
80  NC 3954 1497
40  NC 4604 1466
0  FV 5164 3373
32
80  NC 3181 1492
40  NC 3437 1509
0  FV 3475 3364
33
80  NC 2860 1516
40  NC 2900 1515
0  NC 2912 1510
34
80  NC 2659 1530
40  FV 3213 3368
0  NC 3803 1487
35
50  NC 1873 1485
30  FV 1908 3349
10  NC 2172 1472
36
50  NC 2300 1525
30  FV 2340 3383
10  NC 2389 1532
37
50  NC 4296 1519
30  NC 4328 1504
10  FV 4444 3380
38
50  NC 3571 1517
30  NC 4003 1471
10  FV 5006 3359
39
50  NC 3541 1470
30  FV 3577 3351
10  NC 3618 1476
40
50  NC 4068 1537
30  NC 4128 1514
10  FV 5819 3367
41
50  NC 3763 1497
30  NC 4526 1505
10  FV 4947 3373
42
50  NC 2993 1483
30  NC 3113 1492
10  FV 3234 3384
43
50  NC 3047 1516
30  FV 3579 3382
10  NC 3862 1515
44
50  NC 2992 1494
30  NC 3066 1489
10  NC 3369 1530
45
50  NC 2462 1474
30  NC 2653 1472
10  FV 3062 3348
46
50  NC 2525 1532
30  FV 2665 3383
10  FV 2806 3363
47
50  NC 4322 1477
30  NC 4701 1519
10  NC 4796 1522
48
50  NC 4507 1517
30  NC 5165 1502
10  NC 5600 1518
49
50  NC 4160 1476
30  FV 4203 3352
10  FV 4771 3381
50
50  NC 4410 1524
30  FV 5175 3367
10  NC 5575 1508
51
50  NC 4844 1505
30  NC 4958 1466
52
50  NC 3615 1483
30  NC 3750 1492
10  FV 4388 3355
54
50  NC 9591 1764
30  FV 11293 2015
55
50  NC 18144 1766
30  FV 20352 2016
56
50  NC 18106 1768
30  FV 19896 2017
57
50  NC 15191 1770
30  FV 17397 2018
58
50  NC 14393 1772
30  FV 17403 2019
59
50  NC 14019 1773
30  FV 16759 2020
60
50  NC 14844 1774
61
50  NC 14235 1775
SCORE:FV,NC,1360,3930,-257.0
