FV-OMST
1
50  FV 10025 3349
30  OMST 11741 3251
10  FV 13531 3375
2
50  OMST 8160 3253
30  FV 10634 3383
10  OMST 11720 3256
3
50  OMST 8244 3275
30  FV 8790 3380
10  FV 9695 3377
4
50  FV 11027 3350
30  FV 11813 3356
10  OMST 12479 3247
5
50  OMST 7843 3258
30  FV 8295 3351
10  FV 8941 3381
6
50  OMST 8919 3263
30  FV 10438 3367
7
50  OMST 7093 3269
30  OMST 7725 3285
10  FV 10543 3373
8
50  OMST 6319 3274
30  FV 7139 3384
10  FV 7577 3364
9
50  FV 3222 3343
30  OMST 4425 3259
10  FV 11425 3361
10
50  FV 3344 3360
30  OMST 6597 3248
10  OMST 7467 3252
11
50  FV 2181 3382
30  FV 2232 3344
10  OMST 2477 3286
12
50  FV 2238 3368
30  OMST 2603 3284
10  FV 3459 3374
13
50  FV 4412 3375
30  FV 5334 3376
10  OMST 5372 3268
14
50  OMST 3975 3261
30  OMST 4353 3256
10  FV 4650 3369
15
50  FV 3525 3380
30  OMST 3544 3279
10  FV 3960 3377
16
50  OMST 3447 3266
30  FV 3762 3359
10  FV 3785 3379
17
50  FV 7303 3351
30  FV 7582 3352
10  OMST 8269 3271
18
50  OMST 7259 3257
30  OMST 9822 3273
19
50  OMST 6744 3285
30  FV 8631 3373
20
50  FV 6359 3384
30  FV 6653 3355
10  FV 6853 3358
21
50  FV 3926 3343
30  OMST 4632 3259
22
50  FV 5770 3360
23
50  FV 2641 3344
30  FV 2675 3382
10  OMST 3056 3286
24
50  OMST 3206 3284
30  FV 3748 3374
25
50  FV 2089 3349
30  OMST 2406 3251
10  OMST 2784 3268
26
50  OMST 1790 3253
30  FV 2464 3369
10  OMST 2566 3261
27
50  OMST 3878 3275
30  FV 4028 3380
10  FV 4595 3377
28
50  FV 4766 3359
30  FV 5353 3379
10  FV 5591 3356
29
50  OMST 3722 3258
30  FV 3738 3351
10  FV 4328 3357
30
50  OMST 4116 3263
30  FV 5003 3367
10  OMST 5097 3273
31
80  OMST 3750 3285
40  FV 5164 3373
32
80  FV 3475 3364
40  FV 3512 3384
0  FV 3645 3355
33
80  FV 3532 3344
40  OMST 4259 3289
34
80  FV 3213 3368
35
50  FV 1908 3349
30  OMST 2550 3251
10  FV 2653 3375
36
50  OMST 1563 3253
30  FV 2340 3383
10  OMST 2553 3256
37
50  FV 4444 3380
30  FV 4509 3362
10  OMST 4713 3279
38
50  FV 5006 3359
30  OMST 6100 3283
10  OMST 7372 3247
39
50  FV 3577 3351
30  OMST 3721 3258
10  FV 3887 3352
40
50  OMST 3669 3257
30  FV 5819 3367
41
50  OMST 3053 3269
30  FV 4947 3373
42
50  OMST 2766 3274
30  FV 3234 3384
10  FV 3381 3358
43
50  FV 3579 3382
30  OMST 4881 3260
10  FV 4928 3365
44
50  OMST 3195 3284
30  FV 3925 3368
45
50  FV 3062 3348
30  FV 3069 3376
46
50  FV 2665 3383
30  OMST 2777 3246
10  FV 2806 3363
47
50  OMST 4560 3275
30  FV 5371 3377
10  FV 7506 3347
48
50  OMST 4907 3266
30  OMST 5397 3249
10  FV 5718 3350
49
50  FV 4203 3352
30  FV 4771 3381
10  OMST 5025 3265
50
50  FV 5175 3367
30  OMST 6900 3273
51
50  OMST 3703 3269
52
50  OMST 3415 3274
30  FV 4388 3355
10  FV 4463 3364
54
50  FV 11293 2015
30  OMST 12837 2003
55
50  FV 20352 2016
30  OMST 27406 2004
56
50  OMST 16499 2005
30  FV 19896 2017
57
50  FV 17397 2018
58
50  OMST 17262 2007
30  FV 17403 2019
59
50  OMST 15246 2008
30  FV 16759 2020
61
50  OMST 12078 2009
SCORE:FV,OMST,2850,2230,62.0
