FV-RW
1
50  RW 10009 718
30  FV 10025 3349
10  RW 11222 768
2
50  RW 8968 753
30  RW 9600 762
10  FV 10634 3383
3
50  FV 8790 3380
30  RW 8982 725
10  FV 9695 3377
4
50  RW 10600 736
30  FV 11027 3350
10  FV 11813 3356
5
50  RW 7908 773
30  FV 8295 3351
10  RW 8319 735
6
50  RW 7729 752
30  FV 10438 3367
7
50  RW 7459 772
30  FV 10543 3373
8
50  RW 6948 733
30  RW 7027 763
10  FV 7139 3384
9
50  RW 2557 688
30  FV 3222 3343
10  RW 4166 684
10
50  FV 3344 3360
30  RW 3534 751
10  RW 4054 720
11
50  RW 1975 771
30  FV 2181 3382
10  FV 2232 3344
12
50  RW 1829 726
30  RW 2055 696
10  RW 2206 761
13
50  RW 3735 718
30  RW 3906 701
10  FV 4412 3375
14
50  RW 3905 762
30  FV 4650 3369
10  FV 4814 3366
15
50  FV 3525 3380
30  RW 3539 727
10  RW 3832 725
16
50  RW 3402 724
30  FV 3762 3359
10  FV 3785 3379
17
50  RW 7229 735
30  FV 7303 3351
10  FV 7582 3352
18
50  RW 6623 752
30  RW 9885 691
19
50  RW 6387 772
30  FV 8631 3373
20
50  RW 5551 716
30  RW 5951 763
10  RW 6060 733
21
50  RW 3450 688
30  FV 3926 3343
10  RW 4716 684
22
50  RW 4079 695
30  RW 4291 751
10  FV 5770 3360
23
50  FV 2641 3344
30  FV 2675 3382
10  RW 3624 703
24
50  RW 2427 726
30  RW 2718 737
10  RW 2770 747
25
50  RW 1989 701
30  FV 2089 3349
10  RW 2244 715
26
50  RW 1908 753
30  RW 2256 749
10  FV 2464 3369
27
50  FV 4028 3380
30  RW 4563 743
10  FV 4595 3377
28
50  RW 4728 724
30  FV 4766 3359
10  RW 4906 766
29
50  RW 3721 735
30  FV 3738 3351
10  RW 4257 754
30
50  FV 5003 3367
30  RW 5444 691
10  RW 6076 769
31
80  RW 3927 722
40  FV 5164 3373
32
80  RW 3041 716
40  RW 3259 742
0  RW 3425 690
33
80  RW 2497 771
40  RW 2947 740
0  RW 3059 750
34
80  RW 2609 696
40  RW 2669 747
0  FV 3213 3368
35
50  FV 1908 3349
30  RW 1973 718
10  RW 2525 758
36
50  RW 1899 762
30  FV 2340 3383
10  RW 2556 730
37
50  RW 4372 686
30  FV 4444 3380
10  FV 4509 3362
38
50  RW 4420 736
30  RW 4496 766
10  FV 5006 3359
39
50  RW 3435 773
30  FV 3577 3351
10  FV 3887 3352
40
50  RW 5377 769
30  FV 5819 3367
41
50  RW 3266 772
30  RW 4106 722
10  FV 4947 3373
42
50  RW 2739 716
30  RW 2939 733
10  RW 3106 742
43
50  RW 2462 771
30  FV 3579 3382
10  FV 4928 3365
44
50  RW 2621 726
30  RW 3435 748
10  FV 3925 3368
45
50  RW 2351 701
30  FV 3062 3348
10  FV 3069 3376
46
50  RW 2123 753
30  FV 2665 3383
10  FV 2806 3363
47
50  RW 4334 725
30  RW 4809 727
10  FV 5371 3377
48
50  RW 5496 766
30  FV 5718 3350
10  FV 5747 3356
49
50  RW 3988 773
30  FV 4203 3352
10  FV 4771 3381
50
50  RW 4049 752
30  RW 5058 691
10  FV 5175 3367
51
50  RW 4707 722
52
50  RW 3837 763
30  RW 4031 710
10  FV 4388 3355
53
50  RW 17717 1691
54
50  RW 10673 1686
30  FV 11293 2015
55
50  RW 18245 1687
30  FV 20352 2016
56
50  FV 19896 2017
30  RW 19983 1688
57
50  RW 15355 1689
30  FV 17397 2018
58
50  FV 17403 2019
59
50  FV 16759 2020
SCORE:FV,RW,1630,3550,-192.0
