FV-SD
1
50  FV 10025 3349
30  SD 10430 3496
10  SD 12639 3479
2
50  FV 10634 3383
30  SD 13250 3516
10  SD 13371 3510
3
50  FV 8790 3380
30  SD 9045 3497
10  FV 9695 3377
4
50  SD 10282 3500
30  FV 11027 3350
10  FV 11813 3356
5
50  FV 8295 3351
30  FV 8941 3381
10  SD 9879 3521
6
50  SD 7475 3498
30  SD 9590 3480
10  FV 10438 3367
7
50  SD 9537 3481
30  FV 10543 3373
8
50  FV 7139 3384
30  FV 7577 3364
10  FV 8072 3358
9
50  FV 3222 3343
30  SD 3290 3514
10  SD 3633 3515
10
50  SD 2538 3513
30  SD 3182 3519
10  SD 3209 3512
11
50  FV 2181 3382
30  FV 2232 3344
10  FV 3028 3365
12
50  SD 1883 3478
30  SD 2227 3499
10  FV 2238 3368
13
50  FV 4412 3375
30  SD 4896 3508
10  FV 5334 3376
14
50  FV 4650 3369
30  SD 4775 3504
10  SD 4787 3503
15
50  FV 3525 3380
30  FV 3960 3377
10  FV 3963 3370
16
50  FV 3762 3359
30  FV 3785 3379
10  FV 4108 3350
17
50  FV 7303 3351
30  FV 7582 3352
10  SD 8478 3521
18
50  SD 6208 3498
19
50  FV 8631 3373
20
50  FV 6359 3384
30  FV 6653 3355
10  FV 6853 3358
21
50  SD 3746 3506
30  FV 3926 3343
10  SD 3990 3515
22
50  SD 3064 3513
30  SD 3569 3519
10  SD 4264 3512
23
50  FV 2641 3344
30  FV 2675 3382
10  SD 3746 3506
24
50  SD 2452 3478
30  SD 2613 3499
10  SD 2721 3509
25
50  SD 2087 3496
30  FV 2089 3349
10  FV 2812 3353
26
50  FV 2464 3369
30  SD 2570 3503
10  SD 2651 3510
27
50  SD 4000 3497
30  FV 4028 3380
10  FV 4595 3377
28
50  SD 4532 3500
30  FV 4766 3359
10  FV 5353 3379
29
50  FV 3738 3351
30  SD 4327 3521
10  FV 4328 3357
30
50  SD 4615 3480
30  FV 5003 3367
31
80  SD 4613 3481
40  FV 5164 3373
32
80  FV 3475 3364
40  FV 3512 3384
0  FV 3645 3355
33
80  FV 3532 3344
34
80  SD 2528 3478
40  SD 2935 3499
0  FV 3213 3368
35
50  FV 1908 3349
30  SD 2064 3496
10  SD 2643 3479
36
50  FV 2340 3383
30  SD 2477 3516
10  FV 3039 3372
37
50  SD 4327 3497
30  FV 4444 3380
10  FV 4509 3362
38
50  FV 5006 3359
30  SD 5521 3500
39
50  FV 3577 3351
30  FV 3887 3352
10  FV 4240 3381
40
50  SD 4488 3480
30  FV 5819 3367
41
50  SD 4363 3481
30  FV 4947 3373
42
50  FV 3234 3384
30  FV 3381 3358
10  FV 3491 3355
43
50  FV 3579 3382
30  SD 4865 3505
10  FV 4928 3365
44
50  SD 2788 3478
30  SD 3101 3499
10  SD 3502 3509
45
50  SD 2541 3479
30  SD 2955 3508
10  FV 3062 3348
46
50  FV 2665 3383
30  FV 2806 3363
10  SD 3234 3510
47
50  SD 4700 3497
30  FV 5371 3377
10  SD 6295 3488
48
50  SD 5057 3500
30  FV 5718 3350
10  FV 5747 3356
49
50  FV 4203 3352
30  FV 4771 3381
10  SD 4806 3487
50
50  FV 5175 3367
30  SD 5284 3480
51
50  SD 5034 3481
52
50  SD 4000 3501
30  FV 4388 3355
10  FV 4463 3364
53
50  SD 15585 2067
54
50  FV 11293 2015
30  SD 12488 2064
55
50  FV 20352 2016
30  SD 21624 2065
56
50  FV 19896 2017
30  SD 19897 2066
57
50  FV 17397 2018
58
50  FV 17403 2019
59
50  FV 16759 2020
SCORE:FV,SD,2810,2210,60.0
