FV-SH
1
50  FV 10025 3349
30  SH 10278 2639
10  SH 11089 2607
2
50  FV 10634 3383
3
50  SH 8498 2619
30  FV 8790 3380
10  SH 9564 2612
4
50  SH 9948 2647
30  FV 11027 3350
10  FV 11813 3356
5
50  SH 7836 2618
30  FV 8295 3351
10  SH 8931 2640
6
50  FV 10438 3367
7
50  SH 9090 2631
30  FV 10543 3373
8
50  SH 6485 2605
30  SH 7027 2613
10  FV 7139 3384
9
50  FV 3222 3343
30  SH 4522 2646
10  FV 11425 3361
10
50  FV 3344 3360
30  SH 5726 2645
11
50  SH 2056 2629
30  FV 2181 3382
10  FV 2232 3344
12
50  SH 2009 2642
30  FV 2238 3368
10  SH 2814 2644
13
50  SH 3852 2639
30  SH 4190 2603
10  FV 4412 3375
14
50  FV 4650 3369
30  FV 4814 3366
10  FV 4909 3346
15
50  SH 3463 2619
30  FV 3525 3380
10  FV 3960 3377
16
50  FV 3762 3359
30  FV 3785 3379
10  SH 3946 2630
17
50  SH 6858 2618
30  FV 7303 3351
10  FV 7582 3352
19
50  SH 8136 2631
30  FV 8631 3373
20
50  SH 5747 2605
30  FV 6359 3384
10  SH 6437 2613
21
50  FV 3926 3343
22
50  FV 5770 3360
23
50  SH 2543 2629
30  FV 2641 3344
10  FV 2675 3382
24
50  SH 2892 2642
30  FV 3748 3374
10  SH 5471 2623
25
50  FV 2089 3349
30  SH 2416 2639
10  SH 2471 2643
26
50  FV 2464 3369
30  SH 2762 2599
10  FV 2878 3366
27
50  FV 4028 3380
30  SH 4434 2612
10  FV 4595 3377
28
50  SH 4732 2630
30  FV 4766 3359
10  FV 5353 3379
29
50  FV 3738 3351
30  SH 3769 2618
10  FV 4328 3357
30
50  FV 5003 3367
31
80  FV 5164 3373
32
80  SH 3178 2605
40  FV 3475 3364
0  FV 3512 3384
33
80  SH 2598 2629
40  SH 3369 2626
0  FV 3532 3344
34
80  SH 2623 2642
40  FV 3213 3368
35
50  FV 1908 3349
30  SH 2202 2638
10  SH 2288 2607
36
50  FV 2340 3383
30  FV 3039 3372
10  SH 3525 2614
37
50  SH 3979 2619
30  FV 4444 3380
10  FV 4509 3362
38
50  FV 5006 3359
30  SH 5382 2636
10  SH 5677 2625
39
50  FV 3577 3351
30  SH 3807 2640
10  FV 3887 3352
40
50  FV 5819 3367
41
50  FV 4947 3373
42
50  SH 2953 2605
30  SH 3161 2613
10  FV 3234 3384
43
50  SH 2875 2629
30  FV 3579 3382
10  FV 4928 3365
44
50  SH 2983 2642
30  SH 3532 2644
10  FV 3925 3368
45
50  SH 2408 2639
30  SH 2480 2603
10  SH 2784 2635
46
50  FV 2665 3383
30  FV 2806 3363
10  SH 2964 2617
47
50  SH 4632 2619
30  SH 5171 2612
10  FV 5371 3377
48
50  FV 5718 3350
30  FV 5747 3356
10  FV 5765 3379
49
50  FV 4203 3352
30  SH 4600 2640
10  FV 4771 3381
50
50  FV 5175 3367
51
50  SH 4738 2631
52
50  SH 3350 2613
30  FV 4388 3355
10  FV 4463 3364
54
50  FV 11293 2015
30  SH 11370 1919
55
50  SH 19413 1921
30  FV 20352 2016
56
50  FV 19896 2017
57
50  FV 17397 2018
58
50  FV 17403 2019
30  SH 19108 1923
59
50  SH 13886 1924
30  FV 16759 2020
SCORE:FV,SH,2470,2230,24.0
