FV-SL
1
50  FV 10025 3349
30  SL 11744 2907
10  FV 13531 3375
2
50  SL 8346 2877
30  SL 8361 2923
10  FV 10634 3383
3
50  FV 8790 3380
30  SL 8950 2918
10  SL 9075 2884
4
50  SL 9534 2909
30  FV 11027 3350
10  FV 11813 3356
5
50  SL 7340 2901
30  SL 7391 2928
10  FV 8295 3351
6
50  SL 7120 2921
30  SL 7529 2886
10  SL 7588 2883
7
50  FV 10543 3373
8
50  FV 7139 3384
30  SL 7163 2917
10  FV 7577 3364
9
50  FV 3222 3343
30  SL 5934 2911
10  SL 5950 2896
10
50  FV 3344 3360
30  SL 4113 2913
10  SL 4840 2875
11
50  SL 1652 2876
30  SL 1699 2908
10  SL 1840 2885
12
50  SL 1650 2874
30  FV 2238 3368
10  SL 2522 2922
13
50  FV 4412 3375
30  SL 4839 2905
10  FV 5334 3376
14
50  SL 3409 2923
30  SL 4400 2894
10  FV 4650 3369
15
50  SL 3377 2884
30  FV 3525 3380
10  SL 3550 2920
16
50  SL 3384 2909
30  SL 3680 2880
10  FV 3762 3359
17
50  SL 6280 2928
30  SL 6354 2901
10  FV 7303 3351
18
50  SL 6249 2921
30  SL 6403 2883
10  SL 7270 2932
19
50  FV 8631 3373
20
50  SL 5976 2917
30  FV 6359 3384
10  FV 6653 3355
21
50  FV 3926 3343
22
50  FV 5770 3360
23
50  SL 1968 2876
30  SL 2090 2908
10  SL 2282 2885
24
50  SL 2070 2874
30  FV 3748 3374
10  SL 4209 2878
25
50  FV 2089 3349
30  SL 2450 2907
10  SL 2592 2905
26
50  SL 1912 2877
30  SL 2043 2899
10  SL 2310 2894
27
50  FV 4028 3380
30  SL 4425 2918
10  SL 4534 2897
28
50  SL 4029 2909
30  FV 4766 3359
10  FV 5353 3379
29
50  SL 3388 2928
30  FV 3738 3351
10  FV 4328 3357
30
50  SL 3439 2883
30  SL 4214 2932
10  SL 4382 2904
31
80  FV 5164 3373
32
80  SL 3410 2917
40  FV 3475 3364
0  FV 3512 3384
33
80  SL 1860 2876
40  SL 2121 2908
0  SL 2362 2885
34
80  SL 2033 2874
40  FV 3213 3368
35
50  FV 1908 3349
30  SL 2492 2907
10  FV 2653 3375
36
50  SL 1757 2877
30  SL 2149 2899
10  FV 2340 3383
37
50  SL 4031 2920
30  FV 4444 3380
10  FV 4509 3362
38
50  SL 4922 2909
30  FV 5006 3359
10  SL 5777 2880
39
50  SL 3265 2928
30  SL 3427 2901
10  FV 3577 3351
40
50  SL 4456 2932
30  FV 5819 3367
41
50  FV 4947 3373
42
50  SL 2859 2917
30  FV 3234 3384
10  FV 3381 3358
43
50  SL 2284 2876
30  SL 2790 2885
10  FV 3579 3382
44
50  SL 2286 2874
30  FV 3925 3368
45
50  SL 2892 2907
30  FV 3062 3348
10  FV 3069 3376
46
50  SL 1938 2923
30  SL 2446 2899
10  FV 2665 3383
47
50  SL 4651 2912
30  SL 4742 2918
10  SL 5238 2920
48
50  FV 5718 3350
30  FV 5747 3356
10  FV 5765 3379
49
50  SL 3903 2901
30  SL 4117 2916
10  FV 4203 3352
50
50  SL 3447 2921
30  SL 3884 2904
10  FV 5175 3367
52
50  FV 4388 3355
30  FV 4463 3364
10  FV 4503 3358
53
50  SL 23862 1969
54
50  FV 11293 2015
30  SL 11727 1961
55
50  FV 20352 2016
30  SL 20788 1963
56
50  SL 15044 1965
30  FV 19896 2017
57
50  SL 15791 1966
30  FV 17397 2018
58
50  FV 17403 2019
59
50  SL 15156 1967
30  FV 16759 2020
60
50  SL 12371 1968
SCORE:FV,SL,1890,3110,-122.0
