FV-WH
1
50  WH 9640 1193
30  FV 10025 3349
10  WH 11865 1245
2
50  WH 10577 1271
30  FV 10634 3383
10  WH 10928 1228
3
50  WH 8247 1194
30  FV 8790 3380
10  FV 9695 3377
4
50  WH 9193 1192
30  FV 11027 3350
10  WH 11040 1221
5
50  WH 7892 1191
30  FV 8295 3351
10  FV 8941 3381
6
50  WH 10114 1226
30  WH 10162 1274
10  FV 10438 3367
7
50  WH 8651 1276
30  FV 10543 3373
8
50  FV 7139 3384
30  FV 7577 3364
10  FV 8072 3358
9
50  FV 3222 3343
30  WH 3735 1229
10  FV 11425 3361
10
50  FV 3344 3360
30  WH 4124 1181
10  WH 4823 1257
11
50  WH 2018 1188
30  WH 2124 1236
10  FV 2181 3382
12
50  FV 2238 3368
30  WH 2443 1211
10  WH 2872 1258
13
50  FV 4412 3375
30  WH 4773 1288
10  WH 4802 1239
14
50  WH 4037 1228
30  FV 4650 3369
10  FV 4814 3366
15
50  WH 3344 1194
30  FV 3525 3380
10  WH 3856 1222
16
50  WH 3582 1197
30  FV 3762 3359
10  FV 3785 3379
17
50  FV 7303 3351
30  FV 7582 3352
10  WH 7845 1178
18
50  WH 6598 1277
30  WH 8628 1206
10  WH 8715 1274
19
50  WH 6868 1187
30  WH 7183 1240
10  WH 7575 1276
20
50  FV 6359 3384
30  FV 6653 3355
10  WH 6743 1246
21
50  FV 3926 3343
30  WH 5483 1229
22
50  FV 5770 3360
23
50  WH 2603 1188
30  FV 2641 3344
10  FV 2675 3382
24
50  WH 3673 1256
30  FV 3748 3374
10  WH 4091 1211
25
50  FV 2089 3349
30  WH 2213 1193
10  WH 2308 1245
26
50  WH 2321 1271
30  FV 2464 3369
10  FV 2878 3366
27
50  WH 3950 1194
30  FV 4028 3380
10  FV 4595 3377
28
50  WH 4251 1192
30  WH 4716 1197
10  FV 4766 3359
29
50  WH 3513 1191
30  FV 3738 3351
10  WH 4098 1178
30
50  WH 3788 1277
30  WH 4543 1226
10  FV 5003 3367
31
80  WH 3613 1240
40  WH 3877 1187
0  WH 4647 1264
32
80  FV 3475 3364
40  FV 3512 3384
0  WH 3597 1247
33
80  FV 3532 3344
34
80  FV 3213 3368
35
50  FV 1908 3349
30  WH 2132 1245
10  FV 2653 3375
36
50  WH 1815 1189
30  WH 2148 1228
10  FV 2340 3383
37
50  FV 4444 3380
30  FV 4509 3362
10  FV 4872 3371
38
50  WH 4260 1192
30  WH 4851 1221
10  WH 4959 1186
39
50  FV 3577 3351
30  WH 3611 1191
10  FV 3887 3352
40
50  WH 4022 1274
30  FV 5819 3367
41
50  WH 3517 1187
30  WH 3852 1276
10  WH 4489 1264
42
50  FV 3234 3384
30  FV 3381 3358
10  FV 3491 3355
43
50  WH 3268 1188
30  WH 3453 1279
10  FV 3579 3382
44
50  FV 3925 3368
45
50  WH 2335 1193
30  WH 2814 1281
10  FV 3062 3348
46
50  WH 2147 1271
30  WH 2444 1189
10  FV 2665 3383
47
50  WH 5269 1195
30  WH 5319 1176
10  FV 5371 3377
48
50  WH 5403 1197
30  WH 5668 1179
10  FV 5718 3350
49
50  FV 4203 3352
30  WH 4345 1220
10  WH 4565 1178
50
50  WH 3827 1277
30  WH 4859 1206
10  FV 5175 3367
51
50  WH 4341 1240
30  WH 4961 1196
52
50  WH 4106 1280
30  WH 4311 1247
10  WH 4359 1182
53
50  WH 24955 1733
54
50  FV 11293 2015
30  WH 11963 1734
55
50  FV 20352 2016
30  WH 28845 1735
56
50  FV 19896 2017
30  WH 27833 1736
57
50  FV 17397 2018
30  WH 23321 1737
58
50  FV 17403 2019
30  WH 21021 1738
59
50  FV 16759 2020
61
50  WH 15727 1739
SCORE:FV,WH,2220,2930,-71.0
