FV-WW
1
50  WW 9347 1645
30  FV 10025 3349
10  FV 13531 3375
2
50  FV 10634 3383
30  WW 11716 1597
10  WW 12762 1592
3
50  FV 8790 3380
30  WW 9519 1584
10  FV 9695 3377
4
50  WW 10807 1577
30  FV 11027 3350
10  WW 11487 1587
5
50  WW 8091 1544
30  FV 8295 3351
10  WW 8587 1626
6
50  WW 7547 1643
30  WW 9959 1576
10  FV 10438 3367
7
50  WW 7781 1616
30  WW 9163 1640
10  FV 10543 3373
8
50  WW 6700 1585
30  FV 7139 3384
10  FV 7577 3364
9
50  FV 3222 3343
30  WW 3607 1555
10  FV 11425 3361
10
50  WW 2803 1591
30  FV 3344 3360
10  WW 4153 1615
11
50  WW 1959 1580
30  WW 2100 1573
10  FV 2181 3382
12
50  WW 2186 1619
30  FV 2238 3368
10  WW 2438 1561
13
50  WW 3890 1589
30  WW 4283 1638
10  FV 4412 3375
14
50  WW 4059 1552
30  WW 4381 1569
10  WW 4538 1623
15
50  WW 3228 1625
30  FV 3525 3380
10  WW 3729 1584
16
50  FV 3762 3359
30  FV 3785 3379
10  FV 4108 3350
17
50  WW 6844 1581
30  WW 6869 1618
10  FV 7303 3351
18
50  WW 7106 1583
30  WW 9689 1607
19
50  WW 6303 1551
30  WW 7506 1562
10  FV 8631 3373
20
50  WW 6309 1582
30  FV 6359 3384
10  WW 6444 1565
21
50  FV 3926 3343
30  WW 4309 1555
22
50  WW 5181 1591
30  WW 5769 1615
10  FV 5770 3360
23
50  WW 2472 1580
30  FV 2641 3344
10  FV 2675 3382
24
50  WW 3006 1635
30  WW 3325 1619
10  WW 3415 1541
25
50  FV 2089 3349
30  WW 2100 1645
10  WW 2475 1589
26
50  WW 2428 1569
30  FV 2464 3369
10  WW 2609 1623
27
50  FV 4028 3380
30  FV 4595 3377
10  WW 4756 1634
28
50  WW 4644 1605
30  FV 4766 3359
10  WW 5342 1577
29
50  WW 3622 1618
30  WW 3709 1595
10  FV 3738 3351
30
50  WW 3488 1643
30  WW 3675 1583
10  WW 5000 1576
31
80  WW 3531 1551
40  WW 3584 1616
0  WW 4031 1640
32
80  WW 3043 1585
40  FV 3475 3364
0  FV 3512 3384
33
80  WW 2604 1573
40  FV 3532 3344
0  WW 3637 1621
34
80  FV 3213 3368
40  WW 3675 1635
35
50  WW 1864 1645
30  FV 1908 3349
10  WW 2529 1638
36
50  FV 2340 3383
30  WW 2463 1639
10  WW 2991 1623
37
50  WW 3816 1625
30  WW 3966 1572
10  FV 4444 3380
38
50  WW 4303 1636
30  FV 5006 3359
10  WW 5550 1577
39
50  WW 3473 1618
30  FV 3577 3351
10  WW 3593 1581
40
50  WW 3459 1643
30  WW 4190 1576
10  FV 5819 3367
41
50  WW 3331 1616
30  WW 3788 1640
10  WW 3844 1562
42
50  WW 2879 1585
30  FV 3234 3384
10  WW 3316 1565
43
50  WW 2591 1573
30  WW 3260 1601
10  FV 3579 3382
44
50  WW 3581 1620
30  FV 3925 3368
10  WW 7800 1593
45
50  WW 2350 1589
30  WW 2469 1638
10  WW 2637 1542
46
50  WW 2640 1552
30  FV 2665 3383
10  WW 2721 1629
47
50  WW 4207 1625
30  WW 4327 1572
10  WW 4363 1584
48
50  WW 4466 1636
30  WW 5481 1605
10  FV 5718 3350
49
50  WW 3978 1544
30  WW 4063 1581
10  FV 4203 3352
50
50  WW 4181 1583
30  FV 5175 3367
51
50  WW 3768 1551
30  WW 4440 1596
10  WW 6650 1558
52
50  WW 3665 1608
30  WW 3700 1582
10  WW 3838 1550
53
50  WW 11534 1795
54
50  WW 9416 1776
30  FV 11293 2015
55
50  WW 17160 1779
30  FV 20352 2016
56
50  WW 18144 1782
30  FV 19896 2017
57
50  WW 14228 1784
30  FV 17397 2018
58
50  FV 17403 2019
30  WW 20981 1788
59
50  WW 12400 1789
30  FV 16759 2020
60
50  WW 13835 1791
61
50  WW 11479 1792
SCORE:FV,WW,1550,3850,-230.0
