FV-WM
1
50  FV 10025 3349
30  WM 11381 409
10  WM 12706 435
2
50  WM 9257 442
30  WM 10290 397
10  FV 10634 3383
3
50  FV 8790 3380
30  WM 9647 413
10  FV 9695 3377
4
50  WM 8102 420
30  WM 10572 426
10  FV 11027 3350
5
50  WM 7746 354
30  FV 8295 3351
10  WM 8813 396
6
50  WM 9098 366
30  FV 10438 3367
7
50  WM 7315 362
30  WM 7745 395
10  FV 10543 3373
8
50  WM 6781 429
30  FV 7139 3384
10  FV 7577 3364
9
50  WM 2723 424
30  FV 3222 3343
10  WM 4715 386
10
50  WM 2822 399
30  FV 3344 3360
10  WM 3653 438
11
50  FV 2181 3382
30  FV 2232 3344
10  WM 2259 410
12
50  WM 1872 422
30  WM 2007 398
10  FV 2238 3368
13
50  WM 4088 368
30  FV 4412 3375
10  WM 4529 356
14
50  WM 3604 344
30  WM 3605 370
10  WM 3615 442
15
50  WM 3354 413
30  FV 3525 3380
10  WM 3712 392
16
50  WM 3172 419
30  WM 3212 420
10  WM 3678 376
17
50  WM 6889 447
30  FV 7303 3351
10  FV 7582 3352
18
50  WM 6745 449
30  WM 7763 417
10  WM 7980 366
19
50  WM 6491 362
30  WM 6744 395
10  WM 8494 383
20
50  FV 6359 3384
30  WM 6571 418
10  FV 6653 3355
21
50  WM 3807 424
30  FV 3926 3343
10  WM 4444 369
22
50  WM 3663 399
30  WM 3854 438
10  WM 5197 411
23
50  FV 2641 3344
30  FV 2675 3382
10  WM 3331 445
24
50  WM 2235 422
30  WM 2456 398
10  WM 3002 393
25
50  FV 2089 3349
30  WM 2297 368
10  WM 2578 409
26
50  WM 1956 357
30  WM 2032 442
10  WM 2334 364
27
50  FV 4028 3380
30  WM 4469 421
10  FV 4595 3377
28
50  WM 3978 419
30  WM 4551 426
10  FV 4766 3359
29
50  WM 3591 447
30  WM 3647 354
10  FV 3738 3351
30
50  WM 3774 449
30  WM 4159 366
10  WM 4888 417
31
80  WM 3342 362
40  WM 3633 395
0  WM 3985 382
32
80  FV 3475 3364
40  FV 3512 3384
0  FV 3645 3355
33
80  FV 3532 3344
34
80  WM 2535 422
40  FV 3213 3368
0  WM 3318 434
35
50  FV 1908 3349
30  WM 2172 368
10  WM 2301 435
36
50  WM 1782 370
30  WM 1856 344
10  WM 2326 361
37
50  WM 3887 413
30  FV 4444 3380
10  FV 4509 3362
38
50  WM 3441 419
30  FV 5006 3359
10  WM 5119 426
39
50  FV 3577 3351
30  WM 3809 447
10  FV 3887 3352
40
50  FV 5819 3367
41
50  FV 4947 3373
42
50  WM 2804 429
30  WM 3032 418
10  FV 3234 3384
43
50  WM 2913 410
30  FV 3579 3382
10  FV 4928 3365
44
50  WM 3271 398
30  WM 3397 373
10  FV 3925 3368
45
50  WM 2656 425
30  WM 2820 409
10  WM 2925 359
46
50  WM 2401 397
30  WM 2450 361
10  WM 2644 357
47
50  FV 5371 3377
30  WM 5535 342
10  WM 7238 389
48
50  WM 4140 420
30  WM 5713 376
10  FV 5718 3350
49
50  WM 3902 354
30  FV 4203 3352
10  WM 4207 396
50
50  WM 4287 449
30  FV 5175 3367
10  WM 5900 406
51
50  WM 4555 382
30  WM 5679 416
52
50  WM 3656 429
30  WM 4028 405
10  WM 4258 339
53
50  WM 18189 1662
54
50  FV 11293 2015
30  WM 11382 1658
55
50  FV 20352 2016
56
50  FV 19896 2017
57
50  FV 17397 2018
58
50  FV 17403 2019
59
50  WM 14150 1660
30  FV 16759 2020
61
50  WM 14309 1661
SCORE:FV,WM,1770,3350,-158.0
