GBP-WV
1
50  WV 9634 3126
30  WV 10830 3164
10  WV 10963 3154
2
50  GBP 9298 3408
30  GBP 9322 3416
10  WV 9582 3183
3
50  WV 8547 3175
30  GBP 11009 3417
10  WV 12135 3159
4
50  WV 9062 3187
30  GBP 10451 3407
10  WV 10928 3153
5
50  WV 8203 3127
30  WV 9550 3188
10  WV 10028 3174
6
50  GBP 7190 3414
30  WV 8053 3169
10  GBP 8906 3399
7
50  GBP 7477 3415
30  WV 7778 3180
10  WV 8888 3143
8
50  GBP 8403 3393
30  WV 8844 3162
10  WV 9831 3172
9
50  GBP 2550 3410
30  WV 2925 3155
10  GBP 3697 3404
10
50  WV 4763 3145
30  WV 10260 3149
10  WV 12916 3161
11
50  WV 1953 3125
30  GBP 2046 3413
10  WV 2356 3184
12
50  GBP 1853 3388
30  WV 2122 3186
10  WV 2162 3157
13
50  WV 3669 3126
30  GBP 3943 3412
10  WV 4250 3154
14
50  GBP 3432 3408
30  WV 3866 3137
10  WV 4043 3183
15
50  WV 3300 3175
30  GBP 4221 3417
10  WV 4409 3151
16
50  GBP 3813 3407
30  WV 4490 3153
17
50  WV 8916 3188
30  WV 9272 3174
10  WV 9353 3133
18
50  WV 7144 3169
30  GBP 8007 3399
10  GBP 8147 3400
19
50  GBP 6648 3415
30  WV 6813 3180
10  GBP 7221 3418
20
50  GBP 7038 3392
30  WV 7485 3178
10  GBP 7637 3393
21
50  GBP 3449 3404
30  GBP 3872 3410
10  WV 4028 3155
22
50  WV 5456 3161
30  WV 9569 3145
10  WV 16103 3149
23
50  WV 2531 3125
30  GBP 2762 3396
10  WV 3012 3184
24
50  GBP 2508 3388
30  GBP 2585 3395
10  WV 2869 3157
25
50  GBP 2384 3412
30  WV 2540 3173
10  WV 2931 3139
26
50  GBP 1909 3416
30  WV 2374 3128
10  WV 2384 3137
27
50  WV 3719 3175
30  GBP 5013 3417
10  WV 5863 3151
28
50  GBP 5637 3407
30  WV 7090 3150
29
50  WV 3922 3127
30  WV 5481 3133
30
50  GBP 3294 3414
30  GBP 5037 3400
31
80  WV 4296 3143
40  WV 4431 3144
0  WV 4956 3163
32
80  GBP 4038 3393
40  WV 4203 3178
0  WV 4375 3134
33
80  GBP 2384 3413
40  WV 2975 3179
0  WV 4516 3160
34
80  GBP 2772 3388
40  WV 3246 3157
0  GBP 3281 3395
35
50  WV 2047 3126
30  WV 2066 3164
10  GBP 2647 3412
36
50  GBP 1660 3408
30  WV 2003 3183
10  GBP 2481 3391
37
50  GBP 5136 3417
30  WV 5409 3151
10  WV 5656 3159
38
50  WV 5762 3153
39
50  WV 3641 3127
30  WV 4318 3188
10  WV 4556 3174
40
50  GBP 3096 3414
30  WV 3619 3169
10  GBP 4228 3399
41
50  WV 4306 3163
30  WV 4394 3144
42
50  GBP 3747 3392
30  WV 3808 3162
10  WV 4391 3134
43
50  WV 3034 3125
30  GBP 3213 3413
10  WV 3416 3184
44
50  WV 2947 3186
30  GBP 3047 3403
10  GBP 3172 3388
45
50  WV 2325 3173
30  WV 2512 3154
10  WV 3162 3189
46
50  GBP 2090 3416
30  GBP 2550 3406
10  WV 2850 3138
47
50  WV 4675 3175
30  WV 5353 3151
10  WV 5537 3159
48
50  GBP 5239 3407
30  WV 5571 3153
10  WV 8066 3150
49
50  WV 4422 3127
30  WV 4728 3188
10  WV 4981 3174
50
50  WV 4337 3169
30  GBP 4584 3400
10  GBP 5112 3401
51
50  GBP 4132 3418
30  WV 4218 3180
10  WV 4663 3143
52
50  GBP 3738 3393
30  GBP 4054 3392
10  WV 4388 3178
53
50  WV 28353 1996
54
50  WV 9372 1991
30  GBP 9875 2033
55
50  WV 16756 1993
56
50  GBP 16283 2035
30  WV 16555 1994
60
50  GBP 13453 2036
61
50  WV 13737 1995
SCORE:GBP,WV,2180,2890,-71.0
