GBP-HP
1
50  HP 9165 260
30  HP 11713 224
10  GBP 11741 3412
2
50  GBP 9298 3408
30  GBP 9322 3416
10  HP 9344 328
3
50  HP 7550 269
30  HP 9669 332
10  HP 10075 232
4
50  HP 7934 236
30  GBP 10451 3407
10  HP 11247 225
5
50  HP 7225 290
30  HP 8263 234
10  HP 8982 316
6
50  GBP 7190 3414
30  HP 7203 256
10  HP 8175 244
7
50  GBP 7477 3415
30  HP 7603 220
10  HP 10002 291
8
50  HP 7391 303
30  HP 7437 312
10  HP 7757 319
9
50  GBP 2550 3410
30  GBP 3697 3404
10  GBP 3837 3409
10
50  HP 3084 255
30  HP 4346 251
10  HP 6640 333
11
50  GBP 2046 3413
30  HP 2162 338
10  HP 2431 214
12
50  GBP 1853 3388
30  HP 2334 331
10  HP 2456 300
13
50  HP 3703 211
30  GBP 3943 3412
10  HP 4381 226
14
50  GBP 3432 3408
30  HP 3725 237
10  HP 4106 283
15
50  HP 3207 330
30  HP 3650 335
10  HP 3719 332
16
50  HP 3135 236
30  HP 3422 254
10  GBP 3813 3407
17
50  HP 6384 290
30  HP 8007 235
10  HP 9053 258
18
50  HP 7653 241
30  GBP 8007 3399
10  HP 8009 304
19
50  GBP 6648 3415
30  GBP 7221 3418
10  HP 8572 307
20
50  HP 5659 308
30  HP 6313 312
10  HP 6659 319
21
50  GBP 3449 3404
30  GBP 3872 3410
10  HP 4947 322
22
50  HP 2850 227
30  HP 3722 255
10  HP 10047 333
23
50  HP 2685 229
30  GBP 2762 3396
10  HP 2838 338
24
50  GBP 2508 3388
30  GBP 2585 3395
10  HP 2787 331
25
50  HP 1963 260
30  HP 2303 233
10  HP 2308 323
26
50  GBP 1909 3416
30  HP 2563 246
10  GBP 2772 3411
27
50  HP 3568 269
30  HP 3894 330
10  HP 4756 232
28
50  HP 4231 254
30  HP 5281 225
10  GBP 5637 3407
29
50  HP 3984 235
30  HP 5031 326
10  HP 5340 263
30
50  HP 3275 268
30  GBP 3294 3414
10  HP 4110 288
31
80  HP 3625 220
40  HP 4468 291
0  HP 4719 242
32
80  HP 2865 308
40  HP 3557 289
0  HP 3884 310
33
80  GBP 2384 3413
40  HP 2600 338
0  HP 2612 214
34
80  HP 2722 227
40  GBP 2772 3388
0  HP 3031 331
35
50  HP 1863 260
30  HP 1960 211
10  HP 2296 215
36
50  GBP 1660 3408
30  HP 1747 328
10  HP 2134 283
37
50  HP 3265 269
30  HP 4228 332
10  GBP 5136 3417
38
50  HP 3428 236
30  HP 6200 317
39
50  HP 3072 290
30  HP 3618 234
10  HP 3833 316
40
50  HP 3075 256
30  GBP 3096 3414
10  HP 3638 244
41
50  HP 4053 291
30  HP 4466 242
42
50  HP 2698 308
30  HP 3059 303
10  HP 3184 314
43
50  HP 2884 229
30  GBP 3213 3413
44
50  GBP 3047 3403
30  GBP 3172 3388
10  HP 3416 227
45
50  HP 2439 211
30  HP 2795 215
10  HP 2800 224
46
50  GBP 2090 3416
30  GBP 2550 3406
10  HP 2560 282
47
50  HP 4525 330
30  HP 4844 335
10  HP 4938 213
48
50  GBP 5239 3407
30  HP 5325 276
10  HP 5327 254
49
50  HP 4641 234
30  HP 5259 326
50
50  HP 3669 268
30  HP 4369 288
10  GBP 4584 3400
51
50  HP 3997 220
30  GBP 4132 3418
10  HP 4753 243
52
50  HP 3687 312
30  HP 3715 289
10  GBP 3738 3393
53
50  HP 18604 1656
54
50  GBP 9875 2033
30  HP 10553 1642
55
50  HP 18650 1644
56
50  HP 15963 1646
30  GBP 16283 2035
57
50  HP 17031 1647
58
50  HP 17835 1649
59
50  HP 15187 1650
60
50  HP 12150 1651
30  GBP 13453 2036
61
50  HP 13259 1653
SCORE:GBP,HP,1510,3790,-228.0
