GBP-BJCCS
1
50  GBP 11741 3412
30  GBP 13410 3402
2
50  BJCCS 7311 1954
30  GBP 9298 3408
10  GBP 9322 3416
3
50  BJCCS 9831 1977
30  GBP 11009 3417
4
50  BJCCS 8868 1970
30  BJCCS 8910 1964
10  GBP 10451 3407
5
50  BJCCS 7494 1958
30  BJCCS 9193 1972
6
50  GBP 7190 3414
30  BJCCS 7580 1985
10  BJCCS 8634 1960
7
50  GBP 7477 3415
30  BJCCS 7577 1975
10  BJCCS 8144 1986
8
50  BJCCS 6444 1974
30  BJCCS 6544 1984
10  BJCCS 7982 1962
9
50  BJCCS 2399 1956
30  GBP 2550 3410
10  BJCCS 3603 1978
11
50  GBP 2046 3413
30  BJCCS 2100 1973
10  BJCCS 2530 1957
12
50  GBP 1853 3388
30  BJCCS 1892 1955
10  BJCCS 2070 1981
13
50  GBP 3943 3412
30  BJCCS 6250 1959
10  BJCCS 6475 1979
14
50  BJCCS 2934 1954
30  GBP 3432 3408
10  GBP 4485 3411
15
50  GBP 4221 3417
30  BJCCS 4347 1976
16
50  BJCCS 3568 1964
30  BJCCS 3666 1970
10  GBP 3813 3407
17
50  BJCCS 7103 1958
30  BJCCS 7806 1972
18
50  BJCCS 6120 1966
30  BJCCS 7762 1960
10  BJCCS 7767 1980
19
50  GBP 6648 3415
30  BJCCS 6706 1975
10  GBP 7221 3418
20
50  BJCCS 5725 1974
30  BJCCS 6940 1962
10  GBP 7038 3392
21
50  BJCCS 2962 1956
30  GBP 3449 3404
10  GBP 3872 3410
23
50  BJCCS 2553 1973
30  GBP 2762 3396
10  BJCCS 3003 1957
24
50  BJCCS 2342 1955
30  GBP 2508 3388
10  GBP 2585 3395
25
50  GBP 2384 3412
30  GBP 2952 3402
10  BJCCS 3262 1959
26
50  GBP 1909 3416
30  BJCCS 2019 1983
10  BJCCS 2356 1988
27
50  GBP 5013 3417
30  BJCCS 5075 1977
10  BJCCS 5514 1976
28
50  BJCCS 4400 1970
30  GBP 5637 3407
10  BJCCS 5672 1987
29
50  BJCCS 3747 1958
30  BJCCS 4150 1972
30
50  BJCCS 3247 1966
30  GBP 3294 3414
10  BJCCS 3419 1985
31
80  BJCCS 3610 1986
32
80  BJCCS 2989 1984
40  BJCCS 3687 1962
0  GBP 4038 3393
33
80  GBP 2384 3413
40  BJCCS 2559 1973
0  BJCCS 3103 1956
34
80  BJCCS 2165 1981
40  GBP 2772 3388
0  GBP 3281 3395
35
50  GBP 2647 3412
30  GBP 3097 3402
36
50  GBP 1660 3408
30  BJCCS 1770 1983
10  BJCCS 2356 1988
37
50  BJCCS 4916 1977
30  GBP 5136 3417
10  BJCCS 5334 1976
38
50  BJCCS 4031 1970
30  BJCCS 4178 1964
10  BJCCS 4825 1987
39
50  BJCCS 4225 1972
40
50  GBP 3096 3414
30  BJCCS 3145 1966
10  GBP 4228 3399
42
50  BJCCS 3000 1974
30  BJCCS 3739 1962
10  GBP 3747 3392
43
50  GBP 3213 3413
30  BJCCS 4025 1957
10  BJCCS 4197 1956
44
50  BJCCS 3022 1955
30  GBP 3047 3403
10  GBP 3172 3388
45
50  GBP 3181 3402
46
50  BJCCS 1744 1954
30  GBP 2090 3416
10  GBP 2550 3406
47
50  BJCCS 5529 1977
30  BJCCS 5931 1976
48
50  BJCCS 4834 1964
30  GBP 5239 3407
10  BJCCS 5853 1987
49
50  BJCCS 3875 1958
50
50  BJCCS 4163 1985
30  BJCCS 4372 1960
10  GBP 4584 3400
51
50  GBP 4132 3418
52
50  GBP 3738 3393
30  BJCCS 3897 1984
10  GBP 4054 3392
54
50  BJCCS 9233 1830
30  GBP 9875 2033
56
50  BJCCS 15437 1831
30  GBP 16283 2035
60
50  BJCCS 12532 1832
30  GBP 13453 2036
61
50  BJCCS 12031 1833
SCORE:GBP,BJCCS,1730,2810,-108.0
