GBP-NSC
1
50  NSC 10734 638
30  NSC 10903 666
10  GBP 11741 3412
2
50  GBP 9298 3408
30  GBP 9322 3416
10  NSC 10994 632
3
50  NSC 7928 660
30  NSC 9897 673
10  GBP 11009 3417
4
50  NSC 10388 671
30  GBP 10451 3407
5
50  NSC 7594 612
30  NSC 9172 625
6
50  NSC 7116 595
30  GBP 7190 3414
10  NSC 8581 601
7
50  NSC 7146 664
30  GBP 7477 3415
10  NSC 7884 584
8
50  NSC 6128 586
30  NSC 7101 569
10  NSC 7756 624
9
50  GBP 2550 3410
30  NSC 2872 634
10  NSC 3075 651
10
50  NSC 3440 644
30  NSC 3666 630
10  NSC 4779 654
11
50  GBP 2046 3413
30  NSC 2137 672
10  NSC 2175 643
12
50  GBP 1853 3388
30  NSC 2081 606
10  NSC 2541 657
13
50  GBP 3943 3412
30  NSC 4031 640
10  NSC 4131 638
14
50  GBP 3432 3408
30  NSC 3841 627
10  NSC 4163 677
15
50  NSC 3797 635
30  NSC 3807 576
10  NSC 3847 593
16
50  GBP 3813 3407
30  NSC 3888 642
10  NSC 4300 613
17
50  NSC 7472 656
30  NSC 8125 669
10  NSC 8218 604
18
50  NSC 7620 617
30  NSC 7872 589
10  NSC 8006 570
19
50  GBP 6648 3415
30  NSC 6697 573
10  NSC 7000 584
20
50  NSC 5459 586
30  NSC 5678 661
10  NSC 6572 605
21
50  GBP 3449 3404
30  GBP 3872 3410
10  NSC 3888 634
22
50  NSC 4485 644
30  NSC 5784 654
23
50  NSC 2553 643
30  NSC 2566 665
10  GBP 2762 3396
24
50  GBP 2508 3388
30  GBP 2585 3395
10  NSC 2825 606
25
50  NSC 2138 638
30  NSC 2170 666
10  GBP 2384 3412
26
50  GBP 1909 3416
30  NSC 2112 627
10  NSC 2384 677
27
50  NSC 3566 660
30  NSC 4984 649
10  GBP 5013 3417
28
50  NSC 4747 642
30  NSC 5616 613
10  GBP 5637 3407
29
50  NSC 3691 612
30  NSC 4012 656
10  NSC 4510 667
30
50  GBP 3294 3414
30  NSC 4118 592
10  NSC 4137 617
31
80  NSC 3358 664
40  NSC 3612 594
0  NSC 3720 573
32
80  NSC 2969 586
40  NSC 3428 569
0  NSC 3500 605
33
80  GBP 2384 3413
40  NSC 2650 665
0  NSC 2703 672
34
80  NSC 2619 606
40  GBP 2772 3388
0  GBP 3281 3395
35
50  NSC 2060 640
30  NSC 2512 618
10  NSC 2552 616
36
50  GBP 1660 3408
30  NSC 2269 631
10  NSC 2356 633
37
50  NSC 3546 660
30  NSC 4490 576
10  NSC 4800 673
38
50  NSC 5213 671
39
50  NSC 3901 656
30  NSC 4338 669
10  NSC 4578 604
40
50  GBP 3096 3414
30  NSC 3934 601
10  NSC 3941 592
41
50  NSC 3315 573
30  NSC 3440 567
10  NSC 3545 584
42
50  NSC 2939 661
30  NSC 3104 591
10  NSC 3250 624
43
50  NSC 2800 672
30  GBP 3213 3413
10  NSC 3390 626
44
50  NSC 2832 621
30  GBP 3047 3403
10  GBP 3172 3388
45
50  NSC 2497 640
30  NSC 2538 666
10  NSC 2752 610
46
50  GBP 2090 3416
30  NSC 2409 632
10  GBP 2550 3406
47
50  NSC 5122 593
30  NSC 5138 572
10  NSC 5259 673
48
50  NSC 5044 671
30  GBP 5239 3407
10  NSC 5400 613
49
50  NSC 4059 612
30  NSC 4425 625
10  NSC 4694 667
50
50  NSC 3590 595
30  NSC 4453 592
10  GBP 4584 3400
51
50  NSC 3763 664
30  NSC 4044 567
10  GBP 4132 3418
52
50  NSC 3544 661
30  GBP 3738 3393
10  NSC 3844 569
53
50  NSC 15700 1685
54
50  NSC 9860 1672
30  GBP 9875 2033
55
50  NSC 20914 1675
56
50  GBP 16283 2035
30  NSC 17615 1677
57
50  NSC 15450 1679
59
50  NSC 14494 1682
60
50  NSC 12959 1683
30  GBP 13453 2036
61
50  NSC 12194 1684
SCORE:GBP,NSC,1380,3840,-246.0
