GBP-FO
1
50  FO 10771 2035
30  GBP 11741 3412
10  FO 12495 2122
2
50  GBP 9298 3408
30  GBP 9322 3416
10  FO 10637 2042
3
50  FO 8237 2055
30  FO 10522 2051
10  GBP 11009 3417
4
50  FO 8422 2127
30  FO 9837 2079
10  GBP 10451 3407
5
50  FO 8487 2036
30  FO 9789 2067
10  FO 10519 2125
6
50  GBP 7190 3414
30  FO 8478 2053
10  FO 8720 2121
7
50  GBP 7477 3415
30  FO 7744 2061
8
50  FO 6400 2077
30  FO 6997 2094
10  FO 7566 2076
9
50  GBP 2550 3410
30  FO 3181 2050
10  GBP 3697 3404
10
50  FO 2470 2128
30  FO 2776 2049
10  FO 3569 2106
11
50  GBP 2046 3413
30  FO 2071 2043
10  FO 2090 2078
12
50  GBP 1853 3388
30  FO 1906 2065
10  FO 2293 2107
13
50  GBP 3943 3412
30  FO 4515 2110
10  FO 4844 2074
14
50  GBP 3432 3408
30  FO 4140 2042
10  FO 4351 2088
15
50  GBP 4221 3417
30  FO 5079 2059
10  FO 5137 2091
16
50  FO 3571 2066
30  GBP 3813 3407
10  FO 3901 2100
17
50  FO 7118 2036
30  FO 7692 2071
10  FO 8075 2092
18
50  FO 7319 2121
30  FO 7333 2053
10  FO 7915 2047
19
50  GBP 6648 3415
30  FO 6721 2061
10  GBP 7221 3418
20
50  FO 5738 2077
30  FO 5938 2094
10  FO 6503 2076
21
50  GBP 3449 3404
30  FO 3857 2050
10  GBP 3872 3410
22
50  FO 2925 2128
30  FO 3814 2049
10  FO 5522 2106
23
50  FO 2619 2139
30  FO 2720 2043
10  GBP 2762 3396
24
50  GBP 2508 3388
30  FO 2552 2065
10  GBP 2585 3395
25
50  FO 2372 2074
30  FO 2381 2035
10  GBP 2384 3412
26
50  GBP 1909 3416
30  FO 2225 2048
10  FO 2312 2114
27
50  FO 3759 2055
30  FO 4467 2109
10  FO 4728 2051
28
50  FO 4134 2127
30  FO 4747 2066
10  FO 4991 2079
29
50  FO 4128 2067
30  FO 4135 2060
10  FO 5259 2099
30
50  GBP 3294 3414
30  FO 4253 2121
10  FO 4432 2047
31
80  FO 4765 2039
32
80  FO 3047 2077
40  FO 3414 2076
0  GBP 4038 3393
33
80  FO 2181 2139
40  FO 2381 2078
0  GBP 2384 3413
34
80  GBP 2772 3388
40  GBP 3281 3395
0  FO 3806 2120
35
50  FO 2208 2035
30  FO 2598 2122
10  GBP 2647 3412
36
50  GBP 1660 3408
30  FO 2122 2104
10  FO 2222 2048
37
50  FO 4659 2109
30  FO 4838 2051
10  GBP 5136 3417
38
50  FO 4043 2127
30  FO 5475 2079
10  FO 8564 2041
39
50  FO 3744 2036
30  FO 3968 2060
10  FO 4015 2071
40
50  GBP 3096 3414
30  FO 3906 2053
10  GBP 4228 3399
41
50  FO 3459 2061
30  FO 5570 2039
42
50  FO 2884 2094
30  FO 3478 2076
10  GBP 3747 3392
43
50  FO 2740 2139
30  GBP 3213 3413
10  FO 3895 2097
44
50  GBP 3047 3403
30  GBP 3172 3388
10  GBP 3785 3395
45
50  FO 2901 2110
30  FO 3119 2045
10  FO 3164 2083
46
50  GBP 2090 3416
30  FO 2462 2104
10  FO 2484 2130
47
50  FO 4008 2055
30  FO 5244 2109
10  FO 5840 2052
48
50  FO 4576 2066
30  GBP 5239 3407
10  FO 6287 2137
49
50  FO 4431 2092
30  FO 4695 2071
10  FO 5006 2099
50
50  FO 4110 2053
30  GBP 4584 3400
10  FO 4971 2047
51
50  FO 3932 2061
30  GBP 4132 3418
52
50  FO 3541 2077
30  FO 3725 2094
10  GBP 3738 3393
53
50  FO 14008 1854
54
50  FO 9738 1838
30  GBP 9875 2033
55
50  FO 19576 1843
56
50  GBP 16283 2035
30  FO 18719 1846
57
50  FO 15307 1849
58
50  FO 14984 1850
59
50  FO 15100 1853
60
50  GBP 13453 2036
SCORE:GBP,FO,1530,3660,-213.0
