GBP-ROR
1
50  ROR 9794 13
30  ROR 10469 56
10  GBP 11741 3412
2
50  GBP 9298 3408
30  GBP 9322 3416
10  ROR 10266 6
3
50  ROR 7756 33
30  ROR 8009 14
10  GBP 11009 3417
4
50  ROR 7966 7
30  ROR 9978 43
10  GBP 10451 3407
5
50  ROR 7441 10
6
50  ROR 7169 27
30  GBP 7190 3414
10  ROR 8022 64
7
50  ROR 7410 35
30  GBP 7477 3415
10  ROR 9194 23
8
50  ROR 6656 68
30  GBP 8403 3393
9
50  ROR 2537 63
30  GBP 2550 3410
10  ROR 3150 31
10
50  ROR 3291 67
30  ROR 4050 39
10  ROR 5797 9
11
50  ROR 1994 48
30  GBP 2046 3413
10  ROR 2388 21
12
50  GBP 1853 3388
30  ROR 2081 32
10  ROR 2137 5
13
50  GBP 3943 3412
30  ROR 3966 15
10  ROR 3968 56
14
50  GBP 3432 3408
30  ROR 4316 20
10  ROR 4440 40
15
50  ROR 3890 42
30  GBP 4221 3417
16
50  ROR 3175 36
30  GBP 3813 3407
10  ROR 4041 59
17
50  ROR 6372 47
30  ROR 7128 57
10  ROR 7938 18
18
50  ROR 6254 28
30  ROR 6944 64
10  GBP 8007 3399
19
50  ROR 6487 35
30  GBP 6648 3415
10  GBP 7221 3418
20
50  ROR 5890 68
30  GBP 7038 3392
10  GBP 7637 3393
21
50  ROR 2909 63
30  GBP 3449 3404
10  GBP 3872 3410
22
50  ROR 3997 67
30  ROR 5540 39
10  ROR 7285 9
23
50  GBP 2762 3396
30  ROR 2778 21
10  ROR 3097 66
24
50  ROR 2470 5
30  GBP 2508 3388
10  GBP 2585 3395
25
50  ROR 2044 56
30  ROR 2278 15
10  GBP 2384 3412
26
50  GBP 1909 3416
30  ROR 2088 26
10  ROR 2765 12
27
50  ROR 3778 16
30  GBP 5013 3417
28
50  ROR 3850 36
30  ROR 4956 59
10  GBP 5637 3407
29
50  ROR 3806 57
30  ROR 4128 69
10  ROR 4562 60
30
50  GBP 3294 3414
30  ROR 3847 25
10  GBP 5037 3400
31
80  ROR 3550 35
40  ROR 3828 24
32
80  GBP 4038 3393
40  GBP 4409 3392
33
80  ROR 2116 34
40  GBP 2384 3413
0  ROR 2636 48
34
80  ROR 2250 38
40  ROR 2288 5
0  GBP 2772 3388
35
50  ROR 1889 61
30  GBP 2647 3412
10  ROR 2712 30
36
50  GBP 1660 3408
30  ROR 1883 6
10  ROR 2194 26
37
50  ROR 3327 33
30  ROR 3482 14
10  GBP 5136 3417
38
50  ROR 3441 7
30  ROR 5214 44
10  ROR 5678 59
39
50  ROR 3241 10
30  ROR 3500 18
10  ROR 3513 57
40
50  GBP 3096 3414
30  ROR 3207 28
10  ROR 3788 25
41
50  ROR 3589 23
30  ROR 3606 24
42
50  GBP 3747 3392
43
50  ROR 2875 34
30  GBP 3213 3413
44
50  ROR 2753 38
30  GBP 3047 3403
10  ROR 3152 55
45
50  ROR 2326 61
30  ROR 2839 50
10  GBP 3181 3402
46
50  GBP 2090 3416
30  GBP 2550 3406
10  ROR 2672 20
47
50  ROR 5050 16
30  ROR 5462 42
48
50  ROR 5233 43
30  GBP 5239 3407
10  ROR 5885 41
49
50  ROR 3527 47
30  ROR 4453 22
10  ROR 5015 69
50
50  ROR 3632 27
30  GBP 4584 3400
10  GBP 5112 3401
51
50  GBP 4132 3418
30  ROR 5203 23
52
50  ROR 3534 68
30  GBP 3738 3393
10  GBP 4054 3392
54
50  ROR 9445 1624
30  GBP 9875 2033
55
50  ROR 18003 1627
56
50  GBP 16283 2035
30  ROR 16518 1628
57
50  ROR 13885 1629
58
50  ROR 14409 1630
59
50  ROR 12591 1631
60
50  ROR 12175 1632
30  GBP 13453 2036
SCORE:GBP,ROR,1620,3470,-185.0
