GBP-OMST
1
50  GBP 11741 3412
30  GBP 13410 3402
2
50  OMST 8160 3253
30  GBP 9298 3408
10  GBP 9322 3416
3
50  OMST 8244 3275
30  GBP 11009 3417
4
50  GBP 10451 3407
30  OMST 12479 3247
5
50  OMST 7843 3258
6
50  GBP 7190 3414
30  GBP 8906 3399
10  OMST 8919 3263
7
50  OMST 7093 3269
30  GBP 7477 3415
10  OMST 7725 3285
8
50  OMST 6319 3274
30  GBP 8403 3393
9
50  GBP 2550 3410
30  GBP 3697 3404
10  GBP 3837 3409
10
50  OMST 6597 3248
30  OMST 7467 3252
11
50  GBP 2046 3413
30  OMST 2477 3286
10  GBP 2550 3410
12
50  GBP 1853 3388
30  OMST 2603 3284
10  GBP 2656 3403
13
50  GBP 3943 3412
30  OMST 5372 3268
10  OMST 6491 3277
14
50  GBP 3432 3408
30  OMST 3975 3261
10  OMST 4353 3256
15
50  OMST 3544 3279
30  GBP 4221 3417
10  OMST 4501 3262
16
50  OMST 3447 3266
30  GBP 3813 3407
10  OMST 4120 3283
17
50  OMST 8269 3271
30  OMST 9440 3281
10  OMST 9734 3254
18
50  OMST 7259 3257
30  GBP 8007 3399
10  GBP 8147 3400
19
50  GBP 6648 3415
30  OMST 6744 3285
10  GBP 7221 3418
20
50  GBP 7038 3392
30  OMST 7432 3288
10  GBP 7637 3393
21
50  GBP 3449 3404
30  GBP 3872 3410
10  OMST 4632 3259
23
50  GBP 2762 3396
30  OMST 3056 3286
10  GBP 3449 3404
24
50  GBP 2508 3388
30  GBP 2585 3395
10  OMST 3206 3284
25
50  GBP 2384 3412
30  OMST 2406 3251
10  OMST 2784 3268
26
50  OMST 1790 3253
30  GBP 1909 3416
10  OMST 2566 3261
27
50  OMST 3878 3275
30  OMST 4726 3279
10  OMST 4800 3262
28
50  GBP 5637 3407
30  OMST 5844 3283
10  OMST 6204 3249
29
50  OMST 3722 3258
30  OMST 4518 3271
10  OMST 4688 3265
30
50  GBP 3294 3414
30  OMST 4116 3263
10  GBP 5037 3400
31
80  OMST 3750 3285
32
80  GBP 4038 3393
40  OMST 4363 3288
0  GBP 4409 3392
33
80  GBP 2384 3413
40  OMST 4259 3289
34
80  GBP 2772 3388
40  GBP 3281 3395
35
50  OMST 2550 3251
30  GBP 2647 3412
10  GBP 3097 3402
36
50  OMST 1563 3253
30  GBP 1660 3408
10  GBP 2481 3391
37
50  OMST 4713 3279
30  GBP 5136 3417
10  OMST 5228 3262
38
50  OMST 6100 3283
30  OMST 7372 3247
39
50  OMST 3721 3258
30  OMST 4880 3271
10  OMST 5750 3287
40
50  GBP 3096 3414
30  OMST 3669 3257
10  GBP 4228 3399
41
50  OMST 3053 3269
42
50  OMST 2766 3274
30  GBP 3747 3392
10  OMST 4310 3288
43
50  GBP 3213 3413
30  OMST 4881 3260
10  OMST 7537 3264
44
50  GBP 3047 3403
30  GBP 3172 3388
10  OMST 3195 3284
45
50  GBP 3181 3402
46
50  GBP 2090 3416
30  GBP 2550 3406
10  OMST 2777 3246
47
50  OMST 4560 3275
48
50  OMST 4907 3266
30  GBP 5239 3407
10  OMST 5397 3249
49
50  OMST 5025 3265
30  OMST 5644 3254
10  OMST 5716 3281
50
50  GBP 4584 3400
30  GBP 5112 3401
10  OMST 6900 3273
51
50  OMST 3703 3269
30  GBP 4132 3418
52
50  OMST 3415 3274
30  GBP 3738 3393
10  GBP 4054 3392
54
50  GBP 9875 2033
30  OMST 12837 2003
55
50  OMST 27406 2004
56
50  GBP 16283 2035
30  OMST 16499 2005
58
50  OMST 17262 2007
59
50  OMST 15246 2008
60
50  GBP 13453 2036
61
50  OMST 12078 2009
SCORE:GBP,OMST,2350,2500,-15.0
