GBP-SHC
1
50  SHC 8773 492
30  SHC 10263 463
10  SHC 10669 513
2
50  GBP 9298 3408
30  GBP 9322 3416
10  SHC 10517 475
3
50  SHC 8951 533
30  SHC 9627 514
10  GBP 11009 3417
4
50  SHC 7872 552
30  GBP 10451 3407
5
50  SHC 8052 501
6
50  SHC 6757 549
30  GBP 7190 3414
10  GBP 8906 3399
7
50  GBP 7477 3415
30  SHC 7710 459
10  SHC 7723 479
8
50  SHC 7306 502
30  SHC 7419 497
10  SHC 8186 450
9
50  GBP 2550 3410
30  SHC 3479 481
10  SHC 3513 528
10
50  SHC 3037 565
30  SHC 3619 471
10  SHC 3666 534
11
50  GBP 2046 3413
30  SHC 2143 564
10  SHC 2346 491
12
50  GBP 1853 3388
30  GBP 2656 3403
10  SHC 2783 535
13
50  SHC 3514 492
30  SHC 3799 547
10  SHC 3929 522
14
50  GBP 3432 3408
30  SHC 4207 537
10  GBP 4485 3411
15
50  SHC 3479 533
30  SHC 3687 514
10  SHC 3807 515
16
50  SHC 3036 552
30  GBP 3813 3407
10  SHC 3941 542
17
50  SHC 7129 546
30  SHC 7729 478
10  SHC 10400 462
18
50  SHC 7143 493
30  GBP 8007 3399
10  GBP 8147 3400
19
50  GBP 6648 3415
30  SHC 6655 479
10  SHC 6933 459
20
50  SHC 5949 490
30  SHC 6294 497
10  SHC 6959 450
21
50  SHC 2812 540
30  GBP 3449 3404
10  SHC 3757 481
22
50  SHC 3253 565
30  SHC 3894 471
10  SHC 4737 534
23
50  SHC 2502 564
30  GBP 2762 3396
10  SHC 2827 554
24
50  GBP 2508 3388
30  GBP 2585 3395
10  SHC 2900 464
25
50  SHC 2013 550
30  SHC 2044 513
10  SHC 2203 547
26
50  GBP 1909 3416
30  SHC 2653 457
10  SHC 2657 538
27
50  SHC 4386 533
30  SHC 4756 487
10  GBP 5013 3417
28
50  SHC 4765 451
30  SHC 5445 525
10  GBP 5637 3407
29
50  SHC 3509 546
30  SHC 5790 462
30
50  GBP 3294 3414
30  SHC 4305 493
10  SHC 4891 488
31
80  SHC 3706 558
40  SHC 3828 458
0  SHC 4017 489
32
80  SHC 3169 502
40  SHC 3619 526
0  GBP 4038 3393
33
80  GBP 2384 3413
40  SHC 2923 554
0  SHC 2977 491
34
80  GBP 2772 3388
40  GBP 3281 3395
0  SHC 3849 511
35
50  SHC 1906 463
30  SHC 2377 524
10  SHC 2601 557
36
50  GBP 1660 3408
30  SHC 2075 537
10  SHC 2173 539
37
50  SHC 4158 514
30  SHC 4610 487
10  GBP 5136 3417
38
50  SHC 3333 552
30  SHC 4793 525
10  SHC 6116 505
39
50  SHC 3290 501
30  SHC 3653 546
40
50  SHC 2951 549
30  GBP 3096 3414
10  SHC 3667 493
41
50  SHC 3356 459
30  SHC 3443 479
42
50  SHC 2906 490
30  SHC 3016 502
10  GBP 3747 3392
43
50  SHC 3154 553
30  SHC 3207 469
10  SHC 3212 491
44
50  GBP 3047 3403
30  GBP 3172 3388
10  GBP 3785 3395
45
50  SHC 2141 550
30  SHC 2513 522
10  SHC 2620 524
46
50  GBP 2090 3416
30  SHC 2295 475
10  SHC 2475 539
47
50  SHC 5463 482
30  SHC 5543 515
48
50  SHC 5134 542
30  GBP 5239 3407
10  SHC 5643 466
49
50  SHC 4671 478
50
50  SHC 3461 549
30  GBP 4584 3400
10  GBP 5112 3401
51
50  SHC 4114 458
30  GBP 4132 3418
10  SHC 4837 489
52
50  GBP 3738 3393
30  SHC 3760 490
10  SHC 3804 497
53
50  SHC 16298 1670
54
50  GBP 9875 2033
55
50  SHC 14927 1665
56
50  GBP 16283 2035
30  SHC 18851 1666
57
50  SHC 18766 1667
60
50  GBP 13453 2036
SCORE:GBP,SHC,1570,3430,-186.0
