GBP-NJST
1
50  NJST 10050 3229
30  GBP 11741 3412
10  GBP 13410 3402
2
50  GBP 9298 3408
30  GBP 9322 3416
10  NJST 11875 3221
3
50  NJST 7090 3206
30  NJST 7422 3238
10  NJST 8059 3224
4
50  GBP 10451 3407
30  NJST 10567 3243
5
50  NJST 8025 3231
6
50  GBP 7190 3414
30  GBP 8906 3399
10  GBP 8937 3401
7
50  GBP 7477 3415
30  NJST 7619 3234
10  NJST 8972 3211
8
50  NJST 7947 3230
30  GBP 8403 3393
9
50  NJST 2247 3222
30  GBP 2550 3410
10  GBP 3697 3404
11
50  NJST 1965 3197
30  GBP 2046 3413
10  NJST 2321 3215
12
50  GBP 1853 3388
30  NJST 2010 3225
10  GBP 2656 3403
13
50  GBP 3943 3412
30  NJST 4263 3229
10  NJST 4753 3212
14
50  GBP 3432 3408
30  NJST 4209 3226
10  GBP 4485 3411
15
50  NJST 2836 3206
30  NJST 2929 3238
10  NJST 3194 3191
16
50  NJST 3353 3236
30  GBP 3813 3407
10  NJST 3959 3243
18
50  GBP 8007 3399
30  GBP 8147 3400
19
50  GBP 6648 3415
30  NJST 6731 3234
10  GBP 7221 3418
20
50  GBP 7038 3392
30  GBP 7637 3393
21
50  NJST 2794 3222
30  GBP 3449 3404
10  GBP 3872 3410
23
50  NJST 2604 3197
30  NJST 2613 3215
10  GBP 2762 3396
24
50  NJST 2287 3225
30  GBP 2508 3388
10  GBP 2585 3395
25
50  NJST 2256 3212
30  NJST 2372 3196
10  GBP 2384 3412
26
50  GBP 1909 3416
30  NJST 2381 3221
10  NJST 2413 3226
27
50  NJST 3425 3213
30  NJST 3872 3191
10  NJST 4666 3232
28
50  NJST 4575 3236
30  NJST 5369 3214
10  GBP 5637 3407
29
50  NJST 3852 3231
30
50  GBP 3294 3414
30  GBP 5037 3400
31
80  NJST 3781 3234
40  NJST 4162 3211
32
80  NJST 3987 3230
40  GBP 4038 3393
0  GBP 4409 3392
33
80  GBP 2384 3413
40  NJST 3345 3197
34
80  GBP 2772 3388
40  GBP 3281 3395
35
50  NJST 2103 3229
30  NJST 2528 3196
10  GBP 2647 3412
36
50  GBP 1660 3408
30  NJST 2091 3226
10  GBP 2481 3391
37
50  NJST 3407 3206
30  NJST 3522 3238
10  NJST 3778 3224
39
50  NJST 3557 3231
40
50  GBP 3096 3414
30  GBP 4228 3399
10  GBP 4262 3401
41
50  NJST 3315 3234
30  NJST 4063 3240
42
50  NJST 3604 3230
30  GBP 3747 3392
43
50  NJST 3128 3219
30  GBP 3213 3413
10  NJST 3909 3233
44
50  GBP 3047 3403
30  GBP 3172 3388
10  NJST 3275 3225
45
50  NJST 2662 3194
30  GBP 3181 3402
46
50  GBP 2090 3416
30  GBP 2550 3406
10  NJST 3038 3221
47
50  NJST 4290 3224
30  NJST 5129 3232
10  NJST 5578 3227
48
50  GBP 5239 3407
30  NJST 5291 3214
10  NJST 5836 3236
49
50  NJST 4193 3231
50
50  GBP 4584 3400
30  GBP 5112 3401
51
50  GBP 4132 3418
30  NJST 4359 3211
10  NJST 4675 3240
52
50  GBP 3738 3393
30  NJST 3787 3230
10  GBP 4054 3392
54
50  GBP 9875 2033
30  NJST 10675 1997
55
50  NJST 19643 1998
56
50  GBP 16283 2035
30  NJST 22728 1999
57
50  NJST 12482 2000
58
50  NJST 18127 2002
60
50  GBP 13453 2036
SCORE:GBP,NJST,2110,2440,-33.0
