GBP-WST
1
50  WST 9560 1393
30  WST 10214 1445
10  WST 10894 1396
2
50  GBP 9298 3408
30  GBP 9322 3416
10  WST 10409 1384
3
50  WST 9201 1410
30  WST 9728 1391
10  WST 10363 1448
4
50  WST 8631 1444
30  GBP 10451 3407
10  WST 13321 1412
5
50  WST 7806 1401
30  WST 8877 1387
10  WST 9115 1456
6
50  GBP 7190 3414
30  GBP 8906 3399
10  GBP 8937 3401
7
50  GBP 7477 3415
30  WST 9084 1399
8
50  WST 6800 1380
30  GBP 8403 3393
10  WST 8740 1463
9
50  GBP 2550 3410
30  GBP 3697 3404
10  GBP 3837 3409
10
50  WST 3581 1423
30  WST 3746 1405
10  WST 3935 1442
11
50  WST 1954 1411
30  GBP 2046 3413
10  WST 2237 1389
12
50  WST 1846 1421
30  GBP 1853 3388
10  WST 2390 1388
13
50  GBP 3943 3412
30  WST 4119 1445
10  WST 4175 1366
14
50  GBP 3432 3408
30  WST 3938 1384
10  WST 4257 1392
15
50  WST 3622 1448
30  WST 3751 1410
10  WST 3823 1391
16
50  WST 3387 1444
30  GBP 3813 3407
10  WST 4944 1412
17
50  WST 7747 1425
30  WST 7844 1456
10  WST 8190 1436
18
50  WST 7996 1370
30  GBP 8007 3399
10  WST 8036 1460
19
50  GBP 6648 3415
30  WST 7150 1461
10  GBP 7221 3418
20
50  WST 5963 1380
30  GBP 7038 3392
10  GBP 7637 3393
21
50  GBP 3449 3404
30  GBP 3872 3410
22
50  WST 3468 1423
30  WST 4919 1405
10  WST 7531 1442
23
50  WST 2557 1389
30  GBP 2762 3396
10  WST 2771 1404
24
50  WST 2217 1421
30  GBP 2508 3388
10  GBP 2585 3395
25
50  WST 2062 1393
30  WST 2282 1366
10  WST 2344 1379
26
50  GBP 1909 3416
30  WST 2282 1392
10  GBP 2772 3411
27
50  WST 4415 1391
30  WST 4528 1410
10  WST 4606 1375
28
50  GBP 5637 3407
30  WST 6243 1412
10  WST 7391 1453
29
50  WST 3400 1401
30  WST 3975 1387
10  WST 4552 1436
30
50  GBP 3294 3414
30  WST 4352 1376
10  WST 4367 1369
31
80  WST 3713 1461
40  WST 4152 1399
0  WST 5088 1454
32
80  GBP 4038 3393
40  WST 4072 1463
0  GBP 4409 3392
33
80  GBP 2384 3413
40  WST 2529 1411
0  WST 2560 1389
34
80  WST 2022 1421
40  GBP 2772 3388
0  GBP 3281 3395
35
50  WST 1716 1393
30  WST 2115 1396
10  WST 2315 1386
36
50  GBP 1660 3408
30  GBP 2481 3391
10  GBP 2925 3411
37
50  WST 4690 1448
30  WST 4878 1375
10  WST 5105 1402
38
50  WST 4603 1444
30  WST 6015 1412
39
50  WST 3694 1387
30  WST 4081 1456
10  WST 4397 1420
40
50  GBP 3096 3414
30  GBP 4228 3399
10  GBP 4262 3401
41
50  WST 3744 1461
30  WST 4652 1454
42
50  WST 2927 1380
30  GBP 3747 3392
43
50  WST 2528 1411
30  GBP 3213 3413
10  WST 3299 1455
44
50  GBP 3047 3403
30  GBP 3172 3388
10  WST 3463 1421
45
50  WST 2255 1445
30  WST 2335 1396
10  WST 2484 1379
46
50  GBP 2090 3416
30  GBP 2550 3406
10  WST 2591 1392
47
50  WST 4922 1409
30  WST 5107 1402
10  WST 5631 1439
48
50  WST 4406 1444
30  GBP 5239 3407
10  WST 7495 1453
49
50  WST 4372 1456
30  WST 4502 1401
10  WST 5088 1425
50
50  GBP 4584 3400
30  GBP 5112 3401
10  WST 5246 1460
51
50  GBP 4132 3418
30  WST 4490 1399
52
50  GBP 3738 3393
30  GBP 4054 3392
10  WST 4178 1463
53
50  WST 18453 1763
54
50  WST 8588 1752
30  GBP 9875 2033
55
50  WST 16994 1755
56
50  GBP 16283 2035
57
50  WST 15310 1758
59
50  WST 13947 1760
60
50  GBP 13453 2036
30  WST 14387 1761
61
50  WST 15394 1762
SCORE:GBP,WST,1970,3230,-126.0
