GBP-RW
1
50  RW 10009 718
30  RW 11222 768
10  GBP 11741 3412
2
50  RW 8968 753
30  GBP 9298 3408
10  GBP 9322 3416
3
50  RW 8982 725
30  RW 10153 686
10  GBP 11009 3417
4
50  GBP 10451 3407
30  RW 10600 736
5
50  RW 7908 773
30  RW 8319 735
10  RW 9284 767
6
50  GBP 7190 3414
30  RW 7729 752
10  GBP 8906 3399
7
50  RW 7459 772
30  GBP 7477 3415
8
50  RW 6948 733
30  RW 7027 763
10  RW 7268 742
9
50  GBP 2550 3410
30  RW 2557 688
10  GBP 3697 3404
10
50  RW 3534 751
30  RW 4054 720
10  RW 4172 695
11
50  RW 1975 771
30  GBP 2046 3413
10  RW 2544 703
12
50  RW 1829 726
30  GBP 1853 3388
10  RW 2055 696
13
50  RW 3735 718
30  RW 3906 701
10  GBP 3943 3412
14
50  GBP 3432 3408
30  RW 3905 762
10  GBP 4485 3411
15
50  RW 3539 727
30  RW 3832 725
10  RW 3900 743
16
50  RW 3402 724
30  GBP 3813 3407
10  RW 3930 736
17
50  RW 7229 735
30  RW 8526 767
10  RW 8675 754
18
50  RW 6623 752
30  GBP 8007 3399
10  GBP 8147 3400
19
50  RW 6387 772
30  GBP 6648 3415
10  GBP 7221 3418
20
50  RW 5551 716
30  RW 5951 763
10  RW 6060 733
21
50  GBP 3449 3404
30  RW 3450 688
10  GBP 3872 3410
22
50  RW 4079 695
30  RW 4291 751
10  RW 6353 717
23
50  GBP 2762 3396
30  GBP 3449 3404
10  RW 3624 703
24
50  RW 2427 726
30  GBP 2508 3388
10  GBP 2585 3395
25
50  RW 1989 701
30  RW 2244 715
10  GBP 2384 3412
26
50  RW 1908 753
30  GBP 1909 3416
10  RW 2256 749
27
50  RW 4563 743
30  RW 4912 729
10  GBP 5013 3417
28
50  RW 4728 724
30  RW 4906 766
10  GBP 5637 3407
29
50  RW 3721 735
30  RW 4257 754
30
50  GBP 3294 3414
30  GBP 5037 3400
10  RW 5444 691
31
80  RW 3927 722
32
80  RW 3041 716
40  RW 3259 742
0  RW 3425 690
33
80  GBP 2384 3413
40  RW 2497 771
0  RW 2947 740
34
80  RW 2609 696
40  RW 2669 747
0  GBP 2772 3388
35
50  RW 1973 718
30  RW 2525 758
10  RW 2574 687
36
50  GBP 1660 3408
30  RW 1899 762
10  GBP 2481 3391
37
50  RW 4372 686
30  RW 4780 689
10  RW 4900 764
38
50  RW 4420 736
30  RW 4496 766
39
50  RW 3435 773
30  RW 4221 767
40
50  GBP 3096 3414
30  GBP 4228 3399
10  GBP 4262 3401
41
50  RW 3266 772
30  RW 4106 722
42
50  RW 2739 716
30  RW 2939 733
10  RW 3106 742
43
50  RW 2462 771
30  GBP 3213 3413
44
50  RW 2621 726
30  GBP 3047 3403
10  GBP 3172 3388
45
50  RW 2351 701
30  RW 3161 715
10  GBP 3181 3402
46
50  GBP 2090 3416
30  RW 2123 753
10  GBP 2550 3406
47
50  RW 4334 725
30  RW 4809 727
10  RW 5791 770
48
50  GBP 5239 3407
30  RW 5496 766
49
50  RW 3988 773
30  RW 4944 754
10  RW 7168 765
50
50  RW 4049 752
30  GBP 4584 3400
10  RW 5058 691
51
50  GBP 4132 3418
30  RW 4707 722
52
50  GBP 3738 3393
30  RW 3837 763
10  RW 4031 710
53
50  RW 17717 1691
54
50  GBP 9875 2033
30  RW 10673 1686
55
50  RW 18245 1687
56
50  GBP 16283 2035
30  RW 19983 1688
57
50  RW 15355 1689
60
50  GBP 13453 2036
SCORE:GBP,RW,1520,3510,-199.0
