GBP-ML
1
50  ML 7733 3026
30  ML 8827 3040
10  GBP 11741 3412
2
50  GBP 9298 3408
30  GBP 9322 3416
10  GBP 11916 3391
3
50  ML 7653 3039
30  ML 8387 3030
10  ML 8627 3021
4
50  GBP 10451 3407
5
50  ML 7646 2976
6
50  GBP 7190 3414
30  ML 8587 3042
10  ML 8838 3041
7
50  GBP 7477 3415
8
50  ML 6856 3009
30  GBP 8403 3393
9
50  ML 2362 3027
30  GBP 2550 3410
10  ML 3564 3035
10
50  ML 3708 3055
30  ML 4282 3004
10  ML 4460 2966
11
50  ML 1763 3018
30  GBP 2046 3413
10  ML 2138 2990
12
50  ML 1841 3057
30  GBP 1853 3388
10  ML 2006 3058
13
50  GBP 3943 3412
30  ML 4123 2974
10  ML 4884 2994
14
50  ML 3347 3007
30  GBP 3432 3408
10  ML 3845 3052
15
50  ML 3038 3039
30  ML 3094 2983
10  ML 3537 2977
16
50  ML 3797 3008
30  GBP 3813 3407
10  ML 4314 3053
17
50  ML 6728 3025
30  ML 7035 2976
18
50  ML 7318 3042
30  ML 7769 3041
10  GBP 8007 3399
19
50  GBP 6648 3415
30  GBP 7221 3418
20
50  ML 5822 3009
30  GBP 7038 3392
10  GBP 7637 3393
21
50  ML 3140 3027
30  GBP 3449 3404
10  GBP 3872 3410
22
50  ML 5102 3004
30  ML 5881 3055
10  ML 6240 3033
23
50  ML 2434 2968
30  ML 2446 3018
10  ML 2706 2985
24
50  ML 2428 3058
30  GBP 2508 3388
10  GBP 2585 3395
25
50  ML 2282 2979
30  GBP 2384 3412
10  ML 2409 2974
26
50  ML 1775 3007
30  GBP 1909 3416
10  ML 2128 3052
27
50  ML 3468 3028
30  ML 3828 3030
10  ML 4069 3021
28
50  ML 5208 3053
30  ML 5515 2971
10  GBP 5637 3407
29
50  ML 3495 3025
30  ML 3766 2976
30
50  GBP 3294 3414
30  ML 4514 3006
10  ML 4781 3000
32
80  ML 3295 3009
40  GBP 4038 3393
0  GBP 4409 3392
33
80  GBP 2384 3413
34
80  GBP 2772 3388
40  GBP 3281 3395
35
50  ML 1494 3026
30  ML 1822 3040
10  GBP 2647 3412
36
50  GBP 1660 3408
30  ML 1976 3007
10  ML 2253 3017
37
50  ML 3107 3028
30  ML 3506 3039
10  ML 3809 3030
38
50  ML 4734 3008
30  ML 5303 3053
10  ML 5725 2971
39
50  ML 3244 2976
30  ML 3546 3025
40
50  GBP 3096 3414
30  GBP 4228 3399
10  GBP 4262 3401
42
50  ML 2864 3009
30  GBP 3747 3392
43
50  ML 2798 3018
30  ML 2884 2968
10  GBP 3213 3413
44
50  ML 2996 2998
30  GBP 3047 3403
10  GBP 3172 3388
45
50  ML 1895 3026
30  ML 2352 3040
10  ML 2645 2974
46
50  GBP 2090 3416
30  GBP 2550 3406
10  ML 2939 3031
47
50  ML 3656 3028
30  ML 4203 2983
10  ML 4350 2999
48
50  ML 4858 3008
30  GBP 5239 3407
49
50  ML 4165 3025
50
50  ML 4115 3023
30  ML 4447 3041
10  GBP 4584 3400
51
50  GBP 4132 3418
52
50  GBP 3738 3393
30  GBP 4054 3392
53
50  ML 16500 1973
54
50  ML 9222 1974
30  GBP 9875 2033
55
50  ML 16363 1977
56
50  GBP 16283 2035
30  ML 18044 1978
57
50  ML 12776 1980
60
50  GBP 13453 2036
30  ML 14843 1981
SCORE:GBP,ML,1660,3000,-134.0
