GBP-SL
1
50  GBP 11741 3412
30  SL 11744 2907
10  GBP 13410 3402
2
50  SL 8346 2877
30  SL 8361 2923
10  GBP 9298 3408
3
50  SL 8950 2918
30  SL 9075 2884
10  SL 9347 2920
4
50  SL 9534 2909
30  GBP 10451 3407
5
50  SL 7340 2901
30  SL 7391 2928
10  SL 9206 2915
6
50  SL 7120 2921
30  GBP 7190 3414
10  SL 7529 2886
7
50  GBP 7477 3415
8
50  SL 7163 2917
30  GBP 8403 3393
9
50  GBP 2550 3410
30  GBP 3697 3404
10  GBP 3837 3409
10
50  SL 4113 2913
30  SL 4840 2875
11
50  SL 1652 2876
30  SL 1699 2908
10  SL 1840 2885
12
50  SL 1650 2874
30  GBP 1853 3388
10  SL 2522 2922
13
50  GBP 3943 3412
30  SL 4839 2905
10  SL 5380 2881
14
50  SL 3409 2923
30  GBP 3432 3408
10  SL 4400 2894
15
50  SL 3377 2884
30  SL 3550 2920
10  SL 3600 2918
16
50  SL 3384 2909
30  SL 3680 2880
10  GBP 3813 3407
17
50  SL 6280 2928
30  SL 6354 2901
10  SL 8231 2915
18
50  SL 6249 2921
30  SL 6403 2883
10  SL 7270 2932
19
50  GBP 6648 3415
30  GBP 7221 3418
20
50  SL 5976 2917
30  GBP 7038 3392
10  GBP 7637 3393
21
50  GBP 3449 3404
30  GBP 3872 3410
23
50  SL 1968 2876
30  SL 2090 2908
10  SL 2282 2885
24
50  SL 2070 2874
30  GBP 2508 3388
10  GBP 2585 3395
25
50  GBP 2384 3412
30  SL 2450 2907
10  SL 2592 2905
26
50  GBP 1909 3416
30  SL 1912 2877
10  SL 2043 2899
27
50  SL 4425 2918
30  SL 4534 2897
10  SL 4710 2912
28
50  SL 4029 2909
30  SL 5410 2880
10  GBP 5637 3407
29
50  SL 3388 2928
30  SL 4860 2902
30
50  GBP 3294 3414
30  SL 3439 2883
10  SL 4214 2932
32
80  SL 3410 2917
40  GBP 4038 3393
0  GBP 4409 3392
33
80  SL 1860 2876
40  SL 2121 2908
0  SL 2362 2885
34
80  SL 2033 2874
40  GBP 2772 3388
0  GBP 3281 3395
35
50  SL 2492 2907
30  GBP 2647 3412
10  SL 2657 2905
36
50  GBP 1660 3408
30  SL 1757 2877
10  SL 2149 2899
37
50  SL 4031 2920
30  SL 5065 2897
10  GBP 5136 3417
38
50  SL 4922 2909
30  SL 5777 2880
10  SL 6623 2931
39
50  SL 3265 2928
30  SL 3427 2901
10  SL 4104 2915
40
50  GBP 3096 3414
30  GBP 4228 3399
10  GBP 4262 3401
42
50  SL 2859 2917
30  GBP 3747 3392
43
50  SL 2284 2876
30  SL 2790 2885
10  GBP 3213 3413
44
50  SL 2286 2874
30  GBP 3047 3403
10  GBP 3172 3388
45
50  SL 2892 2907
30  GBP 3181 3402
10  SL 3801 2881
46
50  SL 1938 2923
30  GBP 2090 3416
10  SL 2446 2899
47
50  SL 4651 2912
30  SL 4742 2918
10  SL 5238 2920
48
50  GBP 5239 3407
30  SL 6701 2931
10  SL 6857 2880
49
50  SL 3903 2901
30  SL 4117 2916
10  SL 4626 2902
50
50  SL 3447 2921
30  SL 3884 2904
10  GBP 4584 3400
51
50  GBP 4132 3418
52
50  GBP 3738 3393
30  GBP 4054 3392
53
50  SL 23862 1969
54
50  GBP 9875 2033
30  SL 11727 1961
55
50  SL 20788 1963
56
50  SL 15044 1965
30  GBP 16283 2035
57
50  SL 15791 1966
59
50  SL 15156 1967
60
50  SL 12371 1968
30  GBP 13453 2036
SCORE:GBP,SL,1520,3260,-174.0
