GBP-LCC
1
50  GBP 11741 3412
30  LCC 12900 2855
10  GBP 13410 3402
2
50  GBP 9298 3408
30  GBP 9322 3416
10  GBP 11916 3391
3
50  LCC 7247 2844
30  LCC 9800 2860
10  GBP 11009 3417
4
50  LCC 7346 2868
30  GBP 10451 3407
5
50  LCC 7149 2861
30  LCC 7241 2846
10  LCC 9158 2829
6
50  GBP 7190 3414
30  LCC 8146 2867
10  GBP 8906 3399
7
50  LCC 6395 2845
30  GBP 7477 3415
10  LCC 8620 2858
8
50  LCC 6350 2871
30  LCC 6572 2836
10  LCC 7900 2851
9
50  GBP 2550 3410
30  GBP 3697 3404
10  GBP 3837 3409
11
50  GBP 2046 3413
30  LCC 2278 2859
10  LCC 2345 2832
12
50  GBP 1853 3388
30  GBP 2656 3403
10  LCC 2865 2837
13
50  LCC 3277 2869
30  GBP 3943 3412
10  LCC 4483 2855
14
50  GBP 3432 3408
30  GBP 4485 3411
10  LCC 5203 2831
15
50  LCC 4085 2864
30  GBP 4221 3417
10  LCC 5274 2853
16
50  LCC 2821 2868
30  GBP 3813 3407
17
50  LCC 6550 2862
30  LCC 8026 2829
10  LCC 8665 2866
18
50  LCC 7280 2867
30  GBP 8007 3399
10  GBP 8147 3400
19
50  GBP 6648 3415
30  GBP 7221 3418
20
50  LCC 5634 2836
30  LCC 5829 2835
10  LCC 6720 2870
21
50  GBP 3449 3404
30  GBP 3872 3410
10  LCC 4821 2842
23
50  LCC 2705 2832
30  GBP 2762 3396
10  LCC 3055 2859
24
50  GBP 2508 3388
30  GBP 2585 3395
10  GBP 3559 3394
25
50  LCC 1880 2869
30  GBP 2384 3412
10  GBP 2952 3402
26
50  GBP 1909 3416
30  GBP 2772 3411
10  LCC 2887 2831
27
50  LCC 3373 2844
30  GBP 5013 3417
10  LCC 5359 2864
28
50  GBP 5637 3407
29
50  LCC 3544 2862
30  LCC 4528 2829
10  LCC 5364 2866
30
50  GBP 3294 3414
30  LCC 4645 2847
10  GBP 5037 3400
31
80  LCC 3887 2858
40  LCC 5175 2865
32
80  LCC 2945 2871
40  LCC 3756 2834
0  LCC 4034 2833
33
80  GBP 2384 3413
40  LCC 4011 2859
34
80  GBP 2772 3388
40  GBP 3281 3395
35
50  GBP 2647 3412
30  GBP 3097 3402
10  LCC 3666 2855
36
50  GBP 1660 3408
30  GBP 2481 3391
10  GBP 2925 3411
37
50  LCC 3470 2844
30  GBP 5136 3417
10  LCC 5231 2860
39
50  LCC 3019 2861
30  LCC 3026 2846
10  LCC 3614 2862
40
50  GBP 3096 3414
30  LCC 3952 2867
10  GBP 4228 3399
41
50  LCC 2770 2845
30  LCC 3963 2858
42
50  LCC 2625 2871
30  LCC 3019 2835
10  LCC 3132 2851
43
50  GBP 3213 3413
44
50  GBP 3047 3403
30  GBP 3172 3388
10  GBP 3785 3395
45
50  GBP 3181 3402
30  LCC 5274 2854
46
50  GBP 2090 3416
30  GBP 2550 3406
10  LCC 2716 2831
47
50  LCC 5133 2860
30  LCC 6635 2864
48
50  GBP 5239 3407
49
50  LCC 3773 2861
30  LCC 3821 2846
10  LCC 5665 2866
50
50  GBP 4584 3400
30  GBP 5112 3401
51
50  LCC 3654 2845
30  GBP 4132 3418
52
50  LCC 3518 2836
30  LCC 3734 2851
10  GBP 3738 3393
54
50  GBP 9875 2033
55
50  LCC 20217 1954
56
50  GBP 16283 2035
57
50  LCC 16435 1955
59
50  LCC 11929 1956
60
50  GBP 13453 2036
30  LCC 17576 1957
61
50  LCC 11533 1959
SCORE:GBP,LCC,2300,2410,-11.0
