GBP-SH
1
50  SH 10278 2639
30  SH 11089 2607
10  SH 11656 2638
2
50  GBP 9298 3408
30  GBP 9322 3416
10  GBP 11916 3391
3
50  SH 8498 2619
30  SH 9564 2612
10  SH 10747 2608
4
50  SH 9948 2647
30  GBP 10451 3407
10  SH 12226 2625
5
50  SH 7836 2618
30  SH 8931 2640
10  SH 8961 2641
6
50  GBP 7190 3414
30  GBP 8906 3399
10  GBP 8937 3401
7
50  GBP 7477 3415
30  SH 9090 2631
8
50  SH 6485 2605
30  SH 7027 2613
10  GBP 8403 3393
9
50  GBP 2550 3410
30  GBP 3697 3404
10  GBP 3837 3409
10
50  SH 5726 2645
11
50  GBP 2046 3413
30  SH 2056 2629
10  SH 2378 2626
12
50  GBP 1853 3388
30  SH 2009 2642
10  GBP 2656 3403
13
50  SH 3852 2639
30  GBP 3943 3412
10  SH 4190 2603
14
50  GBP 3432 3408
30  GBP 4485 3411
10  SH 5275 2599
15
50  SH 3463 2619
30  SH 4058 2612
10  GBP 4221 3417
16
50  GBP 3813 3407
30  SH 3946 2630
10  SH 4097 2636
17
50  SH 6858 2618
30  SH 8035 2641
10  SH 8570 2637
18
50  GBP 8007 3399
30  GBP 8147 3400
19
50  GBP 6648 3415
30  GBP 7221 3418
10  SH 8136 2631
20
50  SH 5747 2605
30  SH 6437 2613
10  GBP 7038 3392
21
50  GBP 3449 3404
30  GBP 3872 3410
23
50  SH 2543 2629
30  GBP 2762 3396
10  SH 3060 2626
24
50  GBP 2508 3388
30  GBP 2585 3395
10  SH 2892 2642
25
50  GBP 2384 3412
30  SH 2416 2639
10  SH 2471 2643
26
50  GBP 1909 3416
30  SH 2762 2599
10  GBP 2772 3411
27
50  SH 4434 2612
30  SH 4963 2608
10  GBP 5013 3417
28
50  SH 4732 2630
30  SH 5383 2625
10  SH 5544 2636
29
50  SH 3769 2618
30  SH 4517 2637
30
50  GBP 3294 3414
30  GBP 5037 3400
32
80  SH 3178 2605
40  GBP 4038 3393
0  GBP 4409 3392
33
80  GBP 2384 3413
40  SH 2598 2629
0  SH 3369 2626
34
80  SH 2623 2642
40  GBP 2772 3388
0  GBP 3281 3395
35
50  SH 2202 2638
30  SH 2288 2607
10  SH 2381 2603
36
50  GBP 1660 3408
30  GBP 2481 3391
10  GBP 2925 3411
37
50  SH 3979 2619
30  GBP 5136 3417
10  SH 5428 2608
38
50  SH 5382 2636
30  SH 5677 2625
10  SH 6324 2630
39
50  SH 3807 2640
30  SH 3932 2641
40
50  GBP 3096 3414
30  GBP 4228 3399
10  GBP 4262 3401
42
50  SH 2953 2605
30  SH 3161 2613
10  GBP 3747 3392
43
50  SH 2875 2629
30  GBP 3213 3413
44
50  SH 2983 2642
30  GBP 3047 3403
10  GBP 3172 3388
45
50  SH 2408 2639
30  SH 2480 2603
10  SH 2784 2635
46
50  GBP 2090 3416
30  GBP 2550 3406
10  SH 2964 2617
47
50  SH 4632 2619
30  SH 5171 2612
48
50  GBP 5239 3407
30  SH 6956 2597
10  SH 7558 2625
49
50  SH 4600 2640
30  SH 5657 2637
50
50  GBP 4584 3400
30  GBP 5112 3401
51
50  GBP 4132 3418
30  SH 4738 2631
52
50  SH 3350 2613
30  GBP 3738 3393
10  GBP 4054 3392
54
50  GBP 9875 2033
30  SH 11370 1919
55
50  SH 19413 1921
56
50  GBP 16283 2035
58
50  SH 19108 1923
59
50  SH 13886 1924
60
50  GBP 13453 2036
SCORE:GBP,SH,2100,2580,-48.0
