GBP-WAW
1
50  WAW 9200 1022
30  WAW 11537 930
10  GBP 11741 3412
2
50  WAW 8528 1033
30  GBP 9298 3408
10  GBP 9322 3416
3
50  WAW 9045 931
30  WAW 9818 950
10  GBP 11009 3417
4
50  WAW 7781 940
30  GBP 10451 3407
5
50  WAW 7833 908
30  WAW 8719 1004
10  WAW 9249 991
6
50  WAW 6684 904
30  GBP 7190 3414
10  WAW 7572 1032
7
50  GBP 7477 3415
30  WAW 7606 975
10  WAW 10288 957
8
50  WAW 6267 1012
30  WAW 7387 1026
10  WAW 7867 968
9
50  WAW 2516 959
30  GBP 2550 3410
10  GBP 3697 3404
10
50  WAW 2569 916
30  WAW 3534 947
10  WAW 4040 932
11
50  WAW 1876 1021
30  GBP 2046 3413
10  WAW 2419 1011
12
50  GBP 1853 3388
30  WAW 2056 961
10  WAW 2233 956
13
50  WAW 3626 939
30  GBP 3943 3412
10  WAW 5413 989
14
50  GBP 3432 3408
30  WAW 3897 964
10  WAW 4081 996
15
50  WAW 3166 938
30  WAW 4014 950
10  WAW 4039 918
16
50  GBP 3813 3407
30  WAW 4262 998
10  WAW 6797 993
17
50  WAW 7038 929
30  WAW 7763 909
10  WAW 8048 1023
18
50  WAW 6524 1030
30  WAW 7990 943
10  GBP 8007 3399
19
50  GBP 6648 3415
30  WAW 7012 975
10  GBP 7221 3418
20
50  WAW 6546 1026
30  GBP 7038 3392
10  WAW 7147 948
21
50  WAW 3312 959
30  GBP 3449 3404
10  GBP 3872 3410
22
50  WAW 3255 916
30  WAW 3816 947
10  WAW 6113 960
23
50  WAW 2516 1021
30  GBP 2762 3396
10  WAW 3094 980
24
50  GBP 2508 3388
30  GBP 2585 3395
10  WAW 2659 902
25
50  WAW 2369 906
30  GBP 2384 3412
10  WAW 2753 955
26
50  WAW 1809 915
30  GBP 1909 3416
10  WAW 2300 996
27
50  WAW 4452 918
30  GBP 5013 3417
10  WAW 5397 1013
28
50  WAW 3533 940
30  GBP 5637 3407
10  WAW 8559 993
29
50  WAW 3721 929
30  WAW 5483 969
10  WAW 5694 953
30
50  GBP 3294 3414
30  WAW 3430 1030
10  GBP 5037 3400
31
80  WAW 5869 1018
32
80  WAW 3298 976
40  WAW 3409 948
0  WAW 3836 937
33
80  GBP 2384 3413
34
80  GBP 2772 3388
40  GBP 3281 3395
35
50  WAW 2463 906
30  GBP 2647 3412
10  WAW 2667 955
36
50  GBP 1660 3408
30  WAW 1765 915
10  WAW 2451 1031
37
50  WAW 3497 938
30  WAW 4319 970
10  GBP 5136 3417
38
50  WAW 3681 940
30  WAW 5851 998
39
50  WAW 3972 1004
30  WAW 4388 991
40
50  WAW 2938 904
30  GBP 3096 3414
10  GBP 4228 3399
41
50  WAW 3582 971
42
50  WAW 2976 976
30  WAW 3246 1026
10  WAW 3267 968
43
50  WAW 2456 1021
30  GBP 3213 3413
10  WAW 3985 925
44
50  GBP 3047 3403
30  GBP 3172 3388
10  WAW 3223 902
45
50  WAW 2035 1022
30  WAW 2119 939
10  WAW 2477 930
46
50  WAW 1937 1033
30  GBP 2090 3416
10  GBP 2550 3406
47
50  WAW 4628 931
30  WAW 4840 950
10  WAW 4857 970
48
50  GBP 5239 3407
30  WAW 5776 998
49
50  WAW 4032 908
30  WAW 4501 909
10  WAW 4536 1023
50
50  WAW 3637 1032
30  GBP 4584 3400
10  WAW 4833 943
51
50  WAW 3975 971
30  GBP 4132 3418
10  WAW 4857 957
52
50  WAW 3347 1012
30  GBP 3738 3393
10  WAW 3827 948
53
50  WAW 14403 1722
54
50  WAW 9827 1709
30  GBP 9875 2033
55
50  WAW 16351 1711
56
50  WAW 15537 1713
30  GBP 16283 2035
57
50  WAW 14803 1715
58
50  WAW 30791 1717
59
50  WAW 13606 1718
60
50  WAW 11946 1720
30  GBP 13453 2036
61
50  WAW 11575 1721
SCORE:GBP,WAW,1560,3620,-206.0
