GBP-WRC
1
50  WRC 10759 2171
30  GBP 11741 3412
10  GBP 13410 3402
2
50  GBP 9298 3408
30  GBP 9322 3416
10  WRC 10377 2161
3
50  WRC 8371 2156
30  WRC 9470 2151
10  GBP 11009 3417
4
50  WRC 10200 2180
30  GBP 10451 3407
10  WRC 10965 2188
5
50  WRC 8003 2147
30  WRC 9690 2155
6
50  GBP 7190 3414
30  WRC 7619 2174
10  GBP 8906 3399
7
50  GBP 7477 3415
30  WRC 8182 2146
10  WRC 8594 2169
8
50  WRC 7292 2182
30  WRC 7447 2177
10  WRC 8320 2193
9
50  GBP 2550 3410
30  WRC 3100 2162
10  GBP 3697 3404
10
50  WRC 3732 2165
30  WRC 6075 2168
11
50  WRC 1881 2176
30  WRC 1968 2196
10  GBP 2046 3413
12
50  GBP 1853 3388
30  WRC 2313 2150
10  WRC 2594 2183
13
50  WRC 3889 2175
30  GBP 3943 3412
10  WRC 5975 2163
14
50  GBP 3432 3408
30  WRC 4383 2191
10  GBP 4485 3411
15
50  WRC 3553 2167
30  WRC 3638 2151
10  WRC 3659 2152
16
50  GBP 3813 3407
30  WRC 4440 2188
17
50  WRC 6896 2147
30  WRC 7375 2153
10  WRC 7397 2178
18
50  WRC 6674 2174
30  WRC 7522 2189
10  GBP 8007 3399
19
50  GBP 6648 3415
30  WRC 6727 2145
10  WRC 7127 2146
20
50  WRC 6001 2181
30  WRC 6272 2182
10  GBP 7038 3392
21
50  GBP 3449 3404
30  WRC 3722 2162
10  GBP 3872 3410
22
50  WRC 4550 2165
23
50  WRC 2194 2196
30  GBP 2762 3396
10  WRC 3359 2148
24
50  GBP 2508 3388
30  GBP 2585 3395
10  WRC 3389 2183
25
50  WRC 2256 2171
30  GBP 2384 3412
10  WRC 2677 2164
26
50  GBP 1909 3416
30  WRC 2103 2161
10  WRC 2347 2191
27
50  WRC 4144 2151
30  WRC 4376 2167
10  GBP 5013 3417
28
50  GBP 5637 3407
30  WRC 5894 2188
29
50  WRC 3476 2178
30  WRC 4006 2153
10  WRC 4513 2155
30
50  GBP 3294 3414
30  WRC 3546 2174
10  WRC 4187 2189
31
80  WRC 3850 2146
40  WRC 4171 2169
32
80  WRC 3201 2181
40  WRC 3499 2177
0  WRC 3783 2193
33
80  WRC 2358 2196
40  GBP 2384 3413
0  WRC 2458 2176
34
80  GBP 2772 3388
40  GBP 3281 3395
35
50  WRC 1814 2175
30  GBP 2647 3412
10  GBP 3097 3402
36
50  GBP 1660 3408
30  WRC 2018 2161
10  WRC 2403 2191
37
50  WRC 3987 2156
30  WRC 4400 2167
10  WRC 4733 2152
39
50  WRC 3559 2178
30  WRC 3650 2153
10  WRC 6052 2194
40
50  GBP 3096 3414
30  WRC 3512 2174
10  GBP 4228 3399
41
50  WRC 3456 2145
30  WRC 3719 2169
42
50  WRC 3052 2182
30  WRC 3094 2181
10  WRC 3489 2170
43
50  WRC 2683 2176
30  GBP 3213 3413
10  WRC 3264 2184
44
50  GBP 3047 3403
30  GBP 3172 3388
10  GBP 3785 3395
45
50  WRC 2627 2171
30  WRC 2653 2175
10  GBP 3181 3402
46
50  GBP 2090 3416
30  WRC 2445 2161
10  WRC 2487 2191
47
50  WRC 4069 2156
30  WRC 5535 2152
48
50  WRC 4896 2188
30  GBP 5239 3407
49
50  WRC 4226 2147
30  WRC 4882 2155
10  WRC 6945 2194
50
50  WRC 4032 2189
30  GBP 4584 3400
10  GBP 5112 3401
51
50  WRC 3802 2145
30  GBP 4132 3418
10  WRC 4565 2169
52
50  WRC 3662 2177
30  GBP 3738 3393
10  WRC 3976 2173
54
50  WRC 9339 1855
30  GBP 9875 2033
55
50  WRC 20388 1858
56
50  GBP 16283 2035
57
50  WRC 14518 1859
59
50  WRC 13206 1860
60
50  GBP 13453 2036
61
50  WRC 13246 1861
SCORE:GBP,WRC,1710,3270,-156.0
