GBP-FR
1
50  FR 9756 1771
30  FR 11123 1757
10  GBP 11741 3412
2
50  GBP 9298 3408
30  GBP 9322 3416
10  GBP 11916 3391
3
50  FR 9077 1829
30  FR 9742 1797
10  FR 10635 1819
4
50  FR 7209 1825
30  FR 10057 1800
10  GBP 10451 3407
5
50  FR 7641 1767
30  FR 9555 1833
10  FR 9581 1772
6
50  GBP 7190 3414
30  FR 8712 1781
10  GBP 8906 3399
7
50  GBP 7477 3415
30  FR 8011 1828
10  FR 9367 1769
8
50  FR 7819 1749
30  GBP 8403 3393
9
50  GBP 2550 3410
30  GBP 3697 3404
10  GBP 3837 3409
10
50  FR 6518 1775
11
50  FR 2003 1815
30  GBP 2046 3413
10  FR 2238 1778
12
50  GBP 1853 3388
30  FR 2009 1740
10  FR 2057 1770
13
50  GBP 3943 3412
30  FR 4397 1757
10  FR 4501 1786
14
50  GBP 3432 3408
30  GBP 4485 3411
10  FR 5036 1794
15
50  FR 3487 1785
30  FR 3761 1797
10  FR 3957 1819
16
50  FR 2909 1825
30  FR 3730 1826
10  GBP 3813 3407
17
50  FR 8153 1833
30  FR 8839 1772
10  FR 8850 1783
18
50  FR 7796 1831
30  FR 7883 1756
10  GBP 8007 3399
19
50  GBP 6648 3415
30  FR 6978 1828
10  GBP 7221 3418
20
50  GBP 7038 3392
30  FR 7289 1748
10  GBP 7637 3393
21
50  GBP 3449 3404
30  GBP 3872 3410
10  FR 4902 1798
22
50  FR 5597 1775
23
50  FR 2359 1815
30  FR 2628 1778
10  GBP 2762 3396
24
50  FR 2369 1740
30  GBP 2508 3388
10  GBP 2585 3395
25
50  FR 2137 1771
30  GBP 2384 3412
10  FR 2467 1799
26
50  GBP 1909 3416
30  FR 2488 1837
10  GBP 2772 3411
27
50  FR 4456 1785
30  FR 4617 1797
10  GBP 5013 3417
28
50  FR 4469 1826
30  FR 4849 1784
10  FR 5253 1780
29
50  FR 3559 1767
30  FR 4101 1833
10  FR 5399 1783
30
50  GBP 3294 3414
30  FR 4107 1781
10  FR 4263 1831
31
80  FR 3485 1765
40  FR 4595 1835
0  FR 4778 1812
32
80  FR 3537 1749
40  FR 3950 1748
0  GBP 4038 3393
33
80  FR 2371 1815
40  GBP 2384 3413
0  FR 2673 1820
34
80  FR 2468 1740
40  FR 2562 1770
0  GBP 2772 3388
35
50  FR 2038 1771
30  FR 2295 1786
10  FR 2337 1757
36
50  GBP 1660 3408
30  GBP 2481 3391
10  GBP 2925 3411
37
50  FR 4082 1785
30  FR 4656 1829
10  FR 4838 1758
38
50  FR 3378 1825
30  FR 4474 1784
10  FR 5282 1800
39
50  FR 3359 1767
30  FR 4532 1783
10  FR 4562 1742
40
50  GBP 3096 3414
30  FR 3883 1781
10  FR 3989 1756
41
50  FR 3181 1765
30  FR 3494 1828
10  FR 4517 1769
42
50  FR 3447 1749
30  GBP 3747 3392
43
50  FR 3201 1778
30  GBP 3213 3413
10  FR 3810 1820
44
50  FR 2806 1770
30  GBP 3047 3403
10  GBP 3172 3388
45
50  FR 2412 1771
30  FR 2652 1741
10  FR 2765 1757
46
50  GBP 2090 3416
30  GBP 2550 3406
10  FR 2884 1794
47
50  FR 4369 1829
30  FR 5456 1821
10  FR 5925 1758
48
50  FR 3828 1825
30  FR 5026 1800
10  FR 5087 1826
49
50  FR 4196 1767
30  FR 4599 1833
10  FR 4828 1783
50
50  FR 4141 1781
30  GBP 4584 3400
10  FR 5093 1756
51
50  FR 3700 1765
30  GBP 4132 3418
10  FR 4614 1769
52
50  GBP 3738 3393
30  GBP 4054 3392
10  FR 4293 1748
53
50  FR 30704 1814
54
50  GBP 9875 2033
30  FR 11241 1805
55
50  FR 23538 1808
56
50  GBP 16283 2035
30  FR 25100 1809
57
50  FR 15370 1811
58
50  FR 15968 1812
60
50  GBP 13453 2036
61
50  FR 12000 1813
SCORE:GBP,FR,1620,3540,-192.0
