GBP-SPL
1
50  SPL 8802 1687
30  GBP 11741 3412
10  GBP 13410 3402
2
50  SPL 8844 1719
30  GBP 9298 3408
10  GBP 9322 3416
3
50  SPL 8969 1739
30  SPL 10281 1709
10  SPL 10670 1663
4
50  SPL 9290 1705
30  SPL 9620 1671
10  GBP 10451 3407
5
50  SPL 7969 1720
6
50  GBP 7190 3414
30  SPL 7284 1689
10  SPL 8876 1666
7
50  SPL 7357 1698
30  GBP 7477 3415
10  SPL 7863 1697
8
50  SPL 8085 1680
30  GBP 8403 3393
9
50  GBP 2550 3410
30  GBP 3697 3404
10  GBP 3837 3409
10
50  SPL 3256 1677
30  SPL 4251 1702
10  SPL 4288 1673
11
50  SPL 1950 1672
30  SPL 2012 1708
10  GBP 2046 3413
12
50  GBP 1853 3388
30  SPL 2437 1691
10  GBP 2656 3403
13
50  SPL 3444 1687
30  GBP 3943 3412
10  SPL 4902 1713
14
50  GBP 3432 3408
30  SPL 3591 1719
10  SPL 3692 1670
15
50  SPL 3532 1739
30  SPL 4178 1730
10  SPL 4193 1736
16
50  SPL 3479 1665
30  GBP 3813 3407
10  SPL 4002 1679
17
50  SPL 6478 1718
30  SPL 8753 1704
10  SPL 13043 1706
18
50  SPL 6409 1689
30  GBP 8007 3399
10  GBP 8147 3400
19
50  SPL 6384 1698
30  GBP 6648 3415
10  SPL 7006 1697
20
50  GBP 7038 3392
30  GBP 7637 3393
10  SPL 7947 1688
21
50  GBP 3449 3404
30  GBP 3872 3410
10  SPL 4433 1722
22
50  SPL 5737 1677
30  SPL 5804 1716
10  SPL 6652 1658
23
50  SPL 2555 1708
30  GBP 2762 3396
10  SPL 2828 1715
24
50  GBP 2508 3388
30  GBP 2585 3395
10  SPL 2646 1726
25
50  GBP 2384 3412
30  SPL 2515 1647
10  SPL 2518 1717
26
50  GBP 1909 3416
30  SPL 1913 1719
10  SPL 2665 1686
27
50  SPL 4400 1709
30  GBP 5013 3417
10  SPL 6482 1650
28
50  SPL 5351 1669
30  GBP 5637 3407
10  SPL 5972 1700
29
50  SPL 4667 1711
30  SPL 6367 1706
30
50  GBP 3294 3414
30  SPL 3484 1689
10  SPL 3934 1666
31
80  SPL 3483 1698
40  SPL 3735 1649
0  SPL 4627 1648
32
80  GBP 4038 3393
40  GBP 4409 3392
33
80  GBP 2384 3413
40  SPL 3037 1676
0  SPL 3209 1715
34
80  GBP 2772 3388
40  GBP 3281 3395
35
50  SPL 2331 1690
30  SPL 2492 1713
10  SPL 2627 1731
36
50  GBP 1660 3408
30  SPL 1860 1670
10  SPL 2421 1653
37
50  SPL 4055 1739
30  SPL 4759 1709
10  GBP 5136 3417
38
50  SPL 3981 1705
30  SPL 4577 1671
10  SPL 4672 1679
39
50  SPL 3246 1718
30  SPL 3531 1720
40
50  GBP 3096 3414
30  SPL 4193 1727
10  GBP 4228 3399
41
50  SPL 3366 1697
30  SPL 3625 1649
10  SPL 3772 1664
42
50  SPL 3697 1680
30  GBP 3747 3392
43
50  SPL 2652 1672
30  GBP 3213 3413
10  SPL 3321 1715
44
50  GBP 3047 3403
30  GBP 3172 3388
10  SPL 3371 1699
45
50  SPL 2033 1687
30  SPL 2546 1738
10  SPL 2765 1728
46
50  GBP 2090 3416
30  SPL 2422 1653
10  GBP 2550 3406
47
50  SPL 5018 1652
30  SPL 5207 1663
10  SPL 5617 1736
48
50  GBP 5239 3407
30  SPL 5462 1700
10  SPL 7987 1678
49
50  SPL 5095 1704
30  SPL 5615 1711
50
50  SPL 4475 1666
30  GBP 4584 3400
10  GBP 5112 3401
51
50  GBP 4132 3418
30  SPL 4402 1712
10  SPL 4475 1664
52
50  GBP 3738 3393
30  GBP 4054 3392
10  SPL 4552 1688
53
50  SPL 18907 1804
54
50  SPL 9289 1796
30  GBP 9875 2033
55
50  SPL 20778 1798
56
50  GBP 16283 2035
57
50  SPL 17312 1800
58
50  SPL 15425 1801
59
50  SPL 13914 1802
60
50  GBP 13453 2036
61
50  SPL 13256 1803
SCORE:GBP,SPL,2010,3180,-117.0
