GBP-CCC
1
50  CCC 9365 2014
30  GBP 11741 3412
10  GBP 13410 3402
2
50  GBP 9298 3408
30  GBP 9322 3416
10  CCC 10441 2005
3
50  CCC 9715 1991
30  GBP 11009 3417
4
50  CCC 8866 2012
30  CCC 9346 2027
10  GBP 10451 3407
5
50  CCC 7445 2031
30  CCC 8137 2030
6
50  GBP 7190 3414
30  GBP 8906 3399
10  GBP 8937 3401
7
50  GBP 7477 3415
30  CCC 7696 1992
10  CCC 8435 2028
8
50  CCC 7524 2002
30  GBP 8403 3393
9
50  GBP 2550 3410
30  GBP 3697 3404
10  CCC 3709 1996
11
50  GBP 2046 3413
30  CCC 2076 2026
10  CCC 2303 2010
12
50  CCC 1634 2020
30  GBP 1853 3388
10  GBP 2656 3403
13
50  GBP 3943 3412
30  CCC 4404 1995
10  CCC 4490 2006
14
50  GBP 3432 3408
30  CCC 4125 2019
10  GBP 4485 3411
15
50  CCC 3750 1991
30  GBP 4221 3417
10  CCC 5211 2011
16
50  CCC 3407 2012
30  GBP 3813 3407
10  CCC 4175 1993
17
50  CCC 8815 2029
30  CCC 9053 2018
18
50  GBP 8007 3399
30  GBP 8147 3400
10  CCC 12918 2015
19
50  GBP 6648 3415
30  CCC 7116 1992
10  GBP 7221 3418
20
50  CCC 6632 2002
30  GBP 7038 3392
10  GBP 7637 3393
21
50  GBP 3449 3404
30  GBP 3872 3410
10  CCC 4272 1996
23
50  CCC 2706 2023
30  GBP 2762 3396
10  CCC 2868 2026
24
50  GBP 2508 3388
30  GBP 2585 3395
10  GBP 3559 3394
25
50  GBP 2384 3412
30  CCC 2734 1995
10  GBP 2952 3402
26
50  GBP 1909 3416
30  CCC 1947 2005
10  CCC 2432 2025
27
50  GBP 5013 3417
30  CCC 9010 2033
28
50  CCC 4247 2012
30  GBP 5637 3407
29
50  CCC 3810 2030
30  CCC 4488 2018
10  CCC 4572 2029
30
50  GBP 3294 3414
30  GBP 5037 3400
31
80  CCC 3662 1992
40  CCC 3813 1998
0  CCC 4203 2013
32
80  GBP 4038 3393
40  GBP 4409 3392
33
80  CCC 2228 2026
40  GBP 2384 3413
0  CCC 3034 2024
34
80  GBP 2772 3388
40  GBP 3281 3395
35
50  CCC 1819 2014
30  GBP 2647 3412
10  GBP 3097 3402
36
50  GBP 1660 3408
30  CCC 1891 2005
10  GBP 2481 3391
37
50  CCC 4146 1991
30  GBP 5136 3417
38
50  CCC 4041 2027
30  CCC 4268 2012
39
50  CCC 3515 2031
30  CCC 3572 2030
40
50  GBP 3096 3414
30  GBP 4228 3399
10  GBP 4262 3401
41
50  CCC 3413 1992
30  CCC 3736 2028
10  CCC 3934 1998
42
50  GBP 3747 3392
43
50  GBP 3213 3413
30  CCC 3622 2024
10  CCC 3755 2010
44
50  GBP 3047 3403
30  GBP 3172 3388
10  GBP 3785 3395
45
50  CCC 2209 2014
30  CCC 2592 1995
10  CCC 2700 2006
46
50  GBP 2090 3416
30  GBP 2550 3406
10  GBP 3103 3391
47
50  CCC 5041 1991
48
50  CCC 5066 2027
30  GBP 5239 3407
49
50  CCC 3880 2031
30  CCC 4603 2029
50
50  GBP 4584 3400
30  GBP 5112 3401
51
50  GBP 4132 3418
30  CCC 4305 2028
10  CCC 4529 2013
52
50  GBP 3738 3393
30  GBP 4054 3392
54
50  GBP 9875 2033
30  CCC 11834 1834
55
50  CCC 19756 1835
56
50  GBP 16283 2035
30  CCC 20399 1836
60
50  GBP 13453 2036
SCORE:GBP,CCC,2490,2170,32.0
