GBP-CC
1
50  CC 10921 2939
30  GBP 11741 3412
10  GBP 13410 3402
2
50  CC 8850 2949
30  GBP 9298 3408
10  GBP 9322 3416
3
50  CC 8118 2938
30  CC 8262 2957
10  GBP 11009 3417
4
50  CC 8034 2948
30  GBP 10451 3407
5
50  CC 7882 2954
30  CC 9281 2937
10  CC 9328 2952
6
50  GBP 7190 3414
30  CC 8156 2963
10  CC 8302 2944
7
50  GBP 7477 3415
30  CC 9441 2943
8
50  CC 6620 2964
30  CC 7634 2934
10  GBP 8403 3393
9
50  GBP 2550 3410
30  CC 3234 2960
10  GBP 3697 3404
11
50  GBP 2046 3413
30  CC 2302 2951
10  GBP 2550 3410
12
50  GBP 1853 3388
30  CC 1919 2950
10  GBP 2656 3403
13
50  GBP 3943 3412
30  CC 4125 2959
10  CC 4578 2958
14
50  GBP 3432 3408
30  GBP 4485 3411
10  CC 4768 2941
15
50  CC 3222 2938
30  CC 3295 2957
10  CC 3450 2965
16
50  CC 3277 2948
30  GBP 3813 3407
10  CC 5782 2956
17
50  CC 7166 2937
30  CC 7925 2942
10  CC 8272 2955
18
50  CC 6925 2944
30  GBP 8007 3399
10  GBP 8147 3400
19
50  GBP 6648 3415
30  GBP 7221 3418
20
50  CC 6203 2934
30  GBP 7038 3392
10  CC 7121 2935
21
50  CC 2950 2960
30  GBP 3449 3404
10  GBP 3872 3410
23
50  CC 2725 2951
30  GBP 2762 3396
10  GBP 3449 3404
24
50  CC 2439 2950
30  GBP 2508 3388
10  GBP 2585 3395
25
50  CC 2207 2939
30  CC 2372 2958
10  GBP 2384 3412
26
50  CC 1737 2949
30  GBP 1909 3416
10  CC 2684 2953
27
50  CC 4340 2965
30  GBP 5013 3417
28
50  GBP 5637 3407
30  CC 8178 2956
29
50  CC 4219 2937
30  CC 4225 2952
10  CC 4957 2955
30
50  GBP 3294 3414
30  CC 3806 2944
10  CC 3850 2963
31
80  CC 4707 2943
32
80  CC 3128 2964
40  CC 3500 2934
0  GBP 4038 3393
33
80  GBP 2384 3413
34
80  CC 2484 2950
40  GBP 2772 3388
0  GBP 3281 3395
35
50  CC 2038 2939
30  CC 2359 2959
10  GBP 2647 3412
36
50  CC 1658 2949
30  GBP 1660 3408
10  GBP 2481 3391
37
50  CC 3522 2938
30  CC 3640 2957
10  GBP 5136 3417
38
50  CC 3847 2948
39
50  CC 3449 2954
30  CC 3895 2942
10  CC 4238 2952
40
50  GBP 3096 3414
30  CC 3527 2944
10  CC 4050 2963
41
50  CC 4125 2943
42
50  CC 2822 2964
30  CC 3266 2934
10  GBP 3747 3392
43
50  CC 3131 2951
30  GBP 3213 3413
44
50  CC 2945 2950
30  GBP 3047 3403
10  GBP 3172 3388
45
50  CC 2420 2939
30  CC 2485 2958
10  CC 2827 2961
46
50  GBP 2090 3416
30  GBP 2550 3406
10  CC 2719 2936
47
50  CC 4600 2965
48
50  CC 4097 2948
30  GBP 5239 3407
49
50  CC 3807 2954
30  CC 4456 2942
10  CC 5294 2955
50
50  CC 4108 2963
30  GBP 4584 3400
10  GBP 5112 3401
51
50  GBP 4132 3418
30  CC 5260 2943
52
50  CC 3294 2964
30  GBP 3738 3393
10  GBP 4054 3392
54
50  GBP 9875 2033
56
50  GBP 16283 2035
30  CC 19707 1970
57
50  CC 15841 1971
59
50  CC 13789 1972
60
50  GBP 13453 2036
SCORE:GBP,CC,1710,2910,-120.0
