GBP-WCSC
1
50  WCSC 8690 844
30  WCSC 9353 884
10  GBP 11741 3412
2
50  GBP 9298 3408
30  GBP 9322 3416
10  WCSC 10839 784
3
50  WCSC 7943 800
30  WCSC 8633 883
10  GBP 11009 3417
4
50  WCSC 8409 810
30  WCSC 9688 775
10  GBP 10451 3407
5
50  WCSC 7784 895
30  WCSC 9901 832
6
50  GBP 7190 3414
30  WCSC 7896 776
10  WCSC 8833 821
7
50  GBP 7477 3415
30  WCSC 8963 860
10  WCSC 9778 900
8
50  WCSC 7650 843
30  WCSC 7728 787
10  GBP 8403 3393
9
50  GBP 2550 3410
30  WCSC 3175 869
10  WCSC 3328 872
10
50  WCSC 3536 830
30  WCSC 3673 786
10  WCSC 5096 822
11
50  WCSC 1889 855
30  GBP 2046 3413
10  WCSC 2129 826
12
50  WCSC 1740 870
30  GBP 1853 3388
10  WCSC 1904 877
13
50  WCSC 3738 871
30  WCSC 3787 884
10  GBP 3943 3412
14
50  GBP 3432 3408
30  WCSC 4129 831
10  WCSC 4481 868
15
50  WCSC 3219 896
30  WCSC 3312 840
10  WCSC 3557 883
16
50  WCSC 3434 775
30  WCSC 3517 863
10  WCSC 3730 847
17
50  WCSC 7082 859
30  WCSC 7348 845
10  WCSC 8671 828
18
50  WCSC 6674 798
30  WCSC 6843 776
10  WCSC 7480 821
19
50  GBP 6648 3415
30  GBP 7221 3418
10  WCSC 7938 860
20
50  WCSC 6297 843
30  GBP 7038 3392
10  WCSC 7173 864
21
50  WCSC 3090 869
30  GBP 3449 3404
10  GBP 3872 3410
22
50  WCSC 4634 830
30  WCSC 5263 777
10  WCSC 5283 822
23
50  WCSC 2098 817
30  WCSC 2637 898
10  WCSC 2662 879
24
50  WCSC 1929 801
30  WCSC 2358 877
10  GBP 2508 3388
25
50  WCSC 2043 816
30  WCSC 2299 839
10  WCSC 2317 805
26
50  GBP 1909 3416
30  WCSC 2111 784
10  WCSC 2634 868
27
50  WCSC 3813 800
30  GBP 5013 3417
10  WCSC 5066 820
28
50  WCSC 4178 810
30  WCSC 5603 847
10  GBP 5637 3407
29
50  WCSC 3500 895
30  WCSC 4621 858
10  WCSC 4831 832
30
50  GBP 3294 3414
30  WCSC 3909 821
10  WCSC 4312 791
31
80  WCSC 3840 803
40  WCSC 4301 835
0  WCSC 4500 897
32
80  WCSC 3606 864
40  GBP 4038 3393
0  GBP 4409 3392
33
80  WCSC 2225 826
40  GBP 2384 3413
0  WCSC 2500 817
34
80  WCSC 2223 877
40  GBP 2772 3388
0  WCSC 2855 857
35
50  WCSC 1938 871
30  WCSC 2327 816
10  WCSC 2346 839
36
50  GBP 1660 3408
30  WCSC 2122 876
10  GBP 2481 3391
37
50  WCSC 3982 840
30  GBP 5136 3417
10  WCSC 6183 793
38
50  WCSC 4317 863
30  WCSC 4653 775
39
50  WCSC 3434 859
30  WCSC 4315 828
10  WCSC 5219 796
40
50  GBP 3096 3414
30  WCSC 3463 798
10  WCSC 4046 880
41
50  WCSC 3803 803
30  WCSC 3928 900
10  WCSC 4422 807
42
50  WCSC 3134 787
30  WCSC 3376 790
10  GBP 3747 3392
43
50  WCSC 2682 855
30  WCSC 3027 826
10  GBP 3213 3413
44
50  WCSC 2112 801
30  WCSC 2583 870
10  GBP 3047 3403
45
50  WCSC 2151 844
30  WCSC 2864 805
10  GBP 3181 3402
46
50  GBP 2090 3416
30  WCSC 2403 831
10  GBP 2550 3406
47
50  WCSC 4162 896
30  WCSC 5534 799
10  WCSC 5641 850
48
50  WCSC 4555 810
30  GBP 5239 3407
49
50  WCSC 4656 845
30  WCSC 6387 788
50
50  WCSC 4113 776
30  WCSC 4549 798
10  GBP 4584 3400
51
50  GBP 4132 3418
30  WCSC 4467 860
10  WCSC 5658 835
52
50  GBP 3738 3393
30  WCSC 3963 864
10  GBP 4054 3392
53
50  WCSC 16033 1707
54
50  WCSC 7650 1692
30  GBP 9875 2033
55
50  WCSC 16081 1695
56
50  GBP 16283 2035
30  WCSC 17798 1697
57
50  WCSC 13322 1699
58
50  WCSC 18199 1702
59
50  WCSC 13190 1703
60
50  GBP 13453 2036
30  WCSC 15089 1704
61
50  WCSC 12596 1705
SCORE:GBP,WCSC,1330,3970,-264.0
