GBP-TVT
1
50  TVT 11250 1868
30  GBP 11741 3412
10  TVT 11778 1909
2
50  GBP 9298 3408
30  GBP 9322 3416
10  TVT 9773 1951
3
50  TVT 7662 1866
30  TVT 8557 1845
10  TVT 9372 1913
4
50  TVT 9433 1917
30  GBP 10451 3407
10  TVT 11734 1880
5
50  TVT 7571 1867
6
50  GBP 7190 3414
30  TVT 7397 1888
10  TVT 7590 1911
7
50  GBP 7477 3415
30  TVT 9332 1900
10  TVT 9869 1844
8
50  TVT 6297 1874
30  TVT 8188 1860
10  GBP 8403 3393
9
50  GBP 2550 3410
30  GBP 3697 3404
10  GBP 3837 3409
10
50  TVT 3245 1950
30  TVT 3347 1908
10  TVT 5460 1948
11
50  GBP 2046 3413
30  TVT 2259 1952
10  TVT 2350 1890
12
50  GBP 1853 3388
30  TVT 2033 1946
10  TVT 2513 1903
13
50  GBP 3943 3412
30  TVT 4097 1868
10  TVT 4514 1853
14
50  GBP 3432 3408
30  TVT 3875 1951
10  TVT 4012 1879
15
50  TVT 3063 1866
30  TVT 3357 1845
10  TVT 3963 1861
16
50  GBP 3813 3407
30  TVT 4169 1880
10  TVT 4566 1886
17
50  TVT 6991 1867
30  TVT 7376 1910
18
50  TVT 6400 1911
30  TVT 6771 1888
10  GBP 8007 3399
19
50  GBP 6648 3415
30  GBP 7221 3418
10  TVT 8321 1900
20
50  TVT 5377 1899
30  TVT 5753 1874
10  GBP 7038 3392
21
50  GBP 3449 3404
30  GBP 3872 3410
10  TVT 4982 1875
22
50  TVT 3774 1908
30  TVT 4170 1950
10  TVT 5940 1839
23
50  TVT 2634 1892
30  TVT 2684 1952
10  GBP 2762 3396
24
50  GBP 2508 3388
30  TVT 2567 1946
10  GBP 2585 3395
25
50  GBP 2384 3412
30  TVT 2553 1909
10  TVT 2657 1853
26
50  GBP 1909 3416
30  TVT 2397 1898
10  TVT 2513 1907
27
50  TVT 4013 1845
30  TVT 4915 1859
10  GBP 5013 3417
28
50  TVT 5289 1880
30  GBP 5637 3407
10  TVT 7253 1943
29
50  TVT 3845 1910
30  TVT 5952 1897
30
50  GBP 3294 3414
30  TVT 3535 1888
10  TVT 3733 1911
31
80  TVT 4059 1900
32
80  TVT 2849 1899
40  TVT 3656 1860
0  GBP 4038 3393
33
80  GBP 2384 3413
40  TVT 2840 1952
0  TVT 3641 1890
34
80  TVT 2670 1946
40  GBP 2772 3388
0  GBP 3281 3395
35
50  TVT 2166 1868
30  TVT 2603 1909
10  GBP 2647 3412
36
50  GBP 1660 3408
30  TVT 2050 1856
10  TVT 2078 1951
37
50  TVT 3427 1866
30  TVT 4109 1913
10  TVT 4780 1916
38
50  TVT 4381 1917
30  TVT 7064 1848
39
50  TVT 3496 1867
40
50  GBP 3096 3414
30  TVT 3217 1888
10  GBP 4228 3399
42
50  TVT 2764 1899
30  TVT 2776 1874
10  TVT 3737 1889
43
50  TVT 3133 1952
30  GBP 3213 3413
10  TVT 3244 1892
44
50  TVT 2528 1946
30  GBP 3047 3403
10  GBP 3172 3388
45
50  TVT 2798 1853
30  TVT 3004 1920
10  GBP 3181 3402
46
50  GBP 2090 3416
30  GBP 2550 3406
10  TVT 2600 1856
47
50  TVT 4616 1913
30  TVT 4678 1916
10  TVT 5321 1861
48
50  TVT 5013 1917
30  GBP 5239 3407
10  TVT 5643 1886
49
50  TVT 4377 1910
30  TVT 7524 1897
50
50  TVT 3877 1911
30  GBP 4584 3400
10  GBP 5112 3401
51
50  GBP 4132 3418
30  TVT 4934 1885
52
50  TVT 3306 1874
30  GBP 3738 3393
10  TVT 3969 1860
53
50  TVT 16803 1828
54
50  GBP 9875 2033
30  TVT 12231 1815
55
50  TVT 19785 1818
56
50  GBP 16283 2035
30  TVT 17443 1820
57
50  TVT 14320 1822
58
50  TVT 17419 1825
59
50  TVT 15096 1826
60
50  GBP 13453 2036
61
50  TVT 13181 1827
SCORE:GBP,TVT,1730,3320,-159.0
