HC11-VOU
1
50  VOU 2893 1774
30  VOU 2916 976
10  VOU 2956 1490
2
50  VOU 2782 1488
30  VOU 2950 1018
10  VOU 3208 941
3
50  VOU 3142 1478
30  VOU 3149 981
10  VOU 3194 994
4
50  VOU 3237 2917(Y) 1476
30  VOU 3260 2937(Y) 1017
10  VOU 3398 3062(Y) 960
5
50  VOU 3327 961
30  VOU 3399 3063(Y) 1016
10  VOU 3419 969
6
50  VOU 3101 2794(Y) 1020
30  VOU 3591 3236(Y) 942
10  VOU 3681 1073
7
50  VOU 1800 1752
30  VOU 1834 1025
10  VOU 1935 1050
8
50  VOU 1741 1569(Y) 1065
30  VOU 1909 995
10  VOU 1994 968
9
50  VOU 2105 1897(Y) 952
30  VOU 2230 1773
10  VOU 2330 963
10
50  VOU 2022 1822(Y) 939
30  VOU 2038 936
10  VOU 2091 1884(Y) 945
11
50  VOU 2760 2487(Y) 934
30  VOU 2838 947
10  VOU 2976 973
12
50  VOU 3198 1499
30  VOU 3212 991
10  VOU 3501 1004
13
50  VOU 7023 976
30  VOU 8455 1029
10  VOU 8584 943
14
50  VOU 6832 1488
30  VOU 7627 1018
10  VOU 8139 941
15
50  VOU 7692 981
30  VOU 8313 994
10  VOU 8653 1478
16
50  VOU 8264 1476
30  VOU 8712 1017
10  VOU 8913 960
17
50  VOU 8804 961
30  VOU 8888 1016
10  VOU 9457 1069
18
50  VOU 7649 1020
30  VOU 9406 942
10  VOU 9442 1005
19
50  VOU 9732 1752
30  VOU 10921 1006
10  VOU 11069 1025
20
50  VOU 11465 1065
30  VOU 11998 959
10  VOU 12231 1059
21
50  VOU 3557 976
30  VOU 4034 1490
10  VOU 4374 1029
22
50  VOU 3847 941
30  VOU 4107 1018
10  VOU 4238 964
23
50  VOU 3751 981
30  VOU 3933 3544(Y) 1478
10  VOU 4199 3783(Y) 962
24
50  VOU 4627 4169(Y) 1017
30  VOU 4680 1476
10  VOU 4693 956
25
50  VOU 4342 961
30  VOU 4646 969
10  VOU 5490 1498
26
50  VOU 3984 1020
30  VOU 4617 1005
10  VOU 5125 1063
27
50  VOU 2364 1752
30  VOU 2492 1006
10  VOU 2516 2267(Y) 974
28
50  VOU 2332 982
30  VOU 2429 2189(Y) 959
10  VOU 2558 932
29
50  VOU 3153 1773
30  VOU 3155 963
10  VOU 3286 952
30
50  VOU 2787 967
30  VOU 2797 936
10  VOU 2833 1487
31
80  VOU 12729 1348
32
80  VOU 15516 1353
33
80  VOU 9327 1900
34
80  VOU 10088 1903
35
50  VOU 3434 976
30  VOU 4011 1029
10  VOU 4363 1774
36
50  VOU 3260 1488
30  VOU 3416 1018
10  VOU 3801 3425(Y) 935
37
50  VOU 3824 994
30  VOU 3863 981
10  VOU 4270 1478
38
50  VOU 3606 1476
30  VOU 3831 1017
10  VOU 4004 3608(Y) 960
39
50  VOU 3965 1016
30  VOU 4640 969
10  VOU 4773 1069
40
50  VOU 3631 1020
30  VOU 4072 942
10  VOU 4307 3881(Y) 1047
41
50  VOU 2091 1884(Y) 1025
30  VOU 2161 1947(Y) 1007
10  VOU 2264 2040(Y) 1050
42
50  VOU 2167 1953(Y) 1065
30  VOU 2243 959
10  VOU 2397 968
43
50  VOU 2823 2544(Y) 1035
30  VOU 2884 1043
10  VOU 3002 952
44
50  VOU 2276 2051(Y) 1049
30  VOU 2360 990
10  VOU 2398 2161(Y) 939
45
50  VOU 3662 947
30  VOU 3709 934
10  VOU 4177 973
46
50  VOU 3779 1499
30  VOU 3920 983
10  VOU 4616 991
47
50  VOU 6803 1774
30  VOU 7098 943
10  VOU 7266 1490
48
50  VOU 6049 5450(Y) 1488
30  VOU 7400 941
10  VOU 7503 951
49
50  VOU 7207 1051
30  VOU 7850 962
10  VOU 7883 994
50
50  VOU 7502 6759(Y) 960
30  VOU 8333 956
10  VOU 8567 1496
51
50  VOU 7660 961
30  VOU 8082 969
10  VOU 8233 1016
52
50  VOU 7932 7146(Y) 942
30  VOU 8033 7237(Y) 1047
10  VOU 8331 1073
53
50  VOU 3869 1752
30  VOU 4038 1025
10  VOU 4219 1006
54
50  VOU 4105 3699(Y) 1065
30  VOU 4353 965
10  VOU 4511 1059
55
50  VOU 4911 4425(Y) 952
30  VOU 5409 1773
10  VOU 5678 1053
56
50  VOU 4585 4131(Y) 939
30  VOU 4887 4403(Y) 945
10  VOU 4897 4412(Y) 936
57
50  VOU 3312 943
30  VOU 3514 1490
10  VOU 3551 1029
58
50  VOU 3733 951
30  VOU 3790 935
10  VOU 4038 964
59
50  VOU 3999 1051
30  VOU 4045 977
10  VOU 4544 962
60
50  VOU 4991 940
30  VOU 5376 1475
61
50  VOU 5348 1000
30  VOU 6103 933
10  VOU 6322 958
62
50  VOU 4293 1005
30  VOU 4625 1071
10  VOU 4632 1014
63
50  VOU 2021 1007
30  VOU 2257 1006
10  VOU 2366 1038
64
50  VOU 2109 968
30  VOU 2238 959
10  VOU 2356 995
65
50  VOU 3319 963
30  VOU 3689 1035
10  VOU 5505 1011
66
50  VOU 2409 939
30  VOU 2499 936
10  VOU 3037 992
67
80  VOU 13578 1225
68
80  VOU 13423 1370
SCORE:HC11,VOU,0,6050,-605.0
