HC11-LL
1
50  LL 2903 901
30  LL 2950 897
10  LL 3041 822
2
50  LL 3083 2778(Y) 842
30  LL 3097 869
10  LL 3162 856
3
50  LL 3266 920
30  LL 3306 930
10  LL 3509 828
4
50  LL 3271 2947(Y) 896
30  LL 3510 825
10  LL 3516 885
5
50  LL 3422 903
30  LL 3732 877
10  LL 3775 872
6
50  LL 3499 3153(Y) 1570
30  LL 3566 3213(Y) 1675
10  LL 3584 834
7
50  LL 1643 888
30  LL 1730 1559(Y) 876
10  LL 1909 1802
8
50  LL 1684 826
30  LL 1763 1551
10  LL 1850 1561
9
50  LL 2060 1856(Y) 1568
30  LL 2145 1552
10  LL 2188 919
10
50  LL 2032 1562
30  LL 2341 923
10  LL 2475 917
11
50  LL 2626 2366(Y) 873
30  LL 2657 2394(Y) 926
10  LL 2982 875
12
50  LL 3131 880
30  LL 3656 847
10  LL 3768 840
13
50  LL 7788 901
30  LL 8326 892
10  LL 8581 822
14
50  LL 7582 6831(Y) 856
30  LL 8234 869
10  LL 8421 842
15
50  LL 8819 920
30  LL 9259 918
10  LL 9456 835
16
50  LL 8910 896
30  LL 9059 825
10  LL 10866 827
17
50  LL 9216 903
30  LL 10525 877
10  LL 11547 872
18
50  LL 9315 834
30  LL 9413 1570
10  LL 9484 1675
19
50  LL 9603 888
20
50  LL 10306 826
30  LL 10375 1551
10  LL 11242 902
21
50  LL 3635 3275(Y) 897
30  LL 3972 901
10  LL 4066 892
22
50  LL 3815 3437(Y) 869
30  LL 3968 3575(Y) 870
10  LL 4233 3814(Y) 842
23
50  LL 4479 828
30  LL 4487 920
10  LL 4853 911
24
50  LL 4400 825
30  LL 4528 1557
10  LL 5054 896
25
50  LL 5285 903
30  LL 5309 877
10  LL 5778 872
26
50  LL 4640 4181(Y) 1570
30  LL 4969 1675
10  LL 4994 834
27
50  LL 2325 888
30  LL 2812 1802
10  LL 2838 876
28
50  LL 2506 826
30  LL 2579 1551
10  LL 2644 922
29
50  LL 3006 919
30  LL 3112 1552
10  LL 3668 832
30
50  LL 3266 1562
30  LL 3747 830
10  LL 3853 853
31
80  LL 14223 1206
32
80  LL 18313 1415
33
80  LL 9522 1559
34
80  LL 12447 1843
35
50  LL 3788 901
30  LL 3956 897
10  LL 4128 892
36
50  LL 3622 856
30  LL 3828 929
10  LL 3909 842
37
50  LL 4231 920
30  LL 4376 918
10  LL 4491 930
38
50  LL 4014 3617(Y) 896
30  LL 4316 825
10  LL 4781 885
39
50  LL 4140 903
30  LL 5206 877
10  LL 5212 872
40
50  LL 4225 1570
30  LL 4237 3818(Y) 855
10  LL 4275 834
41
50  LL 1997 888
30  LL 2234 876
10  LL 2352 912
42
50  LL 2093 826
30  LL 2171 1551
10  LL 2244 922
43
50  LL 2600 1568
30  LL 2712 2444(Y) 919
10  LL 2715 1552
44
50  LL 2572 1562
30  LL 2759 923
10  LL 2812 881
45
50  LL 2812 2534(Y) 873
30  LL 3772 926
10  LL 3803 858
46
50  LL 3778 880
30  LL 4306 840
10  LL 4329 847
47
50  LL 7159 897
30  LL 7308 822
10  LL 7406 892
48
50  LL 6663 856
30  LL 7541 869
10  LL 7585 929
49
50  LL 8072 930
30  LL 8406 918
10  LL 8425 828
50
50  LL 8056 885
30  LL 9406 916
10  LL 9415 1557
51
50  LL 10034 1556
30  LL 10528 1553
10  LL 12744 1571
52
50  LL 8276 7456(Y) 1675
30  LL 9028 855
10  LL 9309 891
53
50  LL 3812 876
30  LL 4388 1554
10  LL 4575 1802
54
50  LL 4275 1561
30  LL 4578 902
10  LL 4611 882
55
50  LL 4878 1552
30  LL 4895 4410(Y) 919
10  LL 4994 1568
56
50  LL 4691 1562
30  LL 5957 830
10  LL 6250 923
57
50  LL 3343 822
58
50  LL 3628 929
30  LL 4085 870
10  LL 5138 1565
59
50  LL 4403 828
30  LL 4559 918
10  LL 4931 835
60
50  LL 4691 885
30  LL 5132 916
10  LL 5591 827
61
50  LL 7315 1553
62
50  LL 4781 865
30  LL 4791 855
10  LL 5222 908
63
50  LL 3262 1560
64
50  LL 2335 922
30  LL 2395 902
10  LL 2701 837
65
66
50  LL 3078 830
30  LL 3209 883
67
80  LL 13806 1845
68
80  LL 13778 1847
SCORE:HC11,LL,0,5800,-580.0
