HC11-RSST
1
50  RSST 2750 205
30  RSST 2972 189
10  RSST 3222 166
2
50  RSST 3178 158
30  RSST 3297 157
10  RSST 3412 150
3
50  RSST 3352 207
30  RSST 3772 125
10  RSST 4916 1605
4
50  RSST 3153 183
30  RSST 3433 213
10  RSST 3478 136
5
50  RSST 3086 149
30  RSST 3437 3097(Y) 127
10  RSST 3818 1617
6
50  RSST 3332 159
30  RSST 3412 212
10  RSST 3574 3220(Y) 151
7
50  RSST 1709 1540(Y) 123
30  RSST 1919 211
10  RSST 2000 172
8
50  RSST 1876 1611
30  RSST 1906 152
10  RSST 1910 201
9
50  RSST 1897 126
30  RSST 1908 1719(Y) 122
10  RSST 2069 1614
10
50  RSST 1887 1700(Y) 191
30  RSST 2039 1837(Y) 164
10  RSST 2098 1606
11
50  RSST 3078 163
30  RSST 3600 147
10  RSST 3741 175
12
50  RSST 3979 1603
30  RSST 4169 117
10  RSST 5369 141
13
50  RSST 7643 205
30  RSST 7872 189
10  RSST 8556 166
14
50  RSST 7538 6791(Y) 158
30  RSST 7722 6957(Y) 157
10  RSST 9203 150
15
50  RSST 9219 207
30  RSST 9553 125
16
50  RSST 8346 7519(Y) 183
30  RSST 8824 193
10  RSST 8937 213
17
50  RSST 8047 7250(Y) 149
30  RSST 9497 127
10  RSST 10978 200
18
50  RSST 8500 159
30  RSST 8826 7952(Y) 146
10  RSST 9625 212
19
50  RSST 11315 123
30  RSST 12503 211
20
50  RSST 11315 201
30  RSST 11503 164
10  RSST 12418 131
21
50  RSST 3467 3124(Y) 189
30  RSST 3928 205
10  RSST 4559 209
22
50  RSST 4172 157
30  RSST 5380 150
23
50  RSST 4450 207
30  RSST 5157 125
10  RSST 8744 1605
24
50  RSST 4215 3798(Y) 183
30  RSST 4626 213
10  RSST 4843 193
25
50  RSST 4509 149
30  RSST 5297 127
10  RSST 5859 200
26
50  RSST 4500 159
30  RSST 4697 4232(Y) 151
10  RSST 4741 212
27
50  RSST 2521 2272(Y) 143
30  RSST 2565 123
10  RSST 3012 192
28
50  RSST 2360 2127(Y) 135
30  RSST 2575 131
10  RSST 2750 152
29
50  RSST 2887 122
30  RSST 3262 1614
10  RSST 3274 1601
30
50  RSST 2496 2249(Y) 145
30  RSST 2534 144
10  RSST 2761 2488(Y) 1606
31
80  RSST 13250 1437
32
80  RSST 16562 1984
33
80  RSST 9462 1571
34
80  RSST 10434 1690
35
50  RSST 4022 166
30  RSST 4425 209
36
50  RSST 3503 3156(Y) 158
30  RSST 3781 157
10  RSST 4181 150
37
50  RSST 4384 125
30  RSST 4531 207
10  RSST 7853 1605
38
50  RSST 3931 183
30  RSST 3940 213
10  RSST 4244 193
39
50  RSST 4107 3700(Y) 127
30  RSST 4254 149
10  RSST 4552 4101(Y) 200
40
50  RSST 4230 146
30  RSST 4314 3887(Y) 165
10  RSST 4340 3910(Y) 151
41
50  RSST 2185 123
30  RSST 2372 211
10  RSST 2731 143
42
50  RSST 2135 1924(Y) 201
30  RSST 2306 173
10  RSST 2337 2106(Y) 152
43
50  RSST 2403 126
30  RSST 2569 2315(Y) 1614
10  RSST 2664 2400(Y) 142
44
50  RSST 2365 2131(Y) 191
30  RSST 2414 2175(Y) 164
10  RSST 2473 2228(Y) 145
45
50  RSST 3250 2928(Y) 163
30  RSST 4058 179
10  RSST 4568 175
46
50  RSST 5100 117
30  RSST 5866 1603
10  RSST 6265 141
47
50  RSST 6619 205
30  RSST 6969 189
10  RSST 7166 166
48
50  RSST 6615 158
30  RSST 9075 190
49
50
50  RSST 7597 193
30  RSST 7844 136
10  RSST 8171 132
51
50  RSST 9609 1602
30  RSST 9632 1616
10  RSST 10075 181
52
50  RSST 7250 159
30  RSST 7894 7112(Y) 146
10  RSST 8239 7423(Y) 151
53
50  RSST 4259 211
30  RSST 4994 172
10  RSST 5156 143
54
50  RSST 4278 173
30  RSST 4413 201
10  RSST 4616 194
55
50  RSST 4418 126
30  RSST 4509 4063(Y) 122
10  RSST 4745 4275(Y) 1614
56
50  RSST 4471 4028(Y) 164
30  RSST 4529 4081(Y) 191
10  RSST 4697 1606
57
58
59
60
50  RSST 3781 129
30  RSST 4166 136
10  RSST 4591 128
61
50  RSST 6006 1602
30  RSST 6331 1617
62
50  RSST 4054 3653(Y) 146
30  RSST 4325 165
10  RSST 4597 184
63
50  RSST 2903 130
64
50  RSST 2284 131
30  RSST 2434 153
10  RSST 2447 194
65
50  RSST 2556 1601
30  RSST 2919 122
10  RSST 3037 126
66
50  RSST 2578 145
30  RSST 3036 124
10  RSST 3100 1606
67
80  RSST 15766 1577
68
80  RSST 14039 1993
SCORE:HC11,RSST,0,5600,-560.0
