HC14-RSST
skip 1314 org.jytek.leaguemanager.view.TmResult@3f4452a7skip 1314 org.jytek.leaguemanager.view.TmResult@119d27fskip 1314 org.jytek.leaguemanager.view.TmResult@10868ac6skip 1314 org.jytek.leaguemanager.view.TmResult@24eeeefaskip 1314 org.jytek.leaguemanager.view.TmResult@392241aaskip 1314 org.jytek.leaguemanager.view.TmResult@7667f6dbskip 1314 org.jytek.leaguemanager.view.TmResult@5213926b1
50  RSST 2672 365
30  HC14 2728 2458(Y) 830
10  HC14 2735 2464(Y) 865
2
50  HC14 3142 2831(Y) 847
30  RSST 3287 337
10  RSST 3337 291
3
50  RSST 2771 290
30  HC14 2895 2609(Y) 889
10  HC14 3029 2729(Y) 1575
4
50  RSST 3025 327
30  RSST 3078 298
10  HC14 3207 2890(Y) 845
5
50  HC14 2727 832
30  HC14 2918 2629(Y) 864
10  HC14 3004 2707(Y) 1716
6
50  RSST 3078 328
30  HC14 3288 2963(Y) 1574
10  RSST 3413 316
7
50  HC14 1596 1438(Y) 862
30  HC14 1668 826
10  RSST 1687 271
8
50  HC14 1592 1435(Y) 1560
30  RSST 1650 309
10  RSST 1653 300
9
50  HC14 1803 833
30  RSST 1837 320
10  RSST 2081 301
10
50  HC14 1878 852
30  RSST 1928 350
10  HC14 1982 1786(Y) 860
11
50  RSST 2163 366
30  RSST 2631 278
10  RSST 2685 265
12
50  HC14 2144 842
30  HC14 2433 2192(Y) 880
10  HC14 2604 853
13
50  HC14 6636 5979(Y) 830
30  HC14 6696 6033(Y) 865
10  RSST 7162 365
14
50  HC14 7567 6818(Y) 872
30  RSST 7735 297
10  HC14 8311 7488(Y) 1623
15
50  HC14 6788 6116(Y) 1717
30  RSST 7155 290
10  HC14 7657 6899(Y) 1575
16
50  RSST 7631 298
30  RSST 8089 327
10  HC14 8099 7297(Y) 856
17
50  HC14 6819 832
30  HC14 7530 6784(Y) 864
10  HC14 7915 7131(Y) 881
18
50  HC14 7296 6573(Y) 840
30  RSST 8248 277
10  RSST 8284 328
19
50  HC14 8686 7826(Y) 862
30  HC14 9376 863
10  HC14 10182 9173(Y) 855
20
50  RSST 8978 309
30  HC14 9004 8112(Y) 831
10  RSST 9291 321
21
50  HC14 3501 865
30  RSST 3550 365
10  HC14 3611 3254(Y) 830
22
50  HC14 3853 3472(Y) 872
30  RSST 4309 297
10  RSST 4416 337
23
50  HC14 3691 3326(Y) 1575
30  HC14 4509 889
10  HC14 4875 1565
24
50  RSST 3863 327
30  RSST 4300 298
10  HC14 4403 827
25
50  HC14 3811 832
30  HC14 4007 3610(Y) 1716
10  HC14 4401 3965(Y) 818
26
50  HC14 3928 840
30  RSST 4119 277
10  HC14 4525 1574
27
50  HC14 2279 2054(Y) 862
30  HC14 2329 2099(Y) 863
10  HC14 2353 826
28
50  RSST 2128 300
30  RSST 2175 285
10  HC14 2200 1982(Y) 831
29
50  RSST 2534 320
30  HC14 2919 833
10  RSST 3233 334
30
50  HC14 2666 2402(Y) 1561
30  HC14 2928 2638(Y) 852
10  RSST 3019 350
31
80  HC14 12848 11575(Y) 1064
40  RSST 13670 223
32
80  HC14 14143 12742(Y) 870
40  RSST 15294 1075
33
80  HC14 7878 7098(Y) 872
40  RSST 8238 476
34
80  HC14 9700 8739(Y) 874
40  RSST 10482 231
35
50  HC14 2988 865
30  HC14 3184 2869(Y) 1624
10  HC14 3263 2940(Y) 857
36
50  HC14 3637 872
30  RSST 3688 297
10  HC14 3700 3334(Y) 847
37
50  HC14 3176 2862(Y) 1717
30  HC14 3450 3109(Y) 889
10  RSST 3991 1404
38
50  HC14 3694 845
30  RSST 3722 298
10  HC14 3788 3413(Y) 856
39
50  HC14 3431 3091(Y) 1716
30  HC14 3465 3122(Y) 864
10  HC14 3536 3186(Y) 818
40
50  HC14 3735 840
30  RSST 3753 316
10  HC14 3892 839
41
50  HC14 1946 1754(Y) 862
30  RSST 2028 271
10  HC14 2053 863
42
50  HC14 1871 1686(Y) 1560
30  RSST 1973 309
10  HC14 1990 1793(Y) 831
43
50  RSST 2211 320
30  HC14 2437 2196(Y) 833
10  HC14 2545 2293(Y) 854
44
50  HC14 2305 852
30  HC14 2339 2108(Y) 860
10  RSST 2373 350
45
50  RSST 2572 366
30  RSST 3082 278
10  RSST 3453 265
46
50  HC14 2556 842
30  HC14 2707 2439(Y) 853
10  HC14 2967 1562
47
50  HC14 5805 5230(Y) 830
30  RSST 5976 365
10  HC14 5997 5403(Y) 857
48
50  HC14 6836 6159(Y) 872
30  RSST 6945 297
10  HC14 7057 6358(Y) 1623
49
50  RSST 6137 290
30  HC14 6728 6062(Y) 889
10  HC14 6759 6090(Y) 1575
50
50  HC14 6989 6297(Y) 856
30  RSST 7030 327
10  HC14 7134 845
51
50  HC14 5991 5398(Y) 832
30  HC14 6604 864
10  HC14 6615 5960(Y) 881
52
50  HC14 6303 5679(Y) 840
30  RSST 7056 328
10  RSST 7387 277
53
50  HC14 3707 863
30  HC14 3765 826
10  RSST 3828 271
54
50  RSST 3531 309
30  HC14 3597 1560
10  RSST 3656 321
55
50  HC14 4099 3693(Y) 833
30  RSST 4493 320
10  RSST 5003 301
56
50  HC14 4227 852
30  RSST 4250 350
10  HC14 4425 3987(Y) 860
57
50  HC14 2959 2666(Y) 1624
30  HC14 3427 3088(Y) 1571
10  HC14 3474 3130(Y) 844
58
50  RSST 3768 348
30  HC14 3782 3408(Y) 1623
10  RSST 3825 337
59
50  HC14 2895 2609(Y) 1717
30  RSST 3050 290
10  HC14 4005 1565
60
50  HC14 3545 3194(Y) 856
30  RSST 3718 286
10  HC14 3822 3444(Y) 845
61
50  HC14 3452 3110(Y) 1716
30  HC14 3591 3236(Y) 881
10  HC14 3701 3335(Y) 1572
62
50  RSST 3578 316
30  RSST 3606 328
10  RSST 3644 277
63
50  RSST 2015 267
30  RSST 2140 1390
10  HC14 2152 1939(Y) 855
64
50  HC14 1726 1555(Y) 1560
30  HC14 1807 1628(Y) 831
10  RSST 1891 321
65
50  RSST 2962 366
30  RSST 2978 302
66
50  HC14 2372 842
30  HC14 2572 2318(Y) 860
10  HC14 2979 2684(Y) 825
67
80  HC14 11999 10810(Y) 876
40  RSST 14746 482
68
80  HC14 13886 12510(Y) 879
40  RSST 14109 1084
SCORE:HC14,RSST,3970,2320,165.0
