HC14-WKW
skip 1314 org.jytek.leaguemanager.view.TmResult@3f4452a7skip 1314 org.jytek.leaguemanager.view.TmResult@119d27fskip 1314 org.jytek.leaguemanager.view.TmResult@10868ac6skip 1314 org.jytek.leaguemanager.view.TmResult@24eeeefaskip 1314 org.jytek.leaguemanager.view.TmResult@392241aaskip 1314 org.jytek.leaguemanager.view.TmResult@7667f6dbskip 1314 org.jytek.leaguemanager.view.TmResult@5213926b1
50  HC14 2728 2458(Y) 830
30  HC14 2735 2464(Y) 865
10  HC14 2752 2480(Y) 1624
2
50  WKW 2992 1161
30  HC14 3142 2831(Y) 847
10  HC14 3338 1623
3
50  WKW 2600 1125
30  HC14 2895 2609(Y) 889
10  HC14 3029 2729(Y) 1575
4
50  HC14 3207 2890(Y) 845
30  WKW 3276 1154
10  WKW 3291 1152
5
50  HC14 2727 832
30  HC14 2918 2629(Y) 864
10  HC14 3004 2707(Y) 1716
6
50  HC14 3288 2963(Y) 1574
30  WKW 3369 1578
10  HC14 3540 834
7
50  HC14 1596 1438(Y) 862
30  WKW 1616 1153
10  HC14 1668 826
8
50  HC14 1592 1435(Y) 1560
30  HC14 1735 831
10  HC14 1740 850
9
50  WKW 1695 1106
30  HC14 1803 833
10  WKW 2002 1145
10
50  WKW 1828 1120
30  WKW 1833 1109
10  HC14 1878 852
11
50  WKW 2980 1115
30  HC14 3055 2753(Y) 878
10  WKW 4123 1139
12
50  HC14 2144 842
30  HC14 2433 2192(Y) 880
10  HC14 2604 853
13
50  HC14 6636 5979(Y) 830
30  HC14 6696 6033(Y) 865
10  HC14 7223 6508(Y) 857
14
50  WKW 7299 1598
30  HC14 7567 6818(Y) 872
10  WKW 7770 1161
15
50  WKW 6420 1125
30  HC14 6788 6116(Y) 1717
10  HC14 7657 6899(Y) 1575
16
50  HC14 8099 7297(Y) 856
30  HC14 8340 845
10  WKW 8538 1152
17
50  HC14 6819 832
30  HC14 7530 6784(Y) 864
10  HC14 7915 7131(Y) 881
18
50  HC14 7296 6573(Y) 840
30  WKW 8305 1578
10  HC14 8420 7586(Y) 1574
19
50  HC14 8686 7826(Y) 862
30  HC14 9376 863
10  HC14 10182 9173(Y) 855
20
50  HC14 9004 8112(Y) 831
30  WKW 11122 1131
10  HC14 11499 10360(Y) 866
21
50  WKW 3487 1576
30  HC14 3501 865
10  HC14 3611 3254(Y) 830
22
50  HC14 3853 3472(Y) 872
30  HC14 4567 4115(Y) 847
10  HC14 4836 4357(Y) 1563
23
50  WKW 3622 1125
30  HC14 3691 3326(Y) 1575
10  HC14 4509 889
24
50  WKW 4136 1597
30  WKW 4226 1152
10  HC14 4403 827
25
50  HC14 3811 832
30  HC14 4007 3610(Y) 1716
10  HC14 4401 3965(Y) 818
26
50  HC14 3928 840
30  HC14 4525 1574
10  HC14 4754 4283(Y) 877
27
50  HC14 2279 2054(Y) 862
30  HC14 2329 2099(Y) 863
10  HC14 2353 826
28
50  HC14 2200 1982(Y) 831
30  HC14 2264 2040(Y) 1560
10  HC14 2415 1619
29
50  HC14 2919 833
30  WKW 3627 1145
10  WKW 3674 1106
30
50  WKW 2567 1109
30  HC14 2666 2402(Y) 1561
10  WKW 2677 1120
31
80  HC14 12848 11575(Y) 1064
40  WKW 13241 371
32
80  HC14 14143 12742(Y) 870
40  WKW 17944 373
33
80  HC14 7878 7098(Y) 872
40  WKW 9522 1026
34
80  WKW 9372 1201
40  HC14 9700 8739(Y) 874
35
50  HC14 2988 865
30  HC14 3184 2869(Y) 1624
10  HC14 3263 2940(Y) 857
36
50  WKW 3432 1161
30  HC14 3637 872
10  HC14 3700 3334(Y) 847
37
50  WKW 3037 1125
30  HC14 3176 2862(Y) 1717
10  HC14 3450 3109(Y) 889
38
50  HC14 3694 845
30  HC14 3788 3413(Y) 856
10  WKW 3863 1589
39
50  HC14 3431 3091(Y) 1716
30  HC14 3465 3122(Y) 864
10  HC14 3536 3186(Y) 818
40
50  HC14 3735 840
30  HC14 3892 839
10  HC14 4268 1574
41
50  HC14 1946 1754(Y) 862
30  HC14 2053 863
10  HC14 2118 855
42
50  HC14 1871 1686(Y) 1560
30  HC14 1990 1793(Y) 831
10  HC14 2115 850
43
50  HC14 2437 2196(Y) 833
30  HC14 2545 2293(Y) 854
10  WKW 2632 1145
44
50  WKW 2083 1120
30  WKW 2302 1109
10  HC14 2305 852
45
50  HC14 3609 3252(Y) 878
30  WKW 3746 1115
10  WKW 5431 1139
46
50  HC14 2556 842
30  HC14 2707 2439(Y) 853
10  HC14 2967 1562
47
50  HC14 5805 5230(Y) 830
30  HC14 5997 5403(Y) 857
10  HC14 6001 1624
48
50  WKW 6438 1598
30  WKW 6598 1161
10  HC14 6836 6159(Y) 872
49
50  HC14 6728 6062(Y) 889
30  HC14 6759 6090(Y) 1575
10  HC14 7842 7065(Y) 1565
50
50  HC14 6989 6297(Y) 856
30  HC14 7134 845
10  WKW 7340 1154
51
50  HC14 5991 5398(Y) 832
30  HC14 6604 864
10  HC14 6615 5960(Y) 881
52
50  HC14 6303 5679(Y) 840
30  HC14 8043 7246(Y) 834
10  HC14 8137 7331(Y) 848
53
50  WKW 3684 1153
30  HC14 3707 863
10  WKW 3740 1164
54
50  HC14 3597 1560
30  HC14 4054 850
10  HC14 4119 866
55
50  WKW 3831 1106
30  HC14 4099 3693(Y) 833
10  WKW 4846 1145
56
50  WKW 4038 1109
30  HC14 4227 852
10  HC14 4425 3987(Y) 860
57
50  HC14 2959 2666(Y) 1624
30  HC14 3427 3088(Y) 1571
10  HC14 3474 3130(Y) 844
58
50  WKW 3231 1598
30  WKW 3669 1126
10  HC14 3782 3408(Y) 1623
59
50  HC14 2895 2609(Y) 1717
30  HC14 4005 1565
10  WKW 5495 1121
60
50  HC14 3545 3194(Y) 856
30  WKW 3621 1674
10  WKW 3786 1119
61
50  HC14 3452 3110(Y) 1716
30  HC14 3591 3236(Y) 881
10  HC14 3701 3335(Y) 1572
62
50  WKW 3634 1578
30  HC14 4250 3829(Y) 834
10  HC14 4928 4440(Y) 885
63
50  WKW 1878 1153
30  HC14 2152 1939(Y) 855
10  HC14 2197 884
64
50  HC14 2067 1863(Y) 850
30  HC14 2131 1920(Y) 875
10  WKW 2227 1131
65
50  WKW 2209 1106
66
50  WKW 2019 1120
30  HC14 2170 852
10  HC14 2372 842
67
80  HC14 11999 10810(Y) 876
40  WKW 13293 1029
68
80  HC14 13886 12510(Y) 879
40  WKW 15286 1204
SCORE:HC14,WKW,4280,1980,230.0
