HC14-RMR
skip 1314 org.jytek.leaguemanager.view.TmResult@3f4452a7skip 1314 org.jytek.leaguemanager.view.TmResult@119d27fskip 1314 org.jytek.leaguemanager.view.TmResult@10868ac6skip 1314 org.jytek.leaguemanager.view.TmResult@24eeeefaskip 1314 org.jytek.leaguemanager.view.TmResult@392241aaskip 1314 org.jytek.leaguemanager.view.TmResult@7667f6dbskip 1314 org.jytek.leaguemanager.view.TmResult@5213926b1
50  RMR 2713 86
30  HC14 2728 2458(Y) 830
10  HC14 2735 2464(Y) 865
2
50  HC14 3142 2831(Y) 847
30  RMR 3235 144
10  RMR 3246 136
3
50  HC14 2895 2609(Y) 889
30  RMR 2923 145
10  HC14 3029 2729(Y) 1575
4
50  RMR 3095 130
30  RMR 3158 1507
10  HC14 3207 2890(Y) 845
5
50  HC14 2727 832
30  HC14 2918 2629(Y) 864
10  HC14 3004 2707(Y) 1716
6
50  HC14 3288 2963(Y) 1574
30  RMR 3423 110
10  HC14 3540 834
7
50  HC14 1596 1438(Y) 862
30  HC14 1668 826
10  HC14 1697 863
8
50  HC14 1592 1435(Y) 1560
30  HC14 1735 831
10  HC14 1740 850
9
50  HC14 1803 833
30  RMR 2075 168
10  HC14 2164 1950(Y) 854
10
50  HC14 1878 852
30  HC14 1982 1786(Y) 860
10  RMR 2129 89
11
50  RMR 3050 94
30  HC14 3055 2753(Y) 878
10  RMR 3201 1499
12
50  HC14 2144 842
30  HC14 2433 2192(Y) 880
10  HC14 2604 853
13
50  HC14 6636 5979(Y) 830
30  HC14 6696 6033(Y) 865
10  RMR 7072 84
14
50  HC14 7567 6818(Y) 872
30  HC14 8311 7488(Y) 1623
10  RMR 8387 155
15
50  HC14 6788 6116(Y) 1717
30  HC14 7657 6899(Y) 1575
10  RMR 8021 145
16
50  RMR 7594 130
30  RMR 8091 1507
10  HC14 8099 7297(Y) 856
17
50  HC14 6819 832
30  HC14 7530 6784(Y) 864
10  HC14 7915 7131(Y) 881
18
50  HC14 7296 6573(Y) 840
30  HC14 8420 7586(Y) 1574
10  HC14 9003 834
19
50  HC14 8686 7826(Y) 862
30  HC14 9376 863
10  HC14 10182 9173(Y) 855
20
50  HC14 9004 8112(Y) 831
30  RMR 9682 132
10  HC14 11499 10360(Y) 866
21
50  HC14 3501 865
30  HC14 3611 3254(Y) 830
10  RMR 3739 86
22
50  HC14 3853 3472(Y) 872
30  RMR 4414 79
10  HC14 4567 4115(Y) 847
23
50  HC14 3691 3326(Y) 1575
30  RMR 3769 145
10  RMR 3894 78
24
50  RMR 3828 130
30  HC14 4403 827
10  HC14 4577 4124(Y) 856
25
50  HC14 3811 832
30  HC14 4007 3610(Y) 1716
10  RMR 4207 137
26
50  HC14 3928 840
30  HC14 4525 1574
10  RMR 4632 100
27
50  HC14 2279 2054(Y) 862
30  HC14 2329 2099(Y) 863
10  HC14 2353 826
28
50  HC14 2200 1982(Y) 831
30  HC14 2264 2040(Y) 1560
10  HC14 2415 1619
29
50  HC14 2919 833
30  RMR 3275 153
10  HC14 3692 3327(Y) 1569
30
50  HC14 2666 2402(Y) 1561
30  HC14 2928 2638(Y) 852
10  HC14 3076 2772(Y) 825
31
80  HC14 12848 11575(Y) 1064
40  RMR 13797 291
32
80  HC14 14143 12742(Y) 870
40  RMR 16641 574
33
80  HC14 7878 7098(Y) 872
40  RMR 9451 1092
34
80  HC14 9700 8739(Y) 874
40  RMR 11272 960
35
50  HC14 2988 865
30  HC14 3184 2869(Y) 1624
10  HC14 3263 2940(Y) 857
36
50  RMR 3546 1497
30  HC14 3637 872
10  HC14 3700 3334(Y) 847
37
50  HC14 3176 2862(Y) 1717
30  HC14 3450 3109(Y) 889
10  RMR 3491 126
38
50  RMR 3606 1507
30  HC14 3694 845
10  RMR 3759 130
39
50  HC14 3431 3091(Y) 1716
30  HC14 3465 3122(Y) 864
10  HC14 3536 3186(Y) 818
40
50  HC14 3735 840
30  HC14 3892 839
10  RMR 4027 110
41
50  HC14 1946 1754(Y) 862
30  HC14 2053 863
10  HC14 2118 855
42
50  HC14 1871 1686(Y) 1560
30  HC14 1990 1793(Y) 831
10  RMR 2081 132
43
50  HC14 2437 2196(Y) 833
30  HC14 2545 2293(Y) 854
10  RMR 2562 168
44
50  HC14 2305 852
30  HC14 2339 2108(Y) 860
10  HC14 2393 2156(Y) 1561
45
50  RMR 3431 94
30  HC14 3609 3252(Y) 878
10  RMR 3787 1499
46
50  HC14 2556 842
30  HC14 2707 2439(Y) 853
10  HC14 2967 1562
47
50  HC14 5805 5230(Y) 830
30  HC14 5997 5403(Y) 857
10  HC14 6001 1624
48
50  HC14 6836 6159(Y) 872
30  RMR 6956 155
10  RMR 6960 1497
49
50  HC14 6728 6062(Y) 889
30  RMR 6756 145
10  HC14 6759 6090(Y) 1575
50
50  HC14 6989 6297(Y) 856
30  RMR 7033 1507
10  HC14 7134 845
51
50  HC14 5991 5398(Y) 832
30  HC14 6604 864
10  HC14 6615 5960(Y) 881
52
50  HC14 6303 5679(Y) 840
30  RMR 7888 110
10  HC14 8043 7246(Y) 834
53
50  HC14 3765 826
30  HC14 3938 3548(Y) 1573
10  HC14 3994 855
54
50  HC14 3597 1560
30  RMR 3907 132
10  HC14 4054 850
55
50  HC14 4099 3693(Y) 833
30  RMR 4917 168
10  HC14 5612 5056(Y) 854
56
50  HC14 4227 852
30  HC14 4425 3987(Y) 860
10  RMR 4891 89
57
50  HC14 2959 2666(Y) 1624
30  RMR 3156 86
10  RMR 3322 84
58
50  RMR 3644 1497
30  RMR 3741 161
10  HC14 3782 3408(Y) 1623
59
50  HC14 2895 2609(Y) 1717
30  HC14 3359 889
10  RMR 3484 111
60
50  HC14 3545 3194(Y) 856
30  HC14 3822 3444(Y) 845
10  HC14 4322 3894(Y) 888
61
50  HC14 3452 3110(Y) 1716
30  RMR 3540 137
10  HC14 3591 3236(Y) 881
62
50  HC14 3649 3288(Y) 1574
30  HC14 4250 3829(Y) 834
10  RMR 4762 100
63
50  RMR 2070 138
30  HC14 2152 1939(Y) 855
10  HC14 2197 884
64
50  RMR 1893 132
30  HC14 2067 1863(Y) 850
10  HC14 2131 1920(Y) 875
65
50  RMR 2645 1494
66
50  HC14 2372 842
30  HC14 2572 2318(Y) 860
10  HC14 2979 2684(Y) 825
67
80  HC14 11999 10810(Y) 876
40  RMR 13279 1096
68
80  HC14 13886 12510(Y) 879
40  RMR 14225 1099
SCORE:HC14,RMR,4640,1620,302.0
