HC14-FCY
skip 1314 org.jytek.leaguemanager.view.TmResult@3f4452a7skip 1314 org.jytek.leaguemanager.view.TmResult@119d27fskip 1314 org.jytek.leaguemanager.view.TmResult@10868ac6skip 1314 org.jytek.leaguemanager.view.TmResult@24eeeefaskip 1314 org.jytek.leaguemanager.view.TmResult@392241aaskip 1314 org.jytek.leaguemanager.view.TmResult@7667f6dbskip 1314 org.jytek.leaguemanager.view.TmResult@5213926b1
50  FCY 2548 1240
30  FCY 2627 1234
10  HC14 2728 2458(Y) 830
2
50  FCY 3027 1358
30  FCY 3093 1243
10  FCY 3110 1184
3
50  FCY 2793 1259
30  FCY 2852 1354
10  HC14 2895 2609(Y) 889
4
50  HC14 3207 2890(Y) 845
30  FCY 3296 1232
10  HC14 3345 856
5
50  HC14 2727 832
30  HC14 2918 2629(Y) 864
10  FCY 2998 1672
6
50  FCY 3019 1172
30  FCY 3278 2954(Y) 1241
10  FCY 3285 1256
7
50  HC14 1596 1438(Y) 862
30  FCY 1617 1262
10  HC14 1668 826
8
50  HC14 1592 1435(Y) 1560
30  FCY 1725 1267
10  HC14 1735 831
9
50  FCY 1716 1193
30  HC14 1803 833
10  FCY 1835 1190
10
50  HC14 1878 852
30  HC14 1982 1786(Y) 860
10  FCY 2237 1187
11
50  FCY 2953 1169
30  HC14 3055 2753(Y) 878
10  FCY 3211 1237
12
50  HC14 2144 842
30  HC14 2433 2192(Y) 880
10  HC14 2604 853
13
50  FCY 6209 1234
30  FCY 6497 1240
10  HC14 6636 5979(Y) 830
14
50  FCY 7427 1358
30  HC14 7567 6818(Y) 872
10  FCY 7740 6973(Y) 1254
15
50  HC14 6788 6116(Y) 1717
30  FCY 7092 1259
10  FCY 7112 1223
16
50  HC14 8099 7297(Y) 856
30  HC14 8340 845
10  FCY 8538 7692(Y) 1258
17
50  HC14 6819 832
30  FCY 7509 1672
10  HC14 7530 6784(Y) 864
18
50  HC14 7296 6573(Y) 840
30  FCY 7737 1172
10  FCY 8341 7515(Y) 1241
19
50  HC14 8686 7826(Y) 862
30  HC14 9376 863
10  FCY 9390 1262
20
50  HC14 9004 8112(Y) 831
30  FCY 10138 9134(Y) 1267
10  FCY 10266 9249(Y) 1173
21
50  FCY 3375 1234
30  HC14 3501 865
10  HC14 3611 3254(Y) 830
22
50  HC14 3853 3472(Y) 872
30  FCY 3878 1171
10  FCY 4072 1184
23
50  FCY 3671 1223
30  HC14 3691 3326(Y) 1575
10  FCY 4129 3720(Y) 1259
24
50  FCY 4277 1258
30  FCY 4356 3925(Y) 1232
10  HC14 4403 827
25
50  HC14 3811 832
30  HC14 4007 3610(Y) 1716
10  FCY 4109 1672
26
50  HC14 3928 840
30  FCY 4483 4039(Y) 1172
10  FCY 4506 1188
27
50  HC14 2279 2054(Y) 862
30  HC14 2329 2099(Y) 863
10  HC14 2353 826
28
50  HC14 2200 1982(Y) 831
30  HC14 2264 2040(Y) 1560
10  FCY 2379 1173
29
50  FCY 2532 1193
30  HC14 2919 833
10  FCY 2931 1190
30
50  HC14 2666 2402(Y) 1561
30  HC14 2928 2638(Y) 852
10  HC14 3076 2772(Y) 825
31
80  FCY 12406 903
40  HC14 12848 11575(Y) 1064
32
80  HC14 14143 12742(Y) 870
40  FCY 14630 906
33
80  HC14 7878 7098(Y) 872
40  FCY 8720 909
34
80  HC14 9700 8739(Y) 874
40  FCY 10379 514
35
50  FCY 2847 1234
30  HC14 2988 865
10  FCY 3091 1240
36
50  FCY 3309 1358
30  FCY 3576 3222(Y) 1227
10  HC14 3637 872
37
50  HC14 3176 2862(Y) 1717
30  FCY 3204 2887(Y) 1259
10  FCY 3277 1354
38
50  HC14 3694 845
30  HC14 3788 3413(Y) 856
10  FCY 3825 1258
39
50  FCY 3419 1672
30  HC14 3431 3091(Y) 1716
10  HC14 3465 3122(Y) 864
40
50  HC14 3735 840
30  FCY 3739 1172
10  HC14 3892 839
41
50  HC14 1946 1754(Y) 862
30  HC14 2053 863
10  HC14 2118 855
42
50  HC14 1871 1686(Y) 1560
30  HC14 1990 1793(Y) 831
10  FCY 2075 1170
43
50  FCY 2049 1193
30  FCY 2155 1190
10  HC14 2437 2196(Y) 833
44
50  HC14 2305 852
30  HC14 2339 2108(Y) 860
10  HC14 2393 2156(Y) 1561
45
50  HC14 3609 3252(Y) 878
30  FCY 3634 1237
10  FCY 3764 1169
46
50  HC14 2556 842
30  HC14 2707 2439(Y) 853
10  HC14 2967 1562
47
50  FCY 5419 1240
30  HC14 5805 5230(Y) 830
10  HC14 5997 5403(Y) 857
48
50  FCY 6599 1358
30  FCY 6725 1254
10  FCY 6737 6070(Y) 1184
49
50  FCY 6400 1168
30  FCY 6439 5801(Y) 1253
10  FCY 6510 5865(Y) 1223
50
50  HC14 6989 6297(Y) 856
30  HC14 7134 845
10  FCY 7375 1232
51
50  HC14 5991 5398(Y) 832
30  HC14 6604 864
10  HC14 6615 5960(Y) 881
52
50  HC14 6303 5679(Y) 840
30  FCY 7144 1241
10  FCY 7463 1167
53
50  FCY 3680 1262
30  HC14 3707 863
10  HC14 3765 826
54
50  HC14 3597 1560
30  FCY 3878 3494(Y) 1267
10  HC14 4054 850
55
50  FCY 4024 1193
30  FCY 4068 1190
10  HC14 4099 3693(Y) 833
56
50  HC14 4227 852
30  HC14 4425 3987(Y) 860
10  HC14 4928 4440(Y) 1561
57
50  HC14 2959 2666(Y) 1624
30  HC14 2970 2676(Y) 865
10  FCY 3153 1268
58
50  FCY 3198 1254
30  HC14 3358 3026(Y) 872
10  FCY 3474 3130(Y) 1184
59
50  HC14 2895 2609(Y) 1717
30  FCY 3188 1223
10  FCY 3269 1253
60
50  FCY 3987 3592(Y) 1258
30  FCY 4147 1232
10  FCY 4178 3764(Y) 1263
61
50  HC14 3452 3110(Y) 1716
30  HC14 3591 3236(Y) 881
10  HC14 3701 3335(Y) 1572
62
50  FCY 3449 3108(Y) 1241
30  HC14 3649 3288(Y) 1574
10  FCY 3806 1217
63
50  FCY 1804 1262
30  FCY 2050 1181
10  HC14 2152 1939(Y) 855
64
50  FCY 1939 1267
30  HC14 2067 1863(Y) 850
10  HC14 2131 1920(Y) 875
65
50  FCY 3661 1213
30  FCY 3741 3371(Y) 1265
10  FCY 3883 3499(Y) 1266
66
50  HC14 2372 842
30  HC14 2572 2318(Y) 860
10  HC14 2979 2684(Y) 825
67
80  HC14 11999 10810(Y) 876
40  FCY 12321 1173
68
80  HC14 13886 12510(Y) 879
40  FCY 14202 12795(Y) 397
SCORE:HC14,FCY,3470,2830,64.0
