HC15-LL
1
50  HC15 2559 2306(Y) 1736
30  HC15 2632 2372(Y) 1378
10  HC15 2695 2428(Y) 11
2
50  HC15 3116 2808(Y) 1599
30  LL 3267 986
10  HC15 3418 3080(Y) 26
3
50  HC15 2629 2369(Y) 1380
30  HC15 2915 2627(Y) 38
10  HC15 2918 2629(Y) 1374
4
50  HC15 3081 2776(Y) 1387
30  HC15 3225 53
10  HC15 3240 31
5
50  HC15 3653 3291(Y) 57
30  LL 3807 999
10  HC15 3821 3443(Y) 30
6
50  HC15 2989 2693(Y) 54
30  HC15 3263 2940(Y) 15
10  HC15 3403 3066(Y) 25
7
50  HC15 1409 1270(Y) 7
30  LL 1638 1077
10  HC15 1683 1517(Y) 14
8
50  HC15 1490 1343(Y) 1379
30  LL 1630 1469(Y) 1452
10  HC15 1686 1519(Y) 10
9
50  LL 1843 1661(Y) 1089
30  HC15 1999 55
10  HC15 2097 1890(Y) 62
10
50  LL 1877 1691(Y) 1455
30  HC15 1942 1750(Y) 6
10  HC15 2021 1821(Y) 20
11
50  HC15 2257 2034(Y) 36
30  LL 3289 1035
10  HC15 3403 3066(Y) 1392
12
50  LL 2874 2590(Y) 992
30  LL 3090 980
10  LL 3319 1026
13
50  HC15 6506 5862(Y) 1736
30  HC15 6566 5916(Y) 39
10  HC15 6876 6195(Y) 11
14
50  LL 8350 986
30  HC15 8550 7703(Y) 1599
10  LL 9194 1701
15
50  HC15 6566 5916(Y) 1380
30  HC15 7210 6496(Y) 1374
10  HC15 7429 6693(Y) 38
16
50  HC15 8023 7228(Y) 31
30  HC15 8160 7352(Y) 53
10  LL 8313 1451
17
50  HC15 10173 9165(Y) 30
30  HC15 10225 9212(Y) 57
10  LL 11240 999
18
50  HC15 7254 6536(Y) 54
30  HC15 8553 15
10  HC15 9153 8246(Y) 25
19
50  HC15 8041 7245(Y) 7
30  HC15 10822 9750(Y) 1739
10  LL 11706 1077
20
50  HC15 8422 7588(Y) 1379
30  LL 9559 1452
10  LL 10225 9212(Y) 1032
21
50  HC15 3365 3032(Y) 39
30  HC15 3368 3035(Y) 11
10  HC15 3628 3269(Y) 12
22
50  LL 4466 986
30  HC15 4703 4237(Y) 26
10  LL 5462 1073
23
50  HC15 3522 3173(Y) 1380
30  HC15 4107 3700(Y) 56
10  HC15 4376 3943(Y) 1394
24
50  LL 4466 1451
30  LL 4634 1443
10  LL 4672 1023
25
50  LL 4697 4232(Y) 999
30  HC15 5181 4668(Y) 57
10  HC15 5385 4852(Y) 1740
26
50  HC15 3885 3500(Y) 54
30  HC15 4666 4204(Y) 25
10  LL 4738 4269(Y) 1072
27
50  HC15 1789 1612(Y) 7
30  LL 2793 1077
10  LL 2847 1071
28
50  HC15 2001 1803(Y) 1379
30  LL 2222 1452
10  HC15 2249 2027(Y) 1381
29
50  HC15 2289 2063(Y) 55
30  LL 2606 2348(Y) 1089
10  LL 2769 2495(Y) 1070
30
50  HC15 2601 2344(Y) 6
30  LL 2775 1455
10  HC15 2784 2509(Y) 1382
31
80  HC15 13175 11870(Y) 794
40  LL 14739 649
32
80  HC15 15603 14057(Y) 859
40  LL 17794 553
33
80  HC15 7513 6769(Y) 861
40  LL 8584 654
34
80  HC15 10031 9037(Y) 802
40  LL 11114 657
35
50  HC15 2951 2659(Y) 39
30  HC15 3021 2722(Y) 1378
10  HC15 3166 2853(Y) 32
36
50  HC15 3755 3383(Y) 1599
30  LL 3860 986
10  HC15 4302 3876(Y) 26
37
50  HC15 3215 2897(Y) 38
30  HC15 3256 2934(Y) 1374
10  HC15 3344 3013(Y) 1380
38
50  LL 3684 1451
30  HC15 3756 3384(Y) 53
10  HC15 3790 3415(Y) 31
39
50  HC15 4517 4070(Y) 30
30  HC15 4932 4444(Y) 57
10  HC15 5096 4591(Y) 44
40
50  HC15 3466 3123(Y) 54
30  HC15 3994 3599(Y) 15
10  HC15 4203 3787(Y) 25
41
50  HC15 1848 1665(Y) 7
30  HC15 2064 1860(Y) 14
10  LL 2328 1063
42
50  LL 1881 1695(Y) 1452
30  HC15 1893 1706(Y) 1379
10  HC15 2061 1857(Y) 10
43
50  HC15 2373 2138(Y) 55
30  LL 2433 1089
10  LL 2670 1096
44
50  LL 2298 2071(Y) 1455
30  HC15 2453 20
10  HC15 2458 2215(Y) 1382
45
50  HC15 2681 2416(Y) 36
30  HC15 3737 3367(Y) 1392
10  LL 4192 1048
46
50  LL 3039 2738(Y) 980
30  LL 3663 1026
10  LL 4108 984
47
50  HC15 5757 5187(Y) 1378
30  HC15 5793 5219(Y) 39
10  HC15 5921 5335(Y) 11
48
50  HC15 7368 6638(Y) 1599
30  HC15 8528 7683(Y) 26
10  LL 8841 1073
49
50  HC15 6433 5796(Y) 38
30  HC15 6483 5841(Y) 1374
10  HC15 6655 5996(Y) 1394
50
50  HC15 6971 6281(Y) 31
30  HC15 7080 6379(Y) 53
10  LL 7112 6408(Y) 1458
51
50  HC15 9220 8307(Y) 30
30  HC15 9236 8321(Y) 27
10  LL 9569 999
52
50  HC15 7168 6458(Y) 15
30  HC15 8439 7603(Y) 18
10  LL 8644 1000
53
50  HC15 3729 3360(Y) 14
30  LL 3869 1077
10  LL 4159 3747(Y) 1063
54
50  LL 3782 1032
30  HC15 3828 3449(Y) 29
10  HC15 3876 3492(Y) 10
55
50  LL 4181 3767(Y) 1089
30  HC15 4215 3798(Y) 55
10  HC15 4886 4402(Y) 62
56
50  LL 4291 3866(Y) 1455
30  HC15 4446 4006(Y) 6
10  HC15 4598 4143(Y) 20
57
50  HC15 2726 2456(Y) 1378
30  HC15 2767 2493(Y) 1736
10  HC15 3059 2756(Y) 32
58
50  LL 4656 1073
30  LL 4778 1059
10  HC15 6009 5414(Y) 33
59
50  HC15 3374 3040(Y) 56
30  HC15 3670 3307(Y) 1394
10  LL 3726 1015
60
50  LL 3707 1451
30  HC15 3842 23
10  LL 3880 1443
61
50  HC15 4999 4504(Y) 1740
30  HC15 5362 4831(Y) 48
10  HC15 6194 5581(Y) 34
62
50  HC15 4489 4045(Y) 40
30  LL 4506 1029
10  HC15 4526 4078(Y) 1388
63
50  HC15 1833 1652(Y) 14
30  LL 2485 1063
10  HC15 2673 2409(Y) 50
64
50  LL 1952 1032
30  LL 2021 1821(Y) 1052
10  HC15 2053 1850(Y) 29
65
50  LL 3380 976
66
50  HC15 2185 1969(Y) 20
30  HC15 2323 2093(Y) 6
10  HC15 2701 2434(Y) 1382
67
80  HC15 13100 11802(Y) 865
40  LL 14244 12833(Y) 1022
68
80  LL 13831 12461(Y) 1023
40  HC15 14370 12946(Y) 805
SCORE:HC15,LL,4260,2000,226.0
