HC15-RMR
1
50  HC15 2559 2306(Y) 1736
30  HC15 2632 2372(Y) 1378
10  HC15 2695 2428(Y) 11
2
50  HC15 3116 2808(Y) 1599
30  RMR 3212 1302
10  RMR 3299 1338
3
50  HC15 2629 2369(Y) 1380
30  HC15 2915 2627(Y) 38
10  HC15 2918 2629(Y) 1374
4
50  HC15 3081 2776(Y) 1387
30  RMR 3139 2828(Y) 1469
10  HC15 3225 53
5
50  RMR 2941 2650(Y) 1301
30  HC15 3653 3291(Y) 57
10  HC15 3821 3443(Y) 30
6
50  HC15 2989 2693(Y) 54
30  HC15 3263 2940(Y) 15
10  RMR 3288 1362
7
50  HC15 1409 1270(Y) 7
30  HC15 1683 1517(Y) 14
10  RMR 1926 1360
8
50  HC15 1490 1343(Y) 1379
30  HC15 1686 1519(Y) 10
10  HC15 1696 1528(Y) 29
9
50  HC15 1999 55
30  RMR 2001 1803(Y) 1286
10  HC15 2097 1890(Y) 62
10
50  HC15 1942 1750(Y) 6
30  HC15 2021 1821(Y) 20
10  RMR 2028 1295
11
50  HC15 2257 2034(Y) 36
30  RMR 2736 1291
10  RMR 3225 1333
12
50  RMR 3013 1317
30  RMR 3452 1294
10  RMR 4016 1319
13
50  HC15 6506 5862(Y) 1736
30  HC15 6566 5916(Y) 39
10  HC15 6876 6195(Y) 11
14
50  HC15 8550 7703(Y) 1599
30  RMR 8634 1335
10  RMR 8715 1467
15
50  HC15 6566 5916(Y) 1380
30  HC15 7210 6496(Y) 1374
10  HC15 7429 6693(Y) 38
16
50  RMR 7773 7003(Y) 1469
30  HC15 8023 7228(Y) 31
10  HC15 8160 7352(Y) 53
17
50  RMR 8806 1301
30  HC15 10173 9165(Y) 30
10  HC15 10225 9212(Y) 57
18
50  HC15 7254 6536(Y) 54
30  HC15 8553 15
10  HC15 9153 8246(Y) 25
19
50  HC15 8041 7245(Y) 7
30  HC15 10822 9750(Y) 1739
10  RMR 12268 1286
20
50  HC15 8422 7588(Y) 1379
30  RMR 9288 8368(Y) 1330
10  HC15 10929 9846(Y) 29
21
50  HC15 3365 3032(Y) 39
30  HC15 3368 3035(Y) 11
10  HC15 3628 3269(Y) 12
22
50  RMR 4172 1467
30  HC15 4703 4237(Y) 26
10  RMR 4727 1338
23
50  HC15 3522 3173(Y) 1380
30  RMR 3747 3376(Y) 1363
10  HC15 4107 3700(Y) 56
24
50  RMR 4584 1469
30  HC15 4676 4213(Y) 53
10  RMR 4681 1463
25
50  HC15 5181 4668(Y) 57
30  HC15 5385 4852(Y) 1740
10  HC15 5386 4853(Y) 48
26
50  HC15 3885 3500(Y) 54
30  RMR 4460 1362
10  HC15 4666 4204(Y) 25
27
50  HC15 1789 1612(Y) 7
30  RMR 2806 1309
10  HC15 3294 2968(Y) 49
28
50  HC15 2001 1803(Y) 1379
30  HC15 2249 2027(Y) 1381
10  HC15 2268 2044(Y) 10
29
50  HC15 2289 2063(Y) 55
30  HC15 3283 2958(Y) 36
10  RMR 3310 1286
30
50  HC15 2601 2344(Y) 6
30  HC15 2784 2509(Y) 1382
10  HC15 3409 3072(Y) 64
31
80  HC15 13175 11870(Y) 794
40  RMR 13863 463
32
80  HC15 15603 14057(Y) 859
40  RMR 19961 256
33
80  HC15 7513 6769(Y) 861
40  RMR 10013 675
34
80  HC15 10031 9037(Y) 802
40  RMR 12484 678
35
50  HC15 2951 2659(Y) 39
30  HC15 3021 2722(Y) 1378
10  HC15 3166 2853(Y) 32
36
50  RMR 3586 3231(Y) 1302
30  HC15 3755 3383(Y) 1599
10  RMR 3810 1471
37
50  HC15 3215 2897(Y) 38
30  HC15 3256 2934(Y) 1374
10  HC15 3344 3013(Y) 1380
38
50  RMR 3569 3216(Y) 1469
30  HC15 3756 3384(Y) 53
10  HC15 3790 3415(Y) 31
39
50  RMR 3545 3194(Y) 1301
30  HC15 4517 4070(Y) 30
10  HC15 4932 4444(Y) 57
40
50  HC15 3466 3123(Y) 54
30  HC15 3994 3599(Y) 15
10  HC15 4203 3787(Y) 25
41
50  HC15 1848 1665(Y) 7
30  HC15 2064 1860(Y) 14
10  RMR 2341 1356
42
50  HC15 1893 1706(Y) 1379
30  RMR 1929 1738(Y) 1330
10  HC15 2061 1857(Y) 10
43
50  HC15 2373 2138(Y) 55
30  RMR 2525 2275(Y) 1283
10  RMR 2572 2318(Y) 1286
44
50  HC15 2453 20
30  HC15 2458 2215(Y) 1382
10  RMR 2678 1295
45
50  HC15 2681 2416(Y) 36
30  RMR 3450 1291
10  RMR 3681 1325
46
50  RMR 3463 1317
30  RMR 4028 1319
10  RMR 4108 1294
47
50  HC15 5757 5187(Y) 1378
30  HC15 5793 5219(Y) 39
10  HC15 5921 5335(Y) 11
48
50  RMR 7175 1302
30  HC15 7368 6638(Y) 1599
10  RMR 7409 1335
49
50  HC15 6433 5796(Y) 38
30  HC15 6483 5841(Y) 1374
10  RMR 6586 5934(Y) 1363
50
50  HC15 6971 6281(Y) 31
30  HC15 7302 6579(Y) 23
10  HC15 7697 6935(Y) 1386
51
50  RMR 6643 5985(Y) 1301
30  HC15 9220 8307(Y) 30
10  HC15 9236 8321(Y) 27
52
50  HC15 7168 6458(Y) 15
30  RMR 7466 6727(Y) 1362
10  HC15 7559 6810(Y) 25
53
50  HC15 3729 3360(Y) 14
30  RMR 4195 3780(Y) 1356
10  HC15 4423 3985(Y) 1739
54
50  RMR 3719 3351(Y) 1330
30  HC15 3828 3449(Y) 29
10  HC15 3876 3492(Y) 10
55
50  HC15 4215 3798(Y) 55
30  HC15 4886 4402(Y) 62
10  RMR 5043 1464
56
50  HC15 4446 4006(Y) 6
30  HC15 4598 4143(Y) 20
10  RMR 4745 4275(Y) 1292
57
50  HC15 2726 2456(Y) 1378
30  HC15 2767 2493(Y) 1736
10  HC15 3059 2756(Y) 32
58
50  RMR 3546 1302
30  RMR 3706 1338
10  RMR 3783 1471
59
50  HC15 3374 3040(Y) 56
30  RMR 3631 1363
10  HC15 3670 3307(Y) 1394
60
50  HC15 3638 3278(Y) 31
30  HC15 3842 23
10  RMR 4365 1310
61
50  HC15 4999 4504(Y) 1740
30  HC15 5362 4831(Y) 48
10  HC15 6194 5581(Y) 34
62
50  RMR 3819 3441(Y) 1362
30  HC15 4489 4045(Y) 40
10  HC15 4526 4078(Y) 1388
63
50  HC15 1833 1652(Y) 14
30  RMR 2380 1309
10  RMR 2671 1360
64
50  RMR 1862 1330
30  RMR 1939 1747(Y) 1364
10  HC15 2053 1850(Y) 29
65
50  RMR 3382 1290
66
50  HC15 2185 1969(Y) 20
30  HC15 2323 2093(Y) 6
10  HC15 2701 2434(Y) 1382
67
80  RMR 12822 11552(Y) 1027
40  HC15 13100 11802(Y) 865
68
80  RMR 13662 12309(Y) 1028
40  HC15 14370 12946(Y) 805
SCORE:HC15,RMR,4250,2010,224.0
