HC15-WKW
1
50  HC15 2559 2306(Y) 1736
30  HC15 2632 2372(Y) 1378
10  HC15 2695 2428(Y) 11
2
50  WKW 2969 2675(Y) 382
30  HC15 3116 2808(Y) 1599
10  WKW 3338 337
3
50  HC15 2629 2369(Y) 1380
30  HC15 2915 2627(Y) 38
10  HC15 2918 2629(Y) 1374
4
50  HC15 3081 2776(Y) 1387
30  HC15 3225 53
10  HC15 3240 31
5
50  WKW 3265 2942(Y) 365
30  WKW 3570 3217(Y) 358
10  HC15 3653 3291(Y) 57
6
50  HC15 2989 2693(Y) 54
30  WKW 3188 1584
10  HC15 3263 2940(Y) 15
7
50  HC15 1409 1270(Y) 7
30  WKW 1592 1435(Y) 313
10  HC15 1683 1517(Y) 14
8
50  HC15 1490 1343(Y) 1379
30  WKW 1672 1587
10  HC15 1686 1519(Y) 10
9
50  HC15 1999 55
30  HC15 2097 1890(Y) 62
10  WKW 2163 293
10
50  HC15 1942 1750(Y) 6
30  HC15 2021 1821(Y) 20
10  HC15 2120 1910(Y) 1382
11
50  HC15 2257 2034(Y) 36
30  WKW 3033 297
10  HC15 3403 3066(Y) 1392
12
50  WKW 3717 372
30  WKW 3965 378
10  WKW 4401 306
13
50  WKW 6425 334
30  HC15 6506 5862(Y) 1736
10  HC15 6566 5916(Y) 39
14
50  WKW 7549 6801(Y) 382
30  WKW 8254 1594
10  HC15 8550 7703(Y) 1599
15
50  HC15 6566 5916(Y) 1380
30  HC15 7210 6496(Y) 1374
10  HC15 7429 6693(Y) 38
16
50  HC15 8023 7228(Y) 31
30  HC15 8160 7352(Y) 53
10  HC15 8562 7714(Y) 23
17
50  WKW 9319 365
30  WKW 9943 358
10  HC15 10173 9165(Y) 30
18
50  HC15 7254 6536(Y) 54
30  WKW 7391 6659(Y) 1584
10  HC15 8553 15
19
50  HC15 8041 7245(Y) 7
30  HC15 10822 9750(Y) 1739
10  WKW 11119 313
20
50  HC15 8422 7588(Y) 1379
30  WKW 8900 1587
10  WKW 9288 330
21
50  HC15 3365 3032(Y) 39
30  HC15 3368 3035(Y) 11
10  WKW 3398 334
22
50  WKW 4005 3609(Y) 1594
30  WKW 4679 335
10  HC15 4703 4237(Y) 26
23
50  HC15 3522 3173(Y) 1380
30  HC15 4107 3700(Y) 56
10  WKW 4352 361
24
50  WKW 4416 386
30  WKW 4613 340
10  HC15 4676 4213(Y) 53
25
50  WKW 4650 4190(Y) 324
30  WKW 4710 4244(Y) 358
10  HC15 5181 4668(Y) 57
26
50  HC15 3885 3500(Y) 54
30  HC15 4666 4204(Y) 25
10  WKW 4763 4291(Y) 1676
27
50  HC15 1789 1612(Y) 7
30  WKW 3117 351
10  HC15 3294 2968(Y) 49
28
50  HC15 2001 1803(Y) 1379
30  HC15 2249 2027(Y) 1381
10  WKW 2264 2040(Y) 341
29
50  HC15 2289 2063(Y) 55
30  HC15 3283 2958(Y) 36
10  HC15 3311 2983(Y) 62
30
50  HC15 2601 2344(Y) 6
30  HC15 2784 2509(Y) 1382
10  WKW 2966 364
31
80  HC15 13175 11870(Y) 794
40  WKW 13210 120
32
80  HC15 15603 14057(Y) 859
40  WKW 16884 686
33
80  HC15 7513 6769(Y) 861
40  WKW 8372 688
34
80  HC15 10031 9037(Y) 802
40  WKW 11882 691
35
50  HC15 2951 2659(Y) 39
30  HC15 3021 2722(Y) 1378
10  WKW 3103 2796(Y) 389
36
50  WKW 3402 3065(Y) 382
30  HC15 3755 3383(Y) 1599
10  WKW 4069 1594
37
50  HC15 3215 2897(Y) 38
30  HC15 3256 2934(Y) 1374
10  HC15 3344 3013(Y) 1380
38
50  HC15 3756 3384(Y) 53
30  HC15 3790 3415(Y) 31
10  HC15 3832 3453(Y) 1386
39
50  WKW 4401 3965(Y) 365
30  WKW 4456 358
10  HC15 4517 4070(Y) 30
40
50  WKW 3416 3078(Y) 1584
30  HC15 3466 3123(Y) 54
10  HC15 3994 3599(Y) 15
41
50  HC15 1848 1665(Y) 7
30  HC15 2064 1860(Y) 14
10  WKW 2291 359
42
50  HC15 1893 1706(Y) 1379
30  WKW 2000 308
10  WKW 2006 1587
43
50  HC15 2373 2138(Y) 55
30  WKW 2644 1596
10  HC15 2716 2447(Y) 62
44
50  HC15 2453 20
30  HC15 2458 2215(Y) 1382
10  WKW 2900 364
45
50  HC15 2681 2416(Y) 36
30  HC15 3737 3367(Y) 1392
10  WKW 3975 297
46
50  WKW 3944 378
30  WKW 4116 372
10  WKW 4160 304
47
50  WKW 5615 334
30  HC15 5757 5187(Y) 1378
10  HC15 5793 5219(Y) 39
48
50  WKW 6502 5858(Y) 382
30  WKW 7297 1594
10  HC15 7368 6638(Y) 1599
49
50  HC15 6433 5796(Y) 38
30  HC15 6483 5841(Y) 1374
10  HC15 6655 5996(Y) 1394
50
50  HC15 6971 6281(Y) 31
30  HC15 7302 6579(Y) 23
10  WKW 7399 6666(Y) 329
51
50  WKW 7730 6964(Y) 365
30  HC15 8474 7635(Y) 57
10  WKW 9131 314
52
50  WKW 6506 5862(Y) 1584
30  HC15 7168 6458(Y) 15
10  HC15 7559 6810(Y) 25
53
50  WKW 3661 3299(Y) 313
30  HC15 3729 3360(Y) 14
10  WKW 4201 3785(Y) 359
54
50  WKW 3591 1587
30  WKW 3706 330
10  WKW 3744 341
55
50  HC15 4215 3798(Y) 55
30  HC15 4886 4402(Y) 62
10  HC15 5208 4692(Y) 36
56
50  HC15 4446 4006(Y) 6
30  HC15 4598 4143(Y) 20
10  WKW 5145 364
57
50  HC15 2726 2456(Y) 1378
30  HC15 2767 2493(Y) 1736
10  WKW 2896 334
58
50  WKW 3605 337
30  WKW 4094 369
10  WKW 4547 363
59
50  HC15 3374 3040(Y) 56
30  HC15 3670 3307(Y) 1394
10  WKW 4203 331
60
50  WKW 3666 329
30  WKW 3787 307
10  HC15 3842 23
61
50  HC15 4865 57
30  HC15 4999 4504(Y) 1740
10  WKW 5016 324
62
50  WKW 4443 333
30  HC15 4489 4045(Y) 40
10  HC15 4526 4078(Y) 1388
63
50  HC15 1833 1652(Y) 14
30  WKW 2020 1820(Y) 313
10  HC15 2673 2409(Y) 50
64
50  WKW 1879 330
30  HC15 2053 1850(Y) 29
10  WKW 2069 308
65
50  WKW 2870 1596
66
50  HC15 2185 1969(Y) 20
30  HC15 2323 2093(Y) 6
10  HC15 2701 2434(Y) 1382
67
80  HC15 13100 11802(Y) 865
40  WKW 14382 955
68
80  WKW 13234 11923(Y) 1035
40  HC15 14370 12946(Y) 805
SCORE:HC15,WKW,3820,2440,138.0
