HC15-UN
1
50  HC15 2818 2539(Y) 1142
30  HC15 3578 3224(Y) 1128
10  HC15 3676 3312(Y) 1175
2
50  HC15 2790 2514(Y) 1753
30  HC15 3160 2847(Y) 1167
10  HC15 3315 1141
3
50  HC15 2633 1117
30  HC15 2829 2549(Y) 1152
10  HC15 2962 2669(Y) 1169
4
50  HC15 3226 2907(Y) 1121
30  HC15 3474 1655
10  HC15 3503 3156(Y) 1174
5
50  HC15 2892 2606(Y) 1109
30  HC15 3425 3086(Y) 1171
10  HC15 3821 3443(Y) 1140
6
50  HC15 3233 2913(Y) 1116
30  HC15 3487 1173
10  HC15 3536 3186(Y) 1154
7
50  HC15 1546 1118
30  HC15 1583 1427(Y) 1120
10  HC15 1665 1500(Y) 1114
8
50  HC15 1595 1437(Y) 1123
30  HC15 1803 1625(Y) 1108
10  HC15 2073 1868(Y) 1145
9
50  HC15 1877 1691(Y) 1663
30  HC15 1949 1756(Y) 1146
10  HC15 2296 2069(Y) 1170
10
50  HC15 1851 1113
30  HC15 1955 1762(Y) 1124
10  HC15 1961 1767(Y) 1159
11
50  HC15 3503 3156(Y) 1107
30  HC15 4064 3662(Y) 1136
10  HC15 4346 3916(Y) 1758
12
50  HC15 3620 3262(Y) 1165
30  HC15 3890 1751
10  HC15 4267 3845(Y) 1115
13
50  HC15 6676 6015(Y) 1153
30  HC15 7613 6859(Y) 1142
10  HC15 10281 9263(Y) 1138
14
50  HC15 7012 1753
30  HC15 8093 7291(Y) 1141
10  HC15 8899 1130
15
50  HC15 6402 5768(Y) 1117
30  HC15 7340 1152
10  HC15 8255 7437(Y) 1664
16
50  HC15 8315 7491(Y) 1121
30  HC15 9196 1655
10  HC15 9611 8659(Y) 1174
17
50  HC15 7046 6348(Y) 1109
30  HC15 9837 1140
10  HC15 10122 1177
18
50  HC15 7964 7175(Y) 1116
30  HC15 9329 8405(Y) 1173
10  HC15 9353 8427(Y) 1112
19
50  HC15 8903 1118
30  HC15 8907 8025(Y) 1114
10  HC15 9185 8275(Y) 1120
20
50  HC15 9657 8700(Y) 1123
30  HC15 10405 9374(Y) 1108
10  HC15 12466 1145
21
50  HC15 3554 3202(Y) 1153
30  HC15 4075 3672(Y) 1175
10  HC15 4279 1142
22
50  HC15 4599 1141
30  HC15 4737 4268(Y) 1130
10  HC15 4987 4493(Y) 1133
23
50  HC15 3383 3048(Y) 1117
30  HC15 4107 3700(Y) 1169
10  HC15 4864 4382(Y) 1160
24
50  HC15 4523 4075(Y) 1121
30  HC15 4616 1655
10  HC15 4628 4170(Y) 1174
25
50  HC15 3540 3190(Y) 1109
30  HC15 4714 4247(Y) 1171
10  HC15 4935 4446(Y) 1178
26
50  HC15 4371 3938(Y) 1116
30  HC15 5112 4606(Y) 1154
10  HC15 5289 4765(Y) 1111
27
50  HC15 2244 2022(Y) 1114
30  HC15 2525 2275(Y) 1118
10  HC15 2678 1161
28
50  HC15 2168 1123
30  HC15 2458 2215(Y) 1108
10  HC15 2723 2454(Y) 1110
29
50  HC15 2554 2301(Y) 1146
30  HC15 2972 1663
10  HC15 3555 3203(Y) 1132
30
50  HC15 2554 1124
30  HC15 2824 2545(Y) 1113
10  HC15 3402 3065(Y) 1755
31
80  HC15 12355 11131(Y) 1958
32
80  HC15 14302 12885(Y) 1960
33
80  HC15 7928 7143(Y) 1652
34
80  HC15 9609 8657(Y) 1655
35
50  HC15 3006 2709(Y) 1153
30  HC15 3315 2987(Y) 1142
10  HC15 4630 4172(Y) 1175
36
50  HC15 3189 2873(Y) 1753
30  HC15 3623 3264(Y) 1167
10  HC15 3869 1141
37
50  HC15 3254 2932(Y) 1152
30  HC15 3275 1117
10  HC15 3700 1664
38
50  HC15 3947 3556(Y) 1121
30  HC15 4163 3751(Y) 1174
10  HC15 4206 1655
39
50  HC15 3223 2904(Y) 1109
30  HC15 4422 1171
10  HC15 4436 3997(Y) 1144
40
50  HC15 3728 3359(Y) 1116
30  HC15 4287 1173
10  HC15 4388 3954(Y) 1134
41
50  HC15 1807 1628(Y) 1118
30  HC15 2015 1120
10  HC15 2320 1103
42
50  HC15 2228 1145
30  HC15 2268 1108
10  HC15 2521 2272(Y) 1110
43
50  HC15 2362 1146
30  HC15 2395 2158(Y) 1663
10  HC15 2630 2370(Y) 1170
44
50  HC15 2368 1113
30  HC15 2374 2139(Y) 1124
10  HC15 2690 1105
45
50  HC15 3819 3441(Y) 1107
30  HC15 4776 4303(Y) 1758
10  HC15 5912 5327(Y) 1136
46
50  HC15 3888 3503(Y) 1165
30  HC15 4034 3635(Y) 1115
10  HC15 4301 3875(Y) 1751
47
50  HC15 6105 1153
30  HC15 8269 7450(Y) 1175
10  HC15 9146 8240(Y) 1128
48
50  HC15 6048 5449(Y) 1753
30  HC15 6914 6229(Y) 1167
10  HC15 7745 1130
49
50  HC15 6194 5581(Y) 1152
30  HC15 6425 5789(Y) 1169
10  HC15 6778 6107(Y) 1664
50
50  HC15 8403 7571(Y) 1163
30  HC15 10701 1651
10  HC15 12466 11231(Y) 1829
51
50  HC15 7551 6803(Y) 1171
30  HC15 8864 7986(Y) 1144
10  HC15 8897 8016(Y) 1140
52
50  HC15 8019 7225(Y) 1126
30  HC15 8168 7359(Y) 1154
10  HC15 8447 7610(Y) 1112
53
50  HC15 3416 3078(Y) 1114
30  HC15 3568 1120
10  HC15 4377 3944(Y) 1156
54
50  HC15 3514 3166(Y) 1123
30  HC15 4929 4441(Y) 1145
10  HC15 5092 1098
55
50  HC15 4355 3924(Y) 1663
30  HC15 4802 1146
10  HC15 5574 5022(Y) 1170
56
50  HC15 4198 3782(Y) 1113
30  HC15 4788 4314(Y) 1159
10  HC15 4792 4318(Y) 1124
57
50  HC15 4332 3903(Y) 1128
58
50  HC15 3857 3475(Y) 1130
30  HC15 4250 3829(Y) 1135
10  HC15 4475 1133
59
50  HC15 3255 2933(Y) 1169
30  HC15 3791 1664
10  HC15 4734 4265(Y) 1160
60
50  HC15 4307 3881(Y) 1163
61
50  HC15 4759 4288(Y) 1140
30  HC15 4831 1177
10  HC15 4965 4473(Y) 1178
62
50  HC15 4084 3680(Y) 1134
30  HC15 4170 3757(Y) 1126
10  HC15 4220 3802(Y) 1173
63
50  HC15 2403 2165(Y) 1103
30  HC15 2543 1161
10  HC15 2602 1172
64
50  HC15 2521 2272(Y) 1110
30  HC15 2772 2498(Y) 1106
10  HC15 3357 3025(Y) 1754
65
50  HC15 4270 3847(Y) 1132
66
50  HC15 2567 2313(Y) 1159
30  HC15 3288 2963(Y) 1164
10  HC15 3408 1105
67
80  HC15 13454 12121(Y) 1657
68
80  HC15 14362 12939(Y) 1660
SCORE:HC15,UN,5940,0,594.0
