HH-AND
1
50  AND 9931 1090
30  AND 10053 1040
10  AND 10600 1107
2
50  HH 11531 2218
30  HH 12748 2221
10  HH 14319 2273
3
50  HH 8407 2211
30  AND 8533 1041
10  HH 9578 2285
4
50  AND 8178 1089
30  AND 8422 1120
10  HH 11712 2279
5
50  AND 7363 1095
30  HH 7706 2236
10  HH 7812 2240
6
50  HH 8663 2233
30  AND 8681 1127
10  AND 8847 1045
7
50  HH 7733 2237
30  AND 7909 1094
10  HH 8933 2246
8
50  HH 7209 2235
30  AND 8629 1101
10  HH 8647 2270
9
50  AND 4037 1072
30  HH 4109 2220
10  AND 4153 1046
10
50  HH 3377 2222
30  AND 3468 1139
10  HH 3744 2225
11
50  AND 2150 1034
30  AND 2224 1105
10  HH 2287 2212
12
50  AND 2387 1066
30  HH 2565 2260
10  HH 2600 2219
13
50  AND 3820 1054
30  AND 3843 1107
10  HH 4202 2249
14
50  AND 4141 1080
30  HH 4512 2221
10  HH 4875 2284
15
50  HH 3227 2211
30  AND 3380 1122
10  AND 3537 1059
16
50  AND 3513 1079
30  AND 3896 1053
10  HH 3967 2266
17
50  AND 6284 1121
30  AND 6286 1095
10  HH 6947 2240
18
50  AND 7423 1127
30  HH 8103 2227
10  AND 8120 1100
19
50  HH 6752 2237
30  AND 7168 1108
10  AND 7177 1137
20
50  AND 5943 1125
30  HH 6551 2234
10  AND 7119 1116
21
50  AND 4686 1072
30  AND 4868 1174
10  AND 5023 1170
22
50  AND 4911 1139
30  AND 4974 1143
10  HH 5363 2225
23
50  AND 2751 1034
30  HH 3027 2289
10  HH 3149 2230
24
50  AND 2843 1066
30  AND 3783 1070
10  AND 3836 1084
25
50  AND 2055 1044
30  AND 2282 1171
10  HH 2290 2255
26
50  AND 2596 1035
30  AND 2827 1080
10  AND 2966 1134
27
50  AND 3713 1122
30  AND 4077 1041
10  AND 4785 1152
28
50  AND 3865 1120
30  AND 4801 1053
10  HH 4889 2248
29
50  HH 3628 2236
30  HH 3878 2223
10  AND 3901 1068
30
50  AND 4322 1127
30  AND 4348 1100
10  AND 4675 1081
31
80  HH 3649 2237
40  AND 3907 1108
0  HH 4100 2246
32
80  AND 3183 1125
40  AND 3636 1118
0  HH 3688 2235
33
80  HH 3238 2212
40  HH 3519 2230
0  AND 3553 1105
34
80  HH 4222 2260
40  HH 5513 2239
35
50  HH 1913 2263
30  AND 1935 1090
10  AND 1953 1040
36
50  AND 2289 1035
30  HH 2421 2218
10  HH 2652 2221
37
50  HH 3806 2211
30  AND 3932 1122
10  AND 3956 1059
38
50  AND 3591 1089
30  AND 3613 1120
10  HH 5450 2268
39
50  AND 3193 1121
30  AND 3229 1095
10  HH 3508 2240
40
50  AND 3823 1045
30  AND 4450 1100
10  HH 4760 2269
41
50  HH 3301 2237
30  AND 3548 1137
10  HH 3977 2246
42
50  HH 3522 2234
30  AND 3808 1116
10  HH 3852 2270
43
50  AND 3225 1034
30  AND 3423 1071
10  AND 3657 1109
45
50  AND 2051 1044
30  HH 2358 2250
10  HH 2470 2263
46
50  AND 2599 1077
30  HH 2822 2218
10  HH 3170 2273
47
50  AND 4259 1041
30  HH 4890 2285
10  AND 5474 1126
48
50  AND 4420 1089
30  AND 5038 1079
10  AND 5982 1053
49
50  HH 3832 2236
30  AND 4009 1121
10  AND 4613 1124
50
50  AND 4404 1081
30  AND 4473 1045
10  HH 5039 2271
51
50  AND 4211 1094
30  AND 4288 1108
10  HH 4534 2246
52
50  HH 3701 2234
30  HH 3822 2235
10  AND 4413 1101
53
50  HH 18253 1874
54
50  HH 11083 1862
30  AND 11193 1724
55
50  AND 16214 1726
30  HH 17450 1864
56
50  AND 19643 1728
30  HH 20332 1866
57
50  HH 15031 1868
30  AND 20541 1729
58
50  HH 18633 1869
59
50  HH 13502 1870
30  AND 14394 1731
61
50  AND 12242 1732
30  HH 12364 1873
SCORE:HH,AND,2100,3190,-109.0
