HH-BJCCS
1
50  HH 10833 2255
30  HH 10937 2250
10  HH 11558 2276
2
50  BJCCS 7311 1954
30  BJCCS 9619 1983
10  HH 11531 2218
3
50  HH 8407 2211
30  HH 9578 2285
10  BJCCS 9831 1977
4
50  BJCCS 8868 1970
30  BJCCS 8910 1964
10  HH 11712 2279
5
50  BJCCS 7494 1958
30  HH 7706 2236
10  HH 7812 2240
6
50  BJCCS 7580 1985
30  BJCCS 8634 1960
10  HH 8663 2233
7
50  BJCCS 7577 1975
30  HH 7733 2237
10  BJCCS 8144 1986
8
50  BJCCS 6444 1974
30  BJCCS 6544 1984
10  HH 7209 2235
9
50  BJCCS 2399 1956
30  BJCCS 3603 1978
10  BJCCS 4022 1963
10
50  HH 3377 2222
30  HH 3744 2225
10  HH 6128 2290
11
50  BJCCS 2100 1973
30  HH 2287 2212
10  HH 2390 2230
12
50  BJCCS 1892 1955
30  BJCCS 2070 1981
10  HH 2565 2260
13
50  HH 4202 2249
30  HH 4503 2255
10  HH 4897 2287
14
50  BJCCS 2934 1954
30  BJCCS 4497 1988
10  HH 4512 2221
15
50  HH 3227 2211
30  HH 3926 2286
10  HH 3939 2209
16
50  BJCCS 3568 1964
30  BJCCS 3666 1970
10  HH 3967 2266
17
50  HH 6947 2240
30  BJCCS 7103 1958
10  HH 7712 2223
18
50  BJCCS 6120 1966
30  BJCCS 7762 1960
10  BJCCS 7767 1980
19
50  BJCCS 6706 1975
30  HH 6752 2237
10  BJCCS 7454 1986
20
50  BJCCS 5725 1974
30  HH 6551 2234
10  BJCCS 6940 1962
21
50  BJCCS 2962 1956
30  BJCCS 3903 1989
10  BJCCS 4994 1963
22
50  HH 5363 2225
30  HH 5694 2222
10  HH 7483 2290
23
50  BJCCS 2553 1973
30  BJCCS 3003 1957
10  HH 3027 2289
24
50  BJCCS 2342 1955
30  BJCCS 2669 1981
10  BJCCS 3650 1965
25
50  HH 2290 2255
30  HH 2331 2249
10  HH 2850 2267
26
50  BJCCS 2019 1983
30  BJCCS 2356 1988
10  BJCCS 2601 1969
27
50  BJCCS 5075 1977
30  HH 5237 2209
10  BJCCS 5514 1976
28
50  BJCCS 4400 1970
30  HH 4889 2248
10  HH 5064 2266
29
50  HH 3628 2236
30  BJCCS 3747 1958
10  HH 3878 2223
30
50  BJCCS 3247 1966
30  BJCCS 3419 1985
10  BJCCS 4946 1980
31
80  BJCCS 3610 1986
40  HH 3649 2237
0  HH 4100 2246
32
80  BJCCS 2989 1984
40  BJCCS 3687 1962
0  HH 3688 2235
33
80  BJCCS 2559 1973
40  BJCCS 3103 1956
0  HH 3238 2212
34
80  BJCCS 2165 1981
40  HH 4222 2260
0  HH 5513 2239
35
50  HH 1913 2263
30  HH 2028 2249
10  HH 2307 2250
36
50  BJCCS 1770 1983
30  BJCCS 2356 1988
10  HH 2421 2218
37
50  HH 3806 2211
30  HH 4734 2285
10  HH 4809 2286
38
50  BJCCS 4031 1970
30  BJCCS 4178 1964
10  BJCCS 4825 1987
39
50  HH 3508 2240
30  HH 3614 2224
10  HH 3709 2223
40
50  BJCCS 3145 1966
30  BJCCS 4636 1980
10  HH 4760 2269
41
50  HH 3301 2237
30  HH 3977 2246
10  HH 4113 2206
42
50  BJCCS 3000 1974
30  HH 3522 2234
10  BJCCS 3739 1962
43
50  BJCCS 4025 1957
30  HH 4070 2198
10  BJCCS 4197 1956
44
50  BJCCS 3022 1955
45
50  HH 2358 2250
30  HH 2470 2263
10  HH 2633 2276
46
50  BJCCS 1744 1954
30  HH 2822 2218
10  HH 3170 2273
47
50  HH 4890 2285
30  BJCCS 5529 1977
10  HH 5928 2197
48
50  BJCCS 4834 1964
30  BJCCS 5853 1987
49
50  HH 3832 2236
30  BJCCS 3875 1958
10  HH 4790 2278
50
50  BJCCS 4163 1985
30  BJCCS 4372 1960
10  HH 5039 2271
51
50  HH 4534 2246
30  HH 6394 2199
52
50  HH 3701 2234
30  HH 3822 2235
10  BJCCS 3897 1984
53
50  HH 18253 1874
54
50  BJCCS 9233 1830
30  HH 11083 1862
55
50  HH 17450 1864
56
50  BJCCS 15437 1831
30  HH 20332 1866
57
50  HH 15031 1868
58
50  HH 18633 1869
59
50  HH 13502 1870
60
50  BJCCS 12532 1832
61
50  BJCCS 12031 1833
30  HH 12364 1873
SCORE:HH,BJCCS,2340,2940,-60.0
