HH-CC
1
50  HH 10833 2255
30  CC 10921 2939
10  HH 10937 2250
2
50  CC 8850 2949
30  HH 11531 2218
10  HH 12748 2221
3
50  CC 8118 2938
30  CC 8262 2957
10  HH 8407 2211
4
50  CC 8034 2948
30  HH 11712 2279
10  HH 11944 2266
5
50  HH 7706 2236
30  HH 7812 2240
10  CC 7882 2954
6
50  CC 8156 2963
30  CC 8302 2944
10  HH 8663 2233
7
50  HH 7733 2237
30  HH 8933 2246
10  HH 9082 2206
8
50  CC 6620 2964
30  HH 7209 2235
10  CC 7634 2934
9
50  CC 3234 2960
30  HH 4109 2220
10  HH 5221 2214
10
50  HH 3377 2222
30  HH 3744 2225
10  HH 6128 2290
11
50  HH 2287 2212
30  CC 2302 2951
10  HH 2390 2230
12
50  CC 1919 2950
30  HH 2565 2260
10  HH 2600 2219
13
50  CC 4125 2959
30  HH 4202 2249
10  HH 4503 2255
14
50  HH 4512 2221
30  CC 4768 2941
10  CC 4781 2953
15
50  CC 3222 2938
30  HH 3227 2211
10  CC 3295 2957
16
50  CC 3277 2948
30  HH 3967 2266
10  HH 4259 2248
17
50  HH 6947 2240
30  CC 7166 2937
10  HH 7712 2223
18
50  CC 6925 2944
30  HH 8103 2227
10  HH 9845 2204
19
50  HH 6752 2237
30  HH 7974 2206
10  HH 8820 2217
20
50  CC 6203 2934
30  HH 6551 2234
10  CC 7121 2935
21
50  CC 2950 2960
30  HH 5075 2214
10  HH 5333 2220
22
50  HH 5363 2225
30  HH 5694 2222
10  HH 7483 2290
23
50  CC 2725 2951
30  HH 3027 2289
10  HH 3149 2230
24
50  CC 2439 2950
30  HH 4215 2274
10  HH 4388 2283
25
50  CC 2207 2939
30  HH 2290 2255
10  HH 2331 2249
26
50  CC 1737 2949
30  CC 2684 2953
10  CC 2900 2936
27
50  CC 4340 2965
30  HH 5237 2209
10  HH 5608 2257
28
50  HH 4889 2248
30  HH 5064 2266
10  HH 5677 2241
29
50  HH 3628 2236
30  HH 3878 2223
10  HH 3909 2224
30
50  CC 3806 2944
30  CC 3850 2963
10  HH 4996 2269
31
80  HH 3649 2237
40  HH 4100 2246
0  HH 4405 2217
32
80  CC 3128 2964
40  CC 3500 2934
0  HH 3688 2235
33
80  HH 3238 2212
40  HH 3519 2230
0  HH 3922 2289
34
80  CC 2484 2950
40  HH 4222 2260
0  HH 5513 2239
35
50  HH 1913 2263
30  HH 2028 2249
10  CC 2038 2939
36
50  CC 1658 2949
30  HH 2421 2218
10  HH 2652 2221
37
50  CC 3522 2938
30  CC 3640 2957
10  HH 3806 2211
38
50  CC 3847 2948
30  HH 5450 2268
10  HH 5463 2248
39
50  CC 3449 2954
30  HH 3508 2240
10  HH 3614 2224
40
50  CC 3527 2944
30  CC 4050 2963
10  HH 4760 2269
41
50  HH 3301 2237
30  HH 3977 2246
10  HH 4113 2206
42
50  CC 2822 2964
30  CC 3266 2934
10  HH 3522 2234
43
50  CC 3131 2951
30  HH 4070 2198
10  HH 4343 2291
44
50  CC 2945 2950
45
50  HH 2358 2250
30  CC 2420 2939
10  HH 2470 2263
46
50  CC 2719 2936
30  HH 2822 2218
10  CC 2841 2941
47
50  CC 4600 2965
30  HH 4890 2285
10  HH 5928 2197
48
50  CC 4097 2948
49
50  CC 3807 2954
30  HH 3832 2236
10  CC 4456 2942
50
50  CC 4108 2963
30  HH 5039 2271
10  HH 6403 2201
51
50  HH 4534 2246
30  CC 5260 2943
10  HH 6394 2199
52
50  CC 3294 2964
30  HH 3701 2234
10  HH 3822 2235
53
50  HH 18253 1874
54
50  HH 11083 1862
55
50  HH 17450 1864
56
50  CC 19707 1970
30  HH 20332 1866
57
50  HH 15031 1868
30  CC 15841 1971
58
50  HH 18633 1869
59
50  HH 13502 1870
30  CC 13789 1972
61
50  HH 12364 1873
SCORE:HH,CC,2770,2440,33.0
