HH-CH
1
50  CH 9387 3108
30  CH 9994 3070
10  HH 10833 2255
2
50  HH 11531 2218
30  HH 12748 2221
10  CH 13943 3123
3
50  CH 8038 3083
30  HH 8407 2211
10  HH 9578 2285
4
50  CH 10107 3111
30  CH 10791 3081
10  HH 11712 2279
5
50  HH 7706 2236
30  HH 7812 2240
10  HH 8182 2224
6
50  CH 8290 3085
30  HH 8663 2233
10  HH 9413 2227
7
50  HH 7733 2237
30  HH 8933 2246
10  HH 9082 2206
8
50  HH 7209 2235
30  HH 8647 2270
10  HH 9052 2252
9
50  CH 2656 3080
30  CH 3053 3062
10  CH 3434 3118
10
50  CH 2587 3076
30  HH 3377 2222
10  CH 3566 3067
11
50  HH 2287 2212
30  HH 2390 2230
10  CH 2405 3069
12
50  CH 2153 3119
30  HH 2565 2260
10  HH 2600 2219
13
50  CH 3818 3108
30  CH 3875 3070
10  CH 4100 3066
14
50  HH 4512 2221
30  HH 4875 2284
10  CH 5110 3074
15
50  HH 3227 2211
30  CH 3274 3083
10  HH 3926 2286
16
50  HH 3967 2266
30  CH 4012 3111
10  CH 4029 3081
17
50  HH 6947 2240
30  CH 7585 3086
10  HH 7712 2223
18
50  CH 7168 3085
30  HH 8103 2227
10  CH 9206 3095
19
50  HH 6752 2237
30  HH 7974 2206
10  HH 8820 2217
20
50  HH 6551 2234
30  HH 7927 2270
10  HH 8334 2228
21
50  CH 3358 3062
30  CH 3632 3080
10  CH 4530 3118
22
50  CH 4122 3076
30  HH 5363 2225
10  HH 5694 2222
23
50  CH 2922 3120
30  HH 3027 2289
10  HH 3149 2230
24
50  CH 3088 3119
30  CH 3578 3110
10  HH 4215 2274
25
50  CH 2178 3108
30  HH 2290 2255
10  HH 2331 2249
26
50  CH 2538 3087
30  HH 2983 2259
10  HH 3021 2229
27
50  CH 3922 3083
30  CH 5050 3088
10  HH 5237 2209
28
50  HH 4889 2248
30  CH 4947 3073
10  CH 4950 3111
29
50  CH 3618 3086
30  HH 3628 2236
10  HH 3878 2223
30
50  HH 4996 2269
30  HH 5063 2227
10  CH 5310 3071
31
80  HH 3649 2237
40  HH 4100 2246
0  HH 4405 2217
32
80  HH 3688 2235
40  HH 4219 2270
0  HH 4509 2228
33
80  CH 3087 3069
40  HH 3238 2212
0  HH 3519 2230
34
80  CH 2778 3119
40  HH 4222 2260
0  HH 5513 2239
35
50  HH 1913 2263
30  CH 1999 3108
10  HH 2028 2249
36
50  HH 2421 2218
30  HH 2652 2221
10  HH 2864 2273
37
50  HH 3806 2211
30  CH 3868 3083
10  HH 4734 2285
38
50  HH 5450 2268
30  HH 5463 2248
10  HH 5563 2279
39
50  HH 3508 2240
30  CH 3546 3086
10  HH 3614 2224
40
50  CH 4072 3085
30  HH 4760 2269
10  HH 5189 2204
41
50  HH 3301 2237
30  HH 3977 2246
10  HH 4113 2206
42
50  HH 3522 2234
30  HH 3852 2270
10  HH 3969 2252
43
50  CH 3694 3120
30  HH 4070 2198
10  HH 4343 2291
44
50  CH 4025 3119
45
50  HH 2358 2250
30  CH 2458 3070
10  HH 2470 2263
46
50  HH 2822 2218
30  HH 3170 2273
10  HH 3302 2215
47
50  HH 4890 2285
30  CH 5384 3068
10  CH 5616 3098
48
50  CH 6846 3060
30  CH 7466 3073
10  CH 7787 3103
49
50  HH 3832 2236
30  HH 4790 2278
10  HH 4977 2280
50
50  HH 5039 2271
30  CH 5263 3095
10  HH 6403 2201
51
50  HH 4534 2246
30  HH 6394 2199
52
50  HH 3701 2234
30  HH 3822 2235
10  HH 4650 2252
53
50  CH 14214 1989
30  HH 18253 1874
54
50  HH 11083 1862
30  CH 12912 1982
55
50  CH 17409 1984
30  HH 17450 1864
56
50  HH 20332 1866
30  CH 25353 1985
57
50  HH 15031 1868
30  CH 18681 1986
58
50  HH 18633 1869
30  CH 21965 1987
59
50  HH 13502 1870
60
50  CH 15906 1988
61
50  HH 12364 1873
SCORE:HH,CH,3230,2150,108.0
