HH-CCC
1
50  CCC 9365 2014
30  HH 10833 2255
10  HH 10937 2250
2
50  CCC 10441 2005
30  CCC 11056 2019
10  HH 11531 2218
3
50  HH 8407 2211
30  HH 9578 2285
10  CCC 9715 1991
4
50  CCC 8866 2012
30  CCC 9346 2027
10  HH 11712 2279
5
50  CCC 7445 2031
30  HH 7706 2236
10  HH 7812 2240
6
50  HH 8663 2233
30  HH 9413 2227
10  HH 10125 2269
7
50  CCC 7696 1992
30  HH 7733 2237
10  CCC 8435 2028
8
50  HH 7209 2235
30  CCC 7524 2002
10  HH 8647 2270
9
50  CCC 3709 1996
30  CCC 3804 2009
10  HH 4109 2220
10
50  HH 3377 2222
30  HH 3744 2225
10  HH 6128 2290
11
50  CCC 2076 2026
30  HH 2287 2212
10  CCC 2303 2010
12
50  CCC 1634 2020
30  HH 2565 2260
10  HH 2600 2219
13
50  HH 4202 2249
30  CCC 4404 1995
10  CCC 4490 2006
14
50  CCC 4125 2019
30  HH 4512 2221
10  HH 4875 2284
15
50  HH 3227 2211
30  CCC 3750 1991
10  HH 3926 2286
16
50  CCC 3407 2012
30  HH 3967 2266
10  CCC 4175 1993
17
50  HH 6947 2240
30  HH 7712 2223
10  HH 7895 2253
18
50  HH 8103 2227
30  HH 9845 2204
10  HH 9954 2271
19
50  HH 6752 2237
30  CCC 7116 1992
10  CCC 7469 2028
20
50  HH 6551 2234
30  CCC 6632 2002
10  HH 7927 2270
21
50  CCC 4272 1996
30  HH 5075 2214
10  HH 5333 2220
22
50  HH 5363 2225
30  HH 5694 2222
10  HH 7483 2290
23
50  CCC 2706 2023
30  CCC 2868 2026
10  HH 3027 2289
24
50  CCC 4210 2000
30  HH 4215 2274
10  HH 4388 2283
25
50  HH 2290 2255
30  HH 2331 2249
10  CCC 2734 1995
26
50  CCC 1947 2005
30  CCC 2432 2025
10  CCC 2734 1994
27
50  HH 5237 2209
30  HH 5608 2257
10  HH 6394 2238
28
50  CCC 4247 2012
30  HH 4889 2248
10  HH 5064 2266
29
50  HH 3628 2236
30  CCC 3810 2030
10  HH 3878 2223
30
50  HH 4996 2269
30  HH 5063 2227
10  HH 6102 2271
31
80  HH 3649 2237
40  CCC 3662 1992
0  CCC 3813 1998
32
80  HH 3688 2235
40  HH 4219 2270
0  HH 4509 2228
33
80  CCC 2228 2026
40  CCC 3034 2024
0  HH 3238 2212
34
80  HH 4222 2260
40  HH 5513 2239
35
50  CCC 1819 2014
30  HH 1913 2263
10  HH 2028 2249
36
50  CCC 1891 2005
30  HH 2421 2218
10  HH 2652 2221
37
50  HH 3806 2211
30  CCC 4146 1991
10  HH 4734 2285
38
50  CCC 4041 2027
30  CCC 4268 2012
10  HH 5450 2268
39
50  HH 3508 2240
30  CCC 3515 2031
10  CCC 3572 2030
40
50  HH 4760 2269
30  HH 5189 2204
10  HH 5371 2271
41
50  HH 3301 2237
30  CCC 3413 1992
10  CCC 3736 2028
42
50  HH 3522 2234
30  HH 3852 2270
10  HH 3969 2252
43
50  CCC 3622 2024
30  CCC 3755 2010
10  HH 4070 2198
45
50  CCC 2209 2014
30  HH 2358 2250
10  HH 2470 2263
46
50  HH 2822 2218
30  CCC 3109 1997
10  HH 3170 2273
47
50  HH 4890 2285
30  CCC 5041 1991
10  HH 5928 2197
48
50  CCC 5066 2027
49
50  HH 3832 2236
30  CCC 3880 2031
10  CCC 4603 2029
50
50  HH 5039 2271
30  HH 6403 2201
51
50  CCC 4305 2028
30  CCC 4529 2013
10  HH 4534 2246
52
50  HH 3701 2234
30  HH 3822 2235
10  HH 4650 2252
53
50  HH 18253 1874
54
50  HH 11083 1862
30  CCC 11834 1834
55
50  HH 17450 1864
30  CCC 19756 1835
56
50  HH 20332 1866
30  CCC 20399 1836
57
50  HH 15031 1868
58
50  HH 18633 1869
59
50  HH 13502 1870
61
50  HH 12364 1873
SCORE:HH,CCC,3090,2060,103.0
