HH-DUL
1
50  DUL 10606 1303
30  HH 10833 2255
10  HH 10937 2250
2
50  HH 11531 2218
30  HH 12748 2221
10  HH 14319 2273
3
50  HH 8407 2211
30  DUL 9243 1320
10  HH 9578 2285
4
50  DUL 10659 1300
30  HH 11712 2279
10  HH 11944 2266
5
50  HH 7706 2236
30  HH 7812 2240
10  HH 8182 2224
6
50  HH 8663 2233
30  HH 9413 2227
10  HH 10125 2269
7
50  HH 7733 2237
30  DUL 8048 1349
10  DUL 8394 1296
8
50  DUL 7197 1305
30  HH 7209 2235
10  DUL 7268 1295
9
50  DUL 3522 1291
30  DUL 3850 1313
10  HH 4109 2220
10
50  DUL 3298 1361
30  HH 3377 2222
10  HH 3744 2225
11
50  DUL 2237 1318
30  HH 2287 2212
10  DUL 2304 1322
12
50  DUL 2127 1297
30  HH 2565 2260
10  HH 2600 2219
13
50  DUL 4160 1303
30  HH 4202 2249
10  DUL 4350 1338
14
50  HH 4512 2221
30  HH 4875 2284
10  HH 5384 2200
15
50  HH 3227 2211
30  HH 3926 2286
10  HH 3939 2209
16
50  HH 3967 2266
30  HH 4259 2248
10  HH 4571 2279
17
50  HH 6947 2240
30  HH 7712 2223
10  HH 7895 2253
18
50  HH 8103 2227
30  HH 9845 2204
10  HH 9954 2271
19
50  HH 6752 2237
30  HH 7974 2206
10  DUL 8299 1356
20
50  HH 6551 2234
30  DUL 6944 1299
10  DUL 7277 1305
21
50  DUL 3983 1332
30  DUL 4739 1352
10  HH 5075 2214
22
50  DUL 4059 1361
30  HH 5363 2225
10  HH 5694 2222
23
50  DUL 2695 1337
30  DUL 2847 1351
10  HH 3027 2289
24
50  DUL 2994 1297
30  DUL 3733 1317
10  DUL 3983 1290
25
50  DUL 2093 1303
30  DUL 2238 1304
10  HH 2290 2255
26
50  DUL 2906 1293
30  HH 2983 2259
10  HH 3021 2229
27
50  DUL 4920 1294
30  DUL 5019 1334
10  DUL 5039 1324
28
50  HH 4889 2248
30  HH 5064 2266
10  DUL 5527 1300
29
50  HH 3628 2236
30  HH 3878 2223
10  HH 3909 2224
30
50  HH 4996 2269
30  HH 5063 2227
10  HH 6102 2271
31
80  HH 3649 2237
40  DUL 3909 1349
0  DUL 4014 1296
32
80  DUL 3673 1305
40  HH 3688 2235
0  DUL 3886 1299
33
80  DUL 2739 1337
40  HH 3238 2212
0  DUL 3487 1351
34
80  HH 4222 2260
40  HH 5513 2239
35
50  DUL 1873 1303
30  HH 1913 2263
10  HH 2028 2249
36
50  HH 2421 2218
30  HH 2652 2221
10  HH 2864 2273
37
50  HH 3806 2211
30  DUL 4325 1320
10  DUL 4438 1294
38
50  DUL 4950 1300
30  HH 5450 2268
10  HH 5463 2248
39
50  HH 3508 2240
30  HH 3614 2224
10  HH 3709 2223
40
50  HH 4760 2269
30  HH 5189 2204
10  HH 5371 2271
41
50  HH 3301 2237
30  DUL 3374 1349
10  DUL 3887 1296
42
50  DUL 3122 1305
30  HH 3522 2234
10  HH 3852 2270
43
50  DUL 2877 1322
30  DUL 3127 1337
10  DUL 3831 1306
45
50  DUL 2291 1307
30  HH 2358 2250
10  HH 2470 2263
46
50  DUL 2757 1293
30  HH 2822 2218
10  HH 3170 2273
47
50  HH 4890 2285
30  DUL 5163 1320
10  DUL 5656 1294
48
50  DUL 5469 1300
30  DUL 7927 1363
49
50  HH 3832 2236
30  DUL 4732 1347
10  HH 4790 2278
50
50  HH 5039 2271
30  HH 6403 2201
51
50  DUL 4042 1296
30  DUL 4289 1349
10  DUL 4327 1357
52
50  DUL 3484 1295
30  HH 3701 2234
10  HH 3822 2235
53
50  HH 18253 1874
30  DUL 18537 1749
54
50  HH 11083 1862
30  DUL 12181 1742
55
50  HH 17450 1864
30  DUL 24027 1744
56
50  HH 20332 1866
57
50  HH 15031 1868
30  DUL 16909 1746
58
50  HH 18633 1869
59
50  HH 13502 1870
61
50  HH 12364 1873
30  DUL 13150 1748
SCORE:HH,DUL,3070,2170,90.0
