HH-FR
1
50  FR 9756 1771
30  HH 10833 2255
10  HH 10937 2250
2
50  HH 11531 2218
30  HH 12748 2221
10  FR 14198 1805
3
50  HH 8407 2211
30  FR 9077 1829
10  HH 9578 2285
4
50  FR 7209 1825
30  FR 10057 1800
10  FR 10463 1784
5
50  FR 7641 1767
30  HH 7706 2236
10  HH 7812 2240
6
50  HH 8663 2233
30  FR 8712 1781
10  FR 9324 1756
7
50  HH 7733 2237
30  FR 8011 1828
10  HH 8933 2246
8
50  HH 7209 2235
30  FR 7819 1749
10  HH 8647 2270
9
50  HH 4109 2220
30  FR 4226 1823
10  FR 5019 1798
10
50  HH 3377 2222
30  HH 3744 2225
10  HH 6128 2290
11
50  FR 2003 1815
30  FR 2238 1778
10  HH 2287 2212
12
50  FR 2009 1740
30  FR 2057 1770
10  HH 2565 2260
13
50  HH 4202 2249
30  FR 4397 1757
10  FR 4501 1786
14
50  HH 4512 2221
30  HH 4875 2284
10  FR 5036 1794
15
50  HH 3227 2211
30  FR 3487 1785
10  FR 3761 1797
16
50  FR 2909 1825
30  FR 3730 1826
10  HH 3967 2266
17
50  HH 6947 2240
30  HH 7712 2223
10  HH 7895 2253
18
50  FR 7796 1831
30  FR 7883 1756
10  HH 8103 2227
19
50  HH 6752 2237
30  FR 6978 1828
10  HH 7974 2206
20
50  HH 6551 2234
30  FR 7289 1748
10  HH 7927 2270
21
50  FR 4902 1798
30  HH 5075 2214
10  HH 5333 2220
22
50  HH 5363 2225
30  FR 5597 1775
10  HH 5694 2222
23
50  FR 2359 1815
30  FR 2628 1778
10  FR 2794 1820
24
50  FR 2369 1740
30  FR 3435 1746
10  FR 3950 1814
25
50  FR 2137 1771
30  HH 2290 2255
10  HH 2331 2249
26
50  FR 2488 1837
30  HH 2983 2259
10  HH 3021 2229
27
50  FR 4456 1785
30  FR 4617 1797
10  HH 5237 2209
28
50  FR 4469 1826
30  FR 4849 1784
10  HH 4889 2248
29
50  FR 3559 1767
30  HH 3628 2236
10  HH 3878 2223
30
50  FR 4107 1781
30  FR 4263 1831
10  HH 4996 2269
31
80  FR 3485 1765
40  HH 3649 2237
0  HH 4100 2246
32
80  FR 3537 1749
40  HH 3688 2235
0  FR 3950 1748
33
80  FR 2371 1815
40  FR 2673 1820
0  FR 3068 1778
34
80  FR 2468 1740
40  FR 2562 1770
0  HH 4222 2260
35
50  HH 1913 2263
30  HH 2028 2249
10  FR 2038 1771
36
50  HH 2421 2218
30  HH 2652 2221
10  HH 2864 2273
37
50  HH 3806 2211
30  FR 4082 1785
10  FR 4656 1829
38
50  FR 3378 1825
30  FR 4474 1784
10  FR 5282 1800
39
50  FR 3359 1767
30  HH 3508 2240
10  HH 3614 2224
40
50  FR 3883 1781
30  FR 3989 1756
10  FR 4378 1831
41
50  FR 3181 1765
30  HH 3301 2237
10  FR 3494 1828
42
50  FR 3447 1749
30  HH 3522 2234
10  HH 3852 2270
43
50  FR 3201 1778
30  FR 3810 1820
10  HH 4070 2198
44
50  FR 2806 1770
30  FR 4503 1746
45
50  HH 2358 2250
30  FR 2412 1771
10  HH 2470 2263
46
50  HH 2822 2218
30  FR 2884 1794
10  FR 2992 1805
47
50  FR 4369 1829
30  HH 4890 2285
10  FR 5456 1821
48
50  FR 3828 1825
30  FR 5026 1800
10  FR 5087 1826
49
50  HH 3832 2236
30  FR 4196 1767
10  FR 4599 1833
50
50  FR 4141 1781
30  HH 5039 2271
10  FR 5093 1756
51
50  FR 3700 1765
30  HH 4534 2246
10  FR 4614 1769
52
50  HH 3701 2234
30  HH 3822 2235
10  FR 4293 1748
53
50  HH 18253 1874
30  FR 30704 1814
54
50  HH 11083 1862
30  FR 11241 1805
55
50  HH 17450 1864
30  FR 23538 1808
56
50  HH 20332 1866
30  FR 25100 1809
57
50  HH 15031 1868
30  FR 15370 1811
58
50  FR 15968 1812
30  HH 18633 1869
59
50  HH 13502 1870
61
50  FR 12000 1813
30  HH 12364 1873
SCORE:HH,FR,2320,3080,-76.0
