HH-FO
1
50  FO 10771 2035
30  HH 10833 2255
10  HH 10937 2250
2
50  FO 10637 2042
30  FO 11528 2114
10  HH 11531 2218
3
50  FO 8237 2055
30  HH 8407 2211
10  HH 9578 2285
4
50  FO 8422 2127
30  FO 9837 2079
10  HH 11712 2279
5
50  HH 7706 2236
30  HH 7812 2240
10  HH 8182 2224
6
50  FO 8478 2053
30  HH 8663 2233
10  FO 8720 2121
7
50  HH 7733 2237
30  FO 7744 2061
10  HH 8933 2246
8
50  FO 6400 2077
30  FO 6997 2094
10  HH 7209 2235
9
50  FO 3181 2050
30  FO 4028 2064
10  HH 4109 2220
10
50  FO 2470 2128
30  FO 2776 2049
10  HH 3377 2222
11
50  FO 2071 2043
30  FO 2090 2078
10  HH 2287 2212
12
50  FO 1906 2065
30  FO 2293 2107
10  FO 2300 2101
13
50  HH 4202 2249
30  HH 4503 2255
10  FO 4515 2110
14
50  FO 4140 2042
30  FO 4351 2088
10  HH 4512 2221
15
50  HH 3227 2211
30  HH 3926 2286
10  HH 3939 2209
16
50  FO 3571 2066
30  FO 3901 2100
10  HH 3967 2266
17
50  HH 6947 2240
30  FO 7118 2036
10  FO 7692 2071
18
50  FO 7319 2121
30  FO 7333 2053
10  FO 7915 2047
19
50  FO 6721 2061
30  HH 6752 2237
10  HH 7974 2206
20
50  FO 5738 2077
30  FO 5938 2094
10  FO 6503 2076
21
50  FO 3857 2050
30  FO 4878 2143
10  HH 5075 2214
22
50  FO 2925 2128
30  FO 3814 2049
10  HH 5363 2225
23
50  FO 2619 2139
30  FO 2720 2043
10  FO 2837 2078
24
50  FO 2552 2065
30  FO 2965 2090
10  FO 3384 2124
25
50  HH 2290 2255
30  HH 2331 2249
10  FO 2372 2074
26
50  FO 2225 2048
30  FO 2312 2114
10  FO 2352 2042
27
50  FO 3759 2055
30  FO 4467 2109
10  FO 4728 2051
28
50  FO 4134 2127
30  FO 4747 2066
10  HH 4889 2248
29
50  HH 3628 2236
30  HH 3878 2223
10  HH 3909 2224
30
50  FO 4253 2121
30  FO 4432 2047
10  FO 4922 2131
31
80  HH 3649 2237
40  HH 4100 2246
0  HH 4405 2217
32
80  FO 3047 2077
40  FO 3414 2076
0  HH 3688 2235
33
80  FO 2181 2139
40  FO 2381 2078
0  FO 2700 2043
34
80  FO 3806 2120
40  HH 4222 2260
0  HH 5513 2239
35
50  HH 1913 2263
30  HH 2028 2249
10  FO 2208 2035
36
50  FO 2122 2104
30  FO 2222 2048
10  HH 2421 2218
37
50  HH 3806 2211
30  FO 4659 2109
10  HH 4734 2285
38
50  FO 4043 2127
30  HH 5450 2268
10  HH 5463 2248
39
50  HH 3508 2240
30  HH 3614 2224
10  HH 3709 2223
40
50  FO 3906 2053
30  HH 4760 2269
10  HH 5189 2204
41
50  HH 3301 2237
30  FO 3459 2061
10  HH 3977 2246
42
50  FO 2884 2094
30  FO 3478 2076
10  HH 3522 2234
43
50  FO 2740 2139
30  FO 3895 2097
10  HH 4070 2198
45
50  HH 2358 2250
30  HH 2470 2263
10  HH 2633 2276
46
50  FO 2462 2104
30  FO 2484 2130
10  FO 2653 2048
47
50  FO 4008 2055
30  HH 4890 2285
10  FO 5244 2109
48
50  FO 4576 2066
30  FO 6287 2137
10  FO 7631 2100
49
50  HH 3832 2236
30  FO 4431 2092
10  FO 4695 2071
50
50  FO 4110 2053
30  FO 4971 2047
10  HH 5039 2271
51
50  FO 3932 2061
30  HH 4534 2246
10  HH 6394 2199
52
50  FO 3541 2077
30  HH 3701 2234
10  FO 3725 2094
53
50  FO 14008 1854
30  HH 18253 1874
54
50  FO 9738 1838
30  HH 11083 1862
55
50  HH 17450 1864
30  FO 19576 1843
56
50  FO 18719 1846
30  HH 20332 1866
57
50  HH 15031 1868
30  FO 15307 1849
58
50  FO 14984 1850
30  HH 18633 1869
59
50  HH 13502 1870
30  FO 15100 1853
61
50  HH 12364 1873
SCORE:HH,FO,1930,3390,-146.0
