HH-GBP
1
50  HH 10833 2255
30  HH 10937 2250
10  HH 11558 2276
2
50  GBP 9298 3408
30  GBP 9322 3416
10  HH 11531 2218
3
50  HH 8407 2211
30  HH 9578 2285
10  HH 10851 2254
4
50  GBP 10451 3407
30  HH 11712 2279
10  HH 11944 2266
5
50  HH 7706 2236
30  HH 7812 2240
10  HH 8182 2224
6
50  GBP 7190 3414
30  HH 8663 2233
10  GBP 8906 3399
7
50  GBP 7477 3415
30  HH 7733 2237
10  HH 8933 2246
8
50  HH 7209 2235
30  GBP 8403 3393
10  HH 8647 2270
9
50  GBP 2550 3410
30  GBP 3697 3404
10  GBP 3837 3409
10
50  HH 3377 2222
30  HH 3744 2225
10  HH 6128 2290
11
50  GBP 2046 3413
30  HH 2287 2212
10  HH 2390 2230
12
50  GBP 1853 3388
30  HH 2565 2260
10  HH 2600 2219
13
50  GBP 3943 3412
30  HH 4202 2249
10  HH 4503 2255
14
50  GBP 3432 3408
30  GBP 4485 3411
10  HH 4512 2221
15
50  HH 3227 2211
30  HH 3926 2286
10  HH 3939 2209
16
50  GBP 3813 3407
30  HH 3967 2266
10  HH 4259 2248
17
50  HH 6947 2240
30  HH 7712 2223
10  HH 7895 2253
18
50  GBP 8007 3399
30  HH 8103 2227
10  GBP 8147 3400
19
50  GBP 6648 3415
30  HH 6752 2237
10  GBP 7221 3418
20
50  HH 6551 2234
30  GBP 7038 3392
10  GBP 7637 3393
21
50  GBP 3449 3404
30  GBP 3872 3410
10  HH 5075 2214
22
50  HH 5363 2225
30  HH 5694 2222
10  HH 7483 2290
23
50  GBP 2762 3396
30  HH 3027 2289
10  HH 3149 2230
24
50  GBP 2508 3388
30  GBP 2585 3395
10  GBP 3559 3394
25
50  HH 2290 2255
30  HH 2331 2249
10  GBP 2384 3412
26
50  GBP 1909 3416
30  GBP 2772 3411
10  GBP 2953 3406
27
50  GBP 5013 3417
30  HH 5237 2209
10  HH 5608 2257
28
50  HH 4889 2248
30  HH 5064 2266
10  GBP 5637 3407
29
50  HH 3628 2236
30  HH 3878 2223
10  HH 3909 2224
30
50  GBP 3294 3414
30  HH 4996 2269
10  GBP 5037 3400
31
80  HH 3649 2237
40  HH 4100 2246
0  HH 4405 2217
32
80  HH 3688 2235
40  GBP 4038 3393
0  HH 4219 2270
33
80  GBP 2384 3413
40  HH 3238 2212
0  HH 3519 2230
34
80  GBP 2772 3388
40  GBP 3281 3395
0  HH 4222 2260
35
50  HH 1913 2263
30  HH 2028 2249
10  HH 2307 2250
36
50  GBP 1660 3408
30  HH 2421 2218
10  GBP 2481 3391
37
50  HH 3806 2211
30  HH 4734 2285
10  HH 4809 2286
38
50  HH 5450 2268
30  HH 5463 2248
10  HH 5563 2279
39
50  HH 3508 2240
30  HH 3614 2224
10  HH 3709 2223
40
50  GBP 3096 3414
30  GBP 4228 3399
10  GBP 4262 3401
41
50  HH 3301 2237
30  HH 3977 2246
10  HH 4113 2206
42
50  HH 3522 2234
30  GBP 3747 3392
10  HH 3852 2270
43
50  GBP 3213 3413
30  HH 4070 2198
10  HH 4343 2291
44
50  GBP 3047 3403
30  GBP 3172 3388
10  GBP 3785 3395
45
50  HH 2358 2250
30  HH 2470 2263
10  HH 2633 2276
46
50  GBP 2090 3416
30  GBP 2550 3406
10  HH 2822 2218
47
50  HH 4890 2285
30  HH 5928 2197
10  HH 6047 2203
48
50  GBP 5239 3407
49
50  HH 3832 2236
30  HH 4790 2278
10  HH 4977 2280
50
50  GBP 4584 3400
30  HH 5039 2271
10  GBP 5112 3401
51
50  GBP 4132 3418
30  HH 4534 2246
10  HH 6394 2199
52
50  HH 3701 2234
30  GBP 3738 3393
10  HH 3822 2235
53
50  HH 18253 1874
54
50  GBP 9875 2033
30  HH 11083 1862
55
50  HH 17450 1864
56
50  GBP 16283 2035
30  HH 20332 1866
57
50  HH 15031 1868
58
50  HH 18633 1869
59
50  HH 13502 1870
60
50  GBP 13453 2036
61
50  HH 12364 1873
SCORE:HH,GBP,3050,2220,83.0
