HH-LCC
1
50  HH 10833 2255
30  HH 10937 2250
10  HH 11558 2276
2
50  HH 11531 2218
30  HH 12748 2221
10  HH 14319 2273
3
50  LCC 7247 2844
30  HH 8407 2211
10  HH 9578 2285
4
50  LCC 7346 2868
30  HH 11712 2279
10  HH 11944 2266
5
50  LCC 7149 2861
30  LCC 7241 2846
10  HH 7706 2236
6
50  LCC 8146 2867
30  HH 8663 2233
10  HH 9413 2227
7
50  LCC 6395 2845
30  HH 7733 2237
10  LCC 8620 2858
8
50  LCC 6350 2871
30  LCC 6572 2836
10  HH 7209 2235
9
50  HH 4109 2220
30  HH 5221 2214
10  LCC 5246 2841
10
50  HH 3377 2222
30  HH 3744 2225
10  HH 6128 2290
11
50  LCC 2278 2859
30  HH 2287 2212
10  LCC 2345 2832
12
50  HH 2565 2260
30  HH 2600 2219
10  HH 2831 2226
13
50  LCC 3277 2869
30  HH 4202 2249
10  LCC 4483 2855
14
50  HH 4512 2221
30  HH 4875 2284
10  LCC 5203 2831
15
50  HH 3227 2211
30  HH 3926 2286
10  HH 3939 2209
16
50  LCC 2821 2868
30  HH 3967 2266
10  HH 4259 2248
17
50  LCC 6550 2862
30  HH 6947 2240
10  HH 7712 2223
18
50  LCC 7280 2867
30  HH 8103 2227
10  LCC 9017 2847
19
50  HH 6752 2237
30  HH 7974 2206
10  HH 8820 2217
20
50  LCC 5634 2836
30  LCC 5829 2835
10  HH 6551 2234
21
50  LCC 4821 2842
30  HH 5075 2214
10  HH 5333 2220
22
50  HH 5363 2225
30  HH 5694 2222
10  HH 7483 2290
23
50  LCC 2705 2832
30  HH 3027 2289
10  LCC 3055 2859
24
50  LCC 3932 2837
30  HH 4215 2274
10  HH 4388 2283
25
50  LCC 1880 2869
30  HH 2290 2255
10  HH 2331 2249
26
50  LCC 2887 2831
30  HH 2983 2259
10  HH 3021 2229
27
50  LCC 3373 2844
30  HH 5237 2209
10  LCC 5359 2864
28
50  HH 4889 2248
30  HH 5064 2266
10  HH 5677 2241
29
50  LCC 3544 2862
30  HH 3628 2236
10  HH 3878 2223
30
50  LCC 4645 2847
30  HH 4996 2269
10  HH 5063 2227
31
80  HH 3649 2237
40  LCC 3887 2858
0  HH 4100 2246
32
80  LCC 2945 2871
40  HH 3688 2235
0  LCC 3756 2834
33
80  HH 3238 2212
40  HH 3519 2230
0  HH 3922 2289
34
80  HH 4222 2260
40  HH 5513 2239
35
50  HH 1913 2263
30  HH 2028 2249
10  HH 2307 2250
36
50  HH 2421 2218
30  HH 2652 2221
10  HH 2864 2273
37
50  LCC 3470 2844
30  HH 3806 2211
10  HH 4734 2285
38
50  HH 5450 2268
30  HH 5463 2248
10  HH 5563 2279
39
50  LCC 3019 2861
30  LCC 3026 2846
10  HH 3508 2240
40
50  LCC 3952 2867
30  HH 4760 2269
10  HH 5189 2204
41
50  LCC 2770 2845
30  HH 3301 2237
10  LCC 3963 2858
42
50  LCC 2625 2871
30  LCC 3019 2835
10  LCC 3132 2851
43
50  HH 4070 2198
30  HH 4343 2291
10  HH 4749 2265
45
50  HH 2358 2250
30  HH 2470 2263
10  HH 2633 2276
46
50  LCC 2716 2831
30  HH 2822 2218
10  HH 3170 2273
47
50  HH 4890 2285
30  LCC 5133 2860
10  HH 5928 2197
49
50  LCC 3773 2861
30  LCC 3821 2846
10  HH 3832 2236
50
50  HH 5039 2271
30  HH 6403 2201
51
50  LCC 3654 2845
30  HH 4534 2246
10  HH 6394 2199
52
50  LCC 3518 2836
30  HH 3701 2234
10  LCC 3734 2851
53
50  HH 18253 1874
54
50  HH 11083 1862
55
50  HH 17450 1864
30  LCC 20217 1954
56
50  HH 20332 1866
57
50  HH 15031 1868
30  LCC 16435 1955
58
50  HH 18633 1869
59
50  LCC 11929 1956
30  HH 13502 1870
60
50  LCC 17576 1957
61
50  LCC 11533 1959
30  HH 12364 1873
SCORE:HH,LCC,3080,2100,98.0
