HH-ML
1
50  ML 7733 3026
30  ML 8827 3040
10  HH 10833 2255
2
50  HH 11531 2218
30  HH 12748 2221
10  HH 14319 2273
3
50  ML 7653 3039
30  ML 8387 3030
10  HH 8407 2211
4
50  HH 11712 2279
30  HH 11944 2266
10  HH 12150 2241
5
50  ML 7646 2976
30  HH 7706 2236
10  HH 7812 2240
6
50  ML 8587 3042
30  HH 8663 2233
10  ML 8838 3041
7
50  HH 7733 2237
30  HH 8933 2246
10  HH 9082 2206
8
50  ML 6856 3009
30  HH 7209 2235
10  HH 8647 2270
9
50  ML 2362 3027
30  ML 3564 3035
10  ML 3747 3038
10
50  HH 3377 2222
30  ML 3708 3055
10  HH 3744 2225
11
50  ML 1763 3018
30  ML 2138 2990
10  ML 2240 2985
12
50  ML 1841 3057
30  ML 2006 3058
10  ML 2091 3016
13
50  ML 4123 2974
30  HH 4202 2249
10  HH 4503 2255
14
50  ML 3347 3007
30  ML 3845 3052
10  ML 4152 3017
15
50  ML 3038 3039
30  ML 3094 2983
10  HH 3227 2211
16
50  ML 3797 3008
30  HH 3967 2266
10  HH 4259 2248
17
50  ML 6728 3025
30  HH 6947 2240
10  ML 7035 2976
18
50  ML 7318 3042
30  ML 7769 3041
10  ML 8081 3006
19
50  HH 6752 2237
30  HH 7974 2206
10  HH 8820 2217
20
50  ML 5822 3009
30  HH 6551 2234
10  HH 7927 2270
21
50  ML 3140 3027
30  ML 4009 2975
10  ML 4740 3035
22
50  ML 5102 3004
30  HH 5363 2225
10  HH 5694 2222
23
50  ML 2434 2968
30  ML 2446 3018
10  ML 2706 2985
24
50  ML 2428 3058
30  ML 2614 3057
10  ML 2625 3016
25
50  ML 2282 2979
30  HH 2290 2255
10  HH 2331 2249
26
50  ML 1775 3007
30  ML 2128 3052
10  ML 2400 3017
27
50  ML 3468 3028
30  ML 3828 3030
10  ML 4069 3021
28
50  HH 4889 2248
30  HH 5064 2266
10  ML 5208 3053
29
50  ML 3495 3025
30  HH 3628 2236
10  ML 3766 2976
30
50  ML 4514 3006
30  ML 4781 3000
10  ML 4925 3023
31
80  HH 3649 2237
40  HH 4100 2246
0  HH 4405 2217
32
80  ML 3295 3009
40  HH 3688 2235
0  HH 4219 2270
33
80  HH 3238 2212
40  HH 3519 2230
0  HH 3922 2289
34
80  HH 4222 2260
40  HH 5513 2239
35
50  ML 1494 3026
30  ML 1822 3040
10  HH 1913 2263
36
50  ML 1976 3007
30  ML 2253 3017
10  HH 2421 2218
37
50  ML 3107 3028
30  ML 3506 3039
10  HH 3806 2211
38
50  ML 4734 3008
30  ML 5303 3053
10  HH 5450 2268
39
50  ML 3244 2976
30  HH 3508 2240
10  ML 3546 3025
40
50  HH 4760 2269
30  ML 4843 3006
10  HH 5189 2204
41
50  HH 3301 2237
30  HH 3977 2246
10  HH 4113 2206
42
50  ML 2864 3009
30  HH 3522 2234
10  HH 3852 2270
43
50  ML 2798 3018
30  ML 2884 2968
10  HH 4070 2198
44
50  ML 2996 2998
45
50  ML 1895 3026
30  ML 2352 3040
10  HH 2358 2250
46
50  HH 2822 2218
30  ML 2939 3031
10  HH 3170 2273
47
50  ML 3656 3028
30  ML 4203 2983
10  ML 4350 2999
48
50  ML 4858 3008
49
50  HH 3832 2236
30  ML 4165 3025
10  HH 4790 2278
50
50  ML 4115 3023
30  ML 4447 3041
10  ML 4591 3042
51
50  HH 4534 2246
30  HH 6394 2199
52
50  HH 3701 2234
30  HH 3822 2235
10  HH 4650 2252
53
50  ML 16500 1973
30  HH 18253 1874
54
50  ML 9222 1974
30  HH 11083 1862
55
50  ML 16363 1977
30  HH 17450 1864
56
50  ML 18044 1978
30  HH 20332 1866
57
50  ML 12776 1980
30  HH 15031 1868
58
50  HH 18633 1869
59
50  HH 13502 1870
60
50  ML 14843 1981
61
50  HH 12364 1873
SCORE:HH,ML,2170,3140,-97.0
