HH-NC
1
50  NC 9537 1485
30  HH 10833 2255
10  HH 10937 2250
2
50  NC 10859 1532
30  HH 11531 2218
10  HH 12748 2221
3
50  NC 7906 1477
30  HH 8407 2211
10  NC 9235 1504
4
50  NC 8479 1533
30  NC 9094 1471
10  NC 10406 1518
5
50  HH 7706 2236
30  HH 7812 2240
10  NC 8092 1476
6
50  HH 8663 2233
30  NC 9079 1524
10  HH 9413 2227
7
50  HH 7733 2237
30  NC 8569 1497
10  HH 8933 2246
8
50  NC 7103 1483
30  NC 7146 1492
10  HH 7209 2235
9
50  NC 2950 1526
30  HH 4109 2220
10  NC 4638 1486
10
50  HH 3377 2222
30  HH 3744 2225
10  HH 6128 2290
11
50  NC 2056 1515
30  HH 2287 2212
10  HH 2390 2230
12
50  NC 2144 1487
30  NC 2181 1530
10  NC 2388 1489
13
50  NC 4184 1474
30  HH 4202 2249
10  HH 4503 2255
14
50  NC 4309 1528
30  HH 4512 2221
10  HH 4875 2284
15
50  NC 3160 1477
30  HH 3227 2211
10  NC 3698 1522
16
50  NC 3250 1517
30  NC 3447 1533
10  NC 3932 1502
17
50  HH 6947 2240
30  NC 7388 1470
10  HH 7712 2223
18
50  NC 7797 1537
30  NC 7947 1524
10  HH 8103 2227
19
50  HH 6752 2237
30  NC 7391 1497
10  HH 7974 2206
20
50  NC 6181 1483
30  NC 6473 1509
10  HH 6551 2234
21
50  NC 4007 1526
30  HH 5075 2214
10  HH 5333 2220
22
50  HH 5363 2225
30  HH 5694 2222
10  HH 7483 2290
23
50  NC 2606 1516
30  HH 3027 2289
10  HH 3149 2230
24
50  NC 2572 1487
30  NC 3022 1489
10  NC 3553 1521
25
50  NC 1994 1485
30  HH 2290 2255
10  HH 2331 2249
26
50  NC 2422 1525
30  NC 2580 1467
10  NC 2619 1469
27
50  NC 3567 1477
30  NC 4549 1504
10  HH 5237 2209
28
50  NC 4119 1533
30  NC 4179 1471
10  HH 4889 2248
29
50  HH 3628 2236
30  NC 3790 1470
10  HH 3878 2223
30
50  NC 4540 1537
30  NC 4856 1524
10  HH 4996 2269
31
80  HH 3649 2237
40  NC 3954 1497
0  HH 4100 2246
32
80  NC 3181 1492
40  NC 3437 1509
0  HH 3688 2235
33
80  NC 2860 1516
40  NC 2900 1515
0  NC 2912 1510
34
80  NC 2659 1530
40  NC 3803 1487
0  HH 4222 2260
35
50  NC 1873 1485
30  HH 1913 2263
10  HH 2028 2249
36
50  NC 2300 1525
30  NC 2389 1532
10  HH 2421 2218
37
50  HH 3806 2211
30  NC 4296 1519
10  NC 4328 1504
38
50  NC 3571 1517
30  NC 4003 1471
10  HH 5450 2268
39
50  HH 3508 2240
30  NC 3541 1470
10  HH 3614 2224
40
50  NC 4068 1537
30  NC 4128 1514
10  HH 4760 2269
41
50  HH 3301 2237
30  NC 3763 1497
10  HH 3977 2246
42
50  NC 2993 1483
30  NC 3113 1492
10  NC 3359 1509
43
50  NC 3047 1516
30  NC 3862 1515
10  HH 4070 2198
44
50  NC 2992 1494
30  NC 3066 1489
10  NC 3369 1530
45
50  HH 2358 2250
30  NC 2462 1474
10  HH 2470 2263
46
50  NC 2525 1532
30  HH 2822 2218
10  HH 3170 2273
47
50  NC 4322 1477
30  NC 4701 1519
10  NC 4796 1522
48
50  NC 4507 1517
30  NC 5165 1502
10  NC 5600 1518
49
50  HH 3832 2236
30  NC 4160 1476
10  HH 4790 2278
50
50  NC 4410 1524
30  HH 5039 2271
10  NC 5575 1508
51
50  HH 4534 2246
30  NC 4844 1505
10  NC 4958 1466
52
50  NC 3615 1483
30  HH 3701 2234
10  NC 3750 1492
53
50  HH 18253 1874
54
50  NC 9591 1764
30  HH 11083 1862
55
50  HH 17450 1864
30  NC 18144 1766
56
50  NC 18106 1768
30  HH 20332 1866
57
50  HH 15031 1868
30  NC 15191 1770
58
50  NC 14393 1772
30  HH 18633 1869
59
50  HH 13502 1870
30  NC 14019 1773
60
50  NC 14844 1774
61
50  HH 12364 1873
30  NC 14235 1775
SCORE:HH,NC,1970,3490,-152.0
