HH-NSC
1
50  NSC 10734 638
30  HH 10833 2255
10  NSC 10903 666
2
50  NSC 10994 632
30  HH 11531 2218
10  NSC 11871 607
3
50  NSC 7928 660
30  HH 8407 2211
10  HH 9578 2285
4
50  NSC 10388 671
30  HH 11712 2279
10  HH 11944 2266
5
50  NSC 7594 612
30  HH 7706 2236
10  HH 7812 2240
6
50  NSC 7116 595
30  NSC 8581 601
10  HH 8663 2233
7
50  NSC 7146 664
30  HH 7733 2237
10  NSC 7884 584
8
50  NSC 6128 586
30  NSC 7101 569
10  HH 7209 2235
9
50  NSC 2872 634
30  NSC 3075 651
10  NSC 3385 674
10
50  HH 3377 2222
30  NSC 3440 644
10  NSC 3666 630
11
50  NSC 2137 672
30  NSC 2175 643
10  NSC 2285 611
12
50  NSC 2081 606
30  NSC 2541 657
10  HH 2565 2260
13
50  NSC 4031 640
30  NSC 4131 638
10  HH 4202 2249
14
50  NSC 3841 627
30  NSC 4163 677
10  NSC 4425 622
15
50  HH 3227 2211
30  NSC 3797 635
10  NSC 3807 576
16
50  NSC 3888 642
30  HH 3967 2266
10  HH 4259 2248
17
50  HH 6947 2240
30  NSC 7472 656
10  HH 7712 2223
18
50  NSC 7620 617
30  NSC 7872 589
10  NSC 8006 570
19
50  NSC 6697 573
30  HH 6752 2237
10  NSC 7000 584
20
50  NSC 5459 586
30  NSC 5678 661
10  HH 6551 2234
21
50  NSC 3888 634
30  NSC 4450 651
10  NSC 4558 575
22
50  NSC 4485 644
30  HH 5363 2225
10  HH 5694 2222
23
50  NSC 2553 643
30  NSC 2566 665
10  NSC 2839 648
24
50  NSC 2825 606
30  NSC 3006 578
10  NSC 3125 614
25
50  NSC 2138 638
30  NSC 2170 666
10  HH 2290 2255
26
50  NSC 2112 627
30  NSC 2384 677
10  NSC 2456 622
27
50  NSC 3566 660
30  NSC 4984 649
10  HH 5237 2209
28
50  NSC 4747 642
30  HH 4889 2248
10  HH 5064 2266
29
50  HH 3628 2236
30  NSC 3691 612
10  HH 3878 2223
30
50  NSC 4118 592
30  NSC 4137 617
10  NSC 4447 589
31
80  NSC 3358 664
40  NSC 3612 594
0  HH 3649 2237
32
80  NSC 2969 586
40  NSC 3428 569
0  NSC 3500 605
33
80  NSC 2650 665
40  NSC 2703 672
0  NSC 2825 603
34
80  NSC 2619 606
40  HH 4222 2260
0  HH 5513 2239
35
50  HH 1913 2263
30  HH 2028 2249
10  NSC 2060 640
36
50  NSC 2269 631
30  NSC 2356 633
10  HH 2421 2218
37
50  NSC 3546 660
30  HH 3806 2211
10  NSC 4490 576
38
50  NSC 5213 671
30  HH 5450 2268
10  HH 5463 2248
39
50  HH 3508 2240
30  HH 3614 2224
10  HH 3709 2223
40
50  NSC 3934 601
30  NSC 3941 592
10  NSC 4331 570
41
50  HH 3301 2237
30  NSC 3315 573
10  NSC 3440 567
42
50  NSC 2939 661
30  NSC 3104 591
10  NSC 3250 624
43
50  NSC 2800 672
30  NSC 3390 626
10  NSC 3700 648
44
50  NSC 2832 621
30  NSC 4644 614
45
50  HH 2358 2250
30  HH 2470 2263
10  NSC 2497 640
46
50  NSC 2409 632
30  NSC 2559 622
10  HH 2822 2218
47
50  HH 4890 2285
30  NSC 5122 593
10  NSC 5138 572
48
50  NSC 5044 671
30  NSC 5400 613
10  NSC 5731 642
49
50  HH 3832 2236
30  NSC 4059 612
10  NSC 4425 625
50
50  NSC 3590 595
30  NSC 4453 592
10  HH 5039 2271
51
50  NSC 3763 664
30  NSC 4044 567
10  NSC 4137 594
52
50  NSC 3544 661
30  HH 3701 2234
10  HH 3822 2235
53
50  NSC 15700 1685
30  HH 18253 1874
54
50  NSC 9860 1672
30  HH 11083 1862
55
50  HH 17450 1864
30  NSC 20914 1675
56
50  NSC 17615 1677
30  HH 20332 1866
57
50  HH 15031 1868
30  NSC 15450 1679
58
50  HH 18633 1869
59
50  HH 13502 1870
30  NSC 14494 1682
60
50  NSC 12959 1683
61
50  NSC 12194 1684
30  HH 12364 1873
SCORE:HH,NSC,1550,3900,-235.0
