HH-ROR
1
50  ROR 9794 13
30  ROR 10469 56
10  HH 10833 2255
2
50  ROR 10266 6
30  HH 11531 2218
10  HH 12748 2221
3
50  ROR 7756 33
30  ROR 8009 14
10  HH 8407 2211
4
50  ROR 7966 7
30  ROR 9978 43
10  HH 11712 2279
5
50  ROR 7441 10
30  HH 7706 2236
10  HH 7812 2240
6
50  ROR 7169 27
30  ROR 8022 64
10  HH 8663 2233
7
50  ROR 7410 35
30  HH 7733 2237
10  HH 8933 2246
8
50  ROR 6656 68
30  HH 7209 2235
10  HH 8647 2270
9
50  ROR 2537 63
30  ROR 3150 31
10  HH 4109 2220
10
50  ROR 3291 67
30  HH 3377 2222
10  HH 3744 2225
11
50  ROR 1994 48
30  HH 2287 2212
10  ROR 2388 21
12
50  ROR 2081 32
30  ROR 2137 5
10  ROR 2206 49
13
50  ROR 3966 15
30  ROR 3968 56
10  ROR 3978 13
14
50  ROR 4316 20
30  ROR 4440 40
10  HH 4512 2221
15
50  HH 3227 2211
30  ROR 3890 42
10  HH 3926 2286
16
50  ROR 3175 36
30  HH 3967 2266
10  ROR 4041 59
17
50  ROR 6372 47
30  HH 6947 2240
10  ROR 7128 57
18
50  ROR 6254 28
30  ROR 6944 64
10  HH 8103 2227
19
50  ROR 6487 35
30  HH 6752 2237
10  ROR 7791 24
20
50  ROR 5890 68
30  HH 6551 2234
10  HH 7927 2270
21
50  ROR 2909 63
30  HH 5075 2214
10  HH 5333 2220
22
50  ROR 3997 67
30  HH 5363 2225
10  ROR 5540 39
23
50  ROR 2778 21
30  HH 3027 2289
10  ROR 3097 66
24
50  ROR 2470 5
30  ROR 2659 49
10  ROR 3528 3
25
50  ROR 2044 56
30  ROR 2278 15
10  HH 2290 2255
26
50  ROR 2088 26
30  ROR 2765 12
10  ROR 2872 29
27
50  ROR 3778 16
30  HH 5237 2209
10  HH 5608 2257
28
50  ROR 3850 36
30  HH 4889 2248
10  ROR 4956 59
29
50  HH 3628 2236
30  ROR 3806 57
10  HH 3878 2223
30
50  ROR 3847 25
30  HH 4996 2269
10  HH 5063 2227
31
80  ROR 3550 35
40  HH 3649 2237
0  ROR 3828 24
32
80  HH 3688 2235
40  HH 4219 2270
0  HH 4509 2228
33
80  ROR 2116 34
40  ROR 2636 48
0  HH 3238 2212
34
80  ROR 2250 38
40  ROR 2288 5
0  ROR 2943 32
35
50  ROR 1889 61
30  HH 1913 2263
10  HH 2028 2249
36
50  ROR 1883 6
30  ROR 2194 26
10  ROR 2291 17
37
50  ROR 3327 33
30  ROR 3482 14
10  HH 3806 2211
38
50  ROR 3441 7
30  ROR 5214 44
10  HH 5450 2268
39
50  ROR 3241 10
30  ROR 3500 18
10  HH 3508 2240
40
50  ROR 3207 28
30  ROR 3788 25
10  HH 4760 2269
41
50  HH 3301 2237
30  ROR 3589 23
10  ROR 3606 24
42
50  HH 3522 2234
30  HH 3852 2270
10  HH 3969 2252
43
50  ROR 2875 34
30  HH 4070 2198
10  HH 4343 2291
44
50  ROR 2753 38
30  ROR 3152 55
10  ROR 3333 32
45
50  ROR 2326 61
30  HH 2358 2250
10  HH 2470 2263
46
50  ROR 2672 20
30  HH 2822 2218
10  ROR 2881 17
47
50  HH 4890 2285
30  ROR 5050 16
10  ROR 5462 42
48
50  ROR 5233 43
30  ROR 5885 41
49
50  ROR 3527 47
30  HH 3832 2236
10  ROR 4453 22
50
50  ROR 3632 27
30  HH 5039 2271
10  HH 6403 2201
51
50  HH 4534 2246
30  ROR 5203 23
10  HH 6394 2199
52
50  ROR 3534 68
30  HH 3701 2234
10  HH 3822 2235
53
50  HH 18253 1874
54
50  ROR 9445 1624
30  HH 11083 1862
55
50  HH 17450 1864
30  ROR 18003 1627
56
50  ROR 16518 1628
30  HH 20332 1866
57
50  ROR 13885 1629
30  HH 15031 1868
58
50  ROR 14409 1630
30  HH 18633 1869
59
50  ROR 12591 1631
30  HH 13502 1870
60
50  ROR 12175 1632
61
50  HH 12364 1873
SCORE:HH,ROR,1780,3640,-186.0
