HH-SHC
1
50  SHC 8773 492
30  SHC 10263 463
10  SHC 10669 513
2
50  SHC 10517 475
30  SHC 10644 539
10  HH 11531 2218
3
50  HH 8407 2211
30  SHC 8951 533
10  HH 9578 2285
4
50  SHC 7872 552
30  HH 11712 2279
10  HH 11944 2266
5
50  HH 7706 2236
30  HH 7812 2240
10  SHC 8052 501
6
50  SHC 6757 549
30  HH 8663 2233
10  HH 9413 2227
7
50  SHC 7710 459
30  SHC 7723 479
10  HH 7733 2237
8
50  HH 7209 2235
30  SHC 7306 502
10  SHC 7419 497
9
50  SHC 3479 481
30  SHC 3513 528
10  SHC 3803 486
10
50  SHC 3037 565
30  HH 3377 2222
10  SHC 3619 471
11
50  SHC 2143 564
30  HH 2287 2212
10  SHC 2346 491
12
50  HH 2565 2260
30  HH 2600 2219
10  SHC 2783 535
13
50  SHC 3514 492
30  SHC 3799 547
10  SHC 3929 522
14
50  SHC 4207 537
30  HH 4512 2221
10  SHC 4694 559
15
50  HH 3227 2211
30  SHC 3479 533
10  SHC 3687 514
16
50  SHC 3036 552
30  SHC 3941 542
10  HH 3967 2266
17
50  HH 6947 2240
30  SHC 7129 546
10  HH 7712 2223
18
50  SHC 7143 493
30  HH 8103 2227
10  SHC 8607 488
19
50  SHC 6655 479
30  HH 6752 2237
10  SHC 6933 459
20
50  SHC 5949 490
30  SHC 6294 497
10  HH 6551 2234
21
50  SHC 2812 540
30  SHC 3757 481
10  SHC 4366 528
22
50  SHC 3253 565
30  SHC 3894 471
10  SHC 4737 534
23
50  SHC 2502 564
30  SHC 2827 554
10  SHC 2833 553
24
50  SHC 2900 464
30  SHC 3818 512
10  SHC 3879 504
25
50  SHC 2013 550
30  SHC 2044 513
10  SHC 2203 547
26
50  SHC 2653 457
30  SHC 2657 538
10  SHC 2905 480
27
50  SHC 4386 533
30  SHC 4756 487
10  HH 5237 2209
28
50  SHC 4765 451
30  HH 4889 2248
10  HH 5064 2266
29
50  SHC 3509 546
30  HH 3628 2236
10  HH 3878 2223
30
50  SHC 4305 493
30  SHC 4891 488
10  HH 4996 2269
31
80  HH 3649 2237
40  SHC 3706 558
0  SHC 3828 458
32
80  SHC 3169 502
40  SHC 3619 526
0  HH 3688 2235
33
80  SHC 2923 554
40  SHC 2977 491
0  SHC 2997 540
34
80  SHC 3849 511
40  HH 4222 2260
0  HH 5513 2239
35
50  SHC 1906 463
30  HH 1913 2263
10  HH 2028 2249
36
50  SHC 2075 537
30  SHC 2173 539
10  HH 2421 2218
37
50  HH 3806 2211
30  SHC 4158 514
10  SHC 4610 487
38
50  SHC 3333 552
30  SHC 4793 525
10  HH 5450 2268
39
50  SHC 3290 501
30  HH 3508 2240
10  HH 3614 2224
40
50  SHC 2951 549
30  SHC 3667 493
10  HH 4760 2269
41
50  HH 3301 2237
30  SHC 3356 459
10  SHC 3443 479
42
50  SHC 2906 490
30  SHC 3016 502
10  HH 3522 2234
43
50  SHC 3154 553
30  SHC 3207 469
10  SHC 3212 491
44
50  SHC 3788 464
45
50  SHC 2141 550
30  HH 2358 2250
10  HH 2470 2263
46
50  SHC 2295 475
30  SHC 2475 539
10  HH 2822 2218
47
50  HH 4890 2285
30  SHC 5463 482
10  SHC 5543 515
48
50  SHC 5134 542
30  SHC 5643 466
10  SHC 5672 451
49
50  HH 3832 2236
30  SHC 4671 478
10  HH 4790 2278
50
50  SHC 3461 549
30  HH 5039 2271
10  SHC 5967 476
51
50  SHC 4114 458
30  HH 4534 2246
10  SHC 4837 489
52
50  HH 3701 2234
30  SHC 3760 490
10  SHC 3804 497
53
50  SHC 16298 1670
30  HH 18253 1874
54
50  HH 11083 1862
55
50  SHC 14927 1665
30  HH 17450 1864
56
50  SHC 18851 1666
30  HH 20332 1866
57
50  HH 15031 1868
30  SHC 18766 1667
58
50  HH 18633 1869
59
50  HH 13502 1870
61
50  HH 12364 1873
SCORE:HH,SHC,1700,3580,-188.0
