HH-SCSC
1
50  SCSC 9422 83
30  SCSC 9644 126
10  HH 10833 2255
2
50  SCSC 10856 129
30  SCSC 11107 196
10  HH 11531 2218
3
50  SCSC 8177 125
30  SCSC 8218 208
10  HH 8407 2211
4
50  SCSC 8071 200
30  SCSC 9385 128
10  HH 11712 2279
5
50  SCSC 7622 107
30  HH 7706 2236
10  HH 7812 2240
6
50  SCSC 6832 178
30  SCSC 7156 151
10  SCSC 7837 192
7
50  HH 7733 2237
30  SCSC 8853 117
10  HH 8933 2246
8
50  SCSC 6738 176
30  HH 7209 2235
10  SCSC 8626 142
9
50  SCSC 3301 182
30  SCSC 3619 94
10  SCSC 3926 97
10
50  SCSC 2637 185
30  HH 3377 2222
10  HH 3744 2225
11
50  SCSC 2091 172
30  SCSC 2114 191
10  HH 2287 2212
12
50  SCSC 1919 154
30  SCSC 2425 195
10  HH 2565 2260
13
50  SCSC 3635 126
30  SCSC 3641 83
10  SCSC 3885 146
14
50  SCSC 3983 80
30  SCSC 4257 168
10  HH 4512 2221
15
50  SCSC 2862 159
30  SCSC 3194 208
10  HH 3227 2211
16
50  SCSC 3125 200
30  SCSC 3216 82
10  SCSC 3457 128
17
50  SCSC 6237 199
30  HH 6947 2240
10  SCSC 7682 177
18
50  SCSC 6556 133
30  SCSC 6657 192
10  SCSC 7412 127
19
50  SCSC 6151 108
30  HH 6752 2237
10  HH 7974 2206
20
50  SCSC 5587 156
30  HH 6551 2234
10  SCSC 7509 142
21
50  SCSC 4619 182
30  HH 5075 2214
10  SCSC 5152 183
22
50  SCSC 4701 173
30  SCSC 5191 123
10  HH 5363 2225
23
50  SCSC 2875 191
30  HH 3027 2289
10  HH 3149 2230
24
50  SCSC 2425 154
30  SCSC 3058 147
10  SCSC 3283 140
25
50  SCSC 2089 126
30  HH 2290 2255
10  HH 2331 2249
26
50  SCSC 2220 196
30  SCSC 2271 168
10  SCSC 2376 129
27
50  SCSC 3313 159
30  SCSC 3831 208
10  HH 5237 2209
28
50  SCSC 3633 200
30  SCSC 4544 144
10  SCSC 4628 128
29
50  HH 3628 2236
30  HH 3878 2223
10  HH 3909 2224
30
50  SCSC 3432 120
30  SCSC 3545 178
10  SCSC 4538 106
31
80  SCSC 3306 108
40  HH 3649 2237
0  SCSC 4070 121
32
80  SCSC 3432 176
40  HH 3688 2235
0  SCSC 3878 142
33
80  SCSC 2565 105
40  SCSC 3100 191
0  HH 3238 2212
34
80  SCSC 3219 147
40  SCSC 3240 160
0  HH 4222 2260
35
50  SCSC 1728 83
30  HH 1913 2263
10  SCSC 1995 146
36
50  SCSC 2366 164
30  HH 2421 2218
10  SCSC 2500 134
37
50  HH 3806 2211
30  SCSC 3894 166
10  SCSC 4683 118
38
50  SCSC 4764 144
30  SCSC 4775 109
10  SCSC 5003 202
39
50  SCSC 3078 199
30  HH 3508 2240
10  HH 3614 2224
40
50  SCSC 3012 151
30  SCSC 3447 192
10  SCSC 3459 120
41
50  HH 3301 2237
30  HH 3977 2246
10  SCSC 4072 117
42
50  SCSC 2747 156
30  SCSC 2783 201
10  HH 3522 2234
43
50  SCSC 3153 172
30  SCSC 3250 95
10  SCSC 3331 105
44
50  SCSC 2935 160
30  SCSC 3825 137
10  SCSC 4272 185
45
50  HH 2358 2250
30  HH 2470 2263
10  SCSC 2507 184
46
50  SCSC 2757 88
30  HH 2822 2218
10  SCSC 2904 136
47
50  SCSC 4256 125
30  HH 4890 2285
10  SCSC 5194 100
48
50  SCSC 4256 82
30  SCSC 4665 169
10  SCSC 5169 109
49
50  HH 3832 2236
30  SCSC 3997 107
10  SCSC 4313 165
50
50  SCSC 3432 178
30  SCSC 3800 133
10  SCSC 3982 151
51
50  SCSC 4337 117
30  HH 4534 2246
10  SCSC 5038 121
52
50  SCSC 3234 156
30  SCSC 3339 201
10  HH 3701 2234
53
50  SCSC 16759 1641
30  HH 18253 1874
54
50  SCSC 9056 1633
30  HH 11083 1862
55
50  HH 17450 1864
30  SCSC 19565 1634
56
50  SCSC 18470 1635
30  HH 20332 1866
57
50  SCSC 13178 1636
30  HH 15031 1868
58
50  SCSC 14856 1637
30  HH 18633 1869
59
50  SCSC 13296 1638
30  HH 13502 1870
60
50  SCSC 12758 1639
61
50  SCSC 11516 1640
30  HH 12364 1873
SCORE:HH,SCSC,1380,4110,-273.0
