HH-SPD
1
50  SPD 10483 2543
30  HH 10833 2255
10  HH 10937 2250
2
50  SPD 8459 2533
30  SPD 9968 2525
10  HH 11531 2218
3
50  HH 8407 2211
30  HH 9578 2285
10  SPD 10200 2513
4
50  SPD 10001 2510
30  SPD 10160 2549
10  SPD 10875 2509
5
50  HH 7706 2236
30  HH 7812 2240
10  SPD 7938 2532
6
50  SPD 8395 2544
30  HH 8663 2233
10  HH 9413 2227
7
50  HH 7733 2237
30  HH 8933 2246
10  HH 9082 2206
8
50  HH 7209 2235
30  HH 8647 2270
10  SPD 8953 2540
9
50  SPD 3385 2489
30  HH 4109 2220
10  SPD 4118 2490
10
50  HH 3377 2222
30  HH 3744 2225
10  HH 6128 2290
11
50  HH 2287 2212
30  HH 2390 2230
10  SPD 2582 2526
12
50  HH 2565 2260
30  HH 2600 2219
10  HH 2831 2226
13
50  HH 4202 2249
30  HH 4503 2255
10  SPD 4588 2541
14
50  SPD 3450 2533
30  HH 4512 2221
10  SPD 4704 2520
15
50  HH 3227 2211
30  SPD 3909 2511
10  HH 3926 2286
16
50  SPD 3708 2553
30  SPD 3714 2510
10  HH 3967 2266
17
50  SPD 6896 2532
30  HH 6947 2240
10  HH 7712 2223
18
50  SPD 7106 2544
30  HH 8103 2227
10  SPD 8412 2551
19
50  HH 6752 2237
30  HH 7974 2206
10  SPD 8300 2539
20
50  HH 6551 2234
30  SPD 7422 2552
10  HH 7927 2270
21
50  SPD 3859 2489
30  SPD 3863 2490
10  HH 5075 2214
22
50  HH 5363 2225
30  SPD 5433 2536
10  HH 5694 2222
23
50  HH 3027 2289
30  HH 3149 2230
10  SPD 3184 2515
24
50  SPD 4159 2496
30  HH 4215 2274
10  HH 4388 2283
25
50  SPD 2138 2543
30  HH 2290 2255
10  HH 2331 2249
26
50  SPD 1891 2533
30  SPD 2140 2525
10  HH 2983 2259
27
50  SPD 4615 2511
30  SPD 4970 2513
10  HH 5237 2209
28
50  SPD 4881 2509
30  HH 4889 2248
10  HH 5064 2266
29
50  HH 3628 2236
30  HH 3878 2223
10  HH 3909 2224
30
50  SPD 4387 2508
30  SPD 4707 2542
10  SPD 4803 2551
31
80  HH 3649 2237
40  HH 4100 2246
0  SPD 4170 2539
32
80  HH 3688 2235
40  SPD 4063 2552
0  HH 4219 2270
33
80  HH 3238 2212
40  HH 3519 2230
0  HH 3922 2289
34
80  HH 4222 2260
40  HH 5513 2239
35
50  HH 1913 2263
30  HH 2028 2249
10  HH 2307 2250
36
50  SPD 2102 2525
30  HH 2421 2218
10  HH 2652 2221
37
50  HH 3806 2211
30  SPD 4592 2550
10  HH 4734 2285
38
50  SPD 4631 2553
30  SPD 4950 2549
10  SPD 5247 2493
39
50  HH 3508 2240
30  HH 3614 2224
10  SPD 3639 2532
40
50  SPD 3814 2544
30  HH 4760 2269
10  HH 5189 2204
41
50  HH 3301 2237
30  HH 3977 2246
10  HH 4113 2206
42
50  HH 3522 2234
30  HH 3852 2270
10  HH 3969 2252
43
50  SPD 3899 2526
30  SPD 3971 2534
10  HH 4070 2198
45
50  HH 2358 2250
30  HH 2470 2263
10  HH 2633 2276
46
50  SPD 2083 2533
30  SPD 2428 2525
10  HH 2822 2218
47
50  HH 4890 2285
30  SPD 4937 2513
10  SPD 5538 2523
48
50  SPD 5052 2510
30  SPD 5469 2553
10  SPD 5490 2506
49
50  HH 3832 2236
30  SPD 4663 2547
10  SPD 4725 2503
50
50  SPD 4334 2551
30  SPD 4456 2502
10  SPD 5021 2508
51
50  HH 4534 2246
30  SPD 5278 2516
10  SPD 5333 2557
52
50  HH 3701 2234
30  HH 3822 2235
10  SPD 4607 2540
53
50  HH 18253 1874
30  SPD 27334 1912
54
50  HH 11083 1862
30  SPD 15415 1904
55
50  HH 17450 1864
30  SPD 18900 1906
56
50  HH 20332 1866
57
50  HH 15031 1868
30  SPD 16523 1907
58
50  SPD 15638 1908
30  HH 18633 1869
59
50  HH 13502 1870
30  SPD 13778 1909
60
50  SPD 14566 1910
61
50  HH 12364 1873
30  SPD 17680 1911
SCORE:HH,SPD,3130,2240,89.0
