HH-SPL
1
50  SPL 8802 1687
30  HH 10833 2255
10  HH 10937 2250
2
50  SPL 8844 1719
30  HH 11531 2218
10  SPL 12689 1653
3
50  HH 8407 2211
30  SPL 8969 1739
10  HH 9578 2285
4
50  SPL 9290 1705
30  SPL 9620 1671
10  HH 11712 2279
5
50  HH 7706 2236
30  HH 7812 2240
10  SPL 7969 1720
6
50  SPL 7284 1689
30  HH 8663 2233
10  SPL 8876 1666
7
50  SPL 7357 1698
30  HH 7733 2237
10  SPL 7863 1697
8
50  HH 7209 2235
30  SPL 8085 1680
10  HH 8647 2270
9
50  SPL 3863 1722
30  HH 4109 2220
10  SPL 4440 1735
10
50  SPL 3256 1677
30  HH 3377 2222
10  HH 3744 2225
11
50  SPL 1950 1672
30  SPL 2012 1708
10  HH 2287 2212
12
50  SPL 2437 1691
30  HH 2565 2260
10  HH 2600 2219
13
50  SPL 3444 1687
30  HH 4202 2249
10  HH 4503 2255
14
50  SPL 3591 1719
30  SPL 3692 1670
10  SPL 4506 1686
15
50  HH 3227 2211
30  SPL 3532 1739
10  HH 3926 2286
16
50  SPL 3479 1665
30  HH 3967 2266
10  SPL 4002 1679
17
50  SPL 6478 1718
30  HH 6947 2240
10  HH 7712 2223
18
50  SPL 6409 1689
30  HH 8103 2227
10  SPL 8355 1727
19
50  SPL 6384 1698
30  HH 6752 2237
10  SPL 7006 1697
20
50  HH 6551 2234
30  HH 7927 2270
10  SPL 7947 1688
21
50  SPL 4433 1722
30  HH 5075 2214
10  HH 5333 2220
22
50  HH 5363 2225
30  HH 5694 2222
10  SPL 5737 1677
23
50  SPL 2555 1708
30  SPL 2828 1715
10  HH 3027 2289
24
50  SPL 2646 1726
30  SPL 3702 1707
10  SPL 3825 1675
25
50  HH 2290 2255
30  HH 2331 2249
10  SPL 2515 1647
26
50  SPL 1913 1719
30  SPL 2665 1686
10  SPL 2721 1703
27
50  SPL 4400 1709
30  HH 5237 2209
10  HH 5608 2257
28
50  HH 4889 2248
30  HH 5064 2266
10  SPL 5351 1669
29
50  HH 3628 2236
30  HH 3878 2223
10  HH 3909 2224
30
50  SPL 3484 1689
30  SPL 3934 1666
10  HH 4996 2269
31
80  SPL 3483 1698
40  HH 3649 2237
0  SPL 3735 1649
32
80  HH 3688 2235
40  HH 4219 2270
0  HH 4509 2228
33
80  SPL 3037 1676
40  SPL 3209 1715
0  HH 3238 2212
34
80  HH 4222 2260
40  HH 5513 2239
35
50  HH 1913 2263
30  HH 2028 2249
10  HH 2307 2250
36
50  SPL 1860 1670
30  HH 2421 2218
10  SPL 2546 1655
37
50  HH 3806 2211
30  SPL 4055 1739
10  HH 4734 2285
38
50  SPL 3981 1705
30  SPL 4577 1671
10  SPL 4672 1679
39
50  SPL 3246 1718
30  HH 3508 2240
10  SPL 3531 1720
40
50  SPL 4193 1727
30  HH 4760 2269
10  HH 5189 2204
41
50  HH 3301 2237
30  SPL 3366 1697
10  SPL 3625 1649
42
50  HH 3522 2234
30  SPL 3697 1680
10  HH 3852 2270
43
50  SPL 2652 1672
30  SPL 3321 1715
10  SPL 3331 1654
44
50  SPL 3371 1699
30  SPL 3403 1726
10  SPL 3452 1662
45
50  SPL 2033 1687
30  HH 2358 2250
10  HH 2470 2263
46
50  SPL 2422 1653
30  SPL 2747 1655
10  SPL 2784 1732
47
50  HH 4890 2285
30  SPL 5018 1652
10  SPL 5207 1663
48
50  SPL 5462 1700
30  SPL 7987 1678
49
50  HH 3832 2236
30  HH 4790 2278
10  HH 4977 2280
50
50  SPL 4475 1666
30  HH 5039 2271
10  SPL 5344 1727
51
50  SPL 4402 1712
30  SPL 4475 1664
10  HH 4534 2246
52
50  HH 3701 2234
30  HH 3822 2235
10  SPL 4552 1688
53
50  HH 18253 1874
30  SPL 18907 1804
54
50  SPL 9289 1796
30  HH 11083 1862
55
50  HH 17450 1864
30  SPL 20778 1798
56
50  HH 20332 1866
57
50  HH 15031 1868
30  SPL 17312 1800
58
50  SPL 15425 1801
30  HH 18633 1869
59
50  HH 13502 1870
30  SPL 13914 1802
61
50  HH 12364 1873
30  SPL 13256 1803
SCORE:HH,SPL,2500,2900,-40.0
