HH-WRC
1
50  WRC 10759 2171
30  HH 10833 2255
10  HH 10937 2250
2
50  WRC 10377 2161
30  HH 11531 2218
10  HH 12748 2221
3
50  WRC 8371 2156
30  HH 8407 2211
10  WRC 9470 2151
4
50  WRC 10200 2180
30  WRC 10965 2188
10  HH 11712 2279
5
50  HH 7706 2236
30  HH 7812 2240
10  WRC 8003 2147
6
50  WRC 7619 2174
30  HH 8663 2233
10  HH 9413 2227
7
50  HH 7733 2237
30  WRC 8182 2146
10  WRC 8594 2169
8
50  HH 7209 2235
30  WRC 7292 2182
10  WRC 7447 2177
9
50  WRC 3100 2162
30  HH 4109 2220
10  HH 5221 2214
10
50  HH 3377 2222
30  WRC 3732 2165
10  HH 3744 2225
11
50  WRC 1881 2176
30  WRC 1968 2196
10  HH 2287 2212
12
50  WRC 2313 2150
30  HH 2565 2260
10  WRC 2594 2183
13
50  WRC 3889 2175
30  HH 4202 2249
10  HH 4503 2255
14
50  WRC 4383 2191
30  HH 4512 2221
10  WRC 4678 2144
15
50  HH 3227 2211
30  WRC 3553 2167
10  WRC 3638 2151
16
50  HH 3967 2266
30  HH 4259 2248
10  WRC 4440 2188
17
50  WRC 6896 2147
30  HH 6947 2240
10  WRC 7375 2153
18
50  WRC 6674 2174
30  WRC 7522 2189
10  HH 8103 2227
19
50  WRC 6727 2145
30  HH 6752 2237
10  WRC 7127 2146
20
50  WRC 6001 2181
30  WRC 6272 2182
10  HH 6551 2234
21
50  WRC 3722 2162
30  HH 5075 2214
10  HH 5333 2220
22
50  WRC 4550 2165
30  HH 5363 2225
10  HH 5694 2222
23
50  WRC 2194 2196
30  HH 3027 2289
10  HH 3149 2230
24
50  WRC 3389 2183
30  HH 4215 2274
10  WRC 4241 2154
25
50  WRC 2256 2171
30  HH 2290 2255
10  HH 2331 2249
26
50  WRC 2103 2161
30  WRC 2347 2191
10  WRC 2506 2160
27
50  WRC 4144 2151
30  WRC 4376 2167
10  HH 5237 2209
28
50  HH 4889 2248
30  HH 5064 2266
10  HH 5677 2241
29
50  WRC 3476 2178
30  HH 3628 2236
10  HH 3878 2223
30
50  WRC 3546 2174
30  WRC 4187 2189
10  HH 4996 2269
31
80  HH 3649 2237
40  WRC 3850 2146
0  HH 4100 2246
32
80  WRC 3201 2181
40  WRC 3499 2177
0  HH 3688 2235
33
80  WRC 2358 2196
40  WRC 2458 2176
0  WRC 3150 2148
34
80  HH 4222 2260
40  HH 5513 2239
35
50  WRC 1814 2175
30  HH 1913 2263
10  HH 2028 2249
36
50  WRC 2018 2161
30  WRC 2403 2191
10  HH 2421 2218
37
50  HH 3806 2211
30  WRC 3987 2156
10  WRC 4400 2167
38
50  HH 5450 2268
30  HH 5463 2248
10  HH 5563 2279
39
50  HH 3508 2240
30  WRC 3559 2178
10  HH 3614 2224
40
50  WRC 3512 2174
30  WRC 4271 2189
10  HH 4760 2269
41
50  HH 3301 2237
30  WRC 3456 2145
10  WRC 3719 2169
42
50  WRC 3052 2182
30  WRC 3094 2181
10  WRC 3489 2170
43
50  WRC 2683 2176
30  WRC 3264 2184
10  HH 4070 2198
45
50  HH 2358 2250
30  HH 2470 2263
10  WRC 2627 2171
46
50  WRC 2445 2161
30  WRC 2487 2191
10  HH 2822 2218
47
50  WRC 4069 2156
30  HH 4890 2285
10  WRC 5535 2152
48
50  WRC 4896 2188
49
50  HH 3832 2236
30  WRC 4226 2147
10  HH 4790 2278
50
50  WRC 4032 2189
30  HH 5039 2271
10  HH 6403 2201
51
50  WRC 3802 2145
30  HH 4534 2246
10  WRC 4565 2169
52
50  WRC 3662 2177
30  HH 3701 2234
10  HH 3822 2235
53
50  HH 18253 1874
54
50  WRC 9339 1855
30  HH 11083 1862
55
50  HH 17450 1864
30  WRC 20388 1858
56
50  HH 20332 1866
57
50  WRC 14518 1859
30  HH 15031 1868
58
50  HH 18633 1869
59
50  WRC 13206 1860
30  HH 13502 1870
61
50  HH 12364 1873
30  WRC 13246 1861
SCORE:HH,WRC,2250,2970,-72.0
