HH-WST
1
50  WST 9560 1393
30  WST 10214 1445
10  HH 10833 2255
2
50  WST 10409 1384
30  HH 11531 2218
10  HH 12748 2221
3
50  HH 8407 2211
30  WST 9201 1410
10  HH 9578 2285
4
50  WST 8631 1444
30  HH 11712 2279
10  HH 11944 2266
5
50  HH 7706 2236
30  WST 7806 1401
10  HH 7812 2240
6
50  HH 8663 2233
30  WST 9363 1376
10  HH 9413 2227
7
50  HH 7733 2237
30  HH 8933 2246
10  HH 9082 2206
8
50  WST 6800 1380
30  HH 7209 2235
10  HH 8647 2270
9
50  HH 4109 2220
30  HH 5221 2214
10  WST 5891 1427
10
50  HH 3377 2222
30  WST 3581 1423
10  HH 3744 2225
11
50  WST 1954 1411
30  WST 2237 1389
10  WST 2277 1455
12
50  WST 1846 1421
30  WST 2390 1388
10  WST 2517 1372
13
50  WST 4119 1445
30  WST 4175 1366
10  HH 4202 2249
14
50  WST 3938 1384
30  WST 4257 1392
10  WST 4503 1417
15
50  HH 3227 2211
30  WST 3622 1448
10  WST 3751 1410
16
50  WST 3387 1444
30  HH 3967 2266
10  HH 4259 2248
17
50  HH 6947 2240
30  HH 7712 2223
10  WST 7747 1425
18
50  WST 7996 1370
30  WST 8036 1460
10  HH 8103 2227
19
50  HH 6752 2237
30  WST 7150 1461
10  WST 7878 1399
20
50  WST 5963 1380
30  HH 6551 2234
10  HH 7927 2270
21
50  HH 5075 2214
30  HH 5333 2220
22
50  WST 3468 1423
30  WST 4919 1405
10  HH 5363 2225
23
50  WST 2557 1389
30  WST 2771 1404
10  HH 3027 2289
24
50  WST 2217 1421
30  WST 3152 1415
10  WST 3157 1388
25
50  WST 2062 1393
30  WST 2282 1366
10  HH 2290 2255
26
50  WST 2282 1392
30  WST 2797 1417
10  HH 2983 2259
27
50  WST 4415 1391
30  WST 4528 1410
10  WST 4606 1375
28
50  HH 4889 2248
30  HH 5064 2266
10  HH 5677 2241
29
50  WST 3400 1401
30  HH 3628 2236
10  HH 3878 2223
30
50  WST 4352 1376
30  WST 4367 1369
10  HH 4996 2269
31
80  HH 3649 2237
40  WST 3713 1461
0  HH 4100 2246
32
80  HH 3688 2235
40  WST 4072 1463
0  HH 4219 2270
33
80  WST 2529 1411
40  WST 2560 1389
0  WST 2919 1455
34
80  WST 2022 1421
40  HH 4222 2260
0  WST 4708 1372
35
50  WST 1716 1393
30  HH 1913 2263
10  HH 2028 2249
36
50  HH 2421 2218
30  HH 2652 2221
10  HH 2864 2273
37
50  HH 3806 2211
30  WST 4690 1448
10  HH 4734 2285
38
50  WST 4603 1444
30  HH 5450 2268
10  HH 5463 2248
39
50  HH 3508 2240
30  HH 3614 2224
10  WST 3694 1387
40
50  WST 4535 1370
30  WST 4549 1369
10  HH 4760 2269
41
50  HH 3301 2237
30  WST 3744 1461
10  HH 3977 2246
42
50  WST 2927 1380
30  HH 3522 2234
10  HH 3852 2270
43
50  WST 2528 1411
30  WST 3299 1455
10  HH 4070 2198
44
50  WST 3463 1421
30  WST 3545 1388
45
50  WST 2255 1445
30  WST 2335 1396
10  HH 2358 2250
46
50  WST 2591 1392
30  WST 2789 1458
10  HH 2822 2218
47
50  HH 4890 2285
30  WST 4922 1409
10  WST 5107 1402
48
50  WST 4406 1444
30  WST 7495 1453
49
50  HH 3832 2236
30  WST 4372 1456
10  WST 4502 1401
50
50  HH 5039 2271
30  WST 5246 1460
10  WST 5342 1369
51
50  WST 4490 1399
30  HH 4534 2246
10  HH 6394 2199
52
50  HH 3701 2234
30  HH 3822 2235
10  WST 4178 1463
53
50  HH 18253 1874
30  WST 18453 1763
54
50  WST 8588 1752
30  HH 11083 1862
55
50  WST 16994 1755
30  HH 17450 1864
56
50  HH 20332 1866
57
50  HH 15031 1868
30  WST 15310 1758
58
50  HH 18633 1869
59
50  HH 13502 1870
30  WST 13947 1760
60
50  WST 14387 1761
61
50  HH 12364 1873
30  WST 15394 1762
SCORE:HH,WST,2360,3040,-68.0
