HH-WW
1
50  WW 9347 1645
30  HH 10833 2255
10  HH 10937 2250
2
50  HH 11531 2218
30  WW 11716 1597
10  HH 12748 2221
3
50  HH 8407 2211
30  WW 9519 1584
10  HH 9578 2285
4
50  WW 10807 1577
30  WW 11487 1587
10  HH 11712 2279
5
50  HH 7706 2236
30  HH 7812 2240
10  WW 8091 1544
6
50  WW 7547 1643
30  HH 8663 2233
10  HH 9413 2227
7
50  HH 7733 2237
30  WW 7781 1616
10  HH 8933 2246
8
50  WW 6700 1585
30  HH 7209 2235
10  WW 7888 1550
9
50  WW 3607 1555
30  HH 4109 2220
10  HH 5221 2214
10
50  WW 2803 1591
30  HH 3377 2222
10  HH 3744 2225
11
50  WW 1959 1580
30  WW 2100 1573
10  HH 2287 2212
12
50  WW 2186 1619
30  WW 2438 1561
10  WW 2463 1635
13
50  WW 3890 1589
30  HH 4202 2249
10  WW 4283 1638
14
50  WW 4059 1552
30  WW 4381 1569
10  HH 4512 2221
15
50  HH 3227 2211
30  WW 3228 1625
10  WW 3729 1584
16
50  WW 3762 1605
30  HH 3967 2266
10  WW 4147 1587
17
50  WW 6844 1581
30  WW 6869 1618
10  HH 6947 2240
18
50  WW 7106 1583
30  HH 8103 2227
10  WW 9689 1607
19
50  WW 6303 1551
30  HH 6752 2237
10  WW 7506 1562
20
50  WW 6309 1582
30  WW 6444 1565
10  HH 6551 2234
21
50  WW 4309 1555
30  HH 5075 2214
10  HH 5333 2220
22
50  WW 5181 1591
30  HH 5363 2225
10  HH 5694 2222
23
50  WW 2472 1580
30  HH 3027 2289
10  HH 3149 2230
24
50  WW 3006 1635
30  WW 3325 1619
10  WW 3415 1541
25
50  WW 2100 1645
30  HH 2290 2255
10  HH 2331 2249
26
50  WW 2428 1569
30  WW 2609 1623
10  WW 2644 1592
27
50  WW 4756 1634
30  HH 5237 2209
10  WW 5269 1578
28
50  WW 4644 1605
30  HH 4889 2248
10  HH 5064 2266
29
50  WW 3622 1618
30  HH 3628 2236
10  WW 3709 1595
30
50  WW 3488 1643
30  WW 3675 1583
10  HH 4996 2269
31
80  WW 3531 1551
40  WW 3584 1616
0  HH 3649 2237
32
80  WW 3043 1585
40  WW 3605 1582
0  HH 3688 2235
33
80  WW 2604 1573
40  HH 3238 2212
0  HH 3519 2230
34
80  WW 3675 1635
40  HH 4222 2260
0  HH 5513 2239
35
50  WW 1864 1645
30  HH 1913 2263
10  HH 2028 2249
36
50  HH 2421 2218
30  WW 2463 1639
10  HH 2652 2221
37
50  HH 3806 2211
30  WW 3816 1625
10  WW 3966 1572
38
50  WW 4303 1636
30  HH 5450 2268
10  HH 5463 2248
39
50  WW 3473 1618
30  HH 3508 2240
10  WW 3593 1581
40
50  WW 3459 1643
30  WW 4190 1576
10  HH 4760 2269
41
50  HH 3301 2237
30  WW 3331 1616
10  WW 3788 1640
42
50  WW 2879 1585
30  WW 3316 1565
10  WW 3472 1550
43
50  WW 2591 1573
30  WW 3260 1601
10  WW 3675 1621
44
50  WW 3581 1620
30  WW 7800 1593
45
50  WW 2350 1589
30  HH 2358 2250
10  WW 2469 1638
46
50  WW 2640 1552
30  WW 2721 1629
10  HH 2822 2218
47
50  WW 4207 1625
30  WW 4327 1572
10  WW 4363 1584
48
50  WW 4466 1636
30  WW 5481 1605
10  WW 6525 1628
49
50  HH 3832 2236
30  WW 3978 1544
10  WW 4063 1581
50
50  WW 4181 1583
30  HH 5039 2271
10  HH 6403 2201
51
50  WW 3768 1551
30  WW 4440 1596
10  HH 4534 2246
52
50  WW 3665 1608
30  WW 3700 1582
10  HH 3701 2234
53
50  WW 11534 1795
30  HH 18253 1874
54
50  WW 9416 1776
30  HH 11083 1862
55
50  WW 17160 1779
30  HH 17450 1864
56
50  WW 18144 1782
30  HH 20332 1866
57
50  WW 14228 1784
30  HH 15031 1868
58
50  HH 18633 1869
30  WW 20981 1788
59
50  WW 12400 1789
30  HH 13502 1870
60
50  WW 13835 1791
61
50  WW 11479 1792
30  HH 12364 1873
SCORE:HH,WW,1710,3770,-206.0
