HH-WAW
1
50  WAW 9200 1022
30  HH 10833 2255
10  HH 10937 2250
2
50  WAW 8528 1033
30  WAW 10693 964
10  HH 11531 2218
3
50  HH 8407 2211
30  WAW 9045 931
10  HH 9578 2285
4
50  WAW 7781 940
30  HH 11712 2279
10  HH 11944 2266
5
50  HH 7706 2236
30  HH 7812 2240
10  WAW 7833 908
6
50  WAW 6684 904
30  WAW 7572 1032
10  HH 8663 2233
7
50  WAW 7606 975
30  HH 7733 2237
10  HH 8933 2246
8
50  WAW 6267 1012
30  HH 7209 2235
10  WAW 7387 1026
9
50  WAW 2516 959
30  HH 4109 2220
10  WAW 4256 933
10
50  WAW 2569 916
30  HH 3377 2222
10  WAW 3534 947
11
50  WAW 1876 1021
30  HH 2287 2212
10  HH 2390 2230
12
50  WAW 2056 961
30  WAW 2233 956
10  WAW 2447 945
13
50  WAW 3626 939
30  HH 4202 2249
10  HH 4503 2255
14
50  WAW 3897 964
30  WAW 4081 996
10  WAW 4251 912
15
50  WAW 3166 938
30  HH 3227 2211
10  HH 3926 2286
16
50  HH 3967 2266
30  HH 4259 2248
10  WAW 4262 998
17
50  HH 6947 2240
30  WAW 7038 929
10  HH 7712 2223
18
50  WAW 6524 1030
30  WAW 7990 943
10  HH 8103 2227
19
50  HH 6752 2237
30  WAW 7012 975
10  HH 7974 2206
20
50  WAW 6546 1026
30  HH 6551 2234
10  WAW 7147 948
21
50  WAW 3312 959
30  WAW 4987 913
10  HH 5075 2214
22
50  WAW 3255 916
30  WAW 3816 947
10  HH 5363 2225
23
50  WAW 2516 1021
30  HH 3027 2289
10  WAW 3094 980
24
50  WAW 2659 902
30  WAW 2953 956
10  WAW 3110 911
25
50  HH 2290 2255
30  HH 2331 2249
10  WAW 2369 906
26
50  WAW 1809 915
30  WAW 2300 996
10  WAW 2371 926
27
50  WAW 4452 918
30  HH 5237 2209
10  WAW 5397 1013
28
50  WAW 3533 940
30  HH 4889 2248
10  HH 5064 2266
29
50  HH 3628 2236
30  WAW 3721 929
10  HH 3878 2223
30
50  WAW 3430 1030
30  HH 4996 2269
10  WAW 5037 1010
31
80  HH 3649 2237
40  HH 4100 2246
0  HH 4405 2217
32
80  WAW 3298 976
40  WAW 3409 948
0  HH 3688 2235
33
80  HH 3238 2212
40  HH 3519 2230
0  HH 3922 2289
34
80  HH 4222 2260
40  HH 5513 2239
35
50  HH 1913 2263
30  HH 2028 2249
10  HH 2307 2250
36
50  WAW 1765 915
30  HH 2421 2218
10  WAW 2451 1031
37
50  WAW 3497 938
30  HH 3806 2211
10  WAW 4319 970
38
50  WAW 3681 940
30  HH 5450 2268
10  HH 5463 2248
39
50  HH 3508 2240
30  HH 3614 2224
10  HH 3709 2223
40
50  WAW 2938 904
30  WAW 4697 951
10  HH 4760 2269
41
50  HH 3301 2237
30  WAW 3582 971
10  HH 3977 2246
42
50  WAW 2976 976
30  WAW 3246 1026
10  WAW 3267 968
43
50  WAW 2456 1021
30  WAW 3985 925
10  HH 4070 2198
44
50  WAW 3223 902
30  WAW 4112 945
45
50  WAW 2035 1022
30  WAW 2119 939
10  HH 2358 2250
46
50  WAW 1937 1033
30  WAW 2572 912
10  HH 2822 2218
47
50  WAW 4628 931
30  WAW 4840 950
10  WAW 4857 970
48
50  WAW 5776 998
49
50  HH 3832 2236
30  WAW 4032 908
10  WAW 4501 909
50
50  WAW 3637 1032
30  WAW 4833 943
10  HH 5039 2271
51
50  WAW 3975 971
30  HH 4534 2246
10  WAW 4857 957
52
50  WAW 3347 1012
30  HH 3701 2234
10  HH 3822 2235
53
50  WAW 14403 1722
30  HH 18253 1874
54
50  WAW 9827 1709
30  HH 11083 1862
55
50  WAW 16351 1711
30  HH 17450 1864
56
50  WAW 15537 1713
30  HH 20332 1866
57
50  WAW 14803 1715
30  HH 15031 1868
58
50  HH 18633 1869
30  WAW 30791 1717
59
50  HH 13502 1870
30  WAW 13606 1718
60
50  WAW 11946 1720
61
50  WAW 11575 1721
30  HH 12364 1873
SCORE:HH,WAW,2170,3270,-110.0
