HH-WCSC
1
50  WCSC 8690 844
30  WCSC 9353 884
10  HH 10833 2255
2
50  WCSC 10839 784
30  HH 11531 2218
10  HH 12748 2221
3
50  WCSC 7943 800
30  HH 8407 2211
10  WCSC 8633 883
4
50  WCSC 8409 810
30  WCSC 9688 775
10  HH 11712 2279
5
50  HH 7706 2236
30  WCSC 7784 895
10  HH 7812 2240
6
50  WCSC 7896 776
30  HH 8663 2233
10  WCSC 8833 821
7
50  HH 7733 2237
30  HH 8933 2246
10  WCSC 8963 860
8
50  HH 7209 2235
30  WCSC 7650 843
10  WCSC 7728 787
9
50  WCSC 3175 869
30  WCSC 3328 872
10  HH 4109 2220
10
50  HH 3377 2222
30  WCSC 3536 830
10  WCSC 3673 786
11
50  WCSC 1889 855
30  WCSC 2129 826
10  WCSC 2194 862
12
50  WCSC 1740 870
30  WCSC 1904 877
10  WCSC 2085 857
13
50  WCSC 3738 871
30  WCSC 3787 884
10  WCSC 4163 839
14
50  WCSC 4129 831
30  WCSC 4481 868
10  WCSC 4502 823
15
50  WCSC 3219 896
30  HH 3227 2211
10  WCSC 3312 840
16
50  WCSC 3434 775
30  WCSC 3517 863
10  WCSC 3730 847
17
50  HH 6947 2240
30  WCSC 7082 859
10  WCSC 7348 845
18
50  WCSC 6674 798
30  WCSC 6843 776
10  WCSC 7480 821
19
50  HH 6752 2237
30  WCSC 7938 860
10  HH 7974 2206
20
50  WCSC 6297 843
30  HH 6551 2234
10  WCSC 7173 864
21
50  WCSC 3090 869
30  WCSC 4438 872
10  HH 5075 2214
22
50  WCSC 4634 830
30  WCSC 5263 777
10  WCSC 5283 822
23
50  WCSC 2098 817
30  WCSC 2637 898
10  WCSC 2662 879
24
50  WCSC 1929 801
30  WCSC 2358 877
10  WCSC 2809 857
25
50  WCSC 2043 816
30  HH 2290 2255
10  WCSC 2299 839
26
50  WCSC 2111 784
30  WCSC 2634 868
10  WCSC 2657 829
27
50  WCSC 3813 800
30  WCSC 5066 820
10  WCSC 5137 825
28
50  WCSC 4178 810
30  HH 4889 2248
10  HH 5064 2266
29
50  WCSC 3500 895
30  HH 3628 2236
10  HH 3878 2223
30
50  WCSC 3909 821
30  WCSC 4312 791
10  WCSC 4536 880
31
80  HH 3649 2237
40  WCSC 3840 803
0  HH 4100 2246
32
80  WCSC 3606 864
40  HH 3688 2235
0  HH 4219 2270
33
80  WCSC 2225 826
40  WCSC 2500 817
0  HH 3238 2212
34
80  WCSC 2223 877
40  WCSC 2855 857
0  WCSC 3469 812
35
50  HH 1913 2263
30  WCSC 1938 871
10  HH 2028 2249
36
50  WCSC 2122 876
30  HH 2421 2218
10  HH 2652 2221
37
50  HH 3806 2211
30  WCSC 3982 840
10  HH 4734 2285
38
50  WCSC 4317 863
30  WCSC 4653 775
10  HH 5450 2268
39
50  WCSC 3434 859
30  HH 3508 2240
10  HH 3614 2224
40
50  WCSC 3463 798
30  WCSC 4046 880
10  HH 4760 2269
41
50  HH 3301 2237
30  WCSC 3803 803
10  WCSC 3928 900
42
50  WCSC 3134 787
30  WCSC 3376 790
10  HH 3522 2234
43
50  WCSC 2682 855
30  WCSC 3027 826
10  HH 4070 2198
44
50  WCSC 2112 801
30  WCSC 2583 870
45
50  WCSC 2151 844
30  HH 2358 2250
10  HH 2470 2263
46
50  WCSC 2403 831
30  HH 2822 2218
10  HH 3170 2273
47
50  WCSC 4162 896
30  HH 4890 2285
10  WCSC 5534 799
48
50  WCSC 4555 810
49
50  HH 3832 2236
30  WCSC 4656 845
10  HH 4790 2278
50
50  WCSC 4113 776
30  WCSC 4549 798
10  HH 5039 2271
51
50  WCSC 4467 860
30  HH 4534 2246
10  WCSC 5658 835
52
50  HH 3701 2234
30  HH 3822 2235
10  WCSC 3963 864
53
50  WCSC 16033 1707
30  HH 18253 1874
54
50  WCSC 7650 1692
30  HH 11083 1862
55
50  WCSC 16081 1695
30  HH 17450 1864
56
50  WCSC 17798 1697
30  HH 20332 1866
57
50  WCSC 13322 1699
30  HH 15031 1868
58
50  WCSC 18199 1702
30  HH 18633 1869
59
50  WCSC 13190 1703
30  HH 13502 1870
60
50  WCSC 15089 1704
61
50  HH 12364 1873
30  WCSC 12596 1705
SCORE:HH,WCSC,1620,3820,-220.0
