HHCC-HC14
skip 1314 org.jytek.leaguemanager.view.TmResult@3f4452a7skip 1314 org.jytek.leaguemanager.view.TmResult@119d27fskip 1314 org.jytek.leaguemanager.view.TmResult@10868ac6skip 1314 org.jytek.leaguemanager.view.TmResult@24eeeefaskip 1314 org.jytek.leaguemanager.view.TmResult@392241aaskip 1314 org.jytek.leaguemanager.view.TmResult@7667f6dbskip 1314 org.jytek.leaguemanager.view.TmResult@5213926b1
50  HHCC 2492 379
30  HHCC 2497 2250(Y) 378
10  HHCC 2592 2336(Y) 423
2
50  HHCC 3034 1601
30  HHCC 3048 385
10  HC14 3142 2831(Y) 847
3
50  HHCC 2745 407
30  HHCC 2798 2521(Y) 1549
10  HC14 2895 2609(Y) 889
4
50  HHCC 3135 443
30  HC14 3207 2890(Y) 845
10  HHCC 3212 421
5
50  HC14 2727 832
30  HC14 2918 2629(Y) 864
10  HC14 3004 2707(Y) 1716
6
50  HC14 3288 2963(Y) 1574
30  HHCC 3493 1605
10  HC14 3540 834
7
50  HC14 1596 1438(Y) 862
30  HC14 1668 826
10  HC14 1697 863
8
50  HC14 1592 1435(Y) 1560
30  HC14 1735 831
10  HC14 1740 850
9
50  HC14 1803 833
30  HHCC 1874 1689(Y) 401
10  HHCC 1891 382
10
50  HC14 1878 852
30  HC14 1982 1786(Y) 860
10  HHCC 2065 429
11
50  HHCC 2189 397
30  HHCC 2733 2463(Y) 1613
10  HHCC 2753 440
12
50  HC14 2144 842
30  HC14 2433 2192(Y) 880
10  HC14 2604 853
13
50  HHCC 6183 379
30  HHCC 6344 423
10  HHCC 6592 384
14
50  HHCC 7273 6553(Y) 1601
30  HHCC 7318 6593(Y) 385
10  HC14 7567 6818(Y) 872
15
50  HHCC 6699 407
30  HC14 6788 6116(Y) 1717
10  HC14 7657 6899(Y) 1575
16
50  HC14 8099 7297(Y) 856
30  HHCC 8121 443
10  HC14 8340 845
17
50  HC14 6819 832
30  HC14 7530 6784(Y) 864
10  HC14 7915 7131(Y) 881
18
50  HC14 7296 6573(Y) 840
30  HC14 8420 7586(Y) 1574
10  HC14 9003 834
19
50  HC14 8686 7826(Y) 862
30  HC14 9376 863
10  HC14 10182 9173(Y) 855
20
50  HC14 9004 8112(Y) 831
30  HHCC 11118 1607
10  HHCC 11135 10032(Y) 405
21
50  HHCC 3245 2924(Y) 378
30  HHCC 3302 2975(Y) 384
10  HHCC 3333 3003(Y) 423
22
50  HHCC 3744 3373(Y) 1601
30  HC14 3853 3472(Y) 872
10  HHCC 3907 385
23
50  HC14 3691 3326(Y) 1575
30  HHCC 3702 3336(Y) 407
10  HHCC 3898 1549
24
50  HC14 4403 827
30  HC14 4577 4124(Y) 856
10  HHCC 4622 420
25
50  HC14 3811 832
30  HHCC 3878 436
10  HC14 4007 3610(Y) 1716
26
50  HC14 3928 840
30  HHCC 4457 435
10  HC14 4525 1574
27
50  HC14 2279 2054(Y) 862
30  HC14 2329 2099(Y) 863
10  HC14 2353 826
28
50  HC14 2200 1982(Y) 831
30  HC14 2264 2040(Y) 1560
10  HC14 2415 1619
29
50  HHCC 2541 382
30  HHCC 2833 401
10  HC14 2919 833
30
50  HC14 2666 2402(Y) 1561
30  HHCC 2878 2593(Y) 403
10  HC14 2928 2638(Y) 852
31
80  HHCC 12500 11262(Y) 1052
40  HC14 12848 11575(Y) 1064
32
80  HC14 14143 12742(Y) 870
40  HHCC 15559 922
33
80  HC14 7878 7098(Y) 872
40  HHCC 9085 924
34
80  HC14 9700 8739(Y) 874
40  HHCC 10509 9468(Y) 1057
35
50  HHCC 2918 379
30  HC14 2988 865
10  HHCC 3122 423
36
50  HHCC 3478 1601
30  HHCC 3531 395
10  HHCC 3621 385
37
50  HHCC 3117 2809(Y) 407
30  HC14 3176 2862(Y) 1717
10  HC14 3450 3109(Y) 889
38
50  HC14 3694 845
30  HC14 3788 3413(Y) 856
10  HHCC 3937 3547(Y) 420
39
50  HC14 3431 3091(Y) 1716
30  HC14 3465 3122(Y) 864
10  HC14 3536 3186(Y) 818
40
50  HC14 3735 840
30  HC14 3892 839
10  HC14 4268 1574
41
50  HC14 1946 1754(Y) 862
30  HC14 2053 863
10  HC14 2118 855
42
50  HC14 1871 1686(Y) 1560
30  HC14 1990 1793(Y) 831
10  HC14 2115 850
43
50  HC14 2437 2196(Y) 833
30  HC14 2545 2293(Y) 854
10  HHCC 2559 401
44
50  HC14 2305 852
30  HC14 2339 2108(Y) 860
10  HC14 2393 2156(Y) 1561
45
50  HHCC 3094 1613
30  HHCC 3149 2837(Y) 397
10  HC14 3609 3252(Y) 878
46
50  HC14 2556 842
30  HC14 2707 2439(Y) 853
10  HC14 2967 1562
47
50  HHCC 5370 4838(Y) 379
30  HHCC 5462 378
10  HHCC 5639 5081(Y) 384
48
50  HC14 6836 6159(Y) 872
30  HHCC 6981 437
10  HHCC 7023 395
49
50  HHCC 6156 5546(Y) 1549
30  HC14 6728 6062(Y) 889
10  HC14 6759 6090(Y) 1575
50
50  HHCC 6813 443
30  HC14 6989 6297(Y) 856
10  HHCC 7101 421
51
50  HC14 5991 5398(Y) 832
30  HC14 6604 864
10  HC14 6615 5960(Y) 881
52
50  HC14 6303 5679(Y) 840
30  HC14 8043 7246(Y) 834
10  HC14 8137 7331(Y) 848
53
50  HC14 3765 826
30  HC14 3938 3548(Y) 1573
10  HC14 3994 855
54
50  HC14 3597 1560
30  HHCC 3758 374
10  HC14 4054 850
55
50  HC14 4099 3693(Y) 833
30  HHCC 4350 3919(Y) 401
10  HHCC 4456 414
56
50  HC14 4227 852
30  HC14 4425 3987(Y) 860
10  HHCC 4723 1612
57
50  HHCC 2739 2468(Y) 378
30  HHCC 2866 1556
10  HHCC 2947 384
58
50  HC14 3358 3026(Y) 872
30  HHCC 3437 437
10  HHCC 3527 395
59
50  HC14 2895 2609(Y) 1717
30  HHCC 3284 1549
10  HC14 3359 889
60
50  HHCC 3391 3055(Y) 443
30  HC14 3822 3444(Y) 845
10  HHCC 4117 421
61
50  HHCC 3388 3053(Y) 386
30  HC14 3452 3110(Y) 1716
10  HC14 3591 3236(Y) 881
62
50  HC14 4250 3829(Y) 834
30  HHCC 4553 435
10  HC14 4928 4440(Y) 885
63
50  HHCC 2062 416
30  HC14 2152 1939(Y) 855
10  HC14 2197 884
64
50  HC14 2067 1863(Y) 850
30  HC14 2131 1920(Y) 875
10  HHCC 2331 1607
65
50  HHCC 2136 382
30  HHCC 4221 3803(Y) 433
10  HHCC 4639 1613
66
50  HC14 2372 842
30  HHCC 2441 403
10  HC14 2572 2318(Y) 860
67
80  HC14 11999 10810(Y) 876
40  HHCC 12382 11155(Y) 1060
68
80  HHCC 13881 12506(Y) 1062
40  HC14 13886 12510(Y) 879
SCORE:HHCC,HC14,2560,3740,-118.0
