HP-BJCCS
1
50  HP 9165 260
30  HP 11713 224
10  HP 12150 233
2
50  BJCCS 7311 1954
30  HP 9344 328
10  BJCCS 9619 1983
3
50  HP 7550 269
30  HP 9669 332
10  BJCCS 9831 1977
4
50  HP 7934 236
30  BJCCS 8868 1970
10  BJCCS 8910 1964
5
50  HP 7225 290
30  BJCCS 7494 1958
10  HP 8263 234
6
50  HP 7203 256
30  BJCCS 7580 1985
10  HP 8175 244
7
50  BJCCS 7577 1975
30  HP 7603 220
10  BJCCS 8144 1986
8
50  BJCCS 6444 1974
30  BJCCS 6544 1984
10  HP 7391 303
9
50  BJCCS 2399 1956
30  BJCCS 3603 1978
10  HP 3975 322
10
50  HP 3084 255
30  HP 4346 251
10  HP 6640 333
11
50  BJCCS 2100 1973
30  HP 2162 338
10  HP 2431 214
12
50  BJCCS 1892 1955
30  BJCCS 2070 1981
10  HP 2334 331
13
50  HP 3703 211
30  HP 4381 226
10  HP 4419 248
14
50  BJCCS 2934 1954
30  HP 3725 237
10  HP 4106 283
15
50  HP 3207 330
30  HP 3650 335
10  HP 3719 332
16
50  HP 3135 236
30  HP 3422 254
10  BJCCS 3568 1964
17
50  HP 6384 290
30  BJCCS 7103 1958
10  BJCCS 7806 1972
18
50  BJCCS 6120 1966
30  HP 7653 241
10  BJCCS 7762 1960
19
50  BJCCS 6706 1975
30  BJCCS 7454 1986
10  HP 8572 307
20
50  HP 5659 308
30  BJCCS 5725 1974
10  HP 6313 312
21
50  BJCCS 2962 1956
30  BJCCS 3903 1989
10  HP 4947 322
22
50  HP 2850 227
30  HP 3722 255
10  HP 10047 333
23
50  BJCCS 2553 1973
30  HP 2685 229
10  HP 2838 338
24
50  BJCCS 2342 1955
30  BJCCS 2669 1981
10  HP 2787 331
25
50  HP 1963 260
30  HP 2303 233
10  HP 2308 323
26
50  BJCCS 2019 1983
30  BJCCS 2356 1988
10  HP 2563 246
27
50  HP 3568 269
30  HP 3894 330
10  HP 4756 232
28
50  HP 4231 254
30  BJCCS 4400 1970
10  HP 5281 225
29
50  BJCCS 3747 1958
30  HP 3984 235
10  BJCCS 4150 1972
30
50  BJCCS 3247 1966
30  HP 3275 268
10  BJCCS 3419 1985
31
80  BJCCS 3610 1986
40  HP 3625 220
0  HP 4468 291
32
80  HP 2865 308
40  BJCCS 2989 1984
0  HP 3557 289
33
80  BJCCS 2559 1973
40  HP 2600 338
0  HP 2612 214
34
80  BJCCS 2165 1981
40  HP 2722 227
0  HP 3031 331
35
50  HP 1863 260
30  HP 1960 211
10  HP 2296 215
36
50  HP 1747 328
30  BJCCS 1770 1983
10  HP 2134 283
37
50  HP 3265 269
30  HP 4228 332
10  BJCCS 4916 1977
38
50  HP 3428 236
30  BJCCS 4031 1970
10  BJCCS 4178 1964
39
50  HP 3072 290
30  HP 3618 234
10  HP 3833 316
40
50  HP 3075 256
30  BJCCS 3145 1966
10  HP 3638 244
41
50  HP 4053 291
30  HP 4466 242
42
50  HP 2698 308
30  BJCCS 3000 1974
10  HP 3059 303
43
50  HP 2884 229
30  BJCCS 4025 1957
10  BJCCS 4197 1956
44
50  BJCCS 3022 1955
30  HP 3416 227
10  HP 3853 261
45
50  HP 2439 211
30  HP 2795 215
10  HP 2800 224
46
50  BJCCS 1744 1954
30  HP 2560 282
10  HP 2988 271
47
50  HP 4525 330
30  HP 4844 335
10  HP 4938 213
48
50  BJCCS 4834 1964
30  HP 5325 276
10  HP 5327 254
49
50  BJCCS 3875 1958
30  HP 4641 234
10  HP 5259 326
50
50  HP 3669 268
30  BJCCS 4163 1985
10  HP 4369 288
51
50  HP 3997 220
30  HP 4753 243
10  HP 6071 265
52
50  HP 3687 312
30  HP 3715 289
10  BJCCS 3897 1984
53
50  HP 18604 1656
54
50  BJCCS 9233 1830
30  HP 10553 1642
55
50  HP 18650 1644
56
50  BJCCS 15437 1831
30  HP 15963 1646
57
50  HP 17031 1647
58
50  HP 17835 1649
59
50  HP 15187 1650
60
50  HP 12150 1651
30  BJCCS 12532 1832
61
50  BJCCS 12031 1833
30  HP 13259 1653
SCORE:HP,BJCCS,3250,2110,114.0
