HP-CCC
1
50  HP 9165 260
30  CCC 9365 2014
10  HP 11713 224
2
50  HP 9344 328
30  HP 9725 237
10  CCC 10441 2005
3
50  HP 7550 269
30  HP 9669 332
10  CCC 9715 1991
4
50  HP 7934 236
30  CCC 8866 2012
10  CCC 9346 2027
5
50  HP 7225 290
30  CCC 7445 2031
10  CCC 8137 2030
6
50  HP 7203 256
30  HP 8175 244
10  HP 9195 275
7
50  HP 7603 220
30  CCC 7696 1992
10  CCC 8435 2028
8
50  HP 7391 303
30  HP 7437 312
10  CCC 7524 2002
9
50  CCC 3709 1996
30  CCC 3804 2009
10  HP 3975 322
10
50  HP 3084 255
30  HP 4346 251
10  HP 6640 333
11
50  CCC 2076 2026
30  HP 2162 338
10  CCC 2303 2010
12
50  CCC 1634 2020
30  HP 2334 331
10  HP 2456 300
13
50  HP 3703 211
30  HP 4381 226
10  CCC 4404 1995
14
50  HP 3725 237
30  HP 4106 283
10  CCC 4125 2019
15
50  HP 3207 330
30  HP 3650 335
10  HP 3719 332
16
50  HP 3135 236
30  CCC 3407 2012
10  HP 3422 254
17
50  HP 6384 290
30  HP 8007 235
10  CCC 8815 2029
18
50  HP 7653 241
30  HP 8009 304
10  HP 8040 275
19
50  CCC 7116 1992
30  CCC 7469 2028
10  CCC 7747 1998
20
50  HP 5659 308
30  HP 6313 312
10  CCC 6632 2002
21
50  CCC 4272 1996
30  HP 4947 322
10  CCC 6403 2016
22
50  HP 2850 227
30  HP 3722 255
10  HP 10047 333
23
50  HP 2685 229
30  CCC 2706 2023
10  HP 2838 338
24
50  HP 2787 331
30  HP 2850 227
10  HP 3178 300
25
50  HP 1963 260
30  HP 2303 233
10  HP 2308 323
26
50  CCC 1947 2005
30  CCC 2432 2025
10  HP 2563 246
27
50  HP 3568 269
30  HP 3894 330
10  HP 4756 232
28
50  HP 4231 254
30  CCC 4247 2012
10  HP 5281 225
29
50  CCC 3810 2030
30  HP 3984 235
10  CCC 4488 2018
30
50  HP 3275 268
30  HP 4110 288
10  HP 4353 298
31
80  HP 3625 220
40  CCC 3662 1992
0  CCC 3813 1998
32
80  HP 2865 308
40  HP 3557 289
0  HP 3884 310
33
80  CCC 2228 2026
40  HP 2600 338
0  HP 2612 214
34
80  HP 2722 227
40  HP 3031 331
35
50  CCC 1819 2014
30  HP 1863 260
10  HP 1960 211
36
50  HP 1747 328
30  CCC 1891 2005
10  HP 2134 283
37
50  HP 3265 269
30  CCC 4146 1991
10  HP 4228 332
38
50  HP 3428 236
30  CCC 4041 2027
10  CCC 4268 2012
39
50  HP 3072 290
30  CCC 3515 2031
10  CCC 3572 2030
40
50  HP 3075 256
30  HP 3638 244
10  HP 3778 241
41
50  CCC 3413 1992
30  CCC 3736 2028
10  CCC 3934 1998
42
50  HP 2698 308
30  HP 3059 303
10  HP 3184 314
43
50  HP 2884 229
30  CCC 3622 2024
10  CCC 3755 2010
44
50  HP 3416 227
30  HP 3853 261
45
50  CCC 2209 2014
30  HP 2439 211
10  CCC 2592 1995
46
50  HP 2560 282
30  HP 2988 271
10  HP 3062 246
47
50  HP 4525 330
30  HP 4844 335
10  HP 4938 213
48
50  CCC 5066 2027
30  HP 5325 276
10  HP 5327 254
49
50  CCC 3880 2031
30  CCC 4603 2029
10  HP 4641 234
50
50  HP 3669 268
30  HP 4369 288
10  HP 4769 337
51
50  HP 3997 220
30  CCC 4305 2028
10  CCC 4529 2013
52
50  HP 3687 312
30  HP 3715 289
10  HP 3973 314
53
50  HP 18604 1656
54
50  HP 10553 1642
30  CCC 11834 1834
55
50  HP 18650 1644
30  CCC 19756 1835
56
50  HP 15963 1646
30  CCC 20399 1836
57
50  HP 17031 1647
58
50  HP 17835 1649
59
50  HP 15187 1650
60
50  HP 12150 1651
61
50  HP 13259 1653
SCORE:HP,CCC,3780,1550,223.0
