HP-CASC
1
50  HP 9165 260
30  CASC 10350 2559
10  HP 11713 224
2
50  HP 9344 328
30  HP 9725 237
10  HP 13221 247
3
50  HP 7550 269
30  CASC 8249 2560
10  CASC 9192 2568
4
50  HP 7934 236
30  CASC 9625 2570
10  CASC 9843 2565
5
50  HP 7225 290
30  HP 8263 234
10  HP 8982 316
6
50  HP 7203 256
30  HP 8175 244
10  HP 9195 275
7
50  CASC 7566 2596
30  HP 7603 220
10  HP 10002 291
8
50  CASC 6676 2589
30  CASC 7000 2582
10  CASC 7362 2566
9
50  HP 3975 322
30  HP 3998 273
10  CASC 4132 2558
10
50  HP 3084 255
30  HP 4346 251
10  HP 6640 333
11
50  HP 2162 338
30  HP 2431 214
10  HP 2889 221
12
50  CASC 1967 2569
30  HP 2334 331
10  CASC 2387 2571
13
50  HP 3703 211
30  HP 4381 226
10  HP 4419 248
14
50  HP 3725 237
30  CASC 3920 2567
10  HP 4106 283
15
50  HP 3207 330
30  CASC 3326 2560
10  CASC 3459 2595
16
50  HP 3135 236
30  HP 3422 254
10  CASC 3723 2565
17
50  HP 6384 290
30  HP 8007 235
10  HP 9053 258
18
50  HP 7653 241
30  HP 8009 304
10  HP 8040 275
19
50  CASC 7263 2581
30  HP 8572 307
10  HP 8647 243
20
50  HP 5659 308
30  CASC 5976 2589
10  CASC 6106 2585
21
50  CASC 4897 2558
30  HP 4947 322
10  HP 6941 239
22
50  HP 2850 227
30  HP 3722 255
10  HP 10047 333
23
50  HP 2685 229
30  HP 2838 338
10  CASC 3091 2590
24
50  CASC 2707 2569
30  HP 2787 331
10  CASC 2839 2571
25
50  HP 1963 260
30  CASC 2255 2559
10  HP 2303 233
26
50  CASC 2159 2567
30  CASC 2461 2561
10  HP 2563 246
27
50  HP 3568 269
30  HP 3894 330
10  CASC 4156 2595
28
50  HP 4231 254
30  CASC 5026 2573
10  HP 5281 225
29
50  HP 3984 235
30  HP 5031 326
10  HP 5340 263
30
50  HP 3275 268
30  HP 4110 288
10  HP 4353 298
31
80  CASC 3307 2596
40  HP 3625 220
0  CASC 3897 2581
32
80  HP 2865 308
40  CASC 3368 2582
0  CASC 3454 2593
33
80  HP 2600 338
40  HP 2612 214
34
80  HP 2722 227
40  HP 3031 331
35
50  HP 1863 260
30  HP 1960 211
10  CASC 2100 2559
36
50  HP 1747 328
30  HP 2134 283
10  CASC 2600 2561
37
50  HP 3265 269
30  CASC 3762 2560
10  HP 4228 332
38
50  HP 3428 236
30  HP 6200 317
10  CASC 6298 2573
39
50  HP 3072 290
30  HP 3618 234
10  HP 3833 316
40
50  HP 3075 256
30  HP 3638 244
10  HP 3778 241
41
50  CASC 3334 2596
30  CASC 4049 2594
10  HP 4053 291
42
50  HP 2698 308
30  HP 3059 303
10  CASC 3113 2593
43
50  HP 2884 229
30  CASC 4173 2590
44
50  CASC 2689 2569
30  HP 3416 227
10  HP 3853 261
45
50  CASC 2417 2559
30  HP 2439 211
10  HP 2795 215
46
50  CASC 2299 2567
30  HP 2560 282
10  CASC 2747 2592
47
50  CASC 4506 2568
30  HP 4525 330
10  CASC 4766 2595
48
50  CASC 4834 2565
30  HP 5325 276
10  HP 5327 254
49
50  HP 4641 234
30  HP 5259 326
50
50  HP 3669 268
30  HP 4369 288
10  HP 4769 337
51
50  HP 3997 220
30  CASC 4516 2594
10  CASC 4555 2581
52
50  CASC 3417 2589
30  CASC 3541 2585
10  CASC 3601 2593
53
50  HP 18604 1656
54
50  HP 10553 1642
30  CASC 12204 1913
55
50  HP 18650 1644
56
50  HP 15963 1646
30  CASC 18359 1914
57
50  CASC 14158 1915
30  HP 17031 1647
58
50  CASC 16135 1917
30  HP 17835 1649
59
50  HP 15187 1650
60
50  HP 12150 1651
61
50  CASC 12488 1918
30  HP 13259 1653
SCORE:HP,CASC,3710,1670,204.0
