HP-DUL
1
50  HP 9165 260
30  DUL 10606 1303
10  DUL 11379 1307
2
50  HP 9344 328
30  HP 9725 237
10  HP 13221 247
3
50  HP 7550 269
30  DUL 9243 1320
10  HP 9669 332
4
50  HP 7934 236
30  DUL 10659 1300
10  HP 11247 225
5
50  HP 7225 290
30  HP 8263 234
10  HP 8982 316
6
50  HP 7203 256
30  HP 8175 244
10  HP 9195 275
7
50  HP 7603 220
30  DUL 8048 1349
10  DUL 8394 1296
8
50  DUL 7197 1305
30  DUL 7268 1295
10  HP 7391 303
9
50  DUL 3522 1291
30  DUL 3850 1313
10  HP 3975 322
10
50  HP 3084 255
30  DUL 3298 1361
10  DUL 4187 1325
11
50  HP 2162 338
30  DUL 2237 1318
10  DUL 2304 1322
12
50  DUL 2127 1297
30  HP 2334 331
10  HP 2456 300
13
50  HP 3703 211
30  DUL 4160 1303
10  DUL 4350 1338
14
50  HP 3725 237
30  HP 4106 283
10  HP 4278 282
15
50  HP 3207 330
30  HP 3650 335
10  HP 3719 332
16
50  HP 3135 236
30  HP 3422 254
10  HP 3934 276
17
50  HP 6384 290
30  HP 8007 235
10  HP 9053 258
18
50  HP 7653 241
30  HP 8009 304
10  HP 8040 275
19
50  DUL 8299 1356
30  HP 8572 307
10  DUL 8634 1348
20
50  HP 5659 308
30  HP 6313 312
10  HP 6659 319
21
50  DUL 3983 1332
30  DUL 4739 1352
10  HP 4947 322
22
50  HP 2850 227
30  HP 3722 255
10  DUL 4059 1361
23
50  HP 2685 229
30  DUL 2695 1337
10  HP 2838 338
24
50  HP 2787 331
30  HP 2850 227
10  DUL 2994 1297
25
50  HP 1963 260
30  DUL 2093 1303
10  DUL 2238 1304
26
50  HP 2563 246
30  DUL 2906 1293
10  HP 2939 329
27
50  HP 3568 269
30  HP 3894 330
10  HP 4756 232
28
50  HP 4231 254
30  HP 5281 225
10  DUL 5527 1300
29
50  HP 3984 235
30  DUL 4352 1347
10  DUL 4490 1319
30
50  HP 3275 268
30  HP 4110 288
10  HP 4353 298
31
80  HP 3625 220
40  DUL 3909 1349
0  DUL 4014 1296
32
80  HP 2865 308
40  HP 3557 289
0  DUL 3673 1305
33
80  HP 2600 338
40  HP 2612 214
0  DUL 2739 1337
34
80  HP 2722 227
40  HP 3031 331
35
50  HP 1863 260
30  DUL 1873 1303
10  HP 1960 211
36
50  HP 1747 328
30  HP 2134 283
10  HP 2707 246
37
50  HP 3265 269
30  HP 4228 332
10  DUL 4325 1320
38
50  HP 3428 236
30  DUL 4950 1300
10  HP 6200 317
39
50  HP 3072 290
30  HP 3618 234
10  HP 3833 316
40
50  HP 3075 256
30  HP 3638 244
10  HP 3778 241
41
50  DUL 3374 1349
30  DUL 3887 1296
10  HP 4053 291
42
50  HP 2698 308
30  HP 3059 303
10  DUL 3122 1305
43
50  DUL 2877 1322
30  HP 2884 229
10  DUL 3127 1337
44
50  HP 3416 227
30  HP 3853 261
45
50  DUL 2291 1307
30  HP 2439 211
10  DUL 2775 1331
46
50  HP 2560 282
30  DUL 2757 1293
10  HP 2988 271
47
50  HP 4525 330
30  HP 4844 335
10  HP 4938 213
48
50  HP 5325 276
30  HP 5327 254
10  DUL 5469 1300
49
50  HP 4641 234
30  DUL 4732 1347
10  HP 5259 326
50
50  HP 3669 268
30  HP 4369 288
10  HP 4769 337
51
50  HP 3997 220
30  DUL 4042 1296
10  DUL 4289 1349
52
50  DUL 3484 1295
30  HP 3687 312
10  HP 3715 289
53
50  DUL 18537 1749
30  HP 18604 1656
54
50  HP 10553 1642
30  DUL 12181 1742
55
50  HP 18650 1644
30  DUL 24027 1744
56
50  HP 15963 1646
57
50  DUL 16909 1746
30  HP 17031 1647
58
50  HP 17835 1649
59
50  HP 15187 1650
60
50  HP 12150 1651
61
50  DUL 13150 1748
30  HP 13259 1653
SCORE:HP,DUL,3920,1470,245.0
