HP-FR
1
50  HP 9165 260
30  FR 9756 1771
10  FR 11123 1757
2
50  HP 9344 328
30  HP 9725 237
10  HP 13221 247
3
50  HP 7550 269
30  FR 9077 1829
10  HP 9669 332
4
50  FR 7209 1825
30  HP 7934 236
10  FR 10057 1800
5
50  HP 7225 290
30  FR 7641 1767
10  HP 8263 234
6
50  HP 7203 256
30  HP 8175 244
10  FR 8712 1781
7
50  HP 7603 220
30  FR 8011 1828
10  FR 9367 1769
8
50  HP 7391 303
30  HP 7437 312
10  HP 7757 319
9
50  HP 3975 322
30  HP 3998 273
10  FR 4226 1823
10
50  HP 3084 255
30  HP 4346 251
10  FR 6518 1775
11
50  FR 2003 1815
30  HP 2162 338
10  FR 2238 1778
12
50  FR 2009 1740
30  FR 2057 1770
10  HP 2334 331
13
50  HP 3703 211
30  HP 4381 226
10  FR 4397 1757
14
50  HP 3725 237
30  HP 4106 283
10  HP 4278 282
15
50  HP 3207 330
30  FR 3487 1785
10  HP 3650 335
16
50  FR 2909 1825
30  HP 3135 236
10  HP 3422 254
17
50  HP 6384 290
30  HP 8007 235
10  FR 8153 1833
18
50  HP 7653 241
30  FR 7796 1831
10  FR 7883 1756
19
50  FR 6978 1828
30  FR 8397 1769
10  HP 8572 307
20
50  HP 5659 308
30  HP 6313 312
10  HP 6659 319
21
50  FR 4902 1798
30  HP 4947 322
10  FR 6624 1823
22
50  HP 2850 227
30  HP 3722 255
10  FR 5597 1775
23
50  FR 2359 1815
30  FR 2628 1778
10  HP 2685 229
24
50  FR 2369 1740
30  HP 2787 331
10  HP 2850 227
25
50  HP 1963 260
30  FR 2137 1771
10  HP 2303 233
26
50  FR 2488 1837
30  HP 2563 246
10  HP 2939 329
27
50  HP 3568 269
30  HP 3894 330
10  FR 4456 1785
28
50  HP 4231 254
30  FR 4469 1826
10  FR 4849 1784
29
50  FR 3559 1767
30  HP 3984 235
10  FR 4101 1833
30
50  HP 3275 268
30  FR 4107 1781
10  HP 4110 288
31
80  FR 3485 1765
40  HP 3625 220
0  HP 4468 291
32
80  HP 2865 308
40  FR 3537 1749
0  HP 3557 289
33
80  FR 2371 1815
40  HP 2600 338
0  HP 2612 214
34
80  FR 2468 1740
40  FR 2562 1770
0  HP 2722 227
35
50  HP 1863 260
30  HP 1960 211
10  FR 2038 1771
36
50  HP 1747 328
30  HP 2134 283
10  HP 2707 246
37
50  HP 3265 269
30  FR 4082 1785
10  HP 4228 332
38
50  FR 3378 1825
30  HP 3428 236
10  FR 4474 1784
39
50  HP 3072 290
30  FR 3359 1767
10  HP 3618 234
40
50  HP 3075 256
30  HP 3638 244
10  HP 3778 241
41
50  FR 3181 1765
30  FR 3494 1828
10  HP 4053 291
42
50  HP 2698 308
30  HP 3059 303
10  HP 3184 314
43
50  HP 2884 229
30  FR 3201 1778
10  FR 3810 1820
44
50  FR 2806 1770
30  HP 3416 227
10  HP 3853 261
45
50  FR 2412 1771
30  HP 2439 211
10  FR 2652 1741
46
50  HP 2560 282
30  FR 2884 1794
10  HP 2988 271
47
50  FR 4369 1829
30  HP 4525 330
10  HP 4844 335
48
50  FR 3828 1825
30  FR 5026 1800
10  FR 5087 1826
49
50  FR 4196 1767
30  FR 4599 1833
10  HP 4641 234
50
50  HP 3669 268
30  FR 4141 1781
10  HP 4369 288
51
50  FR 3700 1765
30  HP 3997 220
10  FR 4614 1769
52
50  HP 3687 312
30  HP 3715 289
10  HP 3973 314
53
50  HP 18604 1656
30  FR 30704 1814
54
50  HP 10553 1642
30  FR 11241 1805
55
50  HP 18650 1644
30  FR 23538 1808
56
50  HP 15963 1646
30  FR 25100 1809
57
50  FR 15370 1811
30  HP 17031 1647
58
50  FR 15968 1812
30  HP 17835 1649
59
50  HP 15187 1650
60
50  HP 12150 1651
61
50  FR 12000 1813
30  HP 13259 1653
SCORE:HP,FR,3160,2300,86.0
