HP-FV
1
50  HP 9165 260
30  FV 10025 3349
10  HP 11713 224
2
50  HP 9344 328
30  HP 9725 237
10  FV 10634 3383
3
50  HP 7550 269
30  FV 8790 3380
10  HP 9669 332
4
50  HP 7934 236
30  FV 11027 3350
10  HP 11247 225
5
50  HP 7225 290
30  HP 8263 234
10  FV 8295 3351
6
50  HP 7203 256
30  HP 8175 244
10  HP 9195 275
7
50  HP 7603 220
30  HP 10002 291
10  HP 10056 321
8
50  FV 7139 3384
30  HP 7391 303
10  HP 7437 312
9
50  FV 3222 3343
30  HP 3975 322
10  HP 3998 273
10
50  HP 3084 255
30  FV 3344 3360
10  HP 4346 251
11
50  HP 2162 338
30  FV 2181 3382
10  FV 2232 3344
12
50  FV 2238 3368
30  HP 2334 331
10  HP 2456 300
13
50  HP 3703 211
30  HP 4381 226
10  FV 4412 3375
14
50  HP 3725 237
30  HP 4106 283
10  HP 4278 282
15
50  HP 3207 330
30  FV 3525 3380
10  HP 3650 335
16
50  HP 3135 236
30  HP 3422 254
10  FV 3762 3359
17
50  HP 6384 290
30  FV 7303 3351
10  FV 7582 3352
18
50  HP 7653 241
30  HP 8009 304
10  HP 8040 275
19
50  HP 8572 307
30  FV 8631 3373
10  HP 8647 243
20
50  HP 5659 308
30  HP 6313 312
10  FV 6359 3384
21
50  FV 3926 3343
30  HP 4947 322
10  HP 6941 239
22
50  HP 2850 227
30  HP 3722 255
10  FV 5770 3360
23
50  FV 2641 3344
30  FV 2675 3382
10  HP 2685 229
24
50  HP 2787 331
30  HP 2850 227
10  HP 3178 300
25
50  HP 1963 260
30  FV 2089 3349
10  HP 2303 233
26
50  FV 2464 3369
30  HP 2563 246
10  FV 2878 3366
27
50  HP 3568 269
30  HP 3894 330
10  FV 4028 3380
28
50  HP 4231 254
30  FV 4766 3359
10  HP 5281 225
29
50  FV 3738 3351
30  HP 3984 235
10  FV 4328 3357
30
50  HP 3275 268
30  HP 4110 288
10  HP 4353 298
31
80  HP 3625 220
40  HP 4468 291
0  HP 4719 242
32
80  HP 2865 308
40  FV 3475 3364
0  FV 3512 3384
33
80  HP 2600 338
40  HP 2612 214
0  FV 3532 3344
34
80  HP 2722 227
40  HP 3031 331
0  FV 3213 3368
35
50  HP 1863 260
30  FV 1908 3349
10  HP 1960 211
36
50  HP 1747 328
30  HP 2134 283
10  FV 2340 3383
37
50  HP 3265 269
30  HP 4228 332
10  FV 4444 3380
38
50  HP 3428 236
30  FV 5006 3359
10  HP 6200 317
39
50  HP 3072 290
30  FV 3577 3351
10  HP 3618 234
40
50  HP 3075 256
30  HP 3638 244
10  HP 3778 241
41
50  HP 4053 291
30  HP 4466 242
10  FV 4947 3373
42
50  HP 2698 308
30  HP 3059 303
10  HP 3184 314
43
50  HP 2884 229
30  FV 3579 3382
10  FV 4928 3365
44
50  HP 3416 227
30  HP 3853 261
10  FV 3925 3368
45
50  HP 2439 211
30  HP 2795 215
10  HP 2800 224
46
50  HP 2560 282
30  FV 2665 3383
10  FV 2806 3363
47
50  HP 4525 330
30  HP 4844 335
10  HP 4938 213
48
50  HP 5325 276
30  HP 5327 254
10  FV 5718 3350
49
50  FV 4203 3352
30  HP 4641 234
10  FV 4771 3381
50
50  HP 3669 268
30  HP 4369 288
10  HP 4769 337
51
50  HP 3997 220
30  HP 4753 243
10  HP 6071 265
52
50  HP 3687 312
30  HP 3715 289
10  HP 3973 314
53
50  HP 18604 1656
54
50  HP 10553 1642
30  FV 11293 2015
55
50  HP 18650 1644
30  FV 20352 2016
56
50  HP 15963 1646
30  FV 19896 2017
57
50  HP 17031 1647
30  FV 17397 2018
58
50  FV 17403 2019
30  HP 17835 1649
59
50  HP 15187 1650
30  FV 16759 2020
60
50  HP 12150 1651
61
50  HP 13259 1653
SCORE:HP,FV,4120,1310,281.0
