HP-HSC
1
50  HP 9165 260
30  HP 11713 224
10  HP 12150 233
2
50  HP 9344 328
30  HP 9725 237
10  HSC 13133 3465
3
50  HP 7550 269
30  HP 9669 332
10  HP 10075 232
4
50  HP 7934 236
30  HSC 8441 3463
10  HP 11247 225
5
50  HP 7225 290
30  HSC 7740 3466
10  HSC 7854 3424
6
50  HP 7203 256
30  HSC 7907 3446
10  HP 8175 244
7
50  HP 7603 220
30  HSC 8442 3457
10  HSC 8729 3447
8
50  HSC 6592 3462
30  HP 7391 303
10  HP 7437 312
9
50  HP 3975 322
30  HP 3998 273
10  HP 4531 239
10
50  HP 3084 255
30  HSC 3999 3459
10  HP 4346 251
11
50  HSC 1977 3430
30  HSC 2019 3464
10  HP 2162 338
12
50  HP 2334 331
30  HP 2456 300
10  HP 2522 272
13
50  HP 3703 211
30  HP 4381 226
10  HP 4419 248
14
50  HP 3725 237
30  HSC 4084 3420
10  HP 4106 283
15
50  HP 3207 330
30  HP 3650 335
10  HP 3719 332
16
50  HP 3135 236
30  HSC 3251 3453
10  HSC 3253 3463
17
50  HP 6384 290
30  HSC 6734 3466
10  HSC 6821 3424
18
50  HSC 6803 3423
30  HSC 7347 3458
10  HP 7653 241
19
50  HSC 7373 3448
30  HSC 7776 3447
10  HP 8572 307
20
50  HSC 5558 3462
30  HP 5659 308
10  HSC 5947 3460
21
50  HP 4947 322
30  HSC 5788 3441
10  HP 6941 239
22
50  HP 2850 227
30  HP 3722 255
10  HSC 8421 3459
23
50  HP 2685 229
30  HP 2838 338
10  HSC 2976 3430
24
50  HP 2787 331
30  HP 2850 227
10  HP 3178 300
25
50  HP 1963 260
30  HP 2303 233
10  HP 2308 323
26
50  HP 2563 246
30  HSC 2844 3420
10  HSC 2852 3465
27
50  HP 3568 269
30  HP 3894 330
10  HP 4756 232
28
50  HP 4231 254
30  HSC 4294 3421
10  HSC 4380 3453
29
50  HSC 3789 3444
30  HP 3984 235
10  HP 5031 326
30
50  HP 3275 268
30  HSC 3802 3446
10  HSC 3893 3423
31
80  HP 3625 220
40  HSC 3913 3448
0  HSC 4225 3447
32
80  HP 2865 308
40  HP 3557 289
0  HSC 3721 3461
33
80  HP 2600 338
40  HP 2612 214
34
80  HP 2722 227
40  HP 3031 331
35
50  HP 1863 260
30  HP 1960 211
10  HP 2296 215
36
50  HP 1747 328
30  HP 2134 283
10  HP 2707 246
37
50  HP 3265 269
30  HP 4228 332
10  HSC 4920 3445
38
50  HP 3428 236
30  HSC 4317 3453
10  HP 6200 317
39
50  HP 3072 290
30  HP 3618 234
10  HSC 3635 3424
40
50  HP 3075 256
30  HSC 3304 3446
10  HP 3638 244
41
50  HSC 3312 3457
30  HP 4053 291
10  HSC 4225 3448
42
50  HSC 2639 3462
30  HP 2698 308
10  HSC 2925 3460
43
50  HP 2884 229
30  HSC 2932 3430
10  HSC 3033 3464
44
50  HP 3416 227
30  HP 3853 261
45
50  HP 2439 211
30  HP 2795 215
10  HP 2800 224
46
50  HP 2560 282
30  HP 2988 271
10  HSC 3058 3420
47
50  HP 4525 330
30  HP 4844 335
10  HP 4938 213
48
50  HSC 4691 3463
30  HSC 5188 3435
10  HP 5325 276
49
50  HSC 4065 3466
30  HP 4641 234
10  HSC 4831 3429
50
50  HP 3669 268
30  HSC 4279 3423
10  HP 4369 288
51
50  HP 3997 220
30  HSC 4470 3448
10  HSC 4532 3457
52
50  HSC 3407 3460
30  HP 3687 312
10  HP 3715 289
53
50  HP 18604 1656
54
50  HP 10553 1642
55
50  HP 18650 1644
56
50  HP 15963 1646
30  HSC 19928 2040
57
50  HP 17031 1647
58
50  HSC 15277 2041
30  HP 17835 1649
59
50  HSC 12869 2042
30  HP 15187 1650
60
50  HP 12150 1651
30  HSC 12747 2043
61
50  HSC 12104 2044
30  HP 13259 1653
SCORE:HP,HSC,3770,1620,215.0
