HP-HH
1
50  HP 9165 260
30  HH 10833 2255
10  HH 10937 2250
2
50  HP 9344 328
30  HP 9725 237
10  HH 11531 2218
3
50  HP 7550 269
30  HH 8407 2211
10  HH 9578 2285
4
50  HP 7934 236
30  HP 11247 225
10  HH 11712 2279
5
50  HP 7225 290
30  HH 7706 2236
10  HH 7812 2240
6
50  HP 7203 256
30  HP 8175 244
10  HH 8663 2233
7
50  HP 7603 220
30  HH 7733 2237
10  HH 8933 2246
8
50  HH 7209 2235
30  HP 7391 303
10  HP 7437 312
9
50  HP 3975 322
30  HP 3998 273
10  HH 4109 2220
10
50  HP 3084 255
30  HH 3377 2222
10  HH 3744 2225
11
50  HP 2162 338
30  HH 2287 2212
10  HH 2390 2230
12
50  HP 2334 331
30  HP 2456 300
10  HP 2522 272
13
50  HP 3703 211
30  HH 4202 2249
10  HP 4381 226
14
50  HP 3725 237
30  HP 4106 283
10  HP 4278 282
15
50  HP 3207 330
30  HH 3227 2211
10  HP 3650 335
16
50  HP 3135 236
30  HP 3422 254
10  HP 3934 276
17
50  HP 6384 290
30  HH 6947 2240
10  HH 7712 2223
18
50  HP 7653 241
30  HP 8009 304
10  HP 8040 275
19
50  HH 6752 2237
30  HH 7974 2206
10  HP 8572 307
20
50  HP 5659 308
30  HP 6313 312
10  HH 6551 2234
21
50  HP 4947 322
30  HH 5075 2214
10  HH 5333 2220
22
50  HP 2850 227
30  HP 3722 255
10  HH 5363 2225
23
50  HP 2685 229
30  HP 2838 338
10  HH 3027 2289
24
50  HP 2787 331
30  HP 2850 227
10  HP 3178 300
25
50  HP 1963 260
30  HH 2290 2255
10  HP 2303 233
26
50  HP 2563 246
30  HP 2939 329
10  HH 2983 2259
27
50  HP 3568 269
30  HP 3894 330
10  HP 4756 232
28
50  HP 4231 254
30  HH 4889 2248
10  HH 5064 2266
29
50  HH 3628 2236
30  HH 3878 2223
10  HH 3909 2224
30
50  HP 3275 268
30  HP 4110 288
10  HP 4353 298
31
80  HP 3625 220
40  HH 3649 2237
0  HH 4100 2246
32
80  HP 2865 308
40  HP 3557 289
0  HH 3688 2235
33
80  HP 2600 338
40  HP 2612 214
0  HH 3238 2212
34
80  HP 2722 227
40  HP 3031 331
0  HH 4222 2260
35
50  HP 1863 260
30  HH 1913 2263
10  HP 1960 211
36
50  HP 1747 328
30  HP 2134 283
10  HH 2421 2218
37
50  HP 3265 269
30  HH 3806 2211
10  HP 4228 332
38
50  HP 3428 236
30  HH 5450 2268
10  HH 5463 2248
39
50  HP 3072 290
30  HH 3508 2240
10  HH 3614 2224
40
50  HP 3075 256
30  HP 3638 244
10  HP 3778 241
41
50  HH 3301 2237
30  HH 3977 2246
10  HP 4053 291
42
50  HP 2698 308
30  HP 3059 303
10  HP 3184 314
43
50  HP 2884 229
30  HH 4070 2198
10  HH 4343 2291
44
50  HP 3416 227
30  HP 3853 261
45
50  HH 2358 2250
30  HP 2439 211
10  HH 2470 2263
46
50  HP 2560 282
30  HH 2822 2218
10  HP 2988 271
47
50  HP 4525 330
30  HP 4844 335
10  HH 4890 2285
48
50  HP 5325 276
30  HP 5327 254
10  HP 6110 218
49
50  HH 3832 2236
30  HP 4641 234
10  HH 4790 2278
50
50  HP 3669 268
30  HP 4369 288
10  HP 4769 337
51
50  HP 3997 220
30  HH 4534 2246
10  HP 4753 243
52
50  HP 3687 312
30  HH 3701 2234
10  HP 3715 289
53
50  HH 18253 1874
30  HP 18604 1656
54
50  HP 10553 1642
30  HH 11083 1862
55
50  HH 17450 1864
30  HP 18650 1644
56
50  HP 15963 1646
30  HH 20332 1866
57
50  HH 15031 1868
30  HP 17031 1647
58
50  HP 17835 1649
30  HH 18633 1869
59
50  HH 13502 1870
30  HP 15187 1650
60
50  HP 12150 1651
61
50  HH 12364 1873
30  HP 13259 1653
SCORE:HP,HH,3860,1620,224.0
