HP-LCC
1
50  HP 9165 260
30  HP 11713 224
10  HP 12150 233
2
50  HP 9344 328
30  HP 9725 237
10  HP 13221 247
3
50  LCC 7247 2844
30  HP 7550 269
10  HP 9669 332
4
50  LCC 7346 2868
30  HP 7934 236
10  HP 11247 225
5
50  LCC 7149 2861
30  HP 7225 290
10  LCC 7241 2846
6
50  HP 7203 256
30  LCC 8146 2867
10  HP 8175 244
7
50  LCC 6395 2845
30  HP 7603 220
10  LCC 8620 2858
8
50  LCC 6350 2871
30  LCC 6572 2836
10  HP 7391 303
9
50  HP 3975 322
30  HP 3998 273
10  HP 4531 239
10
50  HP 3084 255
30  HP 4346 251
10  HP 6640 333
11
50  HP 2162 338
30  LCC 2278 2859
10  LCC 2345 2832
12
50  HP 2334 331
30  HP 2456 300
10  HP 2522 272
13
50  LCC 3277 2869
30  HP 3703 211
10  HP 4381 226
14
50  HP 3725 237
30  HP 4106 283
10  HP 4278 282
15
50  HP 3207 330
30  HP 3650 335
10  HP 3719 332
16
50  LCC 2821 2868
30  HP 3135 236
10  HP 3422 254
17
50  HP 6384 290
30  LCC 6550 2862
10  HP 8007 235
18
50  LCC 7280 2867
30  HP 7653 241
10  HP 8009 304
19
50  HP 8572 307
30  HP 8647 243
10  HP 8834 321
20
50  LCC 5634 2836
30  HP 5659 308
10  LCC 5829 2835
21
50  LCC 4821 2842
30  HP 4947 322
10  LCC 6763 2841
22
50  HP 2850 227
30  HP 3722 255
10  HP 10047 333
23
50  HP 2685 229
30  LCC 2705 2832
10  HP 2838 338
24
50  HP 2787 331
30  HP 2850 227
10  HP 3178 300
25
50  LCC 1880 2869
30  HP 1963 260
10  HP 2303 233
26
50  HP 2563 246
30  LCC 2887 2831
10  HP 2939 329
27
50  LCC 3373 2844
30  HP 3568 269
10  HP 3894 330
28
50  HP 4231 254
30  HP 5281 225
29
50  LCC 3544 2862
30  HP 3984 235
10  LCC 4528 2829
30
50  HP 3275 268
30  HP 4110 288
10  HP 4353 298
31
80  HP 3625 220
40  LCC 3887 2858
0  HP 4468 291
32
80  HP 2865 308
40  LCC 2945 2871
0  HP 3557 289
33
80  HP 2600 338
40  HP 2612 214
0  LCC 4011 2859
34
80  HP 2722 227
40  HP 3031 331
35
50  HP 1863 260
30  HP 1960 211
10  HP 2296 215
36
50  HP 1747 328
30  HP 2134 283
10  HP 2707 246
37
50  HP 3265 269
30  LCC 3470 2844
10  HP 4228 332
38
50  HP 3428 236
30  HP 6200 317
39
50  LCC 3019 2861
30  LCC 3026 2846
10  HP 3072 290
40
50  HP 3075 256
30  HP 3638 244
10  HP 3778 241
41
50  LCC 2770 2845
30  LCC 3963 2858
10  HP 4053 291
42
50  LCC 2625 2871
30  HP 2698 308
10  LCC 3019 2835
43
50  HP 2884 229
44
50  HP 3416 227
30  HP 3853 261
45
50  HP 2439 211
30  HP 2795 215
10  HP 2800 224
46
50  HP 2560 282
30  LCC 2716 2831
10  HP 2988 271
47
50  HP 4525 330
30  HP 4844 335
10  HP 4938 213
48
50  HP 5325 276
30  HP 5327 254
10  HP 6110 218
49
50  LCC 3773 2861
30  LCC 3821 2846
10  HP 4641 234
50
50  HP 3669 268
30  HP 4369 288
10  HP 4769 337
51
50  LCC 3654 2845
30  HP 3997 220
10  HP 4753 243
52
50  LCC 3518 2836
30  HP 3687 312
10  HP 3715 289
53
50  HP 18604 1656
54
50  HP 10553 1642
55
50  HP 18650 1644
30  LCC 20217 1954
56
50  HP 15963 1646
57
50  LCC 16435 1955
30  HP 17031 1647
58
50  HP 17835 1649
59
50  LCC 11929 1956
30  HP 15187 1650
60
50  HP 12150 1651
30  LCC 17576 1957
61
50  LCC 11533 1959
30  HP 13259 1653
SCORE:HP,LCC,3690,1640,205.0
