HP-ML
1
50  ML 7733 3026
30  ML 8827 3040
10  HP 9165 260
2
50  HP 9344 328
30  HP 9725 237
10  HP 13221 247
3
50  HP 7550 269
30  ML 7653 3039
10  ML 8387 3030
4
50  HP 7934 236
30  HP 11247 225
5
50  HP 7225 290
30  ML 7646 2976
10  HP 8263 234
6
50  HP 7203 256
30  HP 8175 244
10  ML 8587 3042
7
50  HP 7603 220
30  HP 10002 291
10  HP 10056 321
8
50  ML 6856 3009
30  HP 7391 303
10  HP 7437 312
9
50  ML 2362 3027
30  ML 3564 3035
10  ML 3747 3038
10
50  HP 3084 255
30  ML 3708 3055
10  ML 4282 3004
11
50  ML 1763 3018
30  ML 2138 2990
10  HP 2162 338
12
50  ML 1841 3057
30  ML 2006 3058
10  ML 2091 3016
13
50  HP 3703 211
30  ML 4123 2974
10  HP 4381 226
14
50  ML 3347 3007
30  HP 3725 237
10  ML 3845 3052
15
50  ML 3038 3039
30  ML 3094 2983
10  HP 3207 330
16
50  HP 3135 236
30  HP 3422 254
10  ML 3797 3008
17
50  HP 6384 290
30  ML 6728 3025
10  ML 7035 2976
18
50  ML 7318 3042
30  HP 7653 241
10  ML 7769 3041
19
50  HP 8572 307
30  HP 8647 243
10  HP 8834 321
20
50  HP 5659 308
30  ML 5822 3009
10  HP 6313 312
21
50  ML 3140 3027
30  ML 4009 2975
10  ML 4740 3035
22
50  HP 2850 227
30  HP 3722 255
10  ML 5102 3004
23
50  ML 2434 2968
30  ML 2446 3018
10  HP 2685 229
24
50  ML 2428 3058
30  ML 2614 3057
10  ML 2625 3016
25
50  HP 1963 260
30  ML 2282 2979
10  HP 2303 233
26
50  ML 1775 3007
30  ML 2128 3052
10  ML 2400 3017
27
50  ML 3468 3028
30  HP 3568 269
10  ML 3828 3030
28
50  HP 4231 254
30  ML 5208 3053
10  HP 5281 225
29
50  ML 3495 3025
30  ML 3766 2976
10  HP 3984 235
30
50  HP 3275 268
30  HP 4110 288
10  HP 4353 298
31
80  HP 3625 220
40  HP 4468 291
0  HP 4719 242
32
80  HP 2865 308
40  ML 3295 3009
0  HP 3557 289
33
80  HP 2600 338
40  HP 2612 214
34
80  HP 2722 227
40  HP 3031 331
35
50  ML 1494 3026
30  ML 1822 3040
10  HP 1863 260
36
50  HP 1747 328
30  ML 1976 3007
10  HP 2134 283
37
50  ML 3107 3028
30  HP 3265 269
10  ML 3506 3039
38
50  HP 3428 236
30  ML 4734 3008
10  ML 5303 3053
39
50  HP 3072 290
30  ML 3244 2976
10  ML 3546 3025
40
50  HP 3075 256
30  HP 3638 244
10  HP 3778 241
41
50  HP 4053 291
30  HP 4466 242
42
50  HP 2698 308
30  ML 2864 3009
10  HP 3059 303
43
50  ML 2798 3018
30  HP 2884 229
10  ML 5954 2997
44
50  ML 2996 2998
30  HP 3416 227
10  HP 3853 261
45
50  ML 1895 3026
30  ML 2352 3040
10  HP 2439 211
46
50  HP 2560 282
30  ML 2939 3031
10  HP 2988 271
47
50  ML 3656 3028
30  ML 4203 2983
10  ML 4350 2999
48
50  ML 4858 3008
30  HP 5325 276
10  HP 5327 254
49
50  ML 4165 3025
30  HP 4641 234
10  HP 5259 326
50
50  HP 3669 268
30  ML 4115 3023
10  HP 4369 288
51
50  HP 3997 220
30  HP 4753 243
10  HP 6071 265
52
50  HP 3687 312
30  HP 3715 289
10  HP 3973 314
53
50  ML 16500 1973
30  HP 18604 1656
54
50  ML 9222 1974
30  HP 10553 1642
55
50  ML 16363 1977
30  HP 18650 1644
56
50  HP 15963 1646
30  ML 18044 1978
57
50  ML 12776 1980
30  HP 17031 1647
58
50  HP 17835 1649
59
50  HP 15187 1650
60
50  HP 12150 1651
30  ML 14843 1981
61
50  HP 13259 1653
SCORE:HP,ML,3010,2400,61.0
