HP-NC
1
50  HP 9165 260
30  NC 9537 1485
10  NC 11022 1472
2
50  HP 9344 328
30  HP 9725 237
10  NC 10859 1532
3
50  HP 7550 269
30  NC 7906 1477
10  NC 9235 1504
4
50  HP 7934 236
30  NC 8479 1533
10  NC 9094 1471
5
50  HP 7225 290
30  NC 8092 1476
10  HP 8263 234
6
50  HP 7203 256
30  HP 8175 244
10  NC 9079 1524
7
50  HP 7603 220
30  NC 8569 1497
10  NC 9537 1466
8
50  NC 7103 1483
30  NC 7146 1492
10  HP 7391 303
9
50  NC 2950 1526
30  HP 3975 322
10  HP 3998 273
10
50  HP 3084 255
30  HP 4346 251
10  HP 6640 333
11
50  NC 2056 1515
30  HP 2162 338
10  HP 2431 214
12
50  NC 2144 1487
30  NC 2181 1530
10  HP 2334 331
13
50  HP 3703 211
30  NC 4184 1474
10  HP 4381 226
14
50  HP 3725 237
30  HP 4106 283
10  HP 4278 282
15
50  NC 3160 1477
30  HP 3207 330
10  HP 3650 335
16
50  HP 3135 236
30  NC 3250 1517
10  HP 3422 254
17
50  HP 6384 290
30  NC 7388 1470
10  HP 8007 235
18
50  HP 7653 241
30  NC 7797 1537
10  NC 7947 1524
19
50  NC 7391 1497
30  NC 8413 1505
10  HP 8572 307
20
50  HP 5659 308
30  NC 6181 1483
10  HP 6313 312
21
50  NC 4007 1526
30  HP 4947 322
10  NC 5883 1486
22
50  HP 2850 227
30  HP 3722 255
10  HP 10047 333
23
50  NC 2606 1516
30  HP 2685 229
10  HP 2838 338
24
50  NC 2572 1487
30  HP 2787 331
10  HP 2850 227
25
50  HP 1963 260
30  NC 1994 1485
10  HP 2303 233
26
50  NC 2422 1525
30  HP 2563 246
10  NC 2580 1467
27
50  NC 3567 1477
30  HP 3568 269
10  HP 3894 330
28
50  NC 4119 1533
30  NC 4179 1471
10  HP 4231 254
29
50  NC 3790 1470
30  HP 3984 235
10  NC 4284 1506
30
50  HP 3275 268
30  HP 4110 288
10  HP 4353 298
31
80  HP 3625 220
40  NC 3954 1497
0  HP 4468 291
32
80  HP 2865 308
40  NC 3181 1492
0  NC 3437 1509
33
80  HP 2600 338
40  HP 2612 214
0  NC 2860 1516
34
80  NC 2659 1530
40  HP 2722 227
0  HP 3031 331
35
50  HP 1863 260
30  NC 1873 1485
10  HP 1960 211
36
50  HP 1747 328
30  HP 2134 283
10  NC 2300 1525
37
50  HP 3265 269
30  HP 4228 332
10  NC 4296 1519
38
50  HP 3428 236
30  NC 3571 1517
10  NC 4003 1471
39
50  HP 3072 290
30  NC 3541 1470
10  HP 3618 234
40
50  HP 3075 256
30  HP 3638 244
10  HP 3778 241
41
50  NC 3763 1497
30  HP 4053 291
10  HP 4466 242
42
50  HP 2698 308
30  NC 2993 1483
10  HP 3059 303
43
50  HP 2884 229
30  NC 3047 1516
10  NC 3862 1515
44
50  NC 2992 1494
30  NC 3066 1489
10  NC 3369 1530
45
50  HP 2439 211
30  NC 2462 1474
10  NC 2653 1472
46
50  NC 2525 1532
30  HP 2560 282
10  HP 2988 271
47
50  NC 4322 1477
30  HP 4525 330
10  NC 4701 1519
48
50  NC 4507 1517
30  NC 5165 1502
10  HP 5325 276
49
50  NC 4160 1476
30  HP 4641 234
10  HP 5259 326
50
50  HP 3669 268
30  HP 4369 288
10  NC 4410 1524
51
50  HP 3997 220
30  HP 4753 243
10  NC 4844 1505
52
50  NC 3615 1483
30  HP 3687 312
10  HP 3715 289
53
50  HP 18604 1656
54
50  NC 9591 1764
30  HP 10553 1642
55
50  NC 18144 1766
30  HP 18650 1644
56
50  HP 15963 1646
30  NC 18106 1768
57
50  NC 15191 1770
30  HP 17031 1647
58
50  NC 14393 1772
30  HP 17835 1649
59
50  NC 14019 1773
30  HP 15187 1650
60
50  HP 12150 1651
30  NC 14844 1774
61
50  HP 13259 1653
30  NC 14235 1775
SCORE:HP,NC,3110,2380,73.0
