HP-NJST
1
50  HP 9165 260
30  NJST 10050 3229
10  HP 11713 224
2
50  HP 9344 328
30  HP 9725 237
10  NJST 11875 3221
3
50  NJST 7090 3206
30  NJST 7422 3238
10  HP 7550 269
4
50  HP 7934 236
30  NJST 10567 3243
10  HP 11247 225
5
50  HP 7225 290
30  NJST 8025 3231
10  HP 8263 234
6
50  HP 7203 256
30  HP 8175 244
10  HP 9195 275
7
50  HP 7603 220
30  NJST 7619 3234
10  NJST 8972 3211
8
50  HP 7391 303
30  HP 7437 312
10  HP 7757 319
9
50  NJST 2247 3222
30  HP 3975 322
10  NJST 3979 3235
10
50  HP 3084 255
30  HP 4346 251
10  HP 6640 333
11
50  NJST 1965 3197
30  HP 2162 338
10  NJST 2321 3215
12
50  NJST 2010 3225
30  HP 2334 331
10  HP 2456 300
13
50  HP 3703 211
30  NJST 4263 3229
10  HP 4381 226
14
50  HP 3725 237
30  HP 4106 283
10  NJST 4209 3226
15
50  NJST 2836 3206
30  NJST 2929 3238
10  NJST 3194 3191
16
50  HP 3135 236
30  NJST 3353 3236
10  HP 3422 254
17
50  HP 6384 290
30  HP 8007 235
10  HP 9053 258
18
50  HP 7653 241
30  HP 8009 304
10  HP 8040 275
19
50  NJST 6731 3234
30  NJST 7723 3240
10  NJST 8363 3211
20
50  HP 5659 308
30  HP 6313 312
10  HP 6659 319
21
50  NJST 2794 3222
30  HP 4947 322
10  NJST 5043 3235
22
50  HP 2850 227
30  HP 3722 255
10  HP 10047 333
23
50  NJST 2604 3197
30  NJST 2613 3215
10  HP 2685 229
24
50  NJST 2287 3225
30  HP 2787 331
10  HP 2850 227
25
50  HP 1963 260
30  NJST 2256 3212
10  HP 2303 233
26
50  NJST 2381 3221
30  NJST 2413 3226
10  HP 2563 246
27
50  NJST 3425 3213
30  HP 3568 269
10  NJST 3872 3191
28
50  HP 4231 254
30  NJST 4575 3236
10  HP 5281 225
29
50  NJST 3852 3231
30  HP 3984 235
10  HP 5031 326
30
50  HP 3275 268
30  HP 4110 288
10  HP 4353 298
31
80  HP 3625 220
40  NJST 3781 3234
0  NJST 4162 3211
32
80  HP 2865 308
40  HP 3557 289
0  HP 3884 310
33
80  HP 2600 338
40  HP 2612 214
0  NJST 3345 3197
34
80  HP 2722 227
40  HP 3031 331
35
50  HP 1863 260
30  HP 1960 211
10  NJST 2103 3229
36
50  HP 1747 328
30  NJST 2091 3226
10  HP 2134 283
37
50  HP 3265 269
30  NJST 3407 3206
10  NJST 3522 3238
38
50  HP 3428 236
30  HP 6200 317
39
50  HP 3072 290
30  NJST 3557 3231
10  HP 3618 234
40
50  HP 3075 256
30  HP 3638 244
10  HP 3778 241
41
50  NJST 3315 3234
30  HP 4053 291
10  NJST 4063 3240
42
50  HP 2698 308
30  HP 3059 303
10  HP 3184 314
43
50  HP 2884 229
30  NJST 3128 3219
10  NJST 3909 3233
44
50  NJST 3275 3225
30  HP 3416 227
10  HP 3853 261
45
50  HP 2439 211
30  NJST 2662 3194
10  HP 2795 215
46
50  HP 2560 282
30  HP 2988 271
10  NJST 3038 3221
47
50  NJST 4290 3224
30  HP 4525 330
10  HP 4844 335
48
50  NJST 5291 3214
30  HP 5325 276
10  HP 5327 254
49
50  NJST 4193 3231
30  HP 4641 234
10  HP 5259 326
50
50  HP 3669 268
30  HP 4369 288
10  HP 4769 337
51
50  HP 3997 220
30  NJST 4359 3211
10  NJST 4675 3240
52
50  HP 3687 312
30  HP 3715 289
10  NJST 3787 3230
53
50  HP 18604 1656
54
50  HP 10553 1642
30  NJST 10675 1997
55
50  HP 18650 1644
30  NJST 19643 1998
56
50  HP 15963 1646
30  NJST 22728 1999
57
50  NJST 12482 2000
30  HP 17031 1647
58
50  HP 17835 1649
30  NJST 18127 2002
59
50  HP 15187 1650
60
50  HP 12150 1651
61
50  HP 13259 1653
SCORE:HP,NJST,3600,1790,181.0
