HP-OMST
1
50  HP 9165 260
30  HP 11713 224
10  OMST 11741 3251
2
50  OMST 8160 3253
30  HP 9344 328
10  HP 9725 237
3
50  HP 7550 269
30  OMST 8244 3275
10  HP 9669 332
4
50  HP 7934 236
30  HP 11247 225
10  OMST 12479 3247
5
50  HP 7225 290
30  OMST 7843 3258
10  HP 8263 234
6
50  HP 7203 256
30  HP 8175 244
10  OMST 8919 3263
7
50  OMST 7093 3269
30  HP 7603 220
10  OMST 7725 3285
8
50  OMST 6319 3274
30  HP 7391 303
10  HP 7437 312
9
50  HP 3975 322
30  HP 3998 273
10  OMST 4425 3259
10
50  HP 3084 255
30  HP 4346 251
10  OMST 6597 3248
11
50  HP 2162 338
30  HP 2431 214
10  OMST 2477 3286
12
50  HP 2334 331
30  HP 2456 300
10  HP 2522 272
13
50  HP 3703 211
30  HP 4381 226
10  HP 4419 248
14
50  HP 3725 237
30  OMST 3975 3261
10  HP 4106 283
15
50  HP 3207 330
30  OMST 3544 3279
10  HP 3650 335
16
50  HP 3135 236
30  HP 3422 254
10  OMST 3447 3266
17
50  HP 6384 290
30  HP 8007 235
10  OMST 8269 3271
18
50  OMST 7259 3257
30  HP 7653 241
10  HP 8009 304
19
50  OMST 6744 3285
30  HP 8572 307
10  HP 8647 243
20
50  HP 5659 308
30  HP 6313 312
10  HP 6659 319
21
50  OMST 4632 3259
30  HP 4947 322
10  HP 6941 239
22
50  HP 2850 227
30  HP 3722 255
10  HP 10047 333
23
50  HP 2685 229
30  HP 2838 338
10  OMST 3056 3286
24
50  HP 2787 331
30  HP 2850 227
10  HP 3178 300
25
50  HP 1963 260
30  HP 2303 233
10  HP 2308 323
26
50  OMST 1790 3253
30  HP 2563 246
10  OMST 2566 3261
27
50  HP 3568 269
30  OMST 3878 3275
10  HP 3894 330
28
50  HP 4231 254
30  HP 5281 225
10  OMST 5844 3283
29
50  OMST 3722 3258
30  HP 3984 235
10  OMST 4518 3271
30
50  HP 3275 268
30  HP 4110 288
10  OMST 4116 3263
31
80  HP 3625 220
40  OMST 3750 3285
0  HP 4468 291
32
80  HP 2865 308
40  HP 3557 289
0  HP 3884 310
33
80  HP 2600 338
40  HP 2612 214
0  OMST 4259 3289
34
80  HP 2722 227
40  HP 3031 331
35
50  HP 1863 260
30  HP 1960 211
10  HP 2296 215
36
50  OMST 1563 3253
30  HP 1747 328
10  HP 2134 283
37
50  HP 3265 269
30  HP 4228 332
10  OMST 4713 3279
38
50  HP 3428 236
30  OMST 6100 3283
10  HP 6200 317
39
50  HP 3072 290
30  HP 3618 234
10  OMST 3721 3258
40
50  HP 3075 256
30  HP 3638 244
10  OMST 3669 3257
41
50  OMST 3053 3269
30  HP 4053 291
10  HP 4466 242
42
50  HP 2698 308
30  OMST 2766 3274
10  HP 3059 303
43
50  HP 2884 229
30  OMST 4881 3260
10  OMST 7537 3264
44
50  OMST 3195 3284
30  HP 3416 227
10  HP 3853 261
45
50  HP 2439 211
30  HP 2795 215
10  HP 2800 224
46
50  HP 2560 282
30  OMST 2777 3246
10  HP 2988 271
47
50  HP 4525 330
30  OMST 4560 3275
10  HP 4844 335
48
50  OMST 4907 3266
30  HP 5325 276
10  HP 5327 254
49
50  HP 4641 234
30  OMST 5025 3265
10  HP 5259 326
50
50  HP 3669 268
30  HP 4369 288
10  HP 4769 337
51
50  OMST 3703 3269
30  HP 3997 220
10  HP 4753 243
52
50  OMST 3415 3274
30  HP 3687 312
10  HP 3715 289
53
50  HP 18604 1656
54
50  HP 10553 1642
30  OMST 12837 2003
55
50  HP 18650 1644
30  OMST 27406 2004
56
50  HP 15963 1646
30  OMST 16499 2005
57
50  HP 17031 1647
58
50  OMST 17262 2007
30  HP 17835 1649
59
50  HP 15187 1650
30  OMST 15246 2008
60
50  HP 12150 1651
61
50  OMST 12078 2009
30  HP 13259 1653
SCORE:HP,OMST,3960,1470,249.0
