HP-ROR
1
50  HP 9165 260
30  ROR 9794 13
10  ROR 10469 56
2
50  HP 9344 328
30  HP 9725 237
10  ROR 10266 6
3
50  HP 7550 269
30  ROR 7756 33
10  ROR 8009 14
4
50  HP 7934 236
30  ROR 7966 7
10  ROR 9978 43
5
50  HP 7225 290
30  ROR 7441 10
10  HP 8263 234
6
50  ROR 7169 27
30  HP 7203 256
10  ROR 8022 64
7
50  ROR 7410 35
30  HP 7603 220
10  ROR 9194 23
8
50  ROR 6656 68
30  HP 7391 303
10  HP 7437 312
9
50  ROR 2537 63
30  ROR 3150 31
10  HP 3975 322
10
50  HP 3084 255
30  ROR 3291 67
10  ROR 4050 39
11
50  ROR 1994 48
30  HP 2162 338
10  ROR 2388 21
12
50  ROR 2081 32
30  ROR 2137 5
10  ROR 2206 49
13
50  HP 3703 211
30  ROR 3966 15
10  ROR 3968 56
14
50  HP 3725 237
30  HP 4106 283
10  HP 4278 282
15
50  HP 3207 330
30  HP 3650 335
10  HP 3719 332
16
50  HP 3135 236
30  ROR 3175 36
10  HP 3422 254
17
50  ROR 6372 47
30  HP 6384 290
10  ROR 7128 57
18
50  ROR 6254 28
30  ROR 6944 64
10  HP 7653 241
19
50  ROR 6487 35
30  ROR 7791 24
10  HP 8572 307
20
50  HP 5659 308
30  ROR 5890 68
10  HP 6313 312
21
50  ROR 2909 63
30  HP 4947 322
10  HP 6941 239
22
50  HP 2850 227
30  HP 3722 255
10  ROR 3997 67
23
50  HP 2685 229
30  ROR 2778 21
10  HP 2838 338
24
50  ROR 2470 5
30  ROR 2659 49
10  HP 2787 331
25
50  HP 1963 260
30  ROR 2044 56
10  ROR 2278 15
26
50  ROR 2088 26
30  HP 2563 246
10  ROR 2765 12
27
50  HP 3568 269
30  ROR 3778 16
10  HP 3894 330
28
50  ROR 3850 36
30  HP 4231 254
10  ROR 4956 59
29
50  ROR 3806 57
30  HP 3984 235
10  ROR 4128 69
30
50  HP 3275 268
30  ROR 3847 25
10  HP 4110 288
31
80  ROR 3550 35
40  HP 3625 220
0  ROR 3828 24
32
80  HP 2865 308
40  HP 3557 289
0  HP 3884 310
33
80  ROR 2116 34
40  HP 2600 338
0  HP 2612 214
34
80  ROR 2250 38
40  ROR 2288 5
0  HP 2722 227
35
50  HP 1863 260
30  ROR 1889 61
10  HP 1960 211
36
50  HP 1747 328
30  ROR 1883 6
10  HP 2134 283
37
50  HP 3265 269
30  ROR 3327 33
10  ROR 3482 14
38
50  HP 3428 236
30  ROR 3441 7
10  ROR 5214 44
39
50  HP 3072 290
30  ROR 3241 10
10  ROR 3500 18
40
50  HP 3075 256
30  ROR 3207 28
10  HP 3638 244
41
50  ROR 3589 23
30  ROR 3606 24
10  HP 4053 291
42
50  HP 2698 308
30  HP 3059 303
10  HP 3184 314
43
50  ROR 2875 34
30  HP 2884 229
44
50  ROR 2753 38
30  ROR 3152 55
10  ROR 3333 32
45
50  ROR 2326 61
30  HP 2439 211
10  HP 2795 215
46
50  HP 2560 282
30  ROR 2672 20
10  ROR 2881 17
47
50  HP 4525 330
30  HP 4844 335
10  HP 4938 213
48
50  ROR 5233 43
30  HP 5325 276
10  HP 5327 254
49
50  ROR 3527 47
30  ROR 4453 22
10  HP 4641 234
50
50  ROR 3632 27
30  HP 3669 268
10  HP 4369 288
51
50  HP 3997 220
30  HP 4753 243
10  ROR 5203 23
52
50  ROR 3534 68
30  HP 3687 312
10  HP 3715 289
53
50  HP 18604 1656
54
50  ROR 9445 1624
30  HP 10553 1642
55
50  ROR 18003 1627
30  HP 18650 1644
56
50  HP 15963 1646
30  ROR 16518 1628
57
50  ROR 13885 1629
30  HP 17031 1647
58
50  ROR 14409 1630
30  HP 17835 1649
59
50  ROR 12591 1631
30  HP 15187 1650
60
50  HP 12150 1651
30  ROR 12175 1632
61
50  HP 13259 1653
SCORE:HP,ROR,2730,2720,1.0
