HP-SHC
1
50  SHC 8773 492
30  HP 9165 260
10  SHC 10263 463
2
50  HP 9344 328
30  HP 9725 237
10  SHC 10517 475
3
50  HP 7550 269
30  SHC 8951 533
10  SHC 9627 514
4
50  SHC 7872 552
30  HP 7934 236
10  HP 11247 225
5
50  HP 7225 290
30  SHC 8052 501
10  HP 8263 234
6
50  SHC 6757 549
30  HP 7203 256
10  HP 8175 244
7
50  HP 7603 220
30  SHC 7710 459
10  SHC 7723 479
8
50  SHC 7306 502
30  HP 7391 303
10  SHC 7419 497
9
50  SHC 3479 481
30  SHC 3513 528
10  SHC 3803 486
10
50  SHC 3037 565
30  HP 3084 255
10  SHC 3619 471
11
50  SHC 2143 564
30  HP 2162 338
10  SHC 2346 491
12
50  HP 2334 331
30  HP 2456 300
10  HP 2522 272
13
50  SHC 3514 492
30  HP 3703 211
10  SHC 3799 547
14
50  HP 3725 237
30  HP 4106 283
10  SHC 4207 537
15
50  HP 3207 330
30  SHC 3479 533
10  HP 3650 335
16
50  SHC 3036 552
30  HP 3135 236
10  HP 3422 254
17
50  HP 6384 290
30  SHC 7129 546
10  SHC 7729 478
18
50  SHC 7143 493
30  HP 7653 241
10  HP 8009 304
19
50  SHC 6655 479
30  SHC 6933 459
10  SHC 7867 489
20
50  HP 5659 308
30  SHC 5949 490
10  SHC 6294 497
21
50  SHC 2812 540
30  SHC 3757 481
10  SHC 4366 528
22
50  HP 2850 227
30  SHC 3253 565
10  HP 3722 255
23
50  SHC 2502 564
30  HP 2685 229
10  SHC 2827 554
24
50  HP 2787 331
30  HP 2850 227
10  SHC 2900 464
25
50  HP 1963 260
30  SHC 2013 550
10  SHC 2044 513
26
50  HP 2563 246
30  SHC 2653 457
10  SHC 2657 538
27
50  HP 3568 269
30  HP 3894 330
10  SHC 4386 533
28
50  HP 4231 254
30  SHC 4765 451
10  HP 5281 225
29
50  SHC 3509 546
30  HP 3984 235
10  HP 5031 326
30
50  HP 3275 268
30  HP 4110 288
10  SHC 4305 493
31
80  HP 3625 220
40  SHC 3706 558
0  SHC 3828 458
32
80  HP 2865 308
40  SHC 3169 502
0  HP 3557 289
33
80  HP 2600 338
40  HP 2612 214
0  SHC 2923 554
34
80  HP 2722 227
40  HP 3031 331
0  SHC 3849 511
35
50  HP 1863 260
30  SHC 1906 463
10  HP 1960 211
36
50  HP 1747 328
30  SHC 2075 537
10  HP 2134 283
37
50  HP 3265 269
30  SHC 4158 514
10  HP 4228 332
38
50  SHC 3333 552
30  HP 3428 236
10  SHC 4793 525
39
50  HP 3072 290
30  SHC 3290 501
10  HP 3618 234
40
50  SHC 2951 549
30  HP 3075 256
10  HP 3638 244
41
50  SHC 3356 459
30  SHC 3443 479
10  HP 4053 291
42
50  HP 2698 308
30  SHC 2906 490
10  SHC 3016 502
43
50  HP 2884 229
30  SHC 3154 553
10  SHC 3207 469
44
50  HP 3416 227
30  SHC 3788 464
10  HP 3853 261
45
50  SHC 2141 550
30  HP 2439 211
10  SHC 2513 522
46
50  SHC 2295 475
30  SHC 2475 539
10  HP 2560 282
47
50  HP 4525 330
30  HP 4844 335
10  HP 4938 213
48
50  SHC 5134 542
30  HP 5325 276
10  HP 5327 254
49
50  HP 4641 234
30  SHC 4671 478
10  HP 5259 326
50
50  SHC 3461 549
30  HP 3669 268
10  HP 4369 288
51
50  HP 3997 220
30  SHC 4114 458
10  HP 4753 243
52
50  HP 3687 312
30  HP 3715 289
10  SHC 3760 490
53
50  SHC 16298 1670
30  HP 18604 1656
54
50  HP 10553 1642
55
50  SHC 14927 1665
30  HP 18650 1644
56
50  HP 15963 1646
30  SHC 18851 1666
57
50  HP 17031 1647
30  SHC 18766 1667
58
50  HP 17835 1649
59
50  HP 15187 1650
60
50  HP 12150 1651
61
50  HP 13259 1653
SCORE:HP,SHC,3110,2260,85.0
