HP-SPL
1
50  SPL 8802 1687
30  HP 9165 260
10  HP 11713 224
2
50  SPL 8844 1719
30  HP 9344 328
10  HP 9725 237
3
50  HP 7550 269
30  SPL 8969 1739
10  HP 9669 332
4
50  HP 7934 236
30  SPL 9290 1705
10  SPL 9620 1671
5
50  HP 7225 290
30  SPL 7969 1720
10  HP 8263 234
6
50  HP 7203 256
30  SPL 7284 1689
10  HP 8175 244
7
50  SPL 7357 1698
30  HP 7603 220
10  SPL 7863 1697
8
50  HP 7391 303
30  HP 7437 312
10  HP 7757 319
9
50  SPL 3863 1722
30  HP 3975 322
10  HP 3998 273
10
50  HP 3084 255
30  SPL 3256 1677
10  SPL 4251 1702
11
50  SPL 1950 1672
30  SPL 2012 1708
10  HP 2162 338
12
50  HP 2334 331
30  SPL 2437 1691
10  HP 2456 300
13
50  SPL 3444 1687
30  HP 3703 211
10  HP 4381 226
14
50  SPL 3591 1719
30  SPL 3692 1670
10  HP 3725 237
15
50  HP 3207 330
30  SPL 3532 1739
10  HP 3650 335
16
50  HP 3135 236
30  HP 3422 254
10  SPL 3479 1665
17
50  HP 6384 290
30  SPL 6478 1718
10  HP 8007 235
18
50  SPL 6409 1689
30  HP 7653 241
10  HP 8009 304
19
50  SPL 6384 1698
30  SPL 7006 1697
10  SPL 8173 1712
20
50  HP 5659 308
30  HP 6313 312
10  HP 6659 319
21
50  SPL 4433 1722
30  HP 4947 322
10  SPL 5750 1696
22
50  HP 2850 227
30  HP 3722 255
10  SPL 5737 1677
23
50  SPL 2555 1708
30  HP 2685 229
10  SPL 2828 1715
24
50  SPL 2646 1726
30  HP 2787 331
10  HP 2850 227
25
50  HP 1963 260
30  HP 2303 233
10  HP 2308 323
26
50  SPL 1913 1719
30  HP 2563 246
10  SPL 2665 1686
27
50  HP 3568 269
30  HP 3894 330
10  SPL 4400 1709
28
50  HP 4231 254
30  HP 5281 225
10  SPL 5351 1669
29
50  HP 3984 235
30  SPL 4667 1711
10  HP 5031 326
30
50  HP 3275 268
30  SPL 3484 1689
10  SPL 3934 1666
31
80  SPL 3483 1698
40  HP 3625 220
0  SPL 3735 1649
32
80  HP 2865 308
40  HP 3557 289
0  HP 3884 310
33
80  HP 2600 338
40  HP 2612 214
0  SPL 3037 1676
34
80  HP 2722 227
40  HP 3031 331
35
50  HP 1863 260
30  HP 1960 211
10  HP 2296 215
36
50  HP 1747 328
30  SPL 1860 1670
10  HP 2134 283
37
50  HP 3265 269
30  SPL 4055 1739
10  HP 4228 332
38
50  HP 3428 236
30  SPL 3981 1705
10  SPL 4577 1671
39
50  HP 3072 290
30  SPL 3246 1718
10  SPL 3531 1720
40
50  HP 3075 256
30  HP 3638 244
10  HP 3778 241
41
50  SPL 3366 1697
30  SPL 3625 1649
10  SPL 3772 1664
42
50  HP 2698 308
30  HP 3059 303
10  HP 3184 314
43
50  SPL 2652 1672
30  HP 2884 229
10  SPL 3321 1715
44
50  SPL 3371 1699
30  SPL 3403 1726
10  HP 3416 227
45
50  SPL 2033 1687
30  HP 2439 211
10  SPL 2546 1738
46
50  SPL 2422 1653
30  HP 2560 282
10  SPL 2747 1655
47
50  HP 4525 330
30  HP 4844 335
10  HP 4938 213
48
50  HP 5325 276
30  HP 5327 254
10  SPL 5462 1700
49
50  HP 4641 234
30  SPL 5095 1704
10  HP 5259 326
50
50  HP 3669 268
30  HP 4369 288
10  SPL 4475 1666
51
50  HP 3997 220
30  SPL 4402 1712
10  SPL 4475 1664
52
50  HP 3687 312
30  HP 3715 289
10  HP 3973 314
53
50  HP 18604 1656
30  SPL 18907 1804
54
50  SPL 9289 1796
30  HP 10553 1642
55
50  HP 18650 1644
30  SPL 20778 1798
56
50  HP 15963 1646
57
50  HP 17031 1647
30  SPL 17312 1800
58
50  SPL 15425 1801
30  HP 17835 1649
59
50  SPL 13914 1802
30  HP 15187 1650
60
50  HP 12150 1651
61
50  SPL 13256 1803
30  HP 13259 1653
SCORE:HP,SPL,3350,2110,124.0
