HP-SA
1
50  HP 9165 260
30  HP 11713 224
10  HP 12150 233
2
50  HP 9344 328
30  HP 9725 237
10  HP 13221 247
3
50  HP 7550 269
30  HP 9669 332
10  HP 10075 232
4
50  HP 7934 236
30  HP 11247 225
5
50  HP 7225 290
30  HP 8263 234
10  HP 8982 316
6
50  HP 7203 256
30  HP 8175 244
10  HP 9195 275
7
50  HP 7603 220
30  HP 10002 291
10  HP 10056 321
8
50  HP 7391 303
30  HP 7437 312
10  HP 7757 319
9
50  HP 3975 322
30  HP 3998 273
10  HP 4531 239
10
50  HP 3084 255
30  HP 4346 251
10  HP 6640 333
11
50  HP 2162 338
30  HP 2431 214
10  HP 2889 221
12
50  HP 2334 331
30  HP 2456 300
10  HP 2522 272
13
50  HP 3703 211
30  HP 4381 226
10  HP 4419 248
14
50  HP 3725 237
30  HP 4106 283
10  HP 4278 282
15
50  HP 3207 330
30  HP 3650 335
10  HP 3719 332
16
50  HP 3135 236
30  HP 3422 254
10  HP 3934 276
17
50  HP 6384 290
30  HP 8007 235
10  HP 9053 258
18
50  HP 7653 241
30  HP 8009 304
10  HP 8040 275
19
50  HP 8572 307
30  HP 8647 243
10  HP 8834 321
20
50  HP 5659 308
30  HP 6313 312
10  HP 6659 319
21
50  HP 4947 322
30  HP 6941 239
22
50  HP 2850 227
30  HP 3722 255
10  HP 10047 333
23
50  HP 2685 229
30  HP 2838 338
10  HP 3500 231
24
50  HP 2787 331
30  HP 2850 227
10  HP 3178 300
25
50  HP 1963 260
30  HP 2303 233
10  HP 2308 323
26
50  HP 2563 246
30  HP 2939 329
10  HP 3128 247
27
50  HP 3568 269
30  HP 3894 330
10  HP 4756 232
28
50  HP 4231 254
30  HP 5281 225
29
50  HP 3984 235
30  HP 5031 326
10  HP 5340 263
30
50  HP 3275 268
30  HP 4110 288
10  HP 4353 298
31
80  HP 3625 220
40  HP 4468 291
0  HP 4719 242
32
80  HP 2865 308
40  HP 3557 289
0  HP 3884 310
33
80  HP 2600 338
40  HP 2612 214
34
80  HP 2722 227
40  HP 3031 331
35
50  HP 1863 260
30  HP 1960 211
10  HP 2296 215
36
50  HP 1747 328
30  HP 2134 283
10  HP 2707 246
37
50  HP 3265 269
30  HP 4228 332
10  HP 8305 264
38
50  HP 3428 236
30  HP 6200 317
39
50  HP 3072 290
30  HP 3618 234
10  HP 3833 316
40
50  HP 3075 256
30  HP 3638 244
10  HP 3778 241
41
50  HP 4053 291
30  HP 4466 242
42
50  HP 2698 308
30  HP 3059 303
10  HP 3184 314
43
50  HP 2884 229
44
50  HP 3416 227
30  HP 3853 261
45
50  HP 2439 211
30  HP 2795 215
10  HP 2800 224
46
50  HP 2560 282
30  HP 2988 271
10  HP 3062 246
47
50  HP 4525 330
30  HP 4844 335
10  HP 4938 213
48
50  HP 5325 276
30  HP 5327 254
10  HP 6110 218
49
50  HP 4641 234
30  HP 5259 326
50
50  HP 3669 268
30  HP 4369 288
10  HP 4769 337
51
50  HP 3997 220
30  HP 4753 243
10  HP 6071 265
52
50  HP 3687 312
30  HP 3715 289
10  HP 3973 314
53
50  HP 18604 1656
54
50  HP 10553 1642
55
50  HP 18650 1644
56
50  HP 15963 1646
57
50  HP 17031 1647
58
50  HP 17835 1649
59
50  HP 15187 1650
60
50  HP 12150 1651
61
50  HP 13259 1653
SCORE:HP,SA,5140,0,514.0
