HP-SL
1
50  HP 9165 260
30  HP 11713 224
10  SL 11744 2907
2
50  SL 8346 2877
30  SL 8361 2923
10  HP 9344 328
3
50  HP 7550 269
30  SL 8950 2918
10  SL 9075 2884
4
50  HP 7934 236
30  SL 9534 2909
10  HP 11247 225
5
50  HP 7225 290
30  SL 7340 2901
10  SL 7391 2928
6
50  SL 7120 2921
30  HP 7203 256
10  SL 7529 2886
7
50  HP 7603 220
30  HP 10002 291
10  HP 10056 321
8
50  SL 7163 2917
30  HP 7391 303
10  HP 7437 312
9
50  HP 3975 322
30  HP 3998 273
10  HP 4531 239
10
50  HP 3084 255
30  SL 4113 2913
10  HP 4346 251
11
50  SL 1652 2876
30  SL 1699 2908
10  SL 1840 2885
12
50  SL 1650 2874
30  HP 2334 331
10  HP 2456 300
13
50  HP 3703 211
30  HP 4381 226
10  HP 4419 248
14
50  SL 3409 2923
30  HP 3725 237
10  HP 4106 283
15
50  HP 3207 330
30  SL 3377 2884
10  SL 3550 2920
16
50  HP 3135 236
30  SL 3384 2909
10  HP 3422 254
17
50  SL 6280 2928
30  SL 6354 2901
10  HP 6384 290
18
50  SL 6249 2921
30  SL 6403 2883
10  SL 7270 2932
19
50  HP 8572 307
30  HP 8647 243
10  HP 8834 321
20
50  HP 5659 308
30  SL 5976 2917
10  HP 6313 312
21
50  HP 4947 322
30  HP 6941 239
22
50  HP 2850 227
30  HP 3722 255
10  HP 10047 333
23
50  SL 1968 2876
30  SL 2090 2908
10  SL 2282 2885
24
50  SL 2070 2874
30  HP 2787 331
10  HP 2850 227
25
50  HP 1963 260
30  HP 2303 233
10  HP 2308 323
26
50  SL 1912 2877
30  SL 2043 2899
10  SL 2310 2894
27
50  HP 3568 269
30  HP 3894 330
10  SL 4425 2918
28
50  SL 4029 2909
30  HP 4231 254
10  HP 5281 225
29
50  SL 3388 2928
30  HP 3984 235
10  SL 4860 2902
30
50  HP 3275 268
30  SL 3439 2883
10  HP 4110 288
31
80  HP 3625 220
40  HP 4468 291
0  HP 4719 242
32
80  HP 2865 308
40  SL 3410 2917
0  HP 3557 289
33
80  SL 1860 2876
40  SL 2121 2908
0  SL 2362 2885
34
80  SL 2033 2874
40  HP 2722 227
0  HP 3031 331
35
50  HP 1863 260
30  HP 1960 211
10  HP 2296 215
36
50  HP 1747 328
30  SL 1757 2877
10  HP 2134 283
37
50  HP 3265 269
30  SL 4031 2920
10  HP 4228 332
38
50  HP 3428 236
30  SL 4922 2909
10  SL 5777 2880
39
50  HP 3072 290
30  SL 3265 2928
10  SL 3427 2901
40
50  HP 3075 256
30  HP 3638 244
10  HP 3778 241
41
50  HP 4053 291
30  HP 4466 242
42
50  HP 2698 308
30  SL 2859 2917
10  HP 3059 303
43
50  SL 2284 2876
30  SL 2790 2885
10  HP 2884 229
44
50  SL 2286 2874
30  HP 3416 227
10  HP 3853 261
45
50  HP 2439 211
30  HP 2795 215
10  HP 2800 224
46
50  SL 1938 2923
30  SL 2446 2899
10  HP 2560 282
47
50  HP 4525 330
30  SL 4651 2912
10  SL 4742 2918
48
50  HP 5325 276
30  HP 5327 254
10  HP 6110 218
49
50  SL 3903 2901
30  SL 4117 2916
10  SL 4626 2902
50
50  SL 3447 2921
30  HP 3669 268
10  SL 3884 2904
51
50  HP 3997 220
30  HP 4753 243
10  HP 6071 265
52
50  HP 3687 312
30  HP 3715 289
10  HP 3973 314
53
50  HP 18604 1656
30  SL 23862 1969
54
50  HP 10553 1642
30  SL 11727 1961
55
50  HP 18650 1644
30  SL 20788 1963
56
50  SL 15044 1965
30  HP 15963 1646
57
50  SL 15791 1966
30  HP 17031 1647
58
50  HP 17835 1649
59
50  SL 15156 1967
30  HP 15187 1650
60
50  HP 12150 1651
30  SL 12371 1968
61
50  HP 13259 1653
SCORE:HP,SL,3180,2260,92.0
