HP-TVT
1
50  HP 9165 260
30  TVT 11250 1868
10  HP 11713 224
2
50  HP 9344 328
30  HP 9725 237
10  TVT 9773 1951
3
50  HP 7550 269
30  TVT 7662 1866
10  TVT 8557 1845
4
50  HP 7934 236
30  TVT 9433 1917
10  HP 11247 225
5
50  HP 7225 290
30  TVT 7571 1867
10  HP 8263 234
6
50  HP 7203 256
30  TVT 7397 1888
10  TVT 7590 1911
7
50  HP 7603 220
30  TVT 9332 1900
10  TVT 9869 1844
8
50  TVT 6297 1874
30  HP 7391 303
10  HP 7437 312
9
50  HP 3975 322
30  HP 3998 273
10  HP 4531 239
10
50  HP 3084 255
30  TVT 3245 1950
10  TVT 3347 1908
11
50  HP 2162 338
30  TVT 2259 1952
10  TVT 2350 1890
12
50  TVT 2033 1946
30  HP 2334 331
10  HP 2456 300
13
50  HP 3703 211
30  TVT 4097 1868
10  HP 4381 226
14
50  HP 3725 237
30  TVT 3875 1951
10  TVT 4012 1879
15
50  TVT 3063 1866
30  HP 3207 330
10  TVT 3357 1845
16
50  HP 3135 236
30  HP 3422 254
10  HP 3934 276
17
50  HP 6384 290
30  TVT 6991 1867
10  TVT 7376 1910
18
50  TVT 6400 1911
30  TVT 6771 1888
10  HP 7653 241
19
50  TVT 8321 1900
30  HP 8572 307
10  HP 8647 243
20
50  TVT 5377 1899
30  HP 5659 308
10  TVT 5753 1874
21
50  HP 4947 322
30  TVT 4982 1875
10  TVT 6514 1865
22
50  HP 2850 227
30  HP 3722 255
10  TVT 3774 1908
23
50  TVT 2634 1892
30  TVT 2684 1952
10  HP 2685 229
24
50  TVT 2567 1946
30  HP 2787 331
10  HP 2850 227
25
50  HP 1963 260
30  HP 2303 233
10  HP 2308 323
26
50  TVT 2397 1898
30  TVT 2513 1907
10  HP 2563 246
27
50  HP 3568 269
30  HP 3894 330
10  TVT 4013 1845
28
50  HP 4231 254
30  HP 5281 225
10  TVT 5289 1880
29
50  TVT 3845 1910
30  HP 3984 235
10  HP 5031 326
30
50  HP 3275 268
30  TVT 3535 1888
10  TVT 3733 1911
31
80  HP 3625 220
40  TVT 4059 1900
0  HP 4468 291
32
80  TVT 2849 1899
40  HP 2865 308
0  HP 3557 289
33
80  HP 2600 338
40  HP 2612 214
0  TVT 2840 1952
34
80  TVT 2670 1946
40  HP 2722 227
0  HP 3031 331
35
50  HP 1863 260
30  HP 1960 211
10  TVT 2166 1868
36
50  HP 1747 328
30  TVT 2050 1856
10  TVT 2078 1951
37
50  HP 3265 269
30  TVT 3427 1866
10  TVT 4109 1913
38
50  HP 3428 236
30  TVT 4381 1917
10  HP 6200 317
39
50  HP 3072 290
30  TVT 3496 1867
10  HP 3618 234
40
50  HP 3075 256
30  TVT 3217 1888
10  HP 3638 244
41
50  HP 4053 291
30  HP 4466 242
42
50  HP 2698 308
30  TVT 2764 1899
10  TVT 2776 1874
43
50  HP 2884 229
30  TVT 3133 1952
10  TVT 3244 1892
44
50  TVT 2528 1946
30  TVT 3303 1896
10  HP 3416 227
45
50  HP 2439 211
30  HP 2795 215
10  TVT 2798 1853
46
50  HP 2560 282
30  TVT 2600 1856
10  TVT 2637 1907
47
50  HP 4525 330
30  TVT 4616 1913
10  TVT 4678 1916
48
50  TVT 5013 1917
30  HP 5325 276
10  HP 5327 254
49
50  TVT 4377 1910
30  HP 4641 234
10  HP 5259 326
50
50  HP 3669 268
30  TVT 3877 1911
10  HP 4369 288
51
50  HP 3997 220
30  HP 4753 243
10  TVT 4934 1885
52
50  TVT 3306 1874
30  HP 3687 312
10  HP 3715 289
53
50  TVT 16803 1828
30  HP 18604 1656
54
50  HP 10553 1642
30  TVT 12231 1815
55
50  HP 18650 1644
30  TVT 19785 1818
56
50  HP 15963 1646
30  TVT 17443 1820
57
50  TVT 14320 1822
30  HP 17031 1647
58
50  TVT 17419 1825
30  HP 17835 1649
59
50  TVT 15096 1826
30  HP 15187 1650
60
50  HP 12150 1651
61
50  TVT 13181 1827
30  HP 13259 1653
SCORE:HP,TVT,3190,2290,90.0
