HP-WM
1
50  HP 9165 260
30  WM 11381 409
10  HP 11713 224
2
50  WM 9257 442
30  HP 9344 328
10  HP 9725 237
3
50  HP 7550 269
30  WM 9647 413
10  HP 9669 332
4
50  HP 7934 236
30  WM 8102 420
10  WM 10572 426
5
50  HP 7225 290
30  WM 7746 354
10  HP 8263 234
6
50  HP 7203 256
30  HP 8175 244
10  WM 9098 366
7
50  WM 7315 362
30  HP 7603 220
10  WM 7745 395
8
50  WM 6781 429
30  HP 7391 303
10  HP 7437 312
9
50  WM 2723 424
30  HP 3975 322
10  HP 3998 273
10
50  WM 2822 399
30  HP 3084 255
10  WM 3653 438
11
50  HP 2162 338
30  WM 2259 410
10  HP 2431 214
12
50  WM 1872 422
30  WM 2007 398
10  WM 2278 393
13
50  HP 3703 211
30  WM 4088 368
10  HP 4381 226
14
50  WM 3604 344
30  WM 3605 370
10  WM 3615 442
15
50  HP 3207 330
30  WM 3354 413
10  HP 3650 335
16
50  HP 3135 236
30  WM 3172 419
10  WM 3212 420
17
50  HP 6384 290
30  WM 6889 447
10  WM 7740 444
18
50  WM 6745 449
30  HP 7653 241
10  WM 7763 417
19
50  WM 6491 362
30  WM 6744 395
10  WM 8494 383
20
50  HP 5659 308
30  HP 6313 312
10  WM 6571 418
21
50  WM 3807 424
30  WM 4444 369
10  WM 4552 400
22
50  HP 2850 227
30  WM 3663 399
10  HP 3722 255
23
50  HP 2685 229
30  HP 2838 338
10  WM 3331 445
24
50  WM 2235 422
30  WM 2456 398
10  HP 2787 331
25
50  HP 1963 260
30  WM 2297 368
10  HP 2303 233
26
50  WM 1956 357
30  WM 2032 442
10  WM 2334 364
27
50  HP 3568 269
30  HP 3894 330
10  WM 4469 421
28
50  WM 3978 419
30  HP 4231 254
10  WM 4551 426
29
50  WM 3591 447
30  WM 3647 354
10  HP 3984 235
30
50  HP 3275 268
30  WM 3774 449
10  HP 4110 288
31
80  WM 3342 362
40  HP 3625 220
0  WM 3633 395
32
80  HP 2865 308
40  HP 3557 289
0  HP 3884 310
33
80  HP 2600 338
40  HP 2612 214
34
80  WM 2535 422
40  HP 2722 227
0  HP 3031 331
35
50  HP 1863 260
30  HP 1960 211
10  WM 2172 368
36
50  HP 1747 328
30  WM 1782 370
10  WM 1856 344
37
50  HP 3265 269
30  WM 3887 413
10  HP 4228 332
38
50  HP 3428 236
30  WM 3441 419
10  WM 5119 426
39
50  HP 3072 290
30  HP 3618 234
10  WM 3809 447
40
50  HP 3075 256
30  HP 3638 244
10  HP 3778 241
41
50  HP 4053 291
30  HP 4466 242
42
50  HP 2698 308
30  WM 2804 429
10  WM 3032 418
43
50  HP 2884 229
30  WM 2913 410
44
50  WM 3271 398
30  WM 3397 373
10  HP 3416 227
45
50  HP 2439 211
30  WM 2656 425
10  HP 2795 215
46
50  WM 2401 397
30  WM 2450 361
10  HP 2560 282
47
50  HP 4525 330
30  HP 4844 335
10  HP 4938 213
48
50  WM 4140 420
30  HP 5325 276
10  HP 5327 254
49
50  WM 3902 354
30  WM 4207 396
10  WM 4446 428
50
50  HP 3669 268
30  WM 4287 449
10  HP 4369 288
51
50  HP 3997 220
30  WM 4555 382
10  HP 4753 243
52
50  WM 3656 429
30  HP 3687 312
10  HP 3715 289
53
50  WM 18189 1662
30  HP 18604 1656
54
50  HP 10553 1642
30  WM 11382 1658
55
50  HP 18650 1644
56
50  HP 15963 1646
57
50  HP 17031 1647
58
50  HP 17835 1649
59
50  WM 14150 1660
30  HP 15187 1650
60
50  HP 12150 1651
61
50  HP 13259 1653
30  WM 14309 1661
SCORE:HP,WM,2960,2390,57.0
