HP-WH
1
50  HP 9165 260
30  WH 9640 1193
10  HP 11713 224
2
50  HP 9344 328
30  HP 9725 237
10  WH 10577 1271
3
50  HP 7550 269
30  WH 8247 1194
10  HP 9669 332
4
50  HP 7934 236
30  WH 9193 1192
10  WH 11040 1221
5
50  HP 7225 290
30  WH 7892 1191
10  HP 8263 234
6
50  HP 7203 256
30  HP 8175 244
10  HP 9195 275
7
50  HP 7603 220
30  WH 8651 1276
10  HP 10002 291
8
50  HP 7391 303
30  HP 7437 312
10  HP 7757 319
9
50  WH 3735 1229
30  HP 3975 322
10  HP 3998 273
10
50  HP 3084 255
30  WH 4124 1181
10  HP 4346 251
11
50  WH 2018 1188
30  WH 2124 1236
10  HP 2162 338
12
50  HP 2334 331
30  WH 2443 1211
10  HP 2456 300
13
50  HP 3703 211
30  HP 4381 226
10  HP 4419 248
14
50  HP 3725 237
30  WH 4037 1228
10  HP 4106 283
15
50  HP 3207 330
30  WH 3344 1194
10  HP 3650 335
16
50  HP 3135 236
30  HP 3422 254
10  WH 3582 1197
17
50  HP 6384 290
30  WH 7845 1178
10  HP 8007 235
18
50  WH 6598 1277
30  HP 7653 241
10  HP 8009 304
19
50  WH 6868 1187
30  WH 7183 1240
10  WH 7575 1276
20
50  HP 5659 308
30  HP 6313 312
10  HP 6659 319
21
50  HP 4947 322
30  WH 5483 1229
10  HP 6941 239
22
50  HP 2850 227
30  HP 3722 255
10  HP 10047 333
23
50  WH 2603 1188
30  HP 2685 229
10  WH 2802 1236
24
50  HP 2787 331
30  HP 2850 227
10  HP 3178 300
25
50  HP 1963 260
30  WH 2213 1193
10  HP 2303 233
26
50  WH 2321 1271
30  HP 2563 246
10  HP 2939 329
27
50  HP 3568 269
30  HP 3894 330
10  WH 3950 1194
28
50  HP 4231 254
30  WH 4251 1192
10  WH 4716 1197
29
50  WH 3513 1191
30  HP 3984 235
10  WH 4098 1178
30
50  HP 3275 268
30  WH 3788 1277
10  HP 4110 288
31
80  WH 3613 1240
40  HP 3625 220
0  WH 3877 1187
32
80  HP 2865 308
40  HP 3557 289
0  WH 3597 1247
33
80  HP 2600 338
40  HP 2612 214
34
80  HP 2722 227
40  HP 3031 331
35
50  HP 1863 260
30  HP 1960 211
10  WH 2132 1245
36
50  HP 1747 328
30  WH 1815 1189
10  HP 2134 283
37
50  HP 3265 269
30  HP 4228 332
10  WH 4920 1176
38
50  HP 3428 236
30  WH 4260 1192
10  WH 4851 1221
39
50  HP 3072 290
30  WH 3611 1191
10  HP 3618 234
40
50  HP 3075 256
30  HP 3638 244
10  HP 3778 241
41
50  WH 3517 1187
30  WH 3852 1276
10  HP 4053 291
42
50  HP 2698 308
30  HP 3059 303
10  HP 3184 314
43
50  HP 2884 229
30  WH 3268 1188
10  WH 3453 1279
44
50  HP 3416 227
30  HP 3853 261
45
50  WH 2335 1193
30  HP 2439 211
10  HP 2795 215
46
50  WH 2147 1271
30  WH 2444 1189
10  HP 2560 282
47
50  HP 4525 330
30  HP 4844 335
10  HP 4938 213
48
50  HP 5325 276
30  HP 5327 254
10  WH 5403 1197
49
50  WH 4345 1220
30  WH 4565 1178
10  HP 4641 234
50
50  HP 3669 268
30  WH 3827 1277
10  HP 4369 288
51
50  HP 3997 220
30  WH 4341 1240
10  HP 4753 243
52
50  HP 3687 312
30  HP 3715 289
10  HP 3973 314
53
50  HP 18604 1656
30  WH 24955 1733
54
50  HP 10553 1642
30  WH 11963 1734
55
50  HP 18650 1644
30  WH 28845 1735
56
50  HP 15963 1646
30  WH 27833 1736
57
50  HP 17031 1647
30  WH 23321 1737
58
50  HP 17835 1649
30  WH 21021 1738
59
50  HP 15187 1650
60
50  HP 12150 1651
61
50  HP 13259 1653
30  WH 15727 1739
SCORE:HP,WH,3730,1720,201.0
