HP-WCSC
1
50  WCSC 8690 844
30  HP 9165 260
10  WCSC 9353 884
2
50  HP 9344 328
30  HP 9725 237
10  WCSC 10839 784
3
50  HP 7550 269
30  WCSC 7943 800
10  WCSC 8633 883
4
50  HP 7934 236
30  WCSC 8409 810
10  WCSC 9688 775
5
50  HP 7225 290
30  WCSC 7784 895
10  HP 8263 234
6
50  HP 7203 256
30  WCSC 7896 776
10  HP 8175 244
7
50  HP 7603 220
30  WCSC 8963 860
10  WCSC 9778 900
8
50  HP 7391 303
30  HP 7437 312
10  WCSC 7650 843
9
50  WCSC 3175 869
30  WCSC 3328 872
10  HP 3975 322
10
50  HP 3084 255
30  WCSC 3536 830
10  WCSC 3673 786
11
50  WCSC 1889 855
30  WCSC 2129 826
10  HP 2162 338
12
50  WCSC 1740 870
30  WCSC 1904 877
10  WCSC 2085 857
13
50  HP 3703 211
30  WCSC 3738 871
10  WCSC 3787 884
14
50  HP 3725 237
30  HP 4106 283
10  WCSC 4129 831
15
50  HP 3207 330
30  WCSC 3219 896
10  WCSC 3312 840
16
50  HP 3135 236
30  HP 3422 254
10  WCSC 3434 775
17
50  HP 6384 290
30  WCSC 7082 859
10  WCSC 7348 845
18
50  WCSC 6674 798
30  WCSC 6843 776
10  WCSC 7480 821
19
50  WCSC 7938 860
30  WCSC 7996 881
10  WCSC 8133 835
20
50  HP 5659 308
30  WCSC 6297 843
10  HP 6313 312
21
50  WCSC 3090 869
30  WCSC 4438 872
10  HP 4947 322
22
50  HP 2850 227
30  HP 3722 255
10  WCSC 4634 830
23
50  WCSC 2098 817
30  WCSC 2637 898
10  WCSC 2662 879
24
50  WCSC 1929 801
30  WCSC 2358 877
10  HP 2787 331
25
50  HP 1963 260
30  WCSC 2043 816
10  WCSC 2299 839
26
50  WCSC 2111 784
30  HP 2563 246
10  WCSC 2634 868
27
50  HP 3568 269
30  WCSC 3813 800
10  HP 3894 330
28
50  WCSC 4178 810
30  HP 4231 254
10  HP 5281 225
29
50  WCSC 3500 895
30  HP 3984 235
10  WCSC 4621 858
30
50  HP 3275 268
30  WCSC 3909 821
10  HP 4110 288
31
80  HP 3625 220
40  WCSC 3840 803
0  WCSC 4301 835
32
80  HP 2865 308
40  HP 3557 289
0  WCSC 3606 864
33
80  WCSC 2225 826
40  WCSC 2500 817
0  HP 2600 338
34
80  WCSC 2223 877
40  HP 2722 227
0  WCSC 2855 857
35
50  HP 1863 260
30  WCSC 1938 871
10  HP 1960 211
36
50  HP 1747 328
30  WCSC 2122 876
10  HP 2134 283
37
50  HP 3265 269
30  WCSC 3982 840
10  HP 4228 332
38
50  HP 3428 236
30  WCSC 4317 863
10  WCSC 4653 775
39
50  HP 3072 290
30  WCSC 3434 859
10  HP 3618 234
40
50  HP 3075 256
30  WCSC 3463 798
10  HP 3638 244
41
50  WCSC 3803 803
30  WCSC 3928 900
10  HP 4053 291
42
50  HP 2698 308
30  HP 3059 303
10  WCSC 3134 787
43
50  WCSC 2682 855
30  HP 2884 229
10  WCSC 3027 826
44
50  WCSC 2112 801
30  WCSC 2583 870
10  HP 3416 227
45
50  WCSC 2151 844
30  HP 2439 211
10  HP 2795 215
46
50  WCSC 2403 831
30  HP 2560 282
10  HP 2988 271
47
50  WCSC 4162 896
30  HP 4525 330
10  HP 4844 335
48
50  WCSC 4555 810
30  HP 5325 276
10  HP 5327 254
49
50  HP 4641 234
30  WCSC 4656 845
10  HP 5259 326
50
50  HP 3669 268
30  WCSC 4113 776
10  HP 4369 288
51
50  HP 3997 220
30  WCSC 4467 860
10  HP 4753 243
52
50  HP 3687 312
30  HP 3715 289
10  WCSC 3963 864
53
50  WCSC 16033 1707
30  HP 18604 1656
54
50  WCSC 7650 1692
30  HP 10553 1642
55
50  WCSC 16081 1695
30  HP 18650 1644
56
50  HP 15963 1646
30  WCSC 17798 1697
57
50  WCSC 13322 1699
30  HP 17031 1647
58
50  HP 17835 1649
30  WCSC 18199 1702
59
50  WCSC 13190 1703
30  HP 15187 1650
60
50  HP 12150 1651
30  WCSC 15089 1704
61
50  WCSC 12596 1705
30  HP 13259 1653
SCORE:HP,WCSC,2740,2780,-4.0
