HP-WV
1
50  HP 9165 260
30  WV 9634 3126
10  WV 10830 3164
2
50  HP 9344 328
30  WV 9582 3183
10  HP 9725 237
3
50  HP 7550 269
30  WV 8547 3175
10  HP 9669 332
4
50  HP 7934 236
30  WV 9062 3187
10  WV 10928 3153
5
50  HP 7225 290
30  WV 8203 3127
10  HP 8263 234
6
50  HP 7203 256
30  WV 8053 3169
10  HP 8175 244
7
50  HP 7603 220
30  WV 7778 3180
10  WV 8888 3143
8
50  HP 7391 303
30  HP 7437 312
10  HP 7757 319
9
50  WV 2925 3155
30  HP 3975 322
10  HP 3998 273
10
50  HP 3084 255
30  HP 4346 251
10  WV 4763 3145
11
50  WV 1953 3125
30  HP 2162 338
10  WV 2356 3184
12
50  WV 2122 3186
30  WV 2162 3157
10  HP 2334 331
13
50  WV 3669 3126
30  HP 3703 211
10  WV 4250 3154
14
50  HP 3725 237
30  WV 3866 3137
10  WV 4043 3183
15
50  HP 3207 330
30  WV 3300 3175
10  HP 3650 335
16
50  HP 3135 236
30  HP 3422 254
10  HP 3934 276
17
50  HP 6384 290
30  HP 8007 235
10  WV 8916 3188
18
50  WV 7144 3169
30  HP 7653 241
10  HP 8009 304
19
50  WV 6813 3180
30  WV 8390 3142
10  WV 8453 3144
20
50  HP 5659 308
30  HP 6313 312
10  HP 6659 319
21
50  WV 4028 3155
30  HP 4947 322
10  WV 4987 3166
22
50  HP 2850 227
30  HP 3722 255
10  WV 5456 3161
23
50  WV 2531 3125
30  HP 2685 229
10  HP 2838 338
24
50  HP 2787 331
30  HP 2850 227
10  WV 2869 3157
25
50  HP 1963 260
30  HP 2303 233
10  HP 2308 323
26
50  WV 2374 3128
30  WV 2384 3137
10  WV 2531 3135
27
50  HP 3568 269
30  WV 3719 3175
10  HP 3894 330
28
50  HP 4231 254
30  HP 5281 225
10  WV 7090 3150
29
50  WV 3922 3127
30  HP 3984 235
10  HP 5031 326
30
50  HP 3275 268
30  HP 4110 288
10  HP 4353 298
31
80  HP 3625 220
40  WV 4296 3143
0  WV 4431 3144
32
80  HP 2865 308
40  HP 3557 289
0  HP 3884 310
33
80  HP 2600 338
40  HP 2612 214
0  WV 2975 3179
34
80  HP 2722 227
40  HP 3031 331
0  WV 3246 3157
35
50  HP 1863 260
30  HP 1960 211
10  WV 2047 3126
36
50  HP 1747 328
30  WV 2003 3183
10  HP 2134 283
37
50  HP 3265 269
30  HP 4228 332
10  WV 5409 3151
38
50  HP 3428 236
30  WV 5762 3153
10  HP 6200 317
39
50  HP 3072 290
30  HP 3618 234
10  WV 3641 3127
40
50  HP 3075 256
30  WV 3619 3169
10  HP 3638 244
41
50  HP 4053 291
30  WV 4306 3163
10  WV 4394 3144
42
50  HP 2698 308
30  HP 3059 303
10  HP 3184 314
43
50  HP 2884 229
30  WV 3034 3125
10  WV 3416 3184
44
50  WV 2947 3186
30  HP 3416 227
10  HP 3853 261
45
50  WV 2325 3173
30  HP 2439 211
10  WV 2512 3154
46
50  HP 2560 282
30  WV 2850 3138
10  HP 2988 271
47
50  HP 4525 330
30  WV 4675 3175
10  HP 4844 335
48
50  HP 5325 276
30  HP 5327 254
10  WV 5571 3153
49
50  WV 4422 3127
30  HP 4641 234
10  WV 4728 3188
50
50  HP 3669 268
30  WV 4337 3169
10  HP 4369 288
51
50  HP 3997 220
30  WV 4218 3180
10  WV 4663 3143
52
50  HP 3687 312
30  HP 3715 289
10  HP 3973 314
53
50  HP 18604 1656
30  WV 28353 1996
54
50  WV 9372 1991
30  HP 10553 1642
55
50  WV 16756 1993
30  HP 18650 1644
56
50  HP 15963 1646
30  WV 16555 1994
57
50  HP 17031 1647
58
50  HP 17835 1649
59
50  HP 15187 1650
60
50  HP 12150 1651
61
50  HP 13259 1653
30  WV 13737 1995
SCORE:HP,WV,3630,1770,186.0
