HP-WST
1
50  HP 9165 260
30  WST 9560 1393
10  WST 10214 1445
2
50  HP 9344 328
30  HP 9725 237
10  WST 10409 1384
3
50  HP 7550 269
30  WST 9201 1410
10  HP 9669 332
4
50  HP 7934 236
30  WST 8631 1444
10  HP 11247 225
5
50  HP 7225 290
30  WST 7806 1401
10  HP 8263 234
6
50  HP 7203 256
30  HP 8175 244
10  HP 9195 275
7
50  HP 7603 220
30  WST 9084 1399
10  HP 10002 291
8
50  WST 6800 1380
30  HP 7391 303
10  HP 7437 312
9
50  HP 3975 322
30  HP 3998 273
10  HP 4531 239
10
50  HP 3084 255
30  WST 3581 1423
10  WST 3746 1405
11
50  WST 1954 1411
30  HP 2162 338
10  WST 2237 1389
12
50  WST 1846 1421
30  HP 2334 331
10  WST 2390 1388
13
50  HP 3703 211
30  WST 4119 1445
10  WST 4175 1366
14
50  HP 3725 237
30  WST 3938 1384
10  HP 4106 283
15
50  HP 3207 330
30  WST 3622 1448
10  HP 3650 335
16
50  HP 3135 236
30  WST 3387 1444
10  HP 3422 254
17
50  HP 6384 290
30  WST 7747 1425
10  WST 7844 1456
18
50  HP 7653 241
30  WST 7996 1370
10  HP 8009 304
19
50  WST 7150 1461
30  WST 7878 1399
10  HP 8572 307
20
50  HP 5659 308
30  WST 5963 1380
10  HP 6313 312
21
50  HP 4947 322
30  HP 6941 239
22
50  HP 2850 227
30  WST 3468 1423
10  HP 3722 255
23
50  WST 2557 1389
30  HP 2685 229
10  WST 2771 1404
24
50  WST 2217 1421
30  HP 2787 331
10  HP 2850 227
25
50  HP 1963 260
30  WST 2062 1393
10  WST 2282 1366
26
50  WST 2282 1392
30  HP 2563 246
10  WST 2797 1417
27
50  HP 3568 269
30  HP 3894 330
10  WST 4415 1391
28
50  HP 4231 254
30  HP 5281 225
10  WST 6243 1412
29
50  WST 3400 1401
30  WST 3975 1387
10  HP 3984 235
30
50  HP 3275 268
30  HP 4110 288
10  WST 4352 1376
31
80  HP 3625 220
40  WST 3713 1461
0  WST 4152 1399
32
80  HP 2865 308
40  HP 3557 289
0  HP 3884 310
33
80  WST 2529 1411
40  WST 2560 1389
0  HP 2600 338
34
80  WST 2022 1421
40  HP 2722 227
0  HP 3031 331
35
50  WST 1716 1393
30  HP 1863 260
10  HP 1960 211
36
50  HP 1747 328
30  HP 2134 283
10  HP 2707 246
37
50  HP 3265 269
30  HP 4228 332
10  WST 4690 1448
38
50  HP 3428 236
30  WST 4603 1444
10  WST 6015 1412
39
50  HP 3072 290
30  HP 3618 234
10  WST 3694 1387
40
50  HP 3075 256
30  HP 3638 244
10  HP 3778 241
41
50  WST 3744 1461
30  HP 4053 291
10  HP 4466 242
42
50  HP 2698 308
30  WST 2927 1380
10  HP 3059 303
43
50  WST 2528 1411
30  HP 2884 229
10  WST 3299 1455
44
50  HP 3416 227
30  WST 3463 1421
10  WST 3545 1388
45
50  WST 2255 1445
30  WST 2335 1396
10  HP 2439 211
46
50  HP 2560 282
30  WST 2591 1392
10  WST 2789 1458
47
50  HP 4525 330
30  HP 4844 335
10  WST 4922 1409
48
50  WST 4406 1444
30  HP 5325 276
10  HP 5327 254
49
50  WST 4372 1456
30  WST 4502 1401
10  HP 4641 234
50
50  HP 3669 268
30  HP 4369 288
10  HP 4769 337
51
50  HP 3997 220
30  WST 4490 1399
10  HP 4753 243
52
50  HP 3687 312
30  HP 3715 289
10  HP 3973 314
53
50  WST 18453 1763
30  HP 18604 1656
54
50  WST 8588 1752
30  HP 10553 1642
55
50  WST 16994 1755
30  HP 18650 1644
56
50  HP 15963 1646
57
50  WST 15310 1758
30  HP 17031 1647
58
50  HP 17835 1649
59
50  WST 13947 1760
30  HP 15187 1650
60
50  HP 12150 1651
30  WST 14387 1761
61
50  HP 13259 1653
30  WST 15394 1762
SCORE:HP,WST,3280,2170,111.0
