HP-WAW
1
50  HP 9165 260
30  WAW 9200 1022
10  WAW 11537 930
2
50  WAW 8528 1033
30  HP 9344 328
10  HP 9725 237
3
50  HP 7550 269
30  WAW 9045 931
10  HP 9669 332
4
50  WAW 7781 940
30  HP 7934 236
10  HP 11247 225
5
50  HP 7225 290
30  WAW 7833 908
10  HP 8263 234
6
50  WAW 6684 904
30  HP 7203 256
10  WAW 7572 1032
7
50  HP 7603 220
30  WAW 7606 975
10  HP 10002 291
8
50  WAW 6267 1012
30  WAW 7387 1026
10  HP 7391 303
9
50  WAW 2516 959
30  HP 3975 322
10  HP 3998 273
10
50  WAW 2569 916
30  HP 3084 255
10  WAW 3534 947
11
50  WAW 1876 1021
30  HP 2162 338
10  WAW 2419 1011
12
50  WAW 2056 961
30  WAW 2233 956
10  HP 2334 331
13
50  WAW 3626 939
30  HP 3703 211
10  HP 4381 226
14
50  HP 3725 237
30  WAW 3897 964
10  WAW 4081 996
15
50  WAW 3166 938
30  HP 3207 330
10  HP 3650 335
16
50  HP 3135 236
30  HP 3422 254
10  HP 3934 276
17
50  HP 6384 290
30  WAW 7038 929
10  WAW 7763 909
18
50  WAW 6524 1030
30  HP 7653 241
10  WAW 7990 943
19
50  WAW 7012 975
30  HP 8572 307
10  HP 8647 243
20
50  HP 5659 308
30  HP 6313 312
10  WAW 6546 1026
21
50  WAW 3312 959
30  HP 4947 322
10  WAW 4987 913
22
50  HP 2850 227
30  WAW 3255 916
10  HP 3722 255
23
50  WAW 2516 1021
30  HP 2685 229
10  HP 2838 338
24
50  WAW 2659 902
30  HP 2787 331
10  HP 2850 227
25
50  HP 1963 260
30  HP 2303 233
10  HP 2308 323
26
50  WAW 1809 915
30  WAW 2300 996
10  WAW 2371 926
27
50  HP 3568 269
30  HP 3894 330
10  WAW 4452 918
28
50  WAW 3533 940
30  HP 4231 254
10  HP 5281 225
29
50  WAW 3721 929
30  HP 3984 235
10  HP 5031 326
30
50  HP 3275 268
30  WAW 3430 1030
10  HP 4110 288
31
80  HP 3625 220
40  HP 4468 291
0  HP 4719 242
32
80  HP 2865 308
40  WAW 3298 976
0  WAW 3409 948
33
80  HP 2600 338
40  HP 2612 214
34
80  HP 2722 227
40  HP 3031 331
35
50  HP 1863 260
30  HP 1960 211
10  HP 2296 215
36
50  HP 1747 328
30  WAW 1765 915
10  HP 2134 283
37
50  HP 3265 269
30  WAW 3497 938
10  HP 4228 332
38
50  HP 3428 236
30  WAW 3681 940
10  WAW 5851 998
39
50  HP 3072 290
30  HP 3618 234
10  HP 3833 316
40
50  WAW 2938 904
30  HP 3075 256
10  HP 3638 244
41
50  WAW 3582 971
30  HP 4053 291
10  HP 4466 242
42
50  HP 2698 308
30  WAW 2976 976
10  HP 3059 303
43
50  WAW 2456 1021
30  HP 2884 229
10  WAW 3985 925
44
50  WAW 3223 902
30  HP 3416 227
10  HP 3853 261
45
50  WAW 2035 1022
30  WAW 2119 939
10  HP 2439 211
46
50  WAW 1937 1033
30  HP 2560 282
10  WAW 2572 912
47
50  HP 4525 330
30  WAW 4628 931
10  WAW 4840 950
48
50  HP 5325 276
30  HP 5327 254
10  WAW 5776 998
49
50  WAW 4032 908
30  WAW 4501 909
10  WAW 4536 1023
50
50  WAW 3637 1032
30  HP 3669 268
10  HP 4369 288
51
50  WAW 3975 971
30  HP 3997 220
10  HP 4753 243
52
50  WAW 3347 1012
30  HP 3687 312
10  HP 3715 289
53
50  WAW 14403 1722
30  HP 18604 1656
54
50  WAW 9827 1709
30  HP 10553 1642
55
50  WAW 16351 1711
30  HP 18650 1644
56
50  WAW 15537 1713
30  HP 15963 1646
57
50  WAW 14803 1715
30  HP 17031 1647
58
50  HP 17835 1649
30  WAW 30791 1717
59
50  WAW 13606 1718
30  HP 15187 1650
60
50  WAW 11946 1720
30  HP 12150 1651
61
50  WAW 11575 1721
30  HP 13259 1653
SCORE:HP,WAW,2940,2580,36.0
