HSC-GBP
1
50  GBP 11741 3412
30  HSC 12582 3422
10  GBP 13410 3402
2
50  GBP 9298 3408
30  GBP 9322 3416
10  GBP 11916 3391
3
50  HSC 10519 3445
30  GBP 11009 3417
4
50  HSC 8441 3463
30  GBP 10451 3407
5
50  HSC 7740 3466
30  HSC 7854 3424
10  HSC 9238 3429
6
50  GBP 7190 3414
30  HSC 7907 3446
10  HSC 8508 3458
7
50  GBP 7477 3415
30  HSC 8442 3457
10  HSC 8729 3447
8
50  HSC 6592 3462
30  HSC 7912 3461
10  GBP 8403 3393
9
50  GBP 2550 3410
30  GBP 3697 3404
10  GBP 3837 3409
10
50  HSC 3999 3459
11
50  HSC 1977 3430
30  HSC 2019 3464
10  GBP 2046 3413
12
50  GBP 1853 3388
30  GBP 2656 3403
10  GBP 2874 3386
13
50  GBP 3943 3412
30  HSC 4509 3422
10  HSC 4704 3467
14
50  GBP 3432 3408
30  HSC 4084 3420
10  GBP 4485 3411
15
50  HSC 3963 3445
30  GBP 4221 3417
10  HSC 5148 3425
16
50  HSC 3251 3453
30  HSC 3253 3463
10  HSC 3521 3421
17
50  HSC 6734 3466
30  HSC 6821 3424
10  HSC 7172 3444
18
50  HSC 6803 3423
30  HSC 7347 3458
10  GBP 8007 3399
19
50  GBP 6648 3415
30  GBP 7221 3418
10  HSC 7373 3448
20
50  HSC 5558 3462
30  HSC 5947 3460
10  HSC 6588 3454
21
50  GBP 3449 3404
30  GBP 3872 3410
10  HSC 5788 3441
22
50  HSC 8421 3459
23
50  GBP 2762 3396
30  HSC 2976 3430
10  HSC 3307 3456
24
50  GBP 2508 3388
30  GBP 2585 3395
10  GBP 3559 3394
25
50  GBP 2384 3412
30  HSC 2488 3422
10  GBP 2952 3402
26
50  GBP 1909 3416
30  GBP 2772 3411
10  HSC 2844 3420
27
50  GBP 5013 3417
30  HSC 6280 3425
28
50  HSC 4294 3421
30  HSC 4380 3453
10  HSC 4906 3435
29
50  HSC 3789 3444
30  HSC 5238 3434
10  HSC 9505 3433
30
50  GBP 3294 3414
30  HSC 3802 3446
10  HSC 3893 3423
31
80  HSC 3913 3448
40  HSC 4225 3447
32
80  HSC 3721 3461
40  GBP 4038 3393
0  HSC 4294 3454
33
80  GBP 2384 3413
34
80  GBP 2772 3388
40  GBP 3281 3395
35
50  GBP 2647 3412
30  GBP 3097 3402
36
50  GBP 1660 3408
30  GBP 2481 3391
10  GBP 2925 3411
37
50  HSC 4920 3445
30  GBP 5136 3417
38
50  HSC 4317 3453
39
50  HSC 3635 3424
30  HSC 3875 3444
10  HSC 4412 3429
40
50  GBP 3096 3414
30  HSC 3304 3446
10  HSC 3927 3423
41
50  HSC 3312 3457
30  HSC 4225 3448
42
50  HSC 2639 3462
30  HSC 2925 3460
10  HSC 3327 3454
43
50  HSC 2932 3430
30  HSC 3033 3464
10  GBP 3213 3413
44
50  GBP 3047 3403
30  GBP 3172 3388
10  GBP 3785 3395
45
50  HSC 3075 3440
30  GBP 3181 3402
46
50  GBP 2090 3416
30  GBP 2550 3406
10  HSC 3058 3420
47
50  HSC 6262 3445
48
50  HSC 4691 3463
30  HSC 5188 3435
10  GBP 5239 3407
49
50  HSC 4065 3466
30  HSC 4831 3429
10  HSC 5062 3434
50
50  HSC 4279 3423
30  GBP 4584 3400
10  HSC 4618 3432
51
50  GBP 4132 3418
30  HSC 4470 3448
10  HSC 4532 3457
52
50  HSC 3407 3460
30  GBP 3738 3393
10  HSC 3845 3454
54
50  GBP 9875 2033
56
50  GBP 16283 2035
30  HSC 19928 2040
58
50  HSC 15277 2041
59
50  HSC 12869 2042
60
50  HSC 12747 2043
30  GBP 13453 2036
61
50  HSC 12104 2044
SCORE:HSC,GBP,2740,2150,59.0
