HSC-WV
1
50  WV 9634 3126
30  WV 10830 3164
10  WV 10963 3154
2
50  WV 9582 3183
30  WV 10834 3137
10  WV 12243 3138
3
50  WV 8547 3175
30  HSC 10519 3445
10  WV 12135 3159
4
50  HSC 8441 3463
30  WV 9062 3187
10  WV 10928 3153
5
50  HSC 7740 3466
30  HSC 7854 3424
10  WV 8203 3127
6
50  HSC 7907 3446
30  WV 8053 3169
10  HSC 8508 3458
7
50  WV 7778 3180
30  HSC 8442 3457
10  HSC 8729 3447
8
50  HSC 6592 3462
30  HSC 7912 3461
10  WV 8844 3162
9
50  WV 2925 3155
30  WV 4315 3166
10  HSC 5143 3442
10
50  HSC 3999 3459
30  WV 4763 3145
10  WV 10260 3149
11
50  WV 1953 3125
30  HSC 1977 3430
10  HSC 2019 3464
12
50  WV 2122 3186
30  WV 2162 3157
10  WV 2363 3171
13
50  WV 3669 3126
30  WV 4250 3154
10  WV 4362 3173
14
50  WV 3866 3137
30  WV 4043 3183
10  HSC 4084 3420
15
50  WV 3300 3175
30  HSC 3963 3445
10  WV 4409 3151
16
50  HSC 3251 3453
30  HSC 3253 3463
10  HSC 3521 3421
17
50  HSC 6734 3466
30  HSC 6821 3424
10  HSC 7172 3444
18
50  HSC 6803 3423
30  WV 7144 3169
10  HSC 7347 3458
19
50  WV 6813 3180
30  HSC 7373 3448
10  HSC 7776 3447
20
50  HSC 5558 3462
30  HSC 5947 3460
10  HSC 6588 3454
21
50  WV 4028 3155
30  WV 4987 3166
10  HSC 5788 3441
22
50  WV 5456 3161
30  HSC 8421 3459
10  WV 9569 3145
23
50  WV 2531 3125
30  HSC 2976 3430
10  WV 3012 3184
24
50  WV 2869 3157
30  WV 3056 3136
10  WV 3065 3186
25
50  HSC 2488 3422
30  WV 2540 3173
10  WV 2931 3139
26
50  WV 2374 3128
30  WV 2384 3137
10  WV 2531 3135
27
50  WV 3719 3175
30  WV 5863 3151
10  HSC 6280 3425
28
50  HSC 4294 3421
30  HSC 4380 3453
10  HSC 4906 3435
29
50  HSC 3789 3444
30  WV 3922 3127
10  HSC 5238 3434
30
50  HSC 3802 3446
30  HSC 3893 3423
10  HSC 5022 3432
31
80  HSC 3913 3448
40  HSC 4225 3447
0  WV 4296 3143
32
80  HSC 3721 3461
40  WV 4203 3178
0  HSC 4294 3454
33
80  WV 2975 3179
40  WV 4516 3160
0  WV 6890 3185
34
80  WV 3246 3157
40  WV 3944 3148
0  WV 3975 3168
35
50  WV 2047 3126
30  WV 2066 3164
10  WV 2906 3167
36
50  WV 2003 3183
30  WV 2541 3135
10  WV 2578 3128
37
50  HSC 4920 3445
30  WV 5409 3151
10  WV 5656 3159
38
50  HSC 4317 3453
30  WV 5762 3153
39
50  HSC 3635 3424
30  WV 3641 3127
10  HSC 3875 3444
40
50  HSC 3304 3446
30  WV 3619 3169
10  HSC 3927 3423
41
50  HSC 3312 3457
30  HSC 4225 3448
10  WV 4306 3163
42
50  HSC 2639 3462
30  HSC 2925 3460
10  HSC 3327 3454
43
50  HSC 2932 3430
30  HSC 3033 3464
10  WV 3034 3125
44
50  WV 2947 3186
30  WV 4212 3168
45
50  WV 2325 3173
30  WV 2512 3154
10  HSC 3075 3440
46
50  WV 2850 3138
30  HSC 3058 3420
10  HSC 3123 3436
47
50  WV 4675 3175
30  WV 5353 3151
10  WV 5537 3159
48
50  HSC 4691 3463
30  HSC 5188 3435
10  WV 5571 3153
49
50  HSC 4065 3466
30  WV 4422 3127
10  WV 4728 3188
50
50  HSC 4279 3423
30  WV 4337 3169
10  HSC 4618 3432
51
50  WV 4218 3180
30  HSC 4470 3448
10  HSC 4532 3457
52
50  HSC 3407 3460
30  HSC 3845 3454
10  HSC 4113 3461
53
50  WV 28353 1996
54
50  WV 9372 1991
55
50  WV 16756 1993
56
50  WV 16555 1994
30  HSC 19928 2040
58
50  HSC 15277 2041
59
50  HSC 12869 2042
60
50  HSC 12747 2043
61
50  HSC 12104 2044
30  WV 13737 1995
SCORE:HSC,WV,2490,2750,-26.0
