HSC-NC
1
50  NC 9537 1485
30  NC 11022 1472
10  HSC 12582 3422
2
50  NC 10859 1532
30  HSC 13133 3465
10  HSC 13628 3436
3
50  NC 7906 1477
30  NC 9235 1504
10  NC 9563 1519
4
50  HSC 8441 3463
30  NC 8479 1533
10  NC 9094 1471
5
50  HSC 7740 3466
30  HSC 7854 3424
10  NC 8092 1476
6
50  HSC 7907 3446
30  HSC 8508 3458
10  NC 9079 1524
7
50  HSC 8442 3457
30  NC 8569 1497
10  HSC 8729 3447
8
50  HSC 6592 3462
30  NC 7103 1483
10  NC 7146 1492
9
50  NC 2950 1526
30  NC 4638 1486
10  HSC 5143 3442
10
50  HSC 3999 3459
11
50  HSC 1977 3430
30  HSC 2019 3464
10  NC 2056 1515
12
50  NC 2144 1487
30  NC 2181 1530
10  NC 2388 1489
13
50  NC 4184 1474
30  HSC 4509 3422
10  HSC 4704 3467
14
50  HSC 4084 3420
30  NC 4309 1528
10  HSC 4704 3465
15
50  NC 3160 1477
30  NC 3698 1522
10  HSC 3963 3445
16
50  NC 3250 1517
30  HSC 3251 3453
10  HSC 3253 3463
17
50  HSC 6734 3466
30  HSC 6821 3424
10  HSC 7172 3444
18
50  HSC 6803 3423
30  HSC 7347 3458
10  NC 7797 1537
19
50  HSC 7373 3448
30  NC 7391 1497
10  HSC 7776 3447
20
50  HSC 5558 3462
30  HSC 5947 3460
10  NC 6181 1483
21
50  NC 4007 1526
30  HSC 5788 3441
10  NC 5883 1486
22
50  HSC 8421 3459
23
50  NC 2606 1516
30  HSC 2976 3430
10  NC 3179 1527
24
50  NC 2572 1487
30  NC 3022 1489
10  NC 3553 1521
25
50  NC 1994 1485
30  NC 2363 1475
10  HSC 2488 3422
26
50  NC 2422 1525
30  NC 2580 1467
10  NC 2619 1469
27
50  NC 3567 1477
30  NC 4549 1504
10  NC 5309 1479
28
50  NC 4119 1533
30  NC 4179 1471
10  HSC 4294 3421
29
50  HSC 3789 3444
30  NC 3790 1470
10  NC 4284 1506
30
50  HSC 3802 3446
30  HSC 3893 3423
10  NC 4540 1537
31
80  HSC 3913 3448
40  NC 3954 1497
0  HSC 4225 3447
32
80  NC 3181 1492
40  NC 3437 1509
0  HSC 3721 3461
33
80  NC 2860 1516
40  NC 2900 1515
0  NC 2912 1510
34
80  NC 2659 1530
40  NC 3803 1487
35
50  NC 1873 1485
30  NC 2172 1472
10  NC 2562 1475
36
50  NC 2300 1525
30  NC 2389 1532
10  NC 2462 1528
37
50  NC 4296 1519
30  NC 4328 1504
10  NC 4475 1522
38
50  NC 3571 1517
30  NC 4003 1471
10  HSC 4317 3453
39
50  NC 3541 1470
30  NC 3618 1476
10  HSC 3635 3424
40
50  HSC 3304 3446
30  HSC 3927 3423
10  NC 4068 1537
41
50  HSC 3312 3457
30  NC 3763 1497
10  HSC 4225 3448
42
50  HSC 2639 3462
30  HSC 2925 3460
10  NC 2993 1483
43
50  HSC 2932 3430
30  HSC 3033 3464
10  NC 3047 1516
44
50  NC 2992 1494
30  NC 3066 1489
10  NC 3369 1530
45
50  NC 2462 1474
30  NC 2653 1472
10  HSC 3075 3440
46
50  NC 2525 1532
30  HSC 3058 3420
10  HSC 3123 3436
47
50  NC 4322 1477
30  NC 4701 1519
10  NC 4796 1522
48
50  NC 4507 1517
30  HSC 4691 3463
10  NC 5165 1502
49
50  HSC 4065 3466
30  NC 4160 1476
10  HSC 4831 3429
50
50  HSC 4279 3423
30  NC 4410 1524
10  HSC 4618 3432
51
50  HSC 4470 3448
30  HSC 4532 3457
10  NC 4844 1505
52
50  HSC 3407 3460
30  NC 3615 1483
10  NC 3750 1492
54
50  NC 9591 1764
55
50  NC 18144 1766
56
50  NC 18106 1768
30  HSC 19928 2040
57
50  NC 15191 1770
58
50  NC 14393 1772
30  HSC 15277 2041
59
50  HSC 12869 2042
30  NC 14019 1773
60
50  HSC 12747 2043
30  NC 14844 1774
61
50  HSC 12104 2044
30  NC 14235 1775
SCORE:HSC,NC,2170,3100,-93.0
