HSC-WW
1
50  WW 9347 1645
30  HSC 12582 3422
10  WW 13828 1598
2
50  WW 11716 1597
30  WW 12762 1592
10  HSC 13133 3465
3
50  WW 9519 1584
30  WW 9887 1634
10  HSC 10519 3445
4
50  HSC 8441 3463
30  WW 10807 1577
10  WW 11487 1587
5
50  HSC 7740 3466
30  HSC 7854 3424
10  WW 8091 1544
6
50  WW 7547 1643
30  HSC 7907 3446
10  HSC 8508 3458
7
50  WW 7781 1616
30  HSC 8442 3457
10  HSC 8729 3447
8
50  HSC 6592 3462
30  WW 6700 1585
10  WW 7888 1550
9
50  WW 3607 1555
30  HSC 5143 3442
10  HSC 5829 3441
10
50  WW 2803 1591
30  HSC 3999 3459
10  WW 4153 1615
11
50  WW 1959 1580
30  HSC 1977 3430
10  HSC 2019 3464
12
50  WW 2186 1619
30  WW 2438 1561
10  WW 2463 1635
13
50  WW 3890 1589
30  WW 4283 1638
10  HSC 4509 3422
14
50  WW 4059 1552
30  HSC 4084 3420
10  WW 4381 1569
15
50  WW 3228 1625
30  WW 3729 1584
10  HSC 3963 3445
16
50  HSC 3251 3453
30  HSC 3253 3463
10  HSC 3521 3421
17
50  HSC 6734 3466
30  HSC 6821 3424
10  WW 6844 1581
18
50  HSC 6803 3423
30  WW 7106 1583
10  HSC 7347 3458
19
50  WW 6303 1551
30  HSC 7373 3448
10  WW 7506 1562
20
50  HSC 5558 3462
30  HSC 5947 3460
10  WW 6309 1582
21
50  WW 4309 1555
30  HSC 5788 3441
10  HSC 7357 3442
22
50  WW 5181 1591
30  WW 5769 1615
10  WW 6866 1593
23
50  WW 2472 1580
30  HSC 2976 3430
10  WW 3306 1539
24
50  WW 3006 1635
30  WW 3325 1619
10  WW 3415 1541
25
50  WW 2100 1645
30  WW 2475 1589
10  HSC 2488 3422
26
50  WW 2428 1569
30  WW 2609 1623
10  WW 2644 1592
27
50  WW 4756 1634
30  WW 5269 1578
10  WW 5391 1632
28
50  HSC 4294 3421
30  HSC 4380 3453
10  WW 4644 1605
29
50  WW 3622 1618
30  WW 3709 1595
10  HSC 3789 3444
30
50  WW 3488 1643
30  WW 3675 1583
10  HSC 3802 3446
31
80  WW 3531 1551
40  WW 3584 1616
0  HSC 3913 3448
32
80  WW 3043 1585
40  WW 3605 1582
0  HSC 3721 3461
33
80  WW 2604 1573
40  WW 3637 1621
0  WW 4053 1614
34
80  WW 3675 1635
35
50  WW 1864 1645
30  WW 2529 1638
10  WW 2996 1560
36
50  WW 2463 1639
30  WW 2991 1623
10  WW 3288 1592
37
50  WW 3816 1625
30  WW 3966 1572
10  WW 4694 1543
38
50  WW 4303 1636
30  HSC 4317 3453
10  WW 5550 1577
39
50  WW 3473 1618
30  WW 3593 1581
10  HSC 3635 3424
40
50  HSC 3304 3446
30  WW 3459 1643
10  HSC 3927 3423
41
50  HSC 3312 3457
30  WW 3331 1616
10  WW 3788 1640
42
50  HSC 2639 3462
30  WW 2879 1585
10  HSC 2925 3460
43
50  WW 2591 1573
30  HSC 2932 3430
10  HSC 3033 3464
44
50  WW 3581 1620
30  WW 7800 1593
45
50  WW 2350 1589
30  WW 2469 1638
10  WW 2637 1542
46
50  WW 2640 1552
30  WW 2721 1629
10  HSC 3058 3420
47
50  WW 4207 1625
30  WW 4327 1572
10  WW 4363 1584
48
50  WW 4466 1636
30  HSC 4691 3463
10  HSC 5188 3435
49
50  WW 3978 1544
30  WW 4063 1581
10  HSC 4065 3466
50
50  WW 4181 1583
30  HSC 4279 3423
10  HSC 4618 3432
51
50  WW 3768 1551
30  WW 4440 1596
10  HSC 4470 3448
52
50  HSC 3407 3460
30  WW 3665 1608
10  WW 3700 1582
53
50  WW 11534 1795
54
50  WW 9416 1776
55
50  WW 17160 1779
56
50  WW 18144 1782
30  HSC 19928 2040
57
50  WW 14228 1784
58
50  HSC 15277 2041
30  WW 20981 1788
59
50  WW 12400 1789
30  HSC 12869 2042
60
50  HSC 12747 2043
30  WW 13835 1791
61
50  WW 11479 1792
30  HSC 12104 2044
SCORE:HSC,WW,1590,3760,-217.0
