HSC-TVT
1
50  TVT 11250 1868
30  TVT 11778 1909
10  HSC 12582 3422
2
50  TVT 9773 1951
30  TVT 10577 1856
10  TVT 11309 1879
3
50  TVT 7662 1866
30  TVT 8557 1845
10  TVT 9372 1913
4
50  HSC 8441 3463
30  TVT 9433 1917
10  TVT 11734 1880
5
50  TVT 7571 1867
30  HSC 7740 3466
10  HSC 7854 3424
6
50  TVT 7397 1888
30  TVT 7590 1911
10  HSC 7907 3446
7
50  HSC 8442 3457
30  HSC 8729 3447
10  TVT 9332 1900
8
50  TVT 6297 1874
30  HSC 6592 3462
10  HSC 7912 3461
9
50  TVT 4928 1875
30  HSC 5143 3442
10  TVT 5723 1865
10
50  TVT 3245 1950
30  TVT 3347 1908
10  HSC 3999 3459
11
50  HSC 1977 3430
30  HSC 2019 3464
10  TVT 2259 1952
12
50  TVT 2033 1946
30  TVT 2513 1903
10  TVT 2745 1935
13
50  TVT 4097 1868
30  HSC 4509 3422
10  TVT 4514 1853
14
50  TVT 3875 1951
30  TVT 4012 1879
10  HSC 4084 3420
15
50  TVT 3063 1866
30  TVT 3357 1845
10  HSC 3963 3445
16
50  HSC 3251 3453
30  HSC 3253 3463
10  HSC 3521 3421
17
50  HSC 6734 3466
30  HSC 6821 3424
10  TVT 6991 1867
18
50  TVT 6400 1911
30  TVT 6771 1888
10  HSC 6803 3423
19
50  HSC 7373 3448
30  HSC 7776 3447
10  TVT 8321 1900
20
50  TVT 5377 1899
30  HSC 5558 3462
10  TVT 5753 1874
21
50  TVT 4982 1875
30  HSC 5788 3441
10  TVT 6514 1865
22
50  TVT 3774 1908
30  TVT 4170 1950
10  TVT 5940 1839
23
50  TVT 2634 1892
30  TVT 2684 1952
10  HSC 2976 3430
24
50  TVT 2567 1946
30  TVT 3113 1935
10  TVT 3182 1903
25
50  HSC 2488 3422
30  TVT 2553 1909
10  TVT 2657 1853
26
50  TVT 2397 1898
30  TVT 2513 1907
10  HSC 2844 3420
27
50  TVT 4013 1845
30  TVT 4915 1859
10  TVT 5325 1878
28
50  HSC 4294 3421
30  HSC 4380 3453
10  HSC 4906 3435
29
50  HSC 3789 3444
30  TVT 3845 1910
10  HSC 5238 3434
30
50  TVT 3535 1888
30  TVT 3733 1911
10  HSC 3802 3446
31
80  HSC 3913 3448
40  TVT 4059 1900
0  HSC 4225 3447
32
80  TVT 2849 1899
40  TVT 3656 1860
0  HSC 3721 3461
33
80  TVT 2840 1952
40  TVT 3641 1890
34
80  TVT 2670 1946
40  TVT 3389 1896
35
50  TVT 2166 1868
30  TVT 2603 1909
10  TVT 2989 1920
36
50  TVT 2050 1856
30  TVT 2078 1951
10  TVT 2336 1898
37
50  TVT 3427 1866
30  TVT 4109 1913
10  TVT 4780 1916
38
50  HSC 4317 3453
30  TVT 4381 1917
10  TVT 7064 1848
39
50  TVT 3496 1867
30  HSC 3635 3424
10  HSC 3875 3444
40
50  TVT 3217 1888
30  HSC 3304 3446
10  HSC 3927 3423
41
50  HSC 3312 3457
30  HSC 4225 3448
42
50  HSC 2639 3462
30  TVT 2764 1899
10  TVT 2776 1874
43
50  HSC 2932 3430
30  HSC 3033 3464
10  TVT 3133 1952
44
50  TVT 2528 1946
30  TVT 3303 1896
10  TVT 3571 1903
45
50  TVT 2798 1853
30  TVT 3004 1920
10  HSC 3075 3440
46
50  TVT 2600 1856
30  TVT 2637 1907
10  TVT 2667 1879
47
50  TVT 4616 1913
30  TVT 4678 1916
10  TVT 5321 1861
48
50  HSC 4691 3463
30  TVT 5013 1917
10  HSC 5188 3435
49
50  HSC 4065 3466
30  TVT 4377 1910
10  HSC 4831 3429
50
50  TVT 3877 1911
30  HSC 4279 3423
10  HSC 4618 3432
51
50  HSC 4470 3448
30  HSC 4532 3457
10  TVT 4934 1885
52
50  TVT 3306 1874
30  HSC 3407 3460
10  HSC 3845 3454
53
50  TVT 16803 1828
54
50  TVT 12231 1815
55
50  TVT 19785 1818
56
50  TVT 17443 1820
30  HSC 19928 2040
57
50  TVT 14320 1822
58
50  HSC 15277 2041
30  TVT 17419 1825
59
50  HSC 12869 2042
30  TVT 15096 1826
60
50  HSC 12747 2043
61
50  HSC 12104 2044
30  TVT 13181 1827
SCORE:HSC,TVT,1890,3470,-158.0
