HSC-WCSC
1
50  WCSC 8690 844
30  WCSC 9353 884
10  HSC 12582 3422
2
50  WCSC 10839 784
30  HSC 13133 3465
10  HSC 13628 3436
3
50  WCSC 7943 800
30  WCSC 8633 883
10  HSC 10519 3445
4
50  WCSC 8409 810
30  HSC 8441 3463
10  WCSC 9688 775
5
50  HSC 7740 3466
30  WCSC 7784 895
10  HSC 7854 3424
6
50  WCSC 7896 776
30  HSC 7907 3446
10  HSC 8508 3458
7
50  HSC 8442 3457
30  HSC 8729 3447
10  WCSC 8963 860
8
50  HSC 6592 3462
30  WCSC 7650 843
10  WCSC 7728 787
9
50  WCSC 3175 869
30  WCSC 3328 872
10  HSC 5143 3442
10
50  WCSC 3536 830
30  WCSC 3673 786
10  HSC 3999 3459
11
50  WCSC 1889 855
30  HSC 1977 3430
10  HSC 2019 3464
12
50  WCSC 1740 870
30  WCSC 1904 877
10  WCSC 2085 857
13
50  WCSC 3738 871
30  WCSC 3787 884
10  WCSC 4163 839
14
50  HSC 4084 3420
30  WCSC 4129 831
10  WCSC 4481 868
15
50  WCSC 3219 896
30  WCSC 3312 840
10  WCSC 3557 883
16
50  HSC 3251 3453
30  HSC 3253 3463
10  WCSC 3434 775
17
50  HSC 6734 3466
30  HSC 6821 3424
10  WCSC 7082 859
18
50  WCSC 6674 798
30  HSC 6803 3423
10  WCSC 6843 776
19
50  HSC 7373 3448
30  HSC 7776 3447
10  WCSC 7938 860
20
50  HSC 5558 3462
30  HSC 5947 3460
10  WCSC 6297 843
21
50  WCSC 3090 869
30  WCSC 4438 872
10  HSC 5788 3441
22
50  WCSC 4634 830
30  WCSC 5263 777
10  WCSC 5283 822
23
50  WCSC 2098 817
30  WCSC 2637 898
10  WCSC 2662 879
24
50  WCSC 1929 801
30  WCSC 2358 877
10  WCSC 2809 857
25
50  WCSC 2043 816
30  WCSC 2299 839
10  WCSC 2317 805
26
50  WCSC 2111 784
30  WCSC 2634 868
10  WCSC 2657 829
27
50  WCSC 3813 800
30  WCSC 5066 820
10  WCSC 5137 825
28
50  WCSC 4178 810
30  HSC 4294 3421
10  HSC 4380 3453
29
50  WCSC 3500 895
30  HSC 3789 3444
10  WCSC 4621 858
30
50  HSC 3802 3446
30  HSC 3893 3423
10  WCSC 3909 821
31
80  WCSC 3840 803
40  HSC 3913 3448
0  HSC 4225 3447
32
80  WCSC 3606 864
40  HSC 3721 3461
0  HSC 4294 3454
33
80  WCSC 2225 826
40  WCSC 2500 817
34
80  WCSC 2223 877
40  WCSC 2855 857
0  WCSC 3469 812
35
50  WCSC 1938 871
30  WCSC 2327 816
10  WCSC 2346 839
36
50  WCSC 2122 876
30  WCSC 3057 823
10  HSC 3654 3436
37
50  WCSC 3982 840
30  HSC 4920 3445
10  WCSC 6183 793
38
50  HSC 4317 3453
30  WCSC 4653 775
39
50  WCSC 3434 859
30  HSC 3635 3424
10  HSC 3875 3444
40
50  HSC 3304 3446
30  WCSC 3463 798
10  HSC 3927 3423
41
50  HSC 3312 3457
30  WCSC 3803 803
10  WCSC 3928 900
42
50  HSC 2639 3462
30  HSC 2925 3460
10  WCSC 3134 787
43
50  WCSC 2682 855
30  HSC 2932 3430
10  WCSC 3027 826
44
50  WCSC 2112 801
30  WCSC 2583 870
45
50  WCSC 2151 844
30  WCSC 2864 805
10  HSC 3075 3440
46
50  WCSC 2403 831
30  HSC 3058 3420
10  HSC 3123 3436
47
50  WCSC 4162 896
30  WCSC 5534 799
10  WCSC 5641 850
48
50  WCSC 4555 810
30  HSC 4691 3463
10  HSC 5188 3435
49
50  HSC 4065 3466
30  WCSC 4656 845
10  HSC 4831 3429
50
50  WCSC 4113 776
30  HSC 4279 3423
10  WCSC 4549 798
51
50  WCSC 4467 860
30  HSC 4470 3448
10  HSC 4532 3457
52
50  HSC 3407 3460
30  HSC 3845 3454
10  WCSC 3963 864
53
50  WCSC 16033 1707
54
50  WCSC 7650 1692
55
50  WCSC 16081 1695
56
50  WCSC 17798 1697
30  HSC 19928 2040
57
50  WCSC 13322 1699
58
50  HSC 15277 2041
30  WCSC 18199 1702
59
50  HSC 12869 2042
30  WCSC 13190 1703
60
50  HSC 12747 2043
30  WCSC 15089 1704
61
50  HSC 12104 2044
30  WCSC 12596 1705
SCORE:HSC,WCSC,1900,3480,-158.0
