HSC-FO
1
50  FO 10771 2035
30  FO 12495 2122
10  HSC 12582 3422
2
50  FO 10637 2042
30  FO 11528 2114
10  FO 12258 2088
3
50  FO 8237 2055
30  HSC 10519 3445
10  FO 10522 2051
4
50  FO 8422 2127
30  HSC 8441 3463
10  FO 9837 2079
5
50  HSC 7740 3466
30  HSC 7854 3424
10  FO 8487 2036
6
50  HSC 7907 3446
30  FO 8478 2053
10  HSC 8508 3458
7
50  FO 7744 2061
30  HSC 8442 3457
10  HSC 8729 3447
8
50  FO 6400 2077
30  HSC 6592 3462
10  FO 6997 2094
9
50  FO 3181 2050
30  FO 4028 2064
10  FO 4659 2143
10
50  FO 2470 2128
30  FO 2776 2049
10  FO 3569 2106
11
50  HSC 1977 3430
30  HSC 2019 3464
10  FO 2071 2043
12
50  FO 1906 2065
30  FO 2293 2107
10  FO 2300 2101
13
50  HSC 4509 3422
30  FO 4515 2110
10  HSC 4704 3467
14
50  HSC 4084 3420
30  FO 4140 2042
10  FO 4351 2088
15
50  HSC 3963 3445
30  FO 5079 2059
10  FO 5137 2091
16
50  HSC 3251 3453
30  HSC 3253 3463
10  HSC 3521 3421
17
50  HSC 6734 3466
30  HSC 6821 3424
10  FO 7118 2036
18
50  HSC 6803 3423
30  FO 7319 2121
10  FO 7333 2053
19
50  FO 6721 2061
30  HSC 7373 3448
10  HSC 7776 3447
20
50  HSC 5558 3462
30  FO 5738 2077
10  FO 5938 2094
21
50  FO 3857 2050
30  FO 4878 2143
10  FO 5563 2064
22
50  FO 2925 2128
30  FO 3814 2049
10  FO 5522 2106
23
50  FO 2619 2139
30  FO 2720 2043
10  FO 2837 2078
24
50  FO 2552 2065
30  FO 2965 2090
10  FO 3384 2124
25
50  FO 2372 2074
30  FO 2381 2035
10  FO 2458 2110
26
50  FO 2225 2048
30  FO 2312 2114
10  FO 2352 2042
27
50  FO 3759 2055
30  FO 4467 2109
10  FO 4728 2051
28
50  FO 4134 2127
30  HSC 4294 3421
10  HSC 4380 3453
29
50  HSC 3789 3444
30  FO 4128 2067
10  FO 4135 2060
30
50  HSC 3802 3446
30  HSC 3893 3423
10  FO 4253 2121
31
80  HSC 3913 3448
40  HSC 4225 3447
0  FO 4765 2039
32
80  FO 3047 2077
40  FO 3414 2076
0  HSC 3721 3461
33
80  FO 2181 2139
40  FO 2381 2078
0  FO 2700 2043
34
80  FO 3806 2120
35
50  FO 2208 2035
30  FO 2598 2122
10  FO 2908 2074
36
50  FO 2122 2104
30  FO 2222 2048
10  FO 2563 2114
37
50  FO 4659 2109
30  FO 4838 2051
10  HSC 4920 3445
38
50  FO 4043 2127
30  HSC 4317 3453
10  FO 5475 2079
39
50  HSC 3635 3424
30  FO 3744 2036
10  HSC 3875 3444
40
50  HSC 3304 3446
30  FO 3906 2053
10  HSC 3927 3423
41
50  HSC 3312 3457
30  FO 3459 2061
10  HSC 4225 3448
42
50  HSC 2639 3462
30  FO 2884 2094
10  HSC 2925 3460
43
50  FO 2740 2139
30  HSC 2932 3430
10  HSC 3033 3464
45
50  FO 2901 2110
30  HSC 3075 3440
10  FO 3119 2045
46
50  FO 2462 2104
30  FO 2484 2130
10  FO 2653 2048
47
50  FO 4008 2055
30  FO 5244 2109
10  FO 5840 2052
48
50  FO 4576 2066
30  HSC 4691 3463
10  HSC 5188 3435
49
50  HSC 4065 3466
30  FO 4431 2092
10  FO 4695 2071
50
50  FO 4110 2053
30  HSC 4279 3423
10  HSC 4618 3432
51
50  FO 3932 2061
30  HSC 4470 3448
10  HSC 4532 3457
52
50  HSC 3407 3460
30  FO 3541 2077
10  FO 3725 2094
53
50  FO 14008 1854
54
50  FO 9738 1838
55
50  FO 19576 1843
56
50  FO 18719 1846
30  HSC 19928 2040
57
50  FO 15307 1849
58
50  FO 14984 1850
30  HSC 15277 2041
59
50  HSC 12869 2042
30  FO 15100 1853
60
50  HSC 12747 2043
61
50  HSC 12104 2044
SCORE:HSC,FO,1900,3310,-141.0
