HSC-FR
1
50  FR 9756 1771
30  FR 11123 1757
10  FR 11833 1799
2
50  HSC 13133 3465
30  HSC 13628 3436
10  FR 14198 1805
3
50  FR 9077 1829
30  FR 9742 1797
10  HSC 10519 3445
4
50  FR 7209 1825
30  HSC 8441 3463
10  FR 10057 1800
5
50  FR 7641 1767
30  HSC 7740 3466
10  HSC 7854 3424
6
50  HSC 7907 3446
30  HSC 8508 3458
10  FR 8712 1781
7
50  FR 8011 1828
30  HSC 8442 3457
10  HSC 8729 3447
8
50  HSC 6592 3462
30  FR 7819 1749
10  HSC 7912 3461
9
50  FR 4226 1823
30  FR 5019 1798
10  HSC 5143 3442
10
50  HSC 3999 3459
30  FR 6518 1775
11
50  HSC 1977 3430
30  FR 2003 1815
10  HSC 2019 3464
12
50  FR 2009 1740
30  FR 2057 1770
10  FR 3118 1789
13
50  FR 4397 1757
30  FR 4501 1786
10  HSC 4509 3422
14
50  HSC 4084 3420
30  HSC 4704 3465
10  FR 5036 1794
15
50  FR 3487 1785
30  FR 3761 1797
10  FR 3957 1819
16
50  FR 2909 1825
30  HSC 3251 3453
10  HSC 3253 3463
17
50  HSC 6734 3466
30  HSC 6821 3424
10  HSC 7172 3444
18
50  HSC 6803 3423
30  HSC 7347 3458
10  FR 7796 1831
19
50  FR 6978 1828
30  HSC 7373 3448
10  HSC 7776 3447
20
50  HSC 5558 3462
30  HSC 5947 3460
10  HSC 6588 3454
21
50  FR 4902 1798
30  HSC 5788 3441
10  FR 6624 1823
22
50  FR 5597 1775
30  HSC 8421 3459
23
50  FR 2359 1815
30  FR 2628 1778
10  FR 2794 1820
24
50  FR 2369 1740
30  FR 3435 1746
10  FR 3950 1814
25
50  FR 2137 1771
30  FR 2467 1799
10  HSC 2488 3422
26
50  FR 2488 1837
30  HSC 2844 3420
10  HSC 2852 3465
27
50  FR 4456 1785
30  FR 4617 1797
10  FR 5387 1821
28
50  HSC 4294 3421
30  HSC 4380 3453
10  FR 4469 1826
29
50  FR 3559 1767
30  HSC 3789 3444
10  FR 4101 1833
30
50  HSC 3802 3446
30  HSC 3893 3423
10  FR 4107 1781
31
80  FR 3485 1765
40  HSC 3913 3448
0  HSC 4225 3447
32
80  FR 3537 1749
40  HSC 3721 3461
0  FR 3950 1748
33
80  FR 2371 1815
40  FR 2673 1820
0  FR 3068 1778
34
80  FR 2468 1740
40  FR 2562 1770
0  FR 4457 1789
35
50  FR 2038 1771
30  FR 2295 1786
10  FR 2337 1757
36
50  HSC 3654 3436
37
50  FR 4082 1785
30  FR 4656 1829
10  FR 4838 1758
38
50  FR 3378 1825
30  HSC 4317 3453
10  FR 4474 1784
39
50  FR 3359 1767
30  HSC 3635 3424
10  HSC 3875 3444
40
50  HSC 3304 3446
30  FR 3883 1781
10  HSC 3927 3423
41
50  FR 3181 1765
30  HSC 3312 3457
10  FR 3494 1828
42
50  HSC 2639 3462
30  HSC 2925 3460
10  HSC 3327 3454
43
50  HSC 2932 3430
30  HSC 3033 3464
10  FR 3201 1778
44
50  FR 2806 1770
30  FR 4503 1746
45
50  FR 2412 1771
30  FR 2652 1741
10  FR 2765 1757
46
50  FR 2884 1794
30  FR 2992 1805
10  HSC 3058 3420
47
50  FR 4369 1829
30  FR 5456 1821
10  FR 5925 1758
48
50  FR 3828 1825
30  HSC 4691 3463
10  FR 5026 1800
49
50  HSC 4065 3466
30  FR 4196 1767
10  FR 4599 1833
50
50  FR 4141 1781
30  HSC 4279 3423
10  HSC 4618 3432
51
50  FR 3700 1765
30  HSC 4470 3448
10  HSC 4532 3457
52
50  HSC 3407 3460
30  HSC 3845 3454
10  HSC 4113 3461
53
50  FR 30704 1814
54
50  FR 11241 1805
55
50  FR 23538 1808
56
50  HSC 19928 2040
30  FR 25100 1809
57
50  FR 15370 1811
58
50  HSC 15277 2041
30  FR 15968 1812
59
50  HSC 12869 2042
60
50  HSC 12747 2043
61
50  FR 12000 1813
30  HSC 12104 2044
SCORE:HSC,FR,2140,3130,-99.0
