HSC-RW
1
50  RW 10009 718
30  RW 11222 768
10  HSC 12582 3422
2
50  RW 8968 753
30  RW 9600 762
10  HSC 13133 3465
3
50  RW 8982 725
30  RW 10153 686
10  HSC 10519 3445
4
50  HSC 8441 3463
30  RW 10600 736
5
50  HSC 7740 3466
30  HSC 7854 3424
10  RW 7908 773
6
50  RW 7729 752
30  HSC 7907 3446
10  HSC 8508 3458
7
50  RW 7459 772
30  HSC 8442 3457
10  HSC 8729 3447
8
50  HSC 6592 3462
30  RW 6948 733
10  RW 7027 763
9
50  RW 2557 688
30  RW 4166 684
10  RW 4424 744
10
50  RW 3534 751
30  HSC 3999 3459
10  RW 4054 720
11
50  RW 1975 771
30  HSC 1977 3430
10  HSC 2019 3464
12
50  RW 1829 726
30  RW 2055 696
10  RW 2206 761
13
50  RW 3735 718
30  RW 3906 701
10  HSC 4509 3422
14
50  RW 3905 762
30  HSC 4084 3420
10  HSC 4704 3465
15
50  RW 3539 727
30  RW 3832 725
10  RW 3900 743
16
50  HSC 3251 3453
30  HSC 3253 3463
10  RW 3402 724
17
50  HSC 6734 3466
30  HSC 6821 3424
10  HSC 7172 3444
18
50  RW 6623 752
30  HSC 6803 3423
10  HSC 7347 3458
19
50  RW 6387 772
30  HSC 7373 3448
10  HSC 7776 3447
20
50  RW 5551 716
30  HSC 5558 3462
10  HSC 5947 3460
21
50  RW 3450 688
30  RW 4716 684
10  HSC 5788 3441
22
50  RW 4079 695
30  RW 4291 751
10  RW 6353 717
23
50  HSC 2976 3430
30  HSC 3307 3456
10  RW 3624 703
24
50  RW 2427 726
30  RW 2718 737
10  RW 2770 747
25
50  RW 1989 701
30  RW 2244 715
10  RW 2482 768
26
50  RW 1908 753
30  RW 2256 749
10  RW 2521 730
27
50  RW 4563 743
30  RW 4912 729
10  RW 6160 723
28
50  HSC 4294 3421
30  HSC 4380 3453
10  RW 4728 724
29
50  RW 3721 735
30  HSC 3789 3444
10  RW 4257 754
30
50  HSC 3802 3446
30  HSC 3893 3423
10  HSC 5022 3432
31
80  HSC 3913 3448
40  RW 3927 722
0  HSC 4225 3447
32
80  RW 3041 716
40  RW 3259 742
0  RW 3425 690
33
80  RW 2497 771
40  RW 2947 740
0  RW 3059 750
34
80  RW 2609 696
40  RW 2669 747
0  RW 3215 748
35
50  RW 1973 718
30  RW 2525 758
10  RW 2574 687
36
50  RW 1899 762
30  RW 2556 730
10  RW 2951 746
37
50  RW 4372 686
30  RW 4780 689
10  RW 4900 764
38
50  HSC 4317 3453
30  RW 4420 736
10  RW 4496 766
39
50  RW 3435 773
30  HSC 3635 3424
10  HSC 3875 3444
40
50  HSC 3304 3446
30  HSC 3927 3423
10  RW 5377 769
41
50  RW 3266 772
30  HSC 3312 3457
10  RW 4106 722
42
50  HSC 2639 3462
30  RW 2739 716
10  HSC 2925 3460
43
50  RW 2462 771
30  HSC 2932 3430
10  HSC 3033 3464
44
50  RW 2621 726
30  RW 3435 748
45
50  RW 2351 701
30  HSC 3075 3440
10  RW 3161 715
46
50  RW 2123 753
30  RW 2953 749
10  HSC 3058 3420
47
50  RW 4334 725
30  RW 4809 727
10  RW 5791 770
48
50  HSC 4691 3463
30  HSC 5188 3435
10  RW 5496 766
49
50  RW 3988 773
30  HSC 4065 3466
10  HSC 4831 3429
50
50  RW 4049 752
30  HSC 4279 3423
10  HSC 4618 3432
51
50  HSC 4470 3448
30  HSC 4532 3457
10  RW 4707 722
52
50  HSC 3407 3460
30  RW 3837 763
10  HSC 3845 3454
53
50  RW 17717 1691
54
50  RW 10673 1686
55
50  RW 18245 1687
56
50  HSC 19928 2040
30  RW 19983 1688
57
50  RW 15355 1689
58
50  HSC 15277 2041
59
50  HSC 12869 2042
60
50  HSC 12747 2043
61
50  HSC 12104 2044
SCORE:HSC,RW,1960,3300,-134.0
