HSC-PO
1
50  PO 9340 2358
30  PO 10953 2304
10  HSC 12582 3422
2
50  PO 10430 2359
30  PO 12613 2389
10  HSC 13133 3465
3
50  PO 9899 2336
30  HSC 10519 3445
10  PO 10541 2295
4
50  HSC 8441 3463
30  PO 9149 2391
5
50  HSC 7740 3466
30  HSC 7854 3424
10  HSC 9238 3429
6
50  PO 7628 2297
30  PO 7677 2366
10  HSC 7907 3446
7
50  HSC 8442 3457
30  HSC 8729 3447
10  PO 8925 2320
8
50  HSC 6592 3462
30  PO 7191 2298
10  HSC 7912 3461
9
50  PO 2428 2293
30  PO 3240 2374
10  PO 3401 2365
10
50  PO 2596 2346
30  PO 3253 2322
10  PO 3576 2305
11
50  HSC 1977 3430
30  HSC 2019 3464
10  PO 2096 2364
12
50  PO 2075 2402
30  PO 2097 2292
10  PO 2218 2345
13
50  PO 3834 2317
30  PO 4408 2304
10  HSC 4509 3422
14
50  HSC 4084 3420
30  PO 4212 2359
10  PO 4251 2389
15
50  PO 3896 2336
30  HSC 3963 3445
10  PO 4000 2295
16
50  HSC 3251 3453
30  HSC 3253 3463
10  HSC 3521 3421
17
50  HSC 6734 3466
30  HSC 6821 3424
10  HSC 7172 3444
18
50  HSC 6803 3423
30  HSC 7347 3458
10  PO 7672 2315
19
50  PO 7177 2353
30  HSC 7373 3448
10  HSC 7776 3447
20
50  HSC 5558 3462
30  HSC 5947 3460
10  HSC 6588 3454
21
50  PO 3271 2378
30  PO 3409 2293
10  PO 3913 2303
22
50  PO 3458 2346
30  PO 3540 2322
10  PO 4746 2305
23
50  PO 2579 2351
30  PO 2611 2330
10  PO 2634 2335
24
50  PO 2745 2345
30  PO 2847 2292
10  PO 2897 2367
25
50  PO 2181 2317
30  PO 2479 2321
10  HSC 2488 3422
26
50  PO 2667 2307
30  HSC 2844 3420
10  HSC 2852 3465
27
50  PO 5895 2403
30  PO 5904 2294
10  PO 6125 2363
28
50  HSC 4294 3421
30  HSC 4380 3453
10  HSC 4906 3435
29
50  HSC 3789 3444
30  PO 4596 2361
10  PO 4737 2388
30
50  PO 3426 2297
30  PO 3614 2366
10  HSC 3802 3446
31
80  HSC 3913 3448
40  PO 4090 2319
0  PO 4220 2320
32
80  HSC 3721 3461
40  PO 4094 2300
0  PO 4133 2340
33
80  PO 2769 2364
40  PO 3434 2330
0  PO 3845 2293
34
80  PO 2833 2345
40  PO 2866 2402
0  PO 2975 2355
35
50  PO 1754 2358
30  PO 1951 2317
10  PO 2282 2304
36
50  PO 2003 2359
30  PO 2400 2400
10  HSC 3654 3436
37
50  HSC 4920 3445
30  PO 5814 2403
10  PO 7468 2363
38
50  PO 4129 2391
30  HSC 4317 3453
10  PO 5443 2334
39
50  HSC 3635 3424
30  HSC 3875 3444
10  PO 4303 2361
40
50  HSC 3304 3446
30  PO 3357 2297
10  PO 3587 2366
41
50  HSC 3312 3457
30  PO 3582 2353
10  PO 4020 2356
42
50  HSC 2639 3462
30  HSC 2925 3460
10  PO 3243 2298
43
50  HSC 2932 3430
30  HSC 3033 3464
10  PO 3567 2390
44
50  PO 3713 2355
45
50  PO 2282 2358
30  PO 2802 2333
10  HSC 3075 3440
46
50  PO 2697 2400
30  PO 3027 2296
10  HSC 3058 3420
47
50  PO 4839 2336
30  PO 6139 2403
10  HSC 6262 3445
48
50  HSC 4691 3463
30  HSC 5188 3435
10  PO 5239 2391
49
50  HSC 4065 3466
30  PO 4732 2342
10  HSC 4831 3429
50
50  HSC 4279 3423
30  HSC 4618 3432
10  PO 4740 2331
51
50  PO 4338 2320
30  HSC 4470 3448
10  HSC 4532 3457
52
50  HSC 3407 3460
30  HSC 3845 3454
10  HSC 4113 3461
53
50  PO 12839 1888
54
50  PO 9464 1876
55
50  PO 17012 1877
56
50  HSC 19928 2040
30  PO 19939 1879
57
50  PO 19083 1881
58
50  HSC 15277 2041
30  PO 16272 1882
59
50  HSC 12869 2042
30  PO 15543 1884
60
50  HSC 12747 2043
30  PO 13909 1886
61
50  HSC 12104 2044
30  PO 12619 1887
SCORE:HSC,PO,2320,3030,-71.0
