HSC-HH
1
50  HH 10833 2255
30  HH 10937 2250
10  HH 11558 2276
2
50  HH 11531 2218
30  HH 12748 2221
10  HSC 13133 3465
3
50  HH 8407 2211
30  HH 9578 2285
10  HSC 10519 3445
4
50  HSC 8441 3463
30  HH 11712 2279
10  HH 11944 2266
5
50  HH 7706 2236
30  HSC 7740 3466
10  HH 7812 2240
6
50  HSC 7907 3446
30  HSC 8508 3458
10  HH 8663 2233
7
50  HH 7733 2237
30  HSC 8442 3457
10  HSC 8729 3447
8
50  HSC 6592 3462
30  HH 7209 2235
10  HSC 7912 3461
9
50  HH 4109 2220
30  HSC 5143 3442
10  HH 5221 2214
10
50  HH 3377 2222
30  HH 3744 2225
10  HSC 3999 3459
11
50  HSC 1977 3430
30  HSC 2019 3464
10  HH 2287 2212
12
50  HH 2565 2260
30  HH 2600 2219
10  HH 2831 2226
13
50  HH 4202 2249
30  HH 4503 2255
10  HSC 4509 3422
14
50  HSC 4084 3420
30  HH 4512 2221
10  HSC 4704 3465
15
50  HH 3227 2211
30  HH 3926 2286
10  HH 3939 2209
16
50  HSC 3251 3453
30  HSC 3253 3463
10  HSC 3521 3421
17
50  HSC 6734 3466
30  HSC 6821 3424
10  HH 6947 2240
18
50  HSC 6803 3423
30  HSC 7347 3458
10  HH 8103 2227
19
50  HH 6752 2237
30  HSC 7373 3448
10  HSC 7776 3447
20
50  HSC 5558 3462
30  HSC 5947 3460
10  HH 6551 2234
21
50  HH 5075 2214
30  HH 5333 2220
10  HSC 5788 3441
22
50  HH 5363 2225
30  HH 5694 2222
10  HH 7483 2290
23
50  HSC 2976 3430
30  HH 3027 2289
10  HH 3149 2230
24
50  HH 4215 2274
30  HH 4388 2283
10  HH 4440 2219
25
50  HH 2290 2255
30  HH 2331 2249
10  HSC 2488 3422
26
50  HSC 2844 3420
30  HSC 2852 3465
10  HH 2983 2259
27
50  HH 5237 2209
30  HH 5608 2257
10  HSC 6280 3425
28
50  HSC 4294 3421
30  HSC 4380 3453
10  HH 4889 2248
29
50  HH 3628 2236
30  HSC 3789 3444
10  HH 3878 2223
30
50  HSC 3802 3446
30  HSC 3893 3423
10  HH 4996 2269
31
80  HH 3649 2237
40  HSC 3913 3448
0  HH 4100 2246
32
80  HH 3688 2235
40  HSC 3721 3461
0  HH 4219 2270
33
80  HH 3238 2212
40  HH 3519 2230
0  HH 3922 2289
34
80  HH 4222 2260
40  HH 5513 2239
35
50  HH 1913 2263
30  HH 2028 2249
10  HH 2307 2250
36
50  HH 2421 2218
30  HH 2652 2221
10  HH 2864 2273
37
50  HH 3806 2211
30  HH 4734 2285
10  HH 4809 2286
38
50  HSC 4317 3453
30  HH 5450 2268
10  HH 5463 2248
39
50  HH 3508 2240
30  HH 3614 2224
10  HSC 3635 3424
40
50  HSC 3304 3446
30  HSC 3927 3423
10  HH 4760 2269
41
50  HH 3301 2237
30  HSC 3312 3457
10  HH 3977 2246
42
50  HSC 2639 3462
30  HSC 2925 3460
10  HSC 3327 3454
43
50  HSC 2932 3430
30  HSC 3033 3464
10  HSC 3675 3431
45
50  HH 2358 2250
30  HH 2470 2263
10  HH 2633 2276
46
50  HH 2822 2218
30  HSC 3058 3420
10  HSC 3123 3436
47
50  HH 4890 2285
30  HH 5928 2197
10  HH 6047 2203
48
50  HSC 4691 3463
30  HSC 5188 3435
10  HSC 6285 3421
49
50  HH 3832 2236
30  HSC 4065 3466
10  HH 4790 2278
50
50  HSC 4279 3423
30  HSC 4618 3432
10  HH 5039 2271
51
50  HSC 4470 3448
30  HSC 4532 3457
10  HH 4534 2246
52
50  HSC 3407 3460
30  HH 3701 2234
10  HH 3822 2235
53
50  HH 18253 1874
54
50  HH 11083 1862
55
50  HH 17450 1864
56
50  HSC 19928 2040
30  HH 20332 1866
57
50  HH 15031 1868
58
50  HSC 15277 2041
30  HH 18633 1869
59
50  HSC 12869 2042
30  HH 13502 1870
60
50  HSC 12747 2043
61
50  HSC 12104 2044
30  HH 12364 1873
SCORE:HSC,HH,2240,3040,-80.0
