HSC-SCSC
1
50  SCSC 9422 83
30  SCSC 9644 126
10  SCSC 12308 96
2
50  SCSC 10856 129
30  SCSC 11107 196
10  HSC 13133 3465
3
50  SCSC 8177 125
30  SCSC 8218 208
10  SCSC 9657 138
4
50  SCSC 8071 200
30  HSC 8441 3463
10  SCSC 9385 128
5
50  SCSC 7622 107
30  HSC 7740 3466
10  HSC 7854 3424
6
50  SCSC 6832 178
30  SCSC 7156 151
10  SCSC 7837 192
7
50  HSC 8442 3457
30  HSC 8729 3447
10  SCSC 8853 117
8
50  HSC 6592 3462
30  SCSC 6738 176
10  HSC 7912 3461
9
50  SCSC 3301 182
30  SCSC 3619 94
10  SCSC 3926 97
10
50  SCSC 2637 185
30  HSC 3999 3459
10  SCSC 4081 123
11
50  HSC 1977 3430
30  HSC 2019 3464
10  SCSC 2091 172
12
50  SCSC 1919 154
30  SCSC 2425 195
10  SCSC 2756 137
13
50  SCSC 3635 126
30  SCSC 3641 83
10  SCSC 3885 146
14
50  SCSC 3983 80
30  HSC 4084 3420
10  SCSC 4257 168
15
50  SCSC 2862 159
30  SCSC 3194 208
10  SCSC 3463 166
16
50  SCSC 3125 200
30  SCSC 3216 82
10  HSC 3251 3453
17
50  SCSC 6237 199
30  HSC 6734 3466
10  HSC 6821 3424
18
50  SCSC 6556 133
30  SCSC 6657 192
10  HSC 6803 3423
19
50  SCSC 6151 108
30  HSC 7373 3448
10  HSC 7776 3447
20
50  HSC 5558 3462
30  SCSC 5587 156
10  HSC 5947 3460
21
50  SCSC 4619 182
30  SCSC 5152 183
10  SCSC 5334 94
22
50  SCSC 4701 173
30  SCSC 5191 123
10  SCSC 5756 167
23
50  SCSC 2875 191
30  HSC 2976 3430
10  HSC 3307 3456
24
50  SCSC 2425 154
30  SCSC 3058 147
10  SCSC 3283 140
25
50  SCSC 2089 126
30  SCSC 2406 171
10  SCSC 2469 78
26
50  SCSC 2220 196
30  SCSC 2271 168
10  SCSC 2376 129
27
50  SCSC 3313 159
30  SCSC 3831 208
10  SCSC 5259 87
28
50  SCSC 3633 200
30  HSC 4294 3421
10  HSC 4380 3453
29
50  HSC 3789 3444
30  SCSC 4034 114
10  SCSC 4203 198
30
50  SCSC 3432 120
30  SCSC 3545 178
10  HSC 3802 3446
31
80  SCSC 3306 108
40  HSC 3913 3448
0  SCSC 4070 121
32
80  SCSC 3432 176
40  HSC 3721 3461
0  SCSC 3878 142
33
80  SCSC 2565 105
40  SCSC 3100 191
0  SCSC 3621 77
34
80  SCSC 3219 147
40  SCSC 3240 160
0  SCSC 5418 145
35
50  SCSC 1728 83
30  SCSC 1995 146
36
50  SCSC 2366 164
30  SCSC 2500 134
10  SCSC 2691 91
37
50  SCSC 3894 166
30  SCSC 4683 118
10  HSC 4920 3445
38
50  HSC 4317 3453
30  SCSC 4764 144
10  SCSC 4775 109
39
50  SCSC 3078 199
30  HSC 3635 3424
10  HSC 3875 3444
40
50  SCSC 3012 151
30  HSC 3304 3446
10  SCSC 3447 192
41
50  HSC 3312 3457
30  SCSC 4072 117
10  HSC 4225 3448
42
50  HSC 2639 3462
30  SCSC 2747 156
10  SCSC 2783 201
43
50  HSC 2932 3430
30  HSC 3033 3464
10  SCSC 3153 172
44
50  SCSC 2935 160
30  SCSC 3825 137
10  SCSC 4272 185
45
50  SCSC 2507 184
30  SCSC 2697 171
10  SCSC 2766 96
46
50  SCSC 2757 88
30  SCSC 2904 136
10  HSC 3058 3420
47
50  SCSC 4256 125
30  SCSC 5194 100
10  SCSC 5316 138
48
50  SCSC 4256 82
30  SCSC 4665 169
10  HSC 4691 3463
49
50  SCSC 3997 107
30  HSC 4065 3466
10  SCSC 4313 165
50
50  SCSC 3432 178
30  SCSC 3800 133
10  SCSC 3982 151
51
50  SCSC 4337 117
30  HSC 4470 3448
10  HSC 4532 3457
52
50  SCSC 3234 156
30  SCSC 3339 201
10  HSC 3407 3460
53
50  SCSC 16759 1641
54
50  SCSC 9056 1633
55
50  SCSC 19565 1634
56
50  SCSC 18470 1635
30  HSC 19928 2040
57
50  SCSC 13178 1636
58
50  SCSC 14856 1637
30  HSC 15277 2041
59
50  HSC 12869 2042
30  SCSC 13296 1638
60
50  HSC 12747 2043
30  SCSC 12758 1639
61
50  SCSC 11516 1640
30  HSC 12104 2044
SCORE:HSC,SCSC,1350,4040,-269.0
