HSC-SH
1
50  SH 10278 2639
30  SH 11089 2607
10  SH 11656 2638
2
50  HSC 13133 3465
30  HSC 13628 3436
3
50  SH 8498 2619
30  SH 9564 2612
10  HSC 10519 3445
4
50  HSC 8441 3463
30  SH 9948 2647
10  SH 12226 2625
5
50  HSC 7740 3466
30  SH 7836 2618
10  HSC 7854 3424
6
50  HSC 7907 3446
30  HSC 8508 3458
7
50  HSC 8442 3457
30  HSC 8729 3447
10  SH 9090 2631
8
50  SH 6485 2605
30  HSC 6592 3462
10  SH 7027 2613
9
50  SH 4522 2646
30  HSC 5143 3442
10  HSC 5829 3441
10
50  HSC 3999 3459
30  SH 5726 2645
11
50  HSC 1977 3430
30  HSC 2019 3464
10  SH 2056 2629
12
50  SH 2009 2642
30  SH 2814 2644
10  SH 2961 2621
13
50  SH 3852 2639
30  SH 4190 2603
10  SH 4442 2607
14
50  HSC 4084 3420
30  HSC 4704 3465
10  SH 5275 2599
15
50  SH 3463 2619
30  HSC 3963 3445
10  SH 4058 2612
16
50  HSC 3251 3453
30  HSC 3253 3463
10  HSC 3521 3421
17
50  HSC 6734 3466
30  HSC 6821 3424
10  SH 6858 2618
18
50  HSC 6803 3423
30  HSC 7347 3458
10  HSC 8261 3432
19
50  HSC 7373 3448
30  HSC 7776 3447
10  SH 8136 2631
20
50  HSC 5558 3462
30  SH 5747 2605
10  HSC 5947 3460
21
50  HSC 5788 3441
30  HSC 7357 3442
10  HSC 17095 3443
22
50  HSC 8421 3459
23
50  SH 2543 2629
30  HSC 2976 3430
10  SH 3060 2626
24
50  SH 2892 2642
30  HSC 4538 3452
10  SH 5471 2623
25
50  SH 2416 2639
30  SH 2471 2643
10  SH 2480 2607
26
50  SH 2762 2599
30  HSC 2844 3420
10  HSC 2852 3465
27
50  SH 4434 2612
30  SH 4963 2608
10  HSC 6280 3425
28
50  HSC 4294 3421
30  HSC 4380 3453
10  SH 4732 2630
29
50  SH 3769 2618
30  HSC 3789 3444
10  SH 4517 2637
30
50  HSC 3802 3446
30  HSC 3893 3423
10  HSC 5022 3432
31
80  HSC 3913 3448
40  HSC 4225 3447
32
80  SH 3178 2605
40  HSC 3721 3461
0  HSC 4294 3454
33
80  SH 2598 2629
40  SH 3369 2626
0  SH 3657 2627
34
80  SH 2623 2642
35
50  SH 2202 2638
30  SH 2288 2607
10  SH 2381 2603
36
50  SH 3525 2614
30  HSC 3654 3436
37
50  SH 3979 2619
30  HSC 4920 3445
10  SH 5428 2608
38
50  HSC 4317 3453
30  SH 5382 2636
10  SH 5677 2625
39
50  HSC 3635 3424
30  SH 3807 2640
10  HSC 3875 3444
40
50  HSC 3304 3446
30  HSC 3927 3423
41
50  HSC 3312 3457
30  HSC 4225 3448
42
50  HSC 2639 3462
30  HSC 2925 3460
10  SH 2953 2605
43
50  SH 2875 2629
30  HSC 2932 3430
10  HSC 3033 3464
44
50  SH 2983 2642
30  SH 3532 2644
10  SH 4311 2621
45
50  SH 2408 2639
30  SH 2480 2603
10  SH 2784 2635
46
50  SH 2964 2617
30  HSC 3058 3420
10  HSC 3123 3436
47
50  SH 4632 2619
30  SH 5171 2612
10  HSC 6262 3445
48
50  HSC 4691 3463
30  HSC 5188 3435
10  HSC 6285 3421
49
50  HSC 4065 3466
30  SH 4600 2640
10  HSC 4831 3429
50
50  HSC 4279 3423
30  HSC 4618 3432
10  HSC 5319 3458
51
50  HSC 4470 3448
30  HSC 4532 3457
10  SH 4738 2631
52
50  SH 3350 2613
30  HSC 3407 3460
10  HSC 3845 3454
54
50  SH 11370 1919
55
50  SH 19413 1921
56
50  HSC 19928 2040
58
50  HSC 15277 2041
30  SH 19108 1923
59
50  HSC 12869 2042
30  SH 13886 1924
60
50  HSC 12747 2043
61
50  HSC 12104 2044
SCORE:HSC,SH,2790,2280,51.0
