HSC-DUL
1
50  DUL 10606 1303
30  DUL 11379 1307
10  DUL 11689 1338
2
50  HSC 13133 3465
30  HSC 13628 3436
3
50  DUL 9243 1320
30  HSC 10519 3445
10  DUL 10784 1334
4
50  HSC 8441 3463
30  DUL 10659 1300
5
50  HSC 7740 3466
30  HSC 7854 3424
10  DUL 9208 1347
6
50  HSC 7907 3446
30  HSC 8508 3458
7
50  DUL 8048 1349
30  DUL 8394 1296
10  HSC 8442 3457
8
50  HSC 6592 3462
30  DUL 7197 1305
10  DUL 7268 1295
9
50  DUL 3522 1291
30  DUL 3850 1313
10  DUL 4415 1328
10
50  DUL 3298 1361
30  HSC 3999 3459
10  DUL 4187 1325
11
50  HSC 1977 3430
30  HSC 2019 3464
10  DUL 2237 1318
12
50  DUL 2127 1297
30  DUL 3045 1355
10  DUL 3079 1317
13
50  DUL 4160 1303
30  DUL 4350 1338
10  DUL 4498 1331
14
50  HSC 4084 3420
30  HSC 4704 3465
10  HSC 5517 3450
15
50  HSC 3963 3445
30  DUL 4062 1323
10  DUL 4413 1324
16
50  HSC 3251 3453
30  HSC 3253 3463
10  HSC 3521 3421
17
50  HSC 6734 3466
30  HSC 6821 3424
10  HSC 7172 3444
18
50  HSC 6803 3423
30  HSC 7347 3458
10  HSC 8261 3432
19
50  HSC 7373 3448
30  HSC 7776 3447
10  DUL 8299 1356
20
50  HSC 5558 3462
30  HSC 5947 3460
10  HSC 6588 3454
21
50  DUL 3983 1332
30  DUL 4739 1352
10  HSC 5788 3441
22
50  DUL 4059 1361
30  DUL 6140 1309
10  HSC 8421 3459
23
50  DUL 2695 1337
30  DUL 2847 1351
10  HSC 2976 3430
24
50  DUL 2994 1297
30  DUL 3733 1317
10  DUL 3983 1290
25
50  DUL 2093 1303
30  DUL 2238 1304
10  DUL 2359 1344
26
50  HSC 2844 3420
30  HSC 2852 3465
10  DUL 2906 1293
27
50  DUL 4920 1294
30  DUL 5019 1334
10  DUL 5039 1324
28
50  HSC 4294 3421
30  HSC 4380 3453
10  HSC 4906 3435
29
50  HSC 3789 3444
30  DUL 4352 1347
10  DUL 4490 1319
30
50  HSC 3802 3446
30  HSC 3893 3423
10  HSC 5022 3432
31
80  DUL 3909 1349
40  HSC 3913 3448
0  DUL 4014 1296
32
80  DUL 3673 1305
40  HSC 3721 3461
0  DUL 3886 1299
33
80  DUL 2739 1337
40  DUL 3487 1351
35
50  DUL 1873 1303
30  DUL 2175 1304
10  DUL 2234 1344
36
50  DUL 3350 1315
30  HSC 3654 3436
37
50  DUL 4325 1320
30  DUL 4438 1294
10  HSC 4920 3445
38
50  HSC 4317 3453
30  DUL 4950 1300
39
50  HSC 3635 3424
30  HSC 3875 3444
10  DUL 3977 1347
40
50  HSC 3304 3446
30  HSC 3927 3423
41
50  HSC 3312 3457
30  DUL 3374 1349
10  DUL 3887 1296
42
50  HSC 2639 3462
30  HSC 2925 3460
10  DUL 3122 1305
43
50  DUL 2877 1322
30  HSC 2932 3430
10  HSC 3033 3464
45
50  DUL 2291 1307
30  DUL 2775 1331
10  DUL 2864 1327
46
50  DUL 2757 1293
30  HSC 3058 3420
10  HSC 3123 3436
47
50  DUL 5163 1320
30  DUL 5656 1294
10  DUL 5693 1334
48
50  HSC 4691 3463
30  HSC 5188 3435
10  DUL 5469 1300
49
50  HSC 4065 3466
30  DUL 4732 1347
10  HSC 4831 3429
50
50  HSC 4279 3423
30  HSC 4618 3432
10  HSC 5319 3458
51
50  DUL 4042 1296
30  DUL 4289 1349
10  DUL 4327 1357
52
50  HSC 3407 3460
30  DUL 3484 1295
10  HSC 3845 3454
53
50  DUL 18537 1749
54
50  DUL 12181 1742
55
50  DUL 24027 1744
56
50  HSC 19928 2040
57
50  DUL 16909 1746
58
50  HSC 15277 2041
59
50  HSC 12869 2042
60
50  HSC 12747 2043
61
50  HSC 12104 2044
30  DUL 13150 1748
SCORE:HSC,DUL,2490,2520,-3.0
