HSC-CVST
1
50  CVST 11587 2418
30  HSC 12582 3422
10  CVST 13418 2455
2
50  CVST 12734 2437
30  CVST 12739 2416
10  HSC 13133 3465
3
50  HSC 10519 3445
30  CVST 10802 2463
10  CVST 11369 2448
4
50  HSC 8441 3463
30  CVST 9787 2472
10  CVST 10762 2415
5
50  HSC 7740 3466
30  HSC 7854 3424
10  CVST 8095 2417
6
50  HSC 7907 3446
30  HSC 8508 3458
10  CVST 10273 2480
7
50  CVST 8300 2486
30  HSC 8442 3457
10  HSC 8729 3447
8
50  HSC 6592 3462
30  CVST 7131 2460
10  HSC 7912 3461
9
50  HSC 5143 3442
30  CVST 5503 2431
10  HSC 5829 3441
10
50  HSC 3999 3459
30  CVST 4087 2450
11
50  HSC 1977 3430
30  HSC 2019 3464
10  CVST 2134 2473
12
50  CVST 2072 2430
30  CVST 2494 2479
10  CVST 2538 2453
13
50  CVST 4397 2469
30  HSC 4509 3422
10  HSC 4704 3467
14
50  HSC 4084 3420
30  CVST 4356 2416
10  CVST 4514 2466
15
50  CVST 3928 2463
30  HSC 3963 3445
10  CVST 4175 2482
16
50  HSC 3251 3453
30  HSC 3253 3463
10  HSC 3521 3421
17
50  HSC 6734 3466
30  HSC 6821 3424
10  HSC 7172 3444
18
50  HSC 6803 3423
30  HSC 7347 3458
10  HSC 8261 3432
19
50  CVST 7231 2447
30  CVST 7352 2486
10  HSC 7373 3448
20
50  HSC 5558 3462
30  HSC 5947 3460
10  CVST 6471 2460
21
50  HSC 5788 3441
30  HSC 7357 3442
10  HSC 17095 3443
22
50  CVST 7122 2450
30  HSC 8421 3459
23
50  CVST 2512 2473
30  CVST 2834 2464
10  HSC 2976 3430
24
50  CVST 2544 2430
30  CVST 3310 2453
10  CVST 3415 2479
25
50  CVST 2453 2418
30  HSC 2488 3422
10  CVST 2882 2469
26
50  CVST 2446 2466
30  CVST 2693 2437
10  HSC 2844 3420
27
50  CVST 4985 2448
30  CVST 5287 2465
10  CVST 5401 2482
28
50  HSC 4294 3421
30  HSC 4380 3453
10  CVST 4787 2472
29
50  HSC 3789 3444
30  CVST 4394 2454
10  CVST 4825 2423
30
50  HSC 3802 3446
30  HSC 3893 3423
10  CVST 5015 2474
31
80  CVST 3768 2467
40  HSC 3913 3448
0  CVST 4033 2447
32
80  HSC 3721 3461
40  CVST 3903 2443
0  CVST 3967 2475
33
80  CVST 2497 2473
40  CVST 3566 2461
34
80  CVST 2670 2430
35
50  CVST 2464 2418
30  CVST 2891 2424
10  CVST 2925 2478
36
50  CVST 2475 2413
30  CVST 2943 2466
10  HSC 3654 3436
37
50  HSC 4920 3445
30  CVST 5131 2463
10  CVST 6066 2477
38
50  HSC 4317 3453
30  CVST 5369 2472
10  CVST 5604 2415
39
50  CVST 3459 2417
30  HSC 3635 3424
10  HSC 3875 3444
40
50  HSC 3304 3446
30  HSC 3927 3423
10  CVST 4744 2480
41
50  HSC 3312 3457
30  CVST 3789 2486
10  CVST 3790 2447
42
50  HSC 2639 3462
30  HSC 2925 3460
10  HSC 3327 3454
43
50  HSC 2932 3430
30  HSC 3033 3464
10  CVST 3090 2433
44
50  CVST 3410 2429
45
50  CVST 2777 2478
30  CVST 2878 2469
10  HSC 3075 3440
46
50  CVST 2589 2437
30  CVST 2769 2416
10  HSC 3058 3420
47
50  CVST 5630 2459
30  CVST 5639 2448
10  CVST 5749 2465
48
50  HSC 4691 3463
30  HSC 5188 3435
10  CVST 5286 2408
49
50  HSC 4065 3466
30  CVST 4415 2417
10  CVST 4738 2442
50
50  HSC 4279 3423
30  HSC 4618 3432
10  CVST 4978 2480
51
50  HSC 4470 3448
30  HSC 4532 3457
10  CVST 4631 2471
52
50  HSC 3407 3460
30  CVST 3446 2460
10  HSC 3845 3454
54
50  CVST 9359 1890
55
50  CVST 19053 1892
56
50  CVST 18637 1894
30  HSC 19928 2040
57
50  CVST 17503 1896
58
50  HSC 15277 2041
30  CVST 17620 1898
59
50  HSC 12869 2042
30  CVST 17112 1900
60
50  HSC 12747 2043
30  CVST 15547 1901
61
50  HSC 12104 2044
30  CVST 12697 1902
SCORE:HSC,CVST,2620,2630,-1.0
