HSC-WH
1
50  WH 9640 1193
30  WH 11865 1245
10  HSC 12582 3422
2
50  WH 10577 1271
30  WH 10928 1228
10  HSC 13133 3465
3
50  WH 8247 1194
30  WH 9784 1222
10  HSC 10519 3445
4
50  HSC 8441 3463
30  WH 9193 1192
10  WH 11040 1221
5
50  HSC 7740 3466
30  HSC 7854 3424
10  WH 7892 1191
6
50  HSC 7907 3446
30  HSC 8508 3458
10  WH 10114 1226
7
50  HSC 8442 3457
30  WH 8651 1276
10  HSC 8729 3447
8
50  HSC 6592 3462
30  HSC 7912 3461
10  WH 8286 1280
9
50  WH 3735 1229
30  HSC 5143 3442
10  HSC 5829 3441
10
50  HSC 3999 3459
30  WH 4124 1181
10  WH 4823 1257
11
50  HSC 1977 3430
30  WH 2018 1188
10  HSC 2019 3464
12
50  WH 2443 1211
30  WH 2872 1258
10  WH 3022 1256
13
50  HSC 4509 3422
30  HSC 4704 3467
10  WH 4773 1288
14
50  WH 4037 1228
30  HSC 4084 3420
10  HSC 4704 3465
15
50  WH 3344 1194
30  WH 3856 1222
10  HSC 3963 3445
16
50  HSC 3251 3453
30  HSC 3253 3463
10  HSC 3521 3421
17
50  HSC 6734 3466
30  HSC 6821 3424
10  HSC 7172 3444
18
50  WH 6598 1277
30  HSC 6803 3423
10  HSC 7347 3458
19
50  WH 6868 1187
30  WH 7183 1240
10  HSC 7373 3448
20
50  HSC 5558 3462
30  HSC 5947 3460
10  HSC 6588 3454
21
50  WH 5483 1229
30  HSC 5788 3441
10  HSC 7357 3442
22
50  HSC 8421 3459
23
50  WH 2603 1188
30  WH 2802 1236
10  WH 2865 1234
24
50  WH 3673 1256
30  WH 4091 1211
10  WH 4303 1266
25
50  WH 2213 1193
30  WH 2308 1245
10  HSC 2488 3422
26
50  WH 2321 1271
30  HSC 2844 3420
10  HSC 2852 3465
27
50  WH 3950 1194
30  WH 5243 1195
10  WH 5293 1227
28
50  WH 4251 1192
30  HSC 4294 3421
10  HSC 4380 3453
29
50  WH 3513 1191
30  HSC 3789 3444
10  WH 4098 1178
30
50  WH 3788 1277
30  HSC 3802 3446
10  HSC 3893 3423
31
80  WH 3613 1240
40  WH 3877 1187
0  HSC 3913 3448
32
80  WH 3597 1247
40  HSC 3721 3461
0  WH 3989 1183
35
50  WH 2132 1245
30  WH 2897 1281
36
50  WH 1815 1189
30  WH 2148 1228
10  HSC 3654 3436
37
50  HSC 4920 3445
30  WH 5609 1201
38
50  WH 4260 1192
30  HSC 4317 3453
10  WH 4851 1221
39
50  WH 3611 1191
30  HSC 3635 3424
10  HSC 3875 3444
40
50  HSC 3304 3446
30  HSC 3927 3423
10  WH 4022 1274
41
50  HSC 3312 3457
30  WH 3517 1187
10  WH 3852 1276
42
50  HSC 2639 3462
30  HSC 2925 3460
10  HSC 3327 3454
43
50  HSC 2932 3430
30  HSC 3033 3464
10  WH 3268 1188
45
50  WH 2335 1193
30  WH 2814 1281
10  HSC 3075 3440
46
50  WH 2147 1271
30  WH 2444 1189
10  HSC 3058 3420
47
50  WH 5269 1195
30  WH 5319 1176
10  WH 5495 1272
48
50  HSC 4691 3463
30  HSC 5188 3435
10  WH 5403 1197
49
50  HSC 4065 3466
30  WH 4345 1220
10  WH 4565 1178
50
50  WH 3827 1277
30  HSC 4279 3423
10  HSC 4618 3432
51
50  WH 4341 1240
30  HSC 4470 3448
10  HSC 4532 3457
52
50  HSC 3407 3460
30  HSC 3845 3454
10  WH 4106 1280
53
50  WH 24955 1733
54
50  WH 11963 1734
55
50  WH 28845 1735
56
50  HSC 19928 2040
30  WH 27833 1736
57
50  WH 23321 1737
58
50  HSC 15277 2041
30  WH 21021 1738
59
50  HSC 12869 2042
60
50  HSC 12747 2043
61
50  HSC 12104 2044
30  WH 15727 1739
SCORE:HSC,WH,2260,2690,-43.0
