HSC-AND
1
50  AND 9931 1090
30  AND 10053 1040
10  AND 10600 1107
2
50  HSC 13133 3465
30  HSC 13628 3436
10  AND 15182 1134
3
50  AND 8533 1041
30  AND 9628 1059
10  HSC 10519 3445
4
50  AND 8178 1089
30  AND 8422 1120
10  HSC 8441 3463
5
50  AND 7363 1095
30  HSC 7740 3466
10  HSC 7854 3424
6
50  HSC 7907 3446
30  HSC 8508 3458
10  AND 8681 1127
7
50  AND 7909 1094
30  HSC 8442 3457
10  HSC 8729 3447
8
50  HSC 6592 3462
30  HSC 7912 3461
10  AND 8629 1101
9
50  AND 4037 1072
30  AND 4153 1046
10  AND 4725 1149
10
50  AND 3468 1139
30  HSC 3999 3459
10  AND 4798 1146
11
50  HSC 1977 3430
30  HSC 2019 3464
10  AND 2150 1034
12
50  AND 2387 1066
30  AND 2886 1070
10  AND 2930 1132
13
50  AND 3820 1054
30  AND 3843 1107
10  AND 4206 1171
14
50  HSC 4084 3420
30  AND 4141 1080
10  HSC 4704 3465
15
50  AND 3380 1122
30  AND 3537 1059
10  AND 3630 1152
16
50  HSC 3251 3453
30  HSC 3253 3463
10  AND 3513 1079
17
50  AND 6284 1121
30  AND 6286 1095
10  HSC 6734 3466
18
50  HSC 6803 3423
30  HSC 7347 3458
10  AND 7423 1127
19
50  AND 7168 1108
30  AND 7177 1137
10  HSC 7373 3448
20
50  HSC 5558 3462
30  AND 5943 1125
10  HSC 5947 3460
21
50  AND 4686 1072
30  AND 4868 1174
10  AND 5023 1170
22
50  AND 4911 1139
30  AND 4974 1143
10  AND 6090 1146
23
50  AND 2751 1034
30  HSC 2976 3430
10  AND 3269 1109
24
50  AND 2843 1066
30  AND 3783 1070
10  AND 3836 1084
25
50  AND 2055 1044
30  AND 2282 1171
10  AND 2349 1073
26
50  AND 2596 1035
30  AND 2827 1080
10  HSC 2844 3420
27
50  AND 3713 1122
30  AND 4077 1041
10  AND 4785 1152
28
50  AND 3865 1120
30  HSC 4294 3421
10  HSC 4380 3453
29
50  HSC 3789 3444
30  AND 3901 1068
10  AND 4043 1124
30
50  HSC 3802 3446
30  HSC 3893 3423
10  AND 4322 1127
31
80  AND 3907 1108
40  HSC 3913 3448
0  HSC 4225 3447
32
80  AND 3183 1125
40  AND 3636 1118
0  HSC 3721 3461
33
80  AND 3553 1105
35
50  AND 1935 1090
30  AND 1953 1040
10  AND 2132 1054
36
50  AND 2289 1035
30  AND 3035 1163
10  AND 3543 1075
37
50  AND 3932 1122
30  AND 3956 1059
10  HSC 4920 3445
38
50  AND 3591 1089
30  AND 3613 1120
10  HSC 4317 3453
39
50  AND 3193 1121
30  AND 3229 1095
10  HSC 3635 3424
40
50  HSC 3304 3446
30  AND 3823 1045
10  HSC 3927 3423
41
50  HSC 3312 3457
30  AND 3548 1137
10  HSC 4225 3448
42
50  HSC 2639 3462
30  HSC 2925 3460
10  HSC 3327 3454
43
50  HSC 2932 3430
30  HSC 3033 3464
10  AND 3225 1034
45
50  AND 2051 1044
30  AND 2537 1054
10  AND 2609 1171
46
50  AND 2599 1077
30  HSC 3058 3420
10  HSC 3123 3436
47
50  AND 4259 1041
30  AND 5474 1126
10  AND 5887 1144
48
50  AND 4420 1089
30  HSC 4691 3463
10  AND 5038 1079
49
50  AND 4009 1121
30  HSC 4065 3466
10  AND 4613 1124
50
50  HSC 4279 3423
30  AND 4404 1081
10  AND 4473 1045
51
50  AND 4211 1094
30  AND 4288 1108
10  HSC 4470 3448
52
50  HSC 3407 3460
30  HSC 3845 3454
10  HSC 4113 3461
54
50  AND 11193 1724
55
50  AND 16214 1726
56
50  AND 19643 1728
30  HSC 19928 2040
57
50  AND 20541 1729
58
50  HSC 15277 2041
59
50  HSC 12869 2042
30  AND 14394 1731
60
50  HSC 12747 2043
61
50  HSC 12104 2044
30  AND 12242 1732
SCORE:HSC,AND,1800,3240,-144.0
