HSC-ROR
1
50  ROR 9794 13
30  ROR 10469 56
10  HSC 12582 3422
2
50  ROR 10266 6
30  HSC 13133 3465
10  HSC 13628 3436
3
50  ROR 7756 33
30  ROR 8009 14
10  HSC 10519 3445
4
50  ROR 7966 7
30  HSC 8441 3463
10  ROR 9978 43
5
50  ROR 7441 10
30  HSC 7740 3466
10  HSC 7854 3424
6
50  ROR 7169 27
30  HSC 7907 3446
10  ROR 8022 64
7
50  ROR 7410 35
30  HSC 8442 3457
10  HSC 8729 3447
8
50  HSC 6592 3462
30  ROR 6656 68
10  HSC 7912 3461
9
50  ROR 2537 63
30  ROR 3150 31
10  HSC 5143 3442
10
50  ROR 3291 67
30  HSC 3999 3459
10  ROR 4050 39
11
50  HSC 1977 3430
30  ROR 1994 48
10  HSC 2019 3464
12
50  ROR 2081 32
30  ROR 2137 5
10  ROR 2206 49
13
50  ROR 3966 15
30  ROR 3968 56
10  ROR 3978 13
14
50  HSC 4084 3420
30  ROR 4316 20
10  ROR 4440 40
15
50  ROR 3890 42
30  HSC 3963 3445
10  HSC 5148 3425
16
50  ROR 3175 36
30  HSC 3251 3453
10  HSC 3253 3463
17
50  ROR 6372 47
30  HSC 6734 3466
10  HSC 6821 3424
18
50  ROR 6254 28
30  HSC 6803 3423
10  ROR 6944 64
19
50  ROR 6487 35
30  HSC 7373 3448
10  HSC 7776 3447
20
50  HSC 5558 3462
30  ROR 5890 68
10  HSC 5947 3460
21
50  ROR 2909 63
30  HSC 5788 3441
10  HSC 7357 3442
22
50  ROR 3997 67
30  ROR 5540 39
10  ROR 7285 9
23
50  ROR 2778 21
30  HSC 2976 3430
10  ROR 3097 66
24
50  ROR 2470 5
30  ROR 2659 49
10  ROR 3528 3
25
50  ROR 2044 56
30  ROR 2278 15
10  HSC 2488 3422
26
50  ROR 2088 26
30  ROR 2765 12
10  HSC 2844 3420
27
50  ROR 3778 16
30  HSC 6280 3425
28
50  ROR 3850 36
30  HSC 4294 3421
10  HSC 4380 3453
29
50  HSC 3789 3444
30  ROR 3806 57
10  ROR 4128 69
30
50  HSC 3802 3446
30  ROR 3847 25
10  HSC 3893 3423
31
80  ROR 3550 35
40  ROR 3828 24
0  HSC 3913 3448
32
80  HSC 3721 3461
40  HSC 4294 3454
0  HSC 4373 3419
33
80  ROR 2116 34
40  ROR 2636 48
0  ROR 3409 66
34
80  ROR 2250 38
40  ROR 2288 5
0  ROR 2943 32
35
50  ROR 1889 61
30  ROR 2712 30
36
50  ROR 1883 6
30  ROR 2194 26
10  ROR 2291 17
37
50  ROR 3327 33
30  ROR 3482 14
10  HSC 4920 3445
38
50  ROR 3441 7
30  HSC 4317 3453
10  ROR 5214 44
39
50  ROR 3241 10
30  ROR 3500 18
10  ROR 3513 57
40
50  ROR 3207 28
30  HSC 3304 3446
10  ROR 3788 25
41
50  HSC 3312 3457
30  ROR 3589 23
10  ROR 3606 24
42
50  HSC 2639 3462
30  HSC 2925 3460
10  HSC 3327 3454
43
50  ROR 2875 34
30  HSC 2932 3430
10  HSC 3033 3464
44
50  ROR 2753 38
30  ROR 3152 55
10  ROR 3333 32
45
50  ROR 2326 61
30  ROR 2839 50
10  HSC 3075 3440
46
50  ROR 2672 20
30  ROR 2881 17
10  HSC 3058 3420
47
50  ROR 5050 16
30  ROR 5462 42
10  HSC 6262 3445
48
50  HSC 4691 3463
30  HSC 5188 3435
10  ROR 5233 43
49
50  ROR 3527 47
30  HSC 4065 3466
10  ROR 4453 22
50
50  ROR 3632 27
30  HSC 4279 3423
10  HSC 4618 3432
51
50  HSC 4470 3448
30  HSC 4532 3457
10  ROR 5203 23
52
50  HSC 3407 3460
30  ROR 3534 68
10  HSC 3845 3454
54
50  ROR 9445 1624
55
50  ROR 18003 1627
56
50  ROR 16518 1628
30  HSC 19928 2040
57
50  ROR 13885 1629
58
50  ROR 14409 1630
30  HSC 15277 2041
59
50  ROR 12591 1631
30  HSC 12869 2042
60
50  ROR 12175 1632
30  HSC 12747 2043
61
50  HSC 12104 2044
SCORE:HSC,ROR,1790,3510,-172.0
