HSC-NJST
1
50  NJST 10050 3229
30  HSC 12582 3422
2
50  NJST 11875 3221
30  HSC 13133 3465
10  HSC 13628 3436
3
50  NJST 7090 3206
30  NJST 7422 3238
10  NJST 8059 3224
4
50  HSC 8441 3463
30  NJST 10567 3243
5
50  HSC 7740 3466
30  HSC 7854 3424
10  NJST 8025 3231
6
50  HSC 7907 3446
30  HSC 8508 3458
7
50  NJST 7619 3234
30  HSC 8442 3457
10  HSC 8729 3447
8
50  HSC 6592 3462
30  HSC 7912 3461
10  NJST 7947 3230
9
50  NJST 2247 3222
30  NJST 3979 3235
10  HSC 5143 3442
10
50  HSC 3999 3459
11
50  NJST 1965 3197
30  HSC 1977 3430
10  HSC 2019 3464
12
50  NJST 2010 3225
30  NJST 3113 3205
10  NJST 3333 3192
13
50  NJST 4263 3229
30  HSC 4509 3422
10  HSC 4704 3467
14
50  HSC 4084 3420
30  NJST 4209 3226
10  HSC 4704 3465
15
50  NJST 2836 3206
30  NJST 2929 3238
10  NJST 3194 3191
16
50  HSC 3251 3453
30  HSC 3253 3463
10  NJST 3353 3236
17
50  HSC 6734 3466
30  HSC 6821 3424
10  HSC 7172 3444
18
50  HSC 6803 3423
30  HSC 7347 3458
10  HSC 8261 3432
19
50  NJST 6731 3234
30  HSC 7373 3448
10  NJST 7723 3240
20
50  HSC 5558 3462
30  HSC 5947 3460
10  HSC 6588 3454
21
50  NJST 2794 3222
30  NJST 5043 3235
10  HSC 5788 3441
22
50  HSC 8421 3459
23
50  NJST 2604 3197
30  NJST 2613 3215
10  NJST 2963 3219
24
50  NJST 2287 3225
30  NJST 3470 3192
10  NJST 3728 3205
25
50  NJST 2256 3212
30  NJST 2372 3196
10  HSC 2488 3422
26
50  NJST 2381 3221
30  NJST 2413 3226
10  HSC 2844 3420
27
50  NJST 3425 3213
30  NJST 3872 3191
10  NJST 4666 3232
28
50  HSC 4294 3421
30  HSC 4380 3453
10  NJST 4575 3236
29
50  HSC 3789 3444
30  NJST 3852 3231
10  HSC 5238 3434
30
50  HSC 3802 3446
30  HSC 3893 3423
10  HSC 5022 3432
31
80  NJST 3781 3234
40  HSC 3913 3448
0  NJST 4162 3211
32
80  HSC 3721 3461
40  NJST 3987 3230
0  HSC 4294 3454
33
80  NJST 3345 3197
35
50  NJST 2103 3229
30  NJST 2528 3196
36
50  NJST 2091 3226
30  HSC 3654 3436
37
50  NJST 3407 3206
30  NJST 3522 3238
10  NJST 3778 3224
38
50  HSC 4317 3453
39
50  NJST 3557 3231
30  HSC 3635 3424
10  HSC 3875 3444
40
50  HSC 3304 3446
30  HSC 3927 3423
41
50  HSC 3312 3457
30  NJST 3315 3234
10  NJST 4063 3240
42
50  HSC 2639 3462
30  HSC 2925 3460
10  HSC 3327 3454
43
50  HSC 2932 3430
30  HSC 3033 3464
10  NJST 3128 3219
44
50  NJST 3275 3225
30  NJST 4603 3205
45
50  NJST 2662 3194
30  HSC 3075 3440
46
50  NJST 3038 3221
30  HSC 3058 3420
10  HSC 3123 3436
47
50  NJST 4290 3224
30  NJST 5129 3232
10  NJST 5578 3227
48
50  HSC 4691 3463
30  HSC 5188 3435
10  NJST 5291 3214
49
50  HSC 4065 3466
30  NJST 4193 3231
10  HSC 4831 3429
50
50  HSC 4279 3423
30  HSC 4618 3432
10  HSC 5319 3458
51
50  NJST 4359 3211
30  HSC 4470 3448
10  HSC 4532 3457
52
50  HSC 3407 3460
30  NJST 3787 3230
10  HSC 3845 3454
54
50  NJST 10675 1997
55
50  NJST 19643 1998
56
50  HSC 19928 2040
30  NJST 22728 1999
57
50  NJST 12482 2000
58
50  HSC 15277 2041
30  NJST 18127 2002
59
50  HSC 12869 2042
60
50  HSC 12747 2043
61
50  HSC 12104 2044
SCORE:HSC,NJST,2480,2420,6.0
