LAND-SR-MD
1
50  SR-MD 3063 1820
30  LAND 3588 1928
2
50  LAND 2939 2648(Y) 873
30  SR-MD 3122 2813(Y) 1823
10  SR-MD 3184 1368
3
50  SR-MD 3046 2745(Y) 1414
30  LAND 3066 851
10  SR-MD 3126 1359
4
50  SR-MD 2948 1353
30  SR-MD 3032 1400
10  SR-MD 3089 1361
5
50  LAND 3036 2736(Y) 863
30  SR-MD 4065 1390
10  SR-MD 4132 1367
6
50  LAND 3594 3238(Y) 917
30  LAND 3681 856
10  SR-MD 3744 1418
7
50  SR-MD 1702 1534(Y) 1395
30  SR-MD 1846 1967
10  SR-MD 1892 1427
8
50  SR-MD 1700 1532(Y) 1335
30  LAND 1812 862
10  SR-MD 1859 1316
9
50  SR-MD 1877 1691(Y) 1821
30  SR-MD 1943 1369
10  SR-MD 2103 1426
10
50  LAND 1931 845
30  LAND 1994 867
10  SR-MD 2007 1809(Y) 1394
11
50  SR-MD 3133 1425
30  SR-MD 3144 1829
10  SR-MD 3491 1415
12
50  LAND 2540 919
30  LAND 2911 2623(Y) 855
10  LAND 3053 1929
13
50  SR-MD 6409 1354
30  SR-MD 8121 1820
14
50  LAND 7149 6441(Y) 873
30  SR-MD 7407 1368
10  LAND 8009 875
15
50  LAND 7734 851
30  SR-MD 7877 1359
10  SR-MD 8044 1414
16
50  SR-MD 7127 1353
30  SR-MD 7813 1361
10  SR-MD 7839 1400
17
50  LAND 7584 6833(Y) 863
30  SR-MD 11698 1367
10  LAND 12016 1938
18
50  LAND 9677 917
30  SR-MD 9814 1418
10  SR-MD 9862 1350
19
50  SR-MD 10132 9128(Y) 1395
30  SR-MD 12404 1427
10  SR-MD 12845 1373
20
50  SR-MD 11007 1335
30  LAND 11794 891
10  SR-MD 12046 1316
21
50  SR-MD 4003 1820
30  LAND 5784 1928
22
50  LAND 3663 3300(Y) 873
30  SR-MD 3771 1368
10  LAND 3920 3532(Y) 1468
23
50  SR-MD 3886 3501(Y) 1414
30  LAND 3937 3547(Y) 851
10  SR-MD 4006 1370
24
50  SR-MD 3834 1400
30  SR-MD 4151 1361
10  SR-MD 4752 1320
25
50  LAND 3805 3428(Y) 863
30  SR-MD 5345 1381
10  SR-MD 5633 1409
26
50  SR-MD 4817 4340(Y) 1360
30  LAND 4865 852
10  SR-MD 5083 1418
27
50  SR-MD 2509 1395
30  SR-MD 2677 1373
10  SR-MD 2752 1967
28
50  SR-MD 2459 2216(Y) 1335
30  SR-MD 2527 1318
10  LAND 2585 2329(Y) 871
29
50  SR-MD 2531 2281(Y) 1821
30  LAND 3022 858
10  SR-MD 3434 1369
30
50  LAND 3263 867
30  LAND 3769 845
10  LAND 3876 919
31
80  SR-MD 13346 1703
40  LAND 13863 2322
32
80  LAND 17093 2323
40  SR-MD 19166 1764
33
80  SR-MD 9369 2194
40  LAND 9860 1587
34
80  LAND 10919 1884
40  SR-MD 11728 2380
35
50  SR-MD 3116 1354
30  LAND 5003 1928
36
50  LAND 3488 3143(Y) 875
30  LAND 3578 873
10  SR-MD 3695 3329(Y) 1823
37
50  SR-MD 3676 1359
30  SR-MD 3718 3350(Y) 1414
10  SR-MD 3954 1370
38
50  SR-MD 3435 1353
30  SR-MD 3591 1361
10  SR-MD 3613 3255(Y) 1400
39
50  LAND 3837 863
30  SR-MD 4970 1323
10  SR-MD 5160 1367
40
50  SR-MD 4205 1833
30  SR-MD 4319 3891(Y) 1350
10  LAND 4494 856
41
50  SR-MD 2249 1395
30  SR-MD 2308 1399
10  SR-MD 2315 2086(Y) 1967
42
50  SR-MD 2245 1335
30  LAND 2247 2025(Y) 891
10  SR-MD 2265 1317
43
50  SR-MD 2239 1821
30  SR-MD 2558 2305(Y) 1344
10  SR-MD 2559 1369
44
50  SR-MD 2331 2100(Y) 1394
30  LAND 2360 2127(Y) 845
10  LAND 2659 2396(Y) 867
45
50  LAND 3963 868
30  SR-MD 4501 1337
10  SR-MD 4574 1829
46
50  LAND 2915 919
30  SR-MD 3672 1330
10  LAND 3690 1929
47
50  SR-MD 5823 1354
30  SR-MD 7528 1820
10  LAND 9606 1928
48
50  SR-MD 6866 1368
30  SR-MD 6953 1823
10  LAND 7447 1468
49
50  SR-MD 6737 1359
30  LAND 7237 851
10  SR-MD 7265 1370
50
50  SR-MD 6488 1353
30  LAND 7510 1467
10  SR-MD 8320 1320
51
50  LAND 10238 1938
30  SR-MD 10270 1390
10  SR-MD 10669 1323
52
50  LAND 8140 7334(Y) 917
30  SR-MD 8644 1418
10  SR-MD 8914 1350
53
50  SR-MD 4469 1399
30  SR-MD 4519 1967
10  SR-MD 4572 1327
54
50  SR-MD 4150 3739(Y) 1316
30  LAND 4213 3796(Y) 862
10  SR-MD 4241 1317
55
50  SR-MD 4413 3976(Y) 1821
30  SR-MD 4877 1369
10  SR-MD 5307 1426
56
50  LAND 4431 3992(Y) 845
30  SR-MD 4617 4160(Y) 1394
10  LAND 4666 867
57
50  SR-MD 3018 1354
58
50  LAND 3258 2936(Y) 875
30  SR-MD 3671 1823
10  SR-MD 4022 1351
59
50  SR-MD 3558 1388
30  SR-MD 3982 1370
10  LAND 4145 1472
60
50  LAND 3625 1467
30  SR-MD 4169 1320
10  SR-MD 4606 1336
61
50  SR-MD 5570 1367
30  LAND 6478 1938
62
50  LAND 4637 917
30  SR-MD 4718 1833
10  LAND 5212 918
63
50  SR-MD 2610 1373
30  SR-MD 2758 1427
10  SR-MD 2852 1399
64
50  LAND 2259 891
30  LAND 2406 869
10  SR-MD 2422 1417
65
50  LAND 2970 858
30  SR-MD 3030 1426
10  SR-MD 3270 1344
66
50  SR-MD 3220 1394
30  LAND 3444 887
10  LAND 3706 906
67
80  LAND 16500 1885
40  SR-MD 17607 1944
68
80  LAND 15818 2329
40  SR-MD 16550 2383
SCORE:LAND,SR-MD,2410,3800,-139.0
