LAND-RSST
1
50  RSST 3016 668
30  RSST 3060 606
10  RSST 3103 2796(Y) 654
2
50  RSST 2743 2472(Y) 696
30  LAND 2939 2648(Y) 873
10  RSST 3162 712
3
50  RSST 2777 2502(Y) 1966
30  LAND 3066 851
10  LAND 3201 857
4
50  RSST 2940 618
30  RSST 3184 2869(Y) 683
10  RSST 3241 639
5
50  LAND 3036 2736(Y) 863
30  RSST 3409 600
10  RSST 3441 3100(Y) 721
6
50  RSST 3558 3206(Y) 697
30  LAND 3594 3238(Y) 917
10  RSST 3596 3240(Y) 718
7
50  RSST 1769 682
30  RSST 1805 635
10  RSST 1868 734
8
50  RSST 1787 1610(Y) 652
30  LAND 1812 862
10  RSST 1819 1639(Y) 659
9
50  RSST 1924 1734(Y) 660
30  LAND 2203 858
10  RSST 2282 2056(Y) 714
10
50  LAND 1931 845
30  RSST 1945 1753(Y) 636
10  LAND 1994 867
11
50  RSST 2989 2693(Y) 607
30  RSST 3222 646
10  LAND 3547 868
12
50  LAND 2540 919
30  RSST 2607 2349(Y) 679
10  RSST 2675 2410(Y) 633
13
50  RSST 7706 606
30  RSST 7727 668
10  RSST 7853 685
14
50  RSST 6917 6232(Y) 696
30  LAND 7149 6441(Y) 873
10  RSST 7548 6800(Y) 712
15
50  RSST 7054 6355(Y) 1966
30  LAND 7734 851
10  RSST 8437 603
16
50  RSST 7742 639
30  RSST 7857 618
10  RSST 8478 683
17
50  LAND 7584 6833(Y) 863
30  RSST 8479 7639(Y) 600
10  RSST 8957 721
18
50  RSST 8867 7989(Y) 697
30  RSST 9588 8638(Y) 655
10  LAND 9677 917
19
50  RSST 10407 635
30  RSST 10554 734
10  RSST 11522 10381(Y) 711
20
50  RSST 11177 726
30  RSST 11253 698
10  LAND 11794 891
21
50  RSST 3777 3403(Y) 668
30  RSST 4112 685
10  RSST 4181 1299
22
50  LAND 3663 3300(Y) 873
30  RSST 3834 696
10  LAND 3920 3532(Y) 1468
23
50  RSST 3809 1966
30  LAND 3937 3547(Y) 851
10  RSST 4678 603
24
50  RSST 3915 618
30  RSST 4035 639
10  RSST 4437 728
25
50  LAND 3805 3428(Y) 863
30  RSST 5150 721
10  RSST 5259 4738(Y) 715
26
50  RSST 4594 4139(Y) 697
30  RSST 4729 4261(Y) 609
10  LAND 4865 852
27
50  RSST 2388 635
30  RSST 2456 2213(Y) 734
10  RSST 2761 2488(Y) 688
28
50  RSST 2423 2183(Y) 605
30  RSST 2464 2220(Y) 735
10  RSST 2508 2260(Y) 659
29
50  RSST 2701 2434(Y) 660
30  LAND 3022 858
10  RSST 3153 2841(Y) 608
30
50  RSST 2896 636
30  LAND 3263 867
10  RSST 3372 3038(Y) 702
31
80  RSST 12858 11584(Y) 2263
40  LAND 13863 2322
32
80  RSST 16344 14725(Y) 2266
40  LAND 17093 2323
33
80  RSST 9105 8203(Y) 2267
40  LAND 9860 1587
34
80  LAND 10919 1884
40  RSST 11597 1531
35
50  RSST 3708 3341(Y) 685
30  RSST 3774 3400(Y) 640
10  RSST 3950 606
36
50  RSST 3325 696
30  RSST 3482 3137(Y) 712
10  LAND 3488 3143(Y) 875
37
50  RSST 3578 1966
30  RSST 3706 603
10  RSST 3757 3385(Y) 638
38
50  RSST 3707 3340(Y) 683
30  RSST 3747 639
10  LAND 3934 1467
39
50  LAND 3837 863
30  RSST 3916 3528(Y) 600
10  RSST 4325 721
40
50  RSST 4365 697
30  RSST 4426 3988(Y) 655
10  LAND 4494 856
41
50  RSST 2116 1907(Y) 711
30  RSST 2154 1941(Y) 1964
10  RSST 2224 2004(Y) 682
42
50  RSST 2081 1875(Y) 652
30  LAND 2247 2025(Y) 891
10  RSST 2253 726
43
50  RSST 2377 2142(Y) 714
30  LAND 2628 914
10  RSST 2679 660
44
50  RSST 2317 2088(Y) 636
30  LAND 2360 2127(Y) 845
10  LAND 2659 2396(Y) 867
45
50  RSST 3709 646
30  RSST 3870 607
10  LAND 3963 868
46
50  LAND 2915 919
30  RSST 3119 2810(Y) 633
10  RSST 3128 679
47
50  RSST 6619 606
30  RSST 6632 5975(Y) 668
10  RSST 6899 6216(Y) 685
48
50  RSST 6757 6088(Y) 712
30  LAND 6913 873
10  RSST 7041 6344(Y) 648
49
50  LAND 7237 851
30  RSST 7379 603
10  LAND 7400 857
50
50  RSST 6556 5907(Y) 618
30  RSST 6925 683
10  RSST 7312 6588(Y) 736
51
50  RSST 7421 6686(Y) 600
30  RSST 9425 623
10  RSST 9507 599
52
50  LAND 8140 7334(Y) 917
30  RSST 8786 655
10  LAND 8975 856
53
50  RSST 4012 734
30  RSST 4103 3697(Y) 1964
10  RSST 4126 3718(Y) 635
54
50  RSST 4012 3615(Y) 652
30  RSST 4191 3776(Y) 735
10  RSST 4200 698
55
50  RSST 5181 660
30  RSST 5607 662
10  RSST 5646 730
56
50  LAND 4431 3992(Y) 845
30  LAND 4666 867
10  RSST 4761 4290(Y) 636
57
50  RSST 3434 3094(Y) 654
30  RSST 3801 3425(Y) 1293
10  RSST 3953 601
58
50  LAND 3258 2936(Y) 875
30  RSST 3347 3016(Y) 648
10  RSST 3740 690
59
50  RSST 3639 3279(Y) 638
30  LAND 4145 1472
10  LAND 4234 857
60
50  LAND 3625 1467
30  RSST 3811 3434(Y) 736
10  RSST 4984 614
61
50  RSST 5756 599
30  LAND 6478 1938
62
50  RSST 4255 3834(Y) 655
30  LAND 4637 917
10  RSST 5039 718
63
50  RSST 2278 2053(Y) 711
30  RSST 2607 678
10  RSST 2691 604
64
50  RSST 2002 1804(Y) 652
30  RSST 2112 726
10  LAND 2259 891
65
50  LAND 2970 858
30  LAND 4018 1937
66
50  LAND 3028 845
30  LAND 3444 887
10  LAND 3706 906
67
80  RSST 14669 2046
40  LAND 16500 1885
68
80  RSST 14393 12967(Y) 2274
40  LAND 15818 2329
SCORE:LAND,RSST,1800,4480,-268.0
