LAND-HC15
1
50  HC15 2584 2328(Y) 201
30  HC15 2621 2362(Y) 192
10  HC15 2636 2375(Y) 1852
2
50  HC15 2863 214
30  HC15 2871 179
10  HC15 2899 2612(Y) 166
3
50  HC15 2858 2575(Y) 1506
30  LAND 3066 851
10  HC15 3150 191
4
50  HC15 2892 2606(Y) 177
30  HC15 3055 2753(Y) 181
10  HC15 3056 169
5
50  LAND 3036 2736(Y) 863
30  HC15 3129 2819(Y) 1500
10  HC15 3506 3159(Y) 1505
6
50  HC15 3030 2730(Y) 1512
30  HC15 3251 2929(Y) 1511
10  HC15 3271 2947(Y) 182
7
50  HC15 1622 1462(Y) 1854
30  HC15 1713 1544(Y) 1507
10  HC15 1776 1600(Y) 1530
8
50  HC15 1576 1420(Y) 158
30  HC15 1727 1556(Y) 1513
10  HC15 1797 1619(Y) 1514
9
50  HC15 1950 1757(Y) 189
30  HC15 1961 1767(Y) 1517
10  LAND 2203 858
10
50  HC15 1824 1644(Y) 159
30  LAND 1931 845
10  LAND 1994 867
11
50  HC15 2932 2642(Y) 1503
30  LAND 3547 868
10  HC15 5313 167
12
50  HC15 2127 1917(Y) 190
30  LAND 2540 919
10  HC15 2550 2298(Y) 193
13
50  HC15 6173 5562(Y) 192
30  HC15 6660 6000(Y) 170
10  HC15 6671 6010(Y) 178
14
50  HC15 6583 5931(Y) 179
30  LAND 7149 6441(Y) 873
10  HC15 7288 214
15
50  HC15 7356 1506
30  LAND 7734 851
10  HC15 8058 191
16
50  HC15 7237 6520(Y) 177
30  HC15 7371 6641(Y) 169
10  HC15 8058 7260(Y) 181
17
50  LAND 7584 6833(Y) 863
30  HC15 8813 7940(Y) 1505
10  LAND 12016 1938
18
50  HC15 8100 7298(Y) 1512
30  HC15 8336 7510(Y) 215
10  HC15 8419 7585(Y) 1511
19
50  HC15 9910 8928(Y) 1507
30  HC15 10301 9281(Y) 1530
10  HC15 11259 1517
20
50  HC15 8533 7688(Y) 158
30  HC15 10318 9296(Y) 1504
10  HC15 11242 10128(Y) 159
21
50  HC15 3185 2870(Y) 192
30  HC15 3443 3102(Y) 170
10  HC15 3449 201
22
50  HC15 3346 3015(Y) 179
30  LAND 3663 3300(Y) 873
10  HC15 3811 3434(Y) 180
23
50  LAND 3937 3547(Y) 851
30  HC15 4329 3900(Y) 191
10  HC15 4391 3956(Y) 187
24
50  HC15 3840 3460(Y) 177
30  HC15 3847 3466(Y) 169
10  HC15 4231 181
25
50  LAND 3805 3428(Y) 863
30  HC15 4596 4141(Y) 1505
10  HC15 5250 222
26
50  HC15 4116 3709(Y) 215
30  HC15 4562 4110(Y) 1511
10  LAND 4865 852
27
50  HC15 2358 2125(Y) 1854
30  HC15 2494 2247(Y) 1507
10  HC15 2497 2250(Y) 1530
28
50  HC15 2192 1975(Y) 158
30  HC15 2407 2169(Y) 1504
10  LAND 2585 2329(Y) 871
29
50  HC15 2698 2431(Y) 189
30  HC15 2733 2463(Y) 1517
10  LAND 3022 858
30
50  HC15 2455 2212(Y) 159
30  HC15 2669 190
10  LAND 3263 867
31
80  HC15 11534 10391(Y) 2237
40  LAND 13863 2322
32
80  HC15 14950 13469(Y) 1611
40  LAND 17093 2323
33
80  HC15 8206 7393(Y) 2242
40  LAND 9860 1587
34
80  HC15 9417 8484(Y) 2245
40  LAND 10919 1884
35
50  HC15 2840 2559(Y) 201
30  HC15 3073 2769(Y) 1510
10  HC15 3220 2901(Y) 178
36
50  HC15 3219 2900(Y) 214
30  HC15 3406 3069(Y) 166
10  LAND 3488 3143(Y) 875
37
50  HC15 3065 2762(Y) 1506
30  HC15 3872 3489(Y) 191
10  LAND 4176 857
38
50  HC15 3401 177
30  HC15 3441 3100(Y) 169
10  HC15 3833 181
39
50  HC15 3604 3247(Y) 1500
30  LAND 3837 863
10  HC15 4270 3847(Y) 1505
40
50  HC15 3641 3281(Y) 1512
30  HC15 3850 215
10  HC15 3930 3541(Y) 182
41
50  HC15 1980 1784(Y) 1854
30  HC15 2066 1862(Y) 1507
10  HC15 2084 1878(Y) 1530
42
50  HC15 1748 1575(Y) 158
30  HC15 2167 1953(Y) 1513
10  LAND 2247 2025(Y) 891
43
50  HC15 2192 1975(Y) 189
30  HC15 2233 2012(Y) 1517
10  HC15 2422 2182(Y) 216
44
50  HC15 2029 1828(Y) 159
30  LAND 2360 2127(Y) 845
10  LAND 2659 2396(Y) 867
45
50  HC15 3204 2887(Y) 1503
30  LAND 3963 868
10  HC15 5151 4641(Y) 167
46
50  HC15 2499 2252(Y) 190
30  HC15 2848 2566(Y) 193
10  LAND 2915 919
47
50  HC15 5714 5148(Y) 170
30  HC15 5834 5256(Y) 178
10  HC15 5844 5265(Y) 201
48
50  HC15 6291 5668(Y) 166
30  HC15 6506 5862(Y) 212
10  LAND 6913 873
49
50  HC15 6528 1506
30  LAND 7237 851
10  LAND 7400 857
50
50  LAND 7510 1467
30  HC15 7887 7106(Y) 219
10  LAND 9215 908
51
50  HC15 6909 6225(Y) 1500
30  HC15 9469 8531(Y) 222
10  HC15 10177 9169(Y) 1525
52
50  HC15 6808 6134(Y) 1512
30  HC15 7118 6413(Y) 1511
10  HC15 7482 6741(Y) 182
53
50  HC15 3742 3372(Y) 1854
30  HC15 4265 3843(Y) 162
10  HC15 4835 4356(Y) 217
54
50  HC15 3908 3521(Y) 1513
30  HC15 4098 3692(Y) 1504
10  HC15 4102 3696(Y) 1514
55
50  HC15 4191 3776(Y) 189
30  HC15 5137 4628(Y) 216
10  HC15 5275 4753(Y) 1528
56
50  LAND 4431 3992(Y) 845
30  LAND 4666 867
10  LAND 5569 906
57
50  HC15 2791 2515(Y) 178
30  HC15 2890 192
10  HC15 2938 2647(Y) 1852
58
50  HC15 3050 214
30  LAND 3102 2795(Y) 873
10  HC15 3170 2856(Y) 179
59
50  LAND 4145 1472
30  LAND 4234 857
10  LAND 4926 912
60
50  LAND 3625 1467
30  HC15 5097 219
10  LAND 5316 1466
61
50  HC15 3641 3281(Y) 1500
30  LAND 6478 1938
10  HC15 6676 6015(Y) 222
62
50  HC15 3527 3178(Y) 215
30  HC15 3687 3322(Y) 182
10  HC15 4364 3932(Y) 220
63
50  LAND 3363 886
30  LAND 3456 915
64
50  HC15 2056 1853(Y) 1513
30  HC15 2081 1875(Y) 1514
10  HC15 2101 1893(Y) 218
65
50  HC15 2700 1528
30  LAND 2970 858
10  HC15 3587 186
66
50  HC15 2738 2467(Y) 190
30  LAND 3028 845
10  LAND 3444 887
67
80  HC15 14235 12825(Y) 1615
40  LAND 16500 1885
68
80  HC15 14082 12687(Y) 1617
40  LAND 15818 2329
SCORE:LAND,HC15,1420,4870,-345.0
