LAND-DB
1
50  DB 3013 1874
30  LAND 3588 1928
10  DB 3661 11
2
50  LAND 2939 2648(Y) 873
30  DB 2977 2682(Y) 53
10  LAND 3284 1468
3
50  DB 2851 2569(Y) 1448
30  DB 3065 2762(Y) 19
10  LAND 3066 851
4
50  DB 3162 75
30  DB 3286 2961(Y) 16
10  LAND 3324 1467
5
50  LAND 3036 2736(Y) 863
30  DB 4369 18
10  LAND 4375 1938
6
50  DB 3578 1447
30  LAND 3594 3238(Y) 917
10  DB 3650 3289(Y) 1442
7
50  DB 1795 23
30  DB 1825 1645(Y) 1438
10  DB 1864 1680(Y) 1437
8
50  DB 1772 1449
30  DB 1802 1624(Y) 50
10  LAND 1812 862
9
50  LAND 2203 858
30  DB 2307 72
10  DB 2397 2160(Y) 1441
10
50  LAND 1931 845
30  LAND 1994 867
10  DB 2156 1943(Y) 78
11
50  DB 2276 2051(Y) 31
30  DB 2669 22
10  DB 2806 2528(Y) 1996
12
50  LAND 2540 919
30  LAND 2911 2623(Y) 855
10  LAND 3053 1929
13
50  DB 8569 1874
14
50  LAND 7149 6441(Y) 873
30  DB 7219 6504(Y) 53
10  LAND 8009 875
15
50  DB 7696 6934(Y) 1448
30  LAND 7734 851
10  DB 8283 19
16
50  DB 8172 75
30  DB 8654 16
10  LAND 8812 1467
17
50  LAND 7584 6833(Y) 863
30  LAND 12016 1938
18
50  LAND 9677 917
30  DB 10208 9197(Y) 1442
10  DB 10304 17
20
50  DB 11000 1449
30  DB 11259 43
10  LAND 11794 891
21
50  DB 5115 11
30  LAND 5784 1928
22
50  LAND 3663 3300(Y) 873
30  DB 3775 3401(Y) 53
10  LAND 3920 3532(Y) 1468
23
50  LAND 3937 3547(Y) 851
30  DB 4043 1448
10  DB 4722 26
24
50  DB 4419 75
30  LAND 4795 1466
10  DB 4828 16
25
50  LAND 3805 3428(Y) 863
30  LAND 5957 905
10  LAND 6243 1938
26
50  LAND 4865 852
30  DB 5007 1447
10  LAND 5171 864
27
50  DB 2702 2435(Y) 54
30  LAND 3088 865
10  DB 3149 2837(Y) 1437
28
50  LAND 2585 2329(Y) 871
30  DB 2621 1449
10  DB 2697 43
29
50  LAND 3022 858
30  DB 3732 72
10  LAND 3844 1937
30
50  DB 3122 78
30  LAND 3263 867
10  DB 3300 7
31
80  DB 13801 2294
40  LAND 13863 2322
32
80  LAND 17093 2323
40  DB 19128 2296
33
80  DB 9644 2298
40  LAND 9860 1587
34
80  LAND 10919 1884
40  DB 11515 2299
35
50  LAND 5003 1928
36
50  DB 3375 3041(Y) 53
30  LAND 3488 3143(Y) 875
10  LAND 3578 873
37
50  LAND 4176 857
30  LAND 4607 1472
10  LAND 4639 912
38
50  DB 3834 75
30  LAND 3934 1467
10  DB 4270 3
39
50  LAND 3837 863
30  LAND 5468 905
10  LAND 5596 1938
40
50  DB 4368 3936(Y) 62
30  LAND 4494 856
10  DB 4606 1442
41
50  DB 2253 2030(Y) 23
30  DB 2460 1438
10  DB 2603 1437
42
50  DB 2197 43
30  DB 2219 1449
10  LAND 2247 2025(Y) 891
43
50  LAND 2628 914
30  DB 2723 2454(Y) 1441
10  LAND 2838 858
44
50  LAND 2360 2127(Y) 845
30  DB 2599 2342(Y) 78
10  LAND 2659 2396(Y) 867
45
50  DB 3070 2766(Y) 31
30  DB 3588 22
10  DB 3635 3275(Y) 1436
46
50  LAND 2915 919
30  DB 3435 3095(Y) 12
10  LAND 3690 1929
47
50  DB 6850 1874
30  LAND 9606 1928
48
50  LAND 7447 1468
30  LAND 7459 875
10  DB 7464 6725(Y) 4
49
50  DB 6250 5631(Y) 1448
30  DB 6826 6150(Y) 19
10  LAND 7237 851
50
50  DB 7153 6445(Y) 16
30  LAND 7510 1467
10  DB 9166 44
51
50  LAND 11068 905
30  DB 11375 18
10  DB 11562 1443
52
50  DB 8030 7235(Y) 1442
30  LAND 8140 7334(Y) 917
10  LAND 8975 856
53
50  DB 4082 3678(Y) 23
30  DB 4231 1438
10  DB 4593 4138(Y) 54
54
50  DB 3952 3561(Y) 50
30  LAND 4213 3796(Y) 862
10  LAND 4556 891
55
50  DB 5480 4937(Y) 72
30  DB 5700 31
10  DB 5748 5179(Y) 1441
56
50  LAND 4431 3992(Y) 845
30  LAND 4666 867
10  DB 4902 4417(Y) 78
57
50  DB 3369 1874
58
50  LAND 3258 2936(Y) 875
30  DB 3487 15
10  DB 3728 3359(Y) 6
59
50  DB 3413 19
30  LAND 4145 1472
10  LAND 4234 857
60
50  DB 4540 3
30  LAND 5316 1466
61
62
50  LAND 4637 917
30  LAND 5212 918
10  LAND 5263 916
63
50  DB 1906 1718(Y) 23
30  DB 2650 1437
10  LAND 3363 886
64
50  LAND 2259 891
30  DB 2284 43
10  LAND 2406 869
65
50  LAND 2970 858
30  LAND 4018 1937
10  DB 4218 3800(Y) 72
66
50  LAND 3028 845
30  LAND 3444 887
10  DB 3618 49
67
80  LAND 16500 1885
40  DB 17069 1810
68
80  DB 15512 2302
40  LAND 15818 2329
SCORE:LAND,DB,2840,3120,-28.0
