LAND-RMR
1
50  RMR 2668 1672
30  RMR 2908 1813
10  RMR 3010 1694
2
50  LAND 2939 2648(Y) 873
30  LAND 3284 1468
10  RMR 3312 2984(Y) 1666
3
50  RMR 3000 2703(Y) 1630
30  RMR 3011 2713(Y) 1671
10  RMR 3021 2722(Y) 1880
4
50  RMR 3194 1703
30  LAND 3324 1467
10  RMR 3344 3013(Y) 1692
5
50  LAND 3036 2736(Y) 863
30  RMR 3262 2939(Y) 1665
10  RMR 3421 1629
6
50  RMR 3206 1648
30  LAND 3594 3238(Y) 917
10  RMR 3605 3248(Y) 1643
7
50  RMR 1795 1618(Y) 1815
30  RMR 1840 1642
10  RMR 1968 1706
8
50  RMR 1722 1552(Y) 1680
30  LAND 1812 862
10  RMR 1817 1637(Y) 1664
9
50  LAND 2203 858
30  RMR 2253 1651
10  RMR 2288 1660
10
50  LAND 1931 845
30  LAND 1994 867
10  LAND 2359 906
11
50  LAND 3547 868
30  RMR 3618 1637
10  RMR 4795 1717
12
50  LAND 2540 919
30  LAND 2911 2623(Y) 855
10  LAND 3053 1929
13
50  RMR 6784 6112(Y) 1672
30  RMR 7375 1694
10  RMR 7880 1813
14
50  LAND 7149 6441(Y) 873
30  LAND 8009 875
10  RMR 8915 1812
15
50  LAND 7734 851
30  RMR 7744 1671
10  RMR 8406 1630
16
50  RMR 8248 7431(Y) 1703
30  RMR 8705 7843(Y) 1692
10  LAND 8812 1467
17
50  LAND 7584 6833(Y) 863
30  RMR 8270 1629
10  RMR 9017 1665
18
50  RMR 8552 7705(Y) 1648
30  LAND 9677 917
10  RMR 10356 1643
19
50  RMR 10417 1642
30  RMR 15069 1641
20
50  RMR 10130 9127(Y) 1664
30  RMR 10871 9794(Y) 1680
10  RMR 11632 1621
21
50  RMR 3704 3337(Y) 1672
30  RMR 3916 3528(Y) 1694
10  RMR 4181 1805
22
50  LAND 3663 3300(Y) 873
30  LAND 3920 3532(Y) 1468
10  LAND 4409 875
23
50  LAND 3937 3547(Y) 851
30  RMR 4240 1880
10  RMR 4335 3906(Y) 1671
24
50  RMR 4492 4047(Y) 1703
30  RMR 4641 1692
10  LAND 4795 1466
25
50  LAND 3805 3428(Y) 863
30  RMR 4444 4004(Y) 1629
10  RMR 4586 4132(Y) 1665
26
50  RMR 4589 4135(Y) 1648
30  LAND 4865 852
10  LAND 5171 864
27
50  RMR 2523 2273(Y) 1642
30  LAND 3088 865
10  RMR 3659 1641
28
50  RMR 2520 2271(Y) 1664
30  LAND 2585 2329(Y) 871
10  RMR 2644 1621
29
50  LAND 3022 858
30  LAND 3844 1937
10  LAND 6828 911
30
50  LAND 3263 867
30  LAND 3769 845
10  LAND 3876 919
31
80  RMR 13703 2311
40  LAND 13863 2322
32
80  RMR 16131 2313
40  LAND 17093 2323
33
80  RMR 9257 2182
40  LAND 9860 1587
34
80  LAND 10919 1884
40  RMR 14540 1820
35
50  RMR 3056 1672
30  RMR 3475 3131(Y) 1694
10  RMR 3681 1712
36
50  LAND 3488 3143(Y) 875
30  LAND 3578 873
10  RMR 4166 1714
37
50  RMR 3388 1671
30  RMR 3672 3309(Y) 1630
10  RMR 4038 1880
38
50  RMR 3742 1703
30  LAND 3934 1467
10  RMR 3946 3555(Y) 1692
39
50  RMR 3765 1629
30  LAND 3837 863
10  RMR 3852 3471(Y) 1665
40
50  RMR 4093 3688(Y) 1648
30  LAND 4494 856
10  RMR 4518 4071(Y) 1643
41
50  RMR 2364 2130(Y) 1815
30  RMR 2414 1706
10  RMR 2531 2281(Y) 1642
42
50  RMR 2165 1951(Y) 1680
30  LAND 2247 2025(Y) 891
10  RMR 2272 2047(Y) 1713
43
50  LAND 2628 914
30  RMR 2753 2481(Y) 1660
10  LAND 2838 858
44
50  LAND 2360 2127(Y) 845
30  LAND 2659 2396(Y) 867
10  RMR 2926 1673
45
50  LAND 3963 868
30  RMR 5166 1637
10  RMR 5316 4790(Y) 1717
46
50  LAND 2915 919
30  LAND 3690 1929
10  LAND 3816 855
47
50  RMR 6635 1813
30  RMR 6881 1805
10  RMR 7061 6362(Y) 1712
48
50  LAND 7447 1468
30  LAND 7459 875
10  RMR 7619 1812
49
50  RMR 6878 1630
30  LAND 7237 851
10  LAND 7400 857
50
50  LAND 7510 1467
30  RMR 9147 1807
10  LAND 9215 908
51
50  RMR 10140 1650
30  LAND 10238 1938
10  LAND 11068 905
52
50  LAND 8140 7334(Y) 917
30  RMR 8153 1643
10  LAND 8975 856
53
50  RMR 3984 3590(Y) 1815
30  RMR 4473 1706
10  RMR 5186 1641
54
50  RMR 3805 3428(Y) 1680
30  RMR 3968 3575(Y) 1664
10  RMR 4206 3790(Y) 1621
55
50  RMR 5275 1660
30  LAND 6147 911
10  RMR 6172 1651
56
50  LAND 4431 3992(Y) 845
30  LAND 4666 867
10  LAND 5569 906
57
50  RMR 3452 1813
30  RMR 3557 1712
10  RMR 3588 1805
58
50  RMR 3931 1714
30  RMR 4089 1666
10  RMR 4321 1659
59
50  LAND 3216 2898(Y) 851
30  RMR 3287 2962(Y) 1880
10  RMR 3792 1695
60
50  RMR 4802 4327(Y) 1708
30  RMR 4918 1649
10  RMR 5016 1710
61
50  RMR 5569 1650
30  LAND 6478 1938
62
50  LAND 4637 917
30  RMR 4960 1693
10  LAND 5212 918
63
50  RMR 2337 1815
30  RMR 3219 1641
10  LAND 3363 886
64
50  RMR 1994 1621
30  LAND 2259 891
10  RMR 2369 2135(Y) 1702
65
50  RMR 2662 1651
30  LAND 2970 858
10  RMR 3166 1660
66
50  LAND 3444 887
30  LAND 3706 906
10  RMR 3819 1686
67
80  RMR 14534 1756
40  LAND 16500 1885
68
80  LAND 15818 2329
40  RMR 16522 2320
SCORE:LAND,RMR,2690,3590,-90.0
