LCC-NSC
1
50  NSC 10734 638
30  NSC 10903 666
10  NSC 12257 610
2
50  NSC 10994 632
30  NSC 11871 607
10  NSC 15677 668
3
50  LCC 7247 2844
30  NSC 7928 660
10  LCC 9800 2860
4
50  LCC 7346 2868
30  NSC 10388 671
5
50  LCC 7149 2861
30  LCC 7241 2846
10  NSC 7594 612
6
50  NSC 7116 595
30  LCC 8146 2867
10  NSC 8581 601
7
50  LCC 6395 2845
30  NSC 7146 664
10  NSC 7884 584
8
50  NSC 6128 586
30  LCC 6350 2871
10  LCC 6572 2836
9
50  NSC 2872 634
30  NSC 3075 651
10  NSC 3385 674
10
50  NSC 3440 644
30  NSC 3666 630
10  NSC 4779 654
11
50  NSC 2137 672
30  NSC 2175 643
10  LCC 2278 2859
12
50  NSC 2081 606
30  NSC 2541 657
10  NSC 2725 578
13
50  LCC 3277 2869
30  NSC 4031 640
10  NSC 4131 638
14
50  NSC 3841 627
30  NSC 4163 677
10  NSC 4425 622
15
50  NSC 3797 635
30  NSC 3807 576
10  NSC 3847 593
16
50  LCC 2821 2868
30  NSC 3888 642
10  NSC 4300 613
17
50  LCC 6550 2862
30  NSC 7472 656
10  LCC 8026 2829
18
50  LCC 7280 2867
30  NSC 7620 617
10  NSC 7872 589
19
50  NSC 6697 573
30  NSC 7000 584
10  NSC 8369 663
20
50  NSC 5459 586
30  LCC 5634 2836
10  NSC 5678 661
21
50  NSC 3888 634
30  NSC 4450 651
10  NSC 4558 575
22
50  NSC 4485 644
30  NSC 5784 654
23
50  NSC 2553 643
30  NSC 2566 665
10  LCC 2705 2832
24
50  NSC 2825 606
30  NSC 3006 578
10  NSC 3125 614
25
50  LCC 1880 2869
30  NSC 2138 638
10  NSC 2170 666
26
50  NSC 2112 627
30  NSC 2384 677
10  NSC 2456 622
27
50  LCC 3373 2844
30  NSC 3566 660
10  NSC 4984 649
28
50  NSC 4747 642
30  NSC 5616 613
10  NSC 6914 639
29
50  LCC 3544 2862
30  NSC 3691 612
10  NSC 4012 656
30
50  NSC 4118 592
30  NSC 4137 617
10  NSC 4447 589
31
80  NSC 3358 664
40  NSC 3612 594
0  NSC 3720 573
32
80  LCC 2945 2871
40  NSC 2969 586
0  NSC 3428 569
33
80  NSC 2650 665
40  NSC 2703 672
0  NSC 2825 603
34
80  NSC 2619 606
35
50  NSC 2060 640
30  NSC 2512 618
10  NSC 2552 616
36
50  NSC 2269 631
30  NSC 2356 633
10  NSC 2844 568
37
50  LCC 3470 2844
30  NSC 3546 660
10  NSC 4490 576
38
50  NSC 5213 671
39
50  LCC 3019 2861
30  LCC 3026 2846
10  LCC 3614 2862
40
50  NSC 3934 601
30  NSC 3941 592
10  LCC 3952 2867
41
50  LCC 2770 2845
30  NSC 3315 573
10  NSC 3440 567
42
50  LCC 2625 2871
30  NSC 2939 661
10  LCC 3019 2835
43
50  NSC 2800 672
30  NSC 3390 626
10  NSC 3700 648
44
50  NSC 2832 621
30  NSC 4644 614
45
50  NSC 2497 640
30  NSC 2538 666
10  NSC 2752 610
46
50  NSC 2409 632
30  NSC 2559 622
10  LCC 2716 2831
47
50  NSC 5122 593
30  LCC 5133 2860
10  NSC 5138 572
48
50  NSC 5044 671
30  NSC 5400 613
10  NSC 5731 642
49
50  LCC 3773 2861
30  LCC 3821 2846
10  NSC 4059 612
50
50  NSC 3590 595
30  NSC 4453 592
51
50  LCC 3654 2845
30  NSC 3763 664
10  NSC 4044 567
52
50  LCC 3518 2836
30  NSC 3544 661
10  LCC 3734 2851
53
50  NSC 15700 1685
54
50  NSC 9860 1672
55
50  LCC 20217 1954
30  NSC 20914 1675
56
50  NSC 17615 1677
57
50  NSC 15450 1679
30  LCC 16435 1955
59
50  LCC 11929 1956
30  NSC 14494 1682
60
50  NSC 12959 1683
30  LCC 17576 1957
61
50  LCC 11533 1959
30  NSC 12194 1684
SCORE:LCC,NSC,1500,3730,-223.0
