LCC-SH
1
50  SH 10278 2639
30  SH 11089 2607
10  SH 11656 2638
3
50  LCC 7247 2844
30  SH 8498 2619
10  SH 9564 2612
4
50  LCC 7346 2868
30  SH 9948 2647
10  SH 12226 2625
5
50  LCC 7149 2861
30  LCC 7241 2846
10  SH 7836 2618
6
50  LCC 8146 2867
7
50  LCC 6395 2845
30  LCC 8620 2858
10  SH 9090 2631
8
50  LCC 6350 2871
30  SH 6485 2605
10  LCC 6572 2836
9
50  SH 4522 2646
30  LCC 5246 2841
10  LCC 7384 2842
10
50  SH 5726 2645
11
50  SH 2056 2629
30  LCC 2278 2859
10  LCC 2345 2832
12
50  SH 2009 2642
30  SH 2814 2644
10  LCC 2865 2837
13
50  LCC 3277 2869
30  SH 3852 2639
10  SH 4190 2603
14
50  LCC 5203 2831
30  SH 5275 2599
10  SH 5561 2617
15
50  SH 3463 2619
30  SH 4058 2612
10  LCC 4085 2864
16
50  LCC 2821 2868
30  SH 3946 2630
10  SH 4097 2636
17
50  LCC 6550 2862
30  SH 6858 2618
10  LCC 8026 2829
18
50  LCC 7280 2867
30  LCC 9017 2847
10  LCC 10007 2838
19
50  SH 8136 2631
20
50  LCC 5634 2836
30  SH 5747 2605
10  LCC 5829 2835
21
50  LCC 4821 2842
30  LCC 6763 2841
10  LCC 9110 2852
23
50  SH 2543 2629
30  LCC 2705 2832
10  LCC 3055 2859
24
50  SH 2892 2642
30  LCC 3932 2837
10  SH 5471 2623
25
50  LCC 1880 2869
30  SH 2416 2639
10  SH 2471 2643
26
50  SH 2762 2599
30  LCC 2887 2831
10  SH 3143 2614
27
50  LCC 3373 2844
30  SH 4434 2612
10  SH 4963 2608
28
50  SH 4732 2630
30  SH 5383 2625
10  SH 5544 2636
29
50  LCC 3544 2862
30  SH 3769 2618
10  SH 4517 2637
30
50  LCC 4645 2847
30  LCC 6495 2838
10  LCC 9469 2849
31
80  LCC 3887 2858
40  LCC 5175 2865
32
80  LCC 2945 2871
40  SH 3178 2605
0  LCC 3756 2834
33
80  SH 2598 2629
40  SH 3369 2626
0  SH 3657 2627
34
80  SH 2623 2642
35
50  SH 2202 2638
30  SH 2288 2607
10  SH 2381 2603
36
50  SH 3525 2614
37
50  LCC 3470 2844
30  SH 3979 2619
10  LCC 5231 2860
38
50  SH 5382 2636
30  SH 5677 2625
10  SH 6324 2630
39
50  LCC 3019 2861
30  LCC 3026 2846
10  LCC 3614 2862
40
50  LCC 3952 2867
41
50  LCC 2770 2845
30  LCC 3963 2858
42
50  LCC 2625 2871
30  SH 2953 2605
10  LCC 3019 2835
43
50  SH 2875 2629
44
50  SH 2983 2642
30  SH 3532 2644
10  SH 4311 2621
45
50  SH 2408 2639
30  SH 2480 2603
10  SH 2784 2635
46
50  LCC 2716 2831
30  SH 2964 2617
47
50  SH 4632 2619
30  LCC 5133 2860
10  SH 5171 2612
48
50  SH 6956 2597
30  SH 7558 2625
10  SH 7616 2610
49
50  LCC 3773 2861
30  LCC 3821 2846
10  SH 4600 2640
51
50  LCC 3654 2845
30  SH 4738 2631
52
50  SH 3350 2613
30  LCC 3518 2836
10  LCC 3734 2851
54
50  SH 11370 1919
55
50  SH 19413 1921
30  LCC 20217 1954
57
50  LCC 16435 1955
58
50  SH 19108 1923
59
50  LCC 11929 1956
30  SH 13886 1924
60
50  LCC 17576 1957
61
50  LCC 11533 1959
SCORE:LCC,SH,2280,2350,-7.0
