LCC-CASC
1
50  CASC 10350 2559
30  LCC 12900 2855
3
50  LCC 7247 2844
30  CASC 8249 2560
10  CASC 9192 2568
4
50  LCC 7346 2868
30  CASC 9625 2570
10  CASC 9843 2565
5
50  LCC 7149 2861
30  LCC 7241 2846
10  LCC 9158 2829
6
50  LCC 8146 2867
7
50  LCC 6395 2845
30  CASC 7566 2596
10  LCC 8620 2858
8
50  LCC 6350 2871
30  LCC 6572 2836
10  CASC 6676 2589
9
50  CASC 4132 2558
30  LCC 5246 2841
10  LCC 7384 2842
11
50  LCC 2278 2859
30  LCC 2345 2832
10  CASC 3012 2590
12
50  CASC 1967 2569
30  CASC 2387 2571
10  LCC 2865 2837
13
50  LCC 3277 2869
30  LCC 4483 2855
10  CASC 5127 2583
14
50  CASC 3920 2567
30  CASC 4271 2592
10  CASC 4516 2564
15
50  CASC 3326 2560
30  CASC 3459 2595
10  CASC 3795 2576
16
50  LCC 2821 2868
30  CASC 3723 2565
10  CASC 3791 2570
17
50  LCC 6550 2862
30  LCC 8026 2829
10  LCC 8665 2866
18
50  LCC 7280 2867
30  LCC 9017 2847
10  LCC 10007 2838
19
50  CASC 7263 2581
20
50  LCC 5634 2836
30  LCC 5829 2835
10  CASC 5976 2589
21
50  LCC 4821 2842
30  CASC 4897 2558
10  LCC 6763 2841
23
50  LCC 2705 2832
30  LCC 3055 2859
10  CASC 3091 2590
24
50  CASC 2707 2569
30  CASC 2839 2571
10  LCC 3932 2837
25
50  LCC 1880 2869
30  CASC 2255 2559
10  CASC 2664 2562
26
50  CASC 2159 2567
30  CASC 2461 2561
10  CASC 2643 2564
27
50  LCC 3373 2844
30  CASC 4156 2595
10  CASC 4365 2568
28
50  CASC 5026 2573
30  CASC 5736 2584
29
50  LCC 3544 2862
30  LCC 4528 2829
10  LCC 5364 2866
30
50  LCC 4645 2847
30  LCC 6495 2838
10  LCC 9469 2849
31
80  CASC 3307 2596
40  LCC 3887 2858
0  CASC 3897 2581
32
80  LCC 2945 2871
40  CASC 3368 2582
0  CASC 3454 2593
33
80  LCC 4011 2859
35
50  CASC 2100 2559
30  CASC 3109 2583
10  LCC 3666 2855
36
50  CASC 2600 2561
30  CASC 2771 2592
10  CASC 2843 2564
37
50  LCC 3470 2844
30  CASC 3762 2560
10  CASC 4798 2580
38
50  CASC 6298 2573
39
50  LCC 3019 2861
30  LCC 3026 2846
10  LCC 3614 2862
40
50  LCC 3952 2867
41
50  LCC 2770 2845
30  CASC 3334 2596
10  LCC 3963 2858
42
50  LCC 2625 2871
30  LCC 3019 2835
10  CASC 3113 2593
43
50  CASC 4173 2590
44
50  CASC 2689 2569
45
50  CASC 2417 2559
30  CASC 2814 2583
10  CASC 3964 2562
46
50  CASC 2299 2567
30  LCC 2716 2831
10  CASC 2747 2592
47
50  CASC 4506 2568
30  CASC 4766 2595
10  LCC 5133 2860
48
50  CASC 4834 2565
30  CASC 6075 2584
49
50  LCC 3773 2861
30  LCC 3821 2846
10  LCC 5665 2866
51
50  LCC 3654 2845
30  CASC 4516 2594
10  CASC 4555 2581
52
50  CASC 3417 2589
30  LCC 3518 2836
10  CASC 3541 2585
54
50  CASC 12204 1913
55
50  LCC 20217 1954
56
50  CASC 18359 1914
57
50  CASC 14158 1915
30  LCC 16435 1955
58
50  CASC 16135 1917
59
50  LCC 11929 1956
60
50  LCC 17576 1957
61
50  LCC 11533 1959
30  CASC 12488 1918
SCORE:LCC,CASC,2340,2130,21.0
