LCC-SL
1
50  SL 11744 2907
30  LCC 12900 2855
2
50  SL 8346 2877
30  SL 8361 2923
3
50  LCC 7247 2844
30  SL 8950 2918
10  SL 9075 2884
4
50  LCC 7346 2868
30  SL 9534 2909
5
50  LCC 7149 2861
30  LCC 7241 2846
10  SL 7340 2901
6
50  SL 7120 2921
30  SL 7529 2886
10  SL 7588 2883
7
50  LCC 6395 2845
30  LCC 8620 2858
8
50  LCC 6350 2871
30  LCC 6572 2836
10  SL 7163 2917
9
50  LCC 5246 2841
30  SL 5934 2911
10  SL 5950 2896
10
50  SL 4113 2913
30  SL 4840 2875
11
50  SL 1652 2876
30  SL 1699 2908
10  SL 1840 2885
12
50  SL 1650 2874
30  SL 2522 2922
10  LCC 2865 2837
13
50  LCC 3277 2869
30  LCC 4483 2855
10  SL 4839 2905
14
50  SL 3409 2923
30  SL 4400 2894
10  LCC 5203 2831
15
50  SL 3377 2884
30  SL 3550 2920
10  SL 3600 2918
16
50  LCC 2821 2868
30  SL 3384 2909
10  SL 3680 2880
17
50  SL 6280 2928
30  SL 6354 2901
10  LCC 6550 2862
18
50  SL 6249 2921
30  SL 6403 2883
10  SL 7270 2932
20
50  LCC 5634 2836
30  LCC 5829 2835
10  SL 5976 2917
21
50  LCC 4821 2842
30  LCC 6763 2841
10  LCC 9110 2852
23
50  SL 1968 2876
30  SL 2090 2908
10  SL 2282 2885
24
50  SL 2070 2874
30  LCC 3932 2837
10  SL 4209 2878
25
50  LCC 1880 2869
30  SL 2450 2907
10  SL 2592 2905
26
50  SL 1912 2877
30  SL 2043 2899
10  SL 2310 2894
27
50  LCC 3373 2844
30  SL 4425 2918
10  SL 4534 2897
28
50  SL 4029 2909
30  SL 5410 2880
10  SL 5932 2931
29
50  SL 3388 2928
30  LCC 3544 2862
10  LCC 4528 2829
30
50  SL 3439 2883
30  SL 4214 2932
10  SL 4382 2904
31
80  LCC 3887 2858
40  LCC 5175 2865
32
80  LCC 2945 2871
40  SL 3410 2917
0  LCC 3756 2834
33
80  SL 1860 2876
40  SL 2121 2908
0  SL 2362 2885
34
80  SL 2033 2874
35
50  SL 2492 2907
30  SL 2657 2905
10  LCC 3666 2855
36
50  SL 1757 2877
30  SL 2149 2899
10  SL 2374 2894
37
50  LCC 3470 2844
30  SL 4031 2920
10  SL 5065 2897
38
50  SL 4922 2909
30  SL 5777 2880
10  SL 6623 2931
39
50  LCC 3019 2861
30  LCC 3026 2846
10  SL 3265 2928
40
50  LCC 3952 2867
30  SL 4456 2932
41
50  LCC 2770 2845
30  LCC 3963 2858
42
50  LCC 2625 2871
30  SL 2859 2917
10  LCC 3019 2835
43
50  SL 2284 2876
30  SL 2790 2885
44
50  SL 2286 2874
45
50  SL 2892 2907
30  SL 3801 2881
10  LCC 5274 2854
46
50  SL 1938 2923
30  SL 2446 2899
10  LCC 2716 2831
47
50  SL 4651 2912
30  SL 4742 2918
10  LCC 5133 2860
48
50  SL 6701 2931
30  SL 6857 2880
49
50  LCC 3773 2861
30  LCC 3821 2846
10  SL 3903 2901
50
50  SL 3447 2921
30  SL 3884 2904
51
50  LCC 3654 2845
52
50  LCC 3518 2836
30  LCC 3734 2851
10  LCC 3784 2835
53
50  SL 23862 1969
54
50  SL 11727 1961
55
50  LCC 20217 1954
30  SL 20788 1963
56
50  SL 15044 1965
57
50  SL 15791 1966
30  LCC 16435 1955
59
50  LCC 11929 1956
30  SL 15156 1967
60
50  SL 12371 1968
30  LCC 17576 1957
61
50  LCC 11533 1959
SCORE:LCC,SL,1910,3010,-110.0
