LCC-TVT
1
50  TVT 11250 1868
30  TVT 11778 1909
10  LCC 12900 2855
2
50  TVT 9773 1951
30  TVT 10577 1856
10  TVT 11309 1879
3
50  LCC 7247 2844
30  TVT 7662 1866
10  TVT 8557 1845
4
50  LCC 7346 2868
30  TVT 9433 1917
10  TVT 11734 1880
5
50  LCC 7149 2861
30  LCC 7241 2846
10  TVT 7571 1867
6
50  TVT 7397 1888
30  TVT 7590 1911
10  LCC 8146 2867
7
50  LCC 6395 2845
30  LCC 8620 2858
10  TVT 9332 1900
8
50  TVT 6297 1874
30  LCC 6350 2871
10  LCC 6572 2836
9
50  TVT 4928 1875
30  LCC 5246 2841
10  TVT 5723 1865
10
50  TVT 3245 1950
30  TVT 3347 1908
10  TVT 5460 1948
11
50  TVT 2259 1952
30  LCC 2278 2859
10  LCC 2345 2832
12
50  TVT 2033 1946
30  TVT 2513 1903
10  TVT 2745 1935
13
50  LCC 3277 2869
30  TVT 4097 1868
10  LCC 4483 2855
14
50  TVT 3875 1951
30  TVT 4012 1879
10  TVT 4844 1901
15
50  TVT 3063 1866
30  TVT 3357 1845
10  TVT 3963 1861
16
50  LCC 2821 2868
30  TVT 4169 1880
10  TVT 4566 1886
17
50  LCC 6550 2862
30  TVT 6991 1867
10  TVT 7376 1910
18
50  TVT 6400 1911
30  TVT 6771 1888
10  LCC 7280 2867
19
50  TVT 8321 1900
20
50  TVT 5377 1899
30  LCC 5634 2836
10  TVT 5753 1874
21
50  LCC 4821 2842
30  TVT 4982 1875
10  TVT 6514 1865
22
50  TVT 3774 1908
30  TVT 4170 1950
10  TVT 5940 1839
23
50  TVT 2634 1892
30  TVT 2684 1952
10  LCC 2705 2832
24
50  TVT 2567 1946
30  TVT 3113 1935
10  TVT 3182 1903
25
50  LCC 1880 2869
30  TVT 2553 1909
10  TVT 2657 1853
26
50  TVT 2397 1898
30  TVT 2513 1907
10  LCC 2887 2831
27
50  LCC 3373 2844
30  TVT 4013 1845
10  TVT 4915 1859
28
50  TVT 5289 1880
30  TVT 7253 1943
29
50  LCC 3544 2862
30  TVT 3845 1910
10  LCC 4528 2829
30
50  TVT 3535 1888
30  TVT 3733 1911
10  LCC 4645 2847
31
80  LCC 3887 2858
40  TVT 4059 1900
0  LCC 5175 2865
32
80  TVT 2849 1899
40  LCC 2945 2871
0  TVT 3656 1860
33
80  TVT 2840 1952
40  TVT 3641 1890
0  LCC 4011 2859
34
80  TVT 2670 1946
40  TVT 3389 1896
35
50  TVT 2166 1868
30  TVT 2603 1909
10  TVT 2989 1920
36
50  TVT 2050 1856
30  TVT 2078 1951
10  TVT 2336 1898
37
50  TVT 3427 1866
30  LCC 3470 2844
10  TVT 4109 1913
38
50  TVT 4381 1917
30  TVT 7064 1848
39
50  LCC 3019 2861
30  LCC 3026 2846
10  TVT 3496 1867
40
50  TVT 3217 1888
30  LCC 3952 2867
41
50  LCC 2770 2845
30  LCC 3963 2858
42
50  LCC 2625 2871
30  TVT 2764 1899
10  TVT 2776 1874
43
50  TVT 3133 1952
30  TVT 3244 1892
10  TVT 3675 1890
44
50  TVT 2528 1946
30  TVT 3303 1896
10  TVT 3571 1903
45
50  TVT 2798 1853
30  TVT 3004 1920
10  TVT 3976 1849
46
50  TVT 2600 1856
30  TVT 2637 1907
10  TVT 2667 1879
47
50  TVT 4616 1913
30  TVT 4678 1916
10  LCC 5133 2860
48
50  TVT 5013 1917
30  TVT 5643 1886
49
50  LCC 3773 2861
30  LCC 3821 2846
10  TVT 4377 1910
50
50  TVT 3877 1911
51
50  LCC 3654 2845
30  TVT 4934 1885
52
50  TVT 3306 1874
30  LCC 3518 2836
10  LCC 3734 2851
53
50  TVT 16803 1828
54
50  TVT 12231 1815
55
50  TVT 19785 1818
30  LCC 20217 1954
56
50  TVT 17443 1820
57
50  TVT 14320 1822
30  LCC 16435 1955
58
50  TVT 17419 1825
59
50  LCC 11929 1956
30  TVT 15096 1826
60
50  LCC 17576 1957
61
50  LCC 11533 1959
30  TVT 13181 1827
SCORE:LCC,TVT,1610,3620,-201.0
