LCC-CC
1
50  CC 10921 2939
30  LCC 12900 2855
2
50  CC 8850 2949
3
50  LCC 7247 2844
30  CC 8118 2938
10  CC 8262 2957
4
50  LCC 7346 2868
30  CC 8034 2948
5
50  LCC 7149 2861
30  LCC 7241 2846
10  CC 7882 2954
6
50  LCC 8146 2867
30  CC 8156 2963
10  CC 8302 2944
7
50  LCC 6395 2845
30  LCC 8620 2858
10  CC 9441 2943
8
50  LCC 6350 2871
30  LCC 6572 2836
10  CC 6620 2964
9
50  CC 3234 2960
30  LCC 5246 2841
10  LCC 7384 2842
11
50  LCC 2278 2859
30  CC 2302 2951
10  LCC 2345 2832
12
50  CC 1919 2950
30  LCC 2865 2837
13
50  LCC 3277 2869
30  CC 4125 2959
10  LCC 4483 2855
14
50  CC 4768 2941
30  CC 4781 2953
10  CC 4785 2936
15
50  CC 3222 2938
30  CC 3295 2957
10  CC 3450 2965
16
50  LCC 2821 2868
30  CC 3277 2948
10  CC 5782 2956
17
50  LCC 6550 2862
30  CC 7166 2937
10  CC 7925 2942
18
50  CC 6925 2944
30  LCC 7280 2867
10  LCC 9017 2847
20
50  LCC 5634 2836
30  LCC 5829 2835
10  CC 6203 2934
21
50  CC 2950 2960
30  LCC 4821 2842
10  LCC 6763 2841
23
50  LCC 2705 2832
30  CC 2725 2951
10  LCC 3055 2859
24
50  CC 2439 2950
30  LCC 3932 2837
25
50  LCC 1880 2869
30  CC 2207 2939
10  CC 2372 2958
26
50  CC 1737 2949
30  CC 2684 2953
10  LCC 2887 2831
27
50  LCC 3373 2844
30  CC 4340 2965
10  LCC 5359 2864
28
50  CC 8178 2956
29
50  LCC 3544 2862
30  CC 4219 2937
10  CC 4225 2952
30
50  CC 3806 2944
30  CC 3850 2963
10  LCC 4645 2847
31
80  LCC 3887 2858
40  CC 4707 2943
0  LCC 5175 2865
32
80  LCC 2945 2871
40  CC 3128 2964
0  CC 3500 2934
33
80  LCC 4011 2859
34
80  CC 2484 2950
35
50  CC 2038 2939
30  CC 2359 2959
10  CC 2694 2961
36
50  CC 1658 2949
30  CC 2789 2941
37
50  LCC 3470 2844
30  CC 3522 2938
10  CC 3640 2957
38
50  CC 3847 2948
39
50  LCC 3019 2861
30  LCC 3026 2846
10  CC 3449 2954
40
50  CC 3527 2944
30  LCC 3952 2867
10  CC 4050 2963
41
50  LCC 2770 2845
30  LCC 3963 2858
10  CC 4125 2943
42
50  LCC 2625 2871
30  CC 2822 2964
10  LCC 3019 2835
43
50  CC 3131 2951
44
50  CC 2945 2950
45
50  CC 2420 2939
30  CC 2485 2958
10  CC 2827 2961
46
50  LCC 2716 2831
30  CC 2719 2936
10  CC 2841 2941
47
50  CC 4600 2965
30  LCC 5133 2860
10  LCC 6635 2864
48
50  CC 4097 2948
49
50  LCC 3773 2861
30  CC 3807 2954
10  LCC 3821 2846
50
50  CC 4108 2963
51
50  LCC 3654 2845
30  CC 5260 2943
52
50  CC 3294 2964
30  LCC 3518 2836
10  LCC 3734 2851
55
50  LCC 20217 1954
56
50  CC 19707 1970
57
50  CC 15841 1971
30  LCC 16435 1955
59
50  LCC 11929 1956
30  CC 13789 1972
60
50  LCC 17576 1957
61
50  LCC 11533 1959
SCORE:LCC,CC,2150,2320,-17.0
