LCC-CH
1
50  CH 9387 3108
30  CH 9994 3070
10  CH 10944 3066
2
50  CH 13943 3123
30  CH 15191 3087
3
50  LCC 7247 2844
30  CH 8038 3083
10  LCC 9800 2860
4
50  LCC 7346 2868
30  CH 10107 3111
10  CH 10791 3081
5
50  LCC 7149 2861
30  LCC 7241 2846
10  CH 8338 3086
6
50  LCC 8146 2867
30  CH 8290 3085
10  CH 9969 3095
7
50  LCC 6395 2845
30  LCC 8620 2858
8
50  LCC 6350 2871
30  LCC 6572 2836
10  LCC 7900 2851
9
50  CH 2656 3080
30  CH 3053 3062
10  CH 3434 3118
10
50  CH 2587 3076
30  CH 3566 3067
10  CH 3896 3117
11
50  LCC 2278 2859
30  LCC 2345 2832
10  CH 2405 3069
12
50  CH 2153 3119
30  LCC 2865 2837
10  CH 3169 3110
13
50  LCC 3277 2869
30  CH 3818 3108
10  CH 3875 3070
14
50  CH 5110 3074
30  LCC 5203 2831
10  CH 5591 3087
15
50  CH 3274 3083
30  LCC 4085 2864
10  CH 4234 3088
16
50  LCC 2821 2868
30  CH 4012 3111
10  CH 4029 3081
17
50  LCC 6550 2862
30  CH 7585 3086
10  LCC 8026 2829
18
50  CH 7168 3085
30  LCC 7280 2867
10  LCC 9017 2847
20
50  LCC 5634 2836
30  LCC 5829 2835
10  LCC 6720 2870
21
50  CH 3358 3062
30  CH 3632 3080
10  CH 4530 3118
22
50  CH 4122 3076
30  CH 5985 3117
10  CH 6728 3109
23
50  LCC 2705 2832
30  CH 2922 3120
10  LCC 3055 2859
24
50  CH 3088 3119
30  CH 3578 3110
10  LCC 3932 2837
25
50  LCC 1880 2869
30  CH 2178 3108
10  CH 2381 3121
26
50  CH 2538 3087
30  LCC 2887 2831
10  CH 3601 3074
27
50  LCC 3373 2844
30  CH 3922 3083
10  CH 5050 3088
28
50  CH 4947 3073
30  CH 4950 3111
10  CH 5001 3081
29
50  LCC 3544 2862
30  CH 3618 3086
10  LCC 4528 2829
30
50  LCC 4645 2847
30  CH 5310 3071
10  CH 5478 3059
31
80  LCC 3887 2858
40  LCC 5175 2865
32
80  LCC 2945 2871
40  LCC 3756 2834
0  LCC 4034 2833
33
80  CH 3087 3069
40  LCC 4011 2859
0  CH 4651 3077
34
80  CH 2778 3119
35
50  CH 1913 3066
30  CH 1999 3108
10  CH 2381 3121
36
50  CH 3640 3123
30  CH 3850 3099
37
50  LCC 3470 2844
30  CH 3868 3083
10  CH 4818 3088
38
50  CH 5581 3111
30  CH 6155 3060
10  CH 6840 3081
39
50  LCC 3019 2861
30  LCC 3026 2846
10  CH 3546 3086
40
50  LCC 3952 2867
30  CH 4072 3085
41
50  LCC 2770 2845
30  LCC 3963 2858
42
50  LCC 2625 2871
30  LCC 3019 2835
10  LCC 3132 2851
43
50  CH 3694 3120
30  CH 4434 3090
10  CH 4721 3104
44
50  CH 4025 3119
45
50  CH 2458 3070
30  CH 2618 3089
10  CH 2705 3082
46
50  LCC 2716 2831
47
50  LCC 5133 2860
30  CH 5384 3068
10  CH 5616 3098
48
50  CH 6846 3060
30  CH 7466 3073
10  CH 7787 3103
49
50  LCC 3773 2861
30  LCC 3821 2846
10  CH 5574 3114
50
50  CH 5263 3095
30  CH 7240 3059
51
50  LCC 3654 2845
52
50  LCC 3518 2836
30  LCC 3734 2851
10  LCC 3784 2835
53
50  CH 14214 1989
54
50  CH 12912 1982
55
50  CH 17409 1984
30  LCC 20217 1954
56
50  CH 25353 1985
57
50  LCC 16435 1955
30  CH 18681 1986
58
50  CH 21965 1987
59
50  LCC 11929 1956
60
50  CH 15906 1988
30  LCC 17576 1957
61
50  LCC 11533 1959
SCORE:LCC,CH,2340,2690,-35.0
