LCC-DUL
1
50  DUL 10606 1303
30  DUL 11379 1307
10  DUL 11689 1338
3
50  LCC 7247 2844
30  DUL 9243 1320
10  LCC 9800 2860
4
50  LCC 7346 2868
30  DUL 10659 1300
5
50  LCC 7149 2861
30  LCC 7241 2846
10  LCC 9158 2829
6
50  LCC 8146 2867
7
50  LCC 6395 2845
30  DUL 8048 1349
10  DUL 8394 1296
8
50  LCC 6350 2871
30  LCC 6572 2836
10  DUL 7197 1305
9
50  DUL 3522 1291
30  DUL 3850 1313
10  DUL 4415 1328
10
50  DUL 3298 1361
30  DUL 4187 1325
10  DUL 4641 1336
11
50  DUL 2237 1318
30  LCC 2278 2859
10  DUL 2304 1322
12
50  DUL 2127 1297
30  LCC 2865 2837
10  DUL 3045 1355
13
50  LCC 3277 2869
30  DUL 4160 1303
10  DUL 4350 1338
14
50  LCC 5203 2831
30  DUL 5563 1315
10  DUL 5773 1354
15
50  DUL 4062 1323
30  LCC 4085 2864
10  DUL 4413 1324
16
50  LCC 2821 2868
30  DUL 5700 1363
17
50  LCC 6550 2862
30  LCC 8026 2829
10  LCC 8665 2866
18
50  LCC 7280 2867
30  LCC 9017 2847
10  LCC 10007 2838
19
50  DUL 8299 1356
30  DUL 8634 1348
10  DUL 8830 1292
20
50  LCC 5634 2836
30  LCC 5829 2835
10  LCC 6720 2870
21
50  DUL 3983 1332
30  DUL 4739 1352
10  LCC 4821 2842
22
50  DUL 4059 1361
30  DUL 6140 1309
23
50  DUL 2695 1337
30  LCC 2705 2832
10  DUL 2847 1351
24
50  DUL 2994 1297
30  DUL 3733 1317
10  LCC 3932 2837
25
50  LCC 1880 2869
30  DUL 2093 1303
10  DUL 2238 1304
26
50  LCC 2887 2831
30  DUL 2906 1293
10  DUL 3318 1315
27
50  LCC 3373 2844
30  DUL 4920 1294
10  DUL 5019 1334
28
50  DUL 5527 1300
30  DUL 7231 1363
29
50  LCC 3544 2862
30  DUL 4352 1347
10  DUL 4490 1319
30
50  LCC 4645 2847
30  LCC 6495 2838
10  LCC 9469 2849
31
80  LCC 3887 2858
40  DUL 3909 1349
0  DUL 4014 1296
32
80  LCC 2945 2871
40  DUL 3673 1305
0  LCC 3756 2834
33
80  DUL 2739 1337
40  DUL 3487 1351
0  LCC 4011 2859
35
50  DUL 1873 1303
30  DUL 2175 1304
10  DUL 2234 1344
36
50  DUL 3350 1315
37
50  LCC 3470 2844
30  DUL 4325 1320
10  DUL 4438 1294
38
50  DUL 4950 1300
39
50  LCC 3019 2861
30  LCC 3026 2846
10  LCC 3614 2862
40
50  LCC 3952 2867
41
50  LCC 2770 2845
30  DUL 3374 1349
10  DUL 3887 1296
42
50  LCC 2625 2871
30  LCC 3019 2835
10  DUL 3122 1305
43
50  DUL 2877 1322
30  DUL 3127 1337
10  DUL 3831 1306
45
50  DUL 2291 1307
30  DUL 2775 1331
10  DUL 2864 1327
46
50  LCC 2716 2831
30  DUL 2757 1293
47
50  LCC 5133 2860
30  DUL 5163 1320
10  DUL 5656 1294
48
50  DUL 5469 1300
30  DUL 7927 1363
49
50  LCC 3773 2861
30  LCC 3821 2846
10  DUL 4732 1347
51
50  LCC 3654 2845
30  DUL 4042 1296
10  DUL 4289 1349
52
50  DUL 3484 1295
30  LCC 3518 2836
10  LCC 3734 2851
53
50  DUL 18537 1749
54
50  DUL 12181 1742
55
50  LCC 20217 1954
30  DUL 24027 1744
57
50  LCC 16435 1955
30  DUL 16909 1746
59
50  LCC 11929 1956
60
50  LCC 17576 1957
61
50  LCC 11533 1959
30  DUL 13150 1748
SCORE:LCC,DUL,2230,2400,-17.0
