LCC-SD
1
50  SD 10430 3496
30  SD 12639 3479
10  LCC 12900 2855
2
50  SD 13250 3516
30  SD 13371 3510
3
50  LCC 7247 2844
30  SD 9045 3497
10  LCC 9800 2860
4
50  LCC 7346 2868
30  SD 10282 3500
10  SD 12127 3483
5
50  LCC 7149 2861
30  LCC 7241 2846
10  LCC 9158 2829
6
50  SD 7475 3498
30  LCC 8146 2867
10  SD 9590 3480
7
50  LCC 6395 2845
30  LCC 8620 2858
10  SD 9537 3481
8
50  LCC 6350 2871
30  LCC 6572 2836
10  LCC 7900 2851
9
50  SD 3290 3514
30  SD 3633 3515
10  SD 4007 3491
10
50  SD 2538 3513
30  SD 3182 3519
10  SD 3209 3512
11
50  LCC 2278 2859
30  LCC 2345 2832
10  SD 3290 3514
12
50  SD 1883 3478
30  SD 2227 3499
10  SD 2453 3502
13
50  LCC 3277 2869
30  LCC 4483 2855
10  SD 4896 3508
14
50  SD 4775 3504
30  SD 4787 3503
10  LCC 5203 2831
15
50  LCC 4085 2864
30  SD 4625 3488
10  SD 5097 3511
16
50  LCC 2821 2868
30  SD 4600 3483
17
50  LCC 6550 2862
30  LCC 8026 2829
10  SD 8478 3521
18
50  SD 6208 3498
30  LCC 7280 2867
10  LCC 9017 2847
20
50  LCC 5634 2836
30  LCC 5829 2835
10  LCC 6720 2870
21
50  SD 3746 3506
30  SD 3990 3515
10  SD 4595 3491
22
50  SD 3064 3513
30  SD 3569 3519
10  SD 4264 3512
23
50  LCC 2705 2832
30  LCC 3055 2859
10  SD 3746 3506
24
50  SD 2452 3478
30  SD 2613 3499
10  SD 2721 3509
25
50  LCC 1880 2869
30  SD 2087 3496
10  LCC 3190 2839
26
50  SD 2570 3503
30  SD 2651 3510
10  SD 2733 3516
27
50  LCC 3373 2844
30  SD 4000 3497
10  LCC 5359 2864
28
50  SD 4532 3500
30  SD 5972 3483
29
50  LCC 3544 2862
30  SD 4327 3521
10  LCC 4528 2829
30
50  SD 4615 3480
30  LCC 4645 2847
10  LCC 6495 2838
31
80  LCC 3887 2858
40  SD 4613 3481
0  LCC 5175 2865
32
80  LCC 2945 2871
40  LCC 3756 2834
0  LCC 4034 2833
33
80  LCC 4011 2859
34
80  SD 2528 3478
40  SD 2935 3499
0  SD 3640 3509
35
50  SD 2064 3496
30  SD 2643 3479
10  LCC 3666 2855
36
50  SD 2477 3516
30  SD 3441 3504
37
50  LCC 3470 2844
30  SD 4327 3497
10  LCC 5231 2860
38
50  SD 5521 3500
39
50  LCC 3019 2861
30  LCC 3026 2846
10  LCC 3614 2862
40
50  LCC 3952 2867
30  SD 4488 3480
41
50  LCC 2770 2845
30  LCC 3963 2858
10  SD 4363 3481
42
50  LCC 2625 2871
30  LCC 3019 2835
10  LCC 3132 2851
43
50  SD 4865 3505
44
50  SD 2788 3478
30  SD 3101 3499
10  SD 3502 3509
45
50  SD 2541 3479
30  SD 2955 3508
10  SD 3545 3493
46
50  LCC 2716 2831
30  SD 3234 3510
47
50  SD 4700 3497
30  LCC 5133 2860
10  SD 6295 3488
48
50  SD 5057 3500
30  SD 6591 3483
49
50  LCC 3773 2861
30  LCC 3821 2846
10  SD 4806 3487
50
50  SD 5284 3480
51
50  LCC 3654 2845
30  SD 5034 3481
52
50  LCC 3518 2836
30  LCC 3734 2851
10  LCC 3784 2835
53
50  SD 15585 2067
54
50  SD 12488 2064
55
50  LCC 20217 1954
30  SD 21624 2065
56
50  SD 19897 2066
57
50  LCC 16435 1955
59
50  LCC 11929 1956
60
50  LCC 17576 1957
61
50  LCC 11533 1959
SCORE:LCC,SD,2400,2500,-10.0
