LCC-SHC
1
50  SHC 8773 492
30  SHC 10263 463
10  SHC 10669 513
2
50  SHC 10517 475
30  SHC 10644 539
10  SHC 12246 531
3
50  LCC 7247 2844
30  SHC 8951 533
10  SHC 9627 514
4
50  LCC 7346 2868
30  SHC 7872 552
5
50  LCC 7149 2861
30  LCC 7241 2846
10  SHC 8052 501
6
50  SHC 6757 549
30  LCC 8146 2867
10  SHC 11721 476
7
50  LCC 6395 2845
30  SHC 7710 459
10  SHC 7723 479
8
50  LCC 6350 2871
30  LCC 6572 2836
10  SHC 7306 502
9
50  SHC 3479 481
30  SHC 3513 528
10  SHC 3803 486
10
50  SHC 3037 565
30  SHC 3619 471
10  SHC 3666 534
11
50  SHC 2143 564
30  LCC 2278 2859
10  LCC 2345 2832
12
50  SHC 2783 535
30  LCC 2865 2837
10  SHC 2872 512
13
50  LCC 3277 2869
30  SHC 3514 492
10  SHC 3799 547
14
50  SHC 4207 537
30  SHC 4694 559
10  SHC 4865 531
15
50  SHC 3479 533
30  SHC 3687 514
10  SHC 3807 515
16
50  LCC 2821 2868
30  SHC 3036 552
10  SHC 3941 542
17
50  LCC 6550 2862
30  SHC 7129 546
10  SHC 7729 478
18
50  SHC 7143 493
30  LCC 7280 2867
10  SHC 8607 488
19
50  SHC 6655 479
30  SHC 6933 459
10  SHC 7867 489
20
50  LCC 5634 2836
30  LCC 5829 2835
10  SHC 5949 490
21
50  SHC 2812 540
30  SHC 3757 481
10  SHC 4366 528
22
50  SHC 3253 565
30  SHC 3894 471
10  SHC 4737 534
23
50  SHC 2502 564
30  LCC 2705 2832
10  SHC 2827 554
24
50  SHC 2900 464
30  SHC 3818 512
10  SHC 3879 504
25
50  LCC 1880 2869
30  SHC 2013 550
10  SHC 2044 513
26
50  SHC 2653 457
30  SHC 2657 538
10  LCC 2887 2831
27
50  LCC 3373 2844
30  SHC 4386 533
10  SHC 4756 487
28
50  SHC 4765 451
30  SHC 5445 525
10  SHC 6153 456
29
50  SHC 3509 546
30  LCC 3544 2862
10  LCC 4528 2829
30
50  SHC 4305 493
30  LCC 4645 2847
10  SHC 4891 488
31
80  SHC 3706 558
40  SHC 3828 458
0  LCC 3887 2858
32
80  LCC 2945 2871
40  SHC 3169 502
0  SHC 3619 526
33
80  SHC 2923 554
40  SHC 2977 491
0  SHC 2997 540
34
80  SHC 3849 511
35
50  SHC 1906 463
30  SHC 2377 524
10  SHC 2601 557
36
50  SHC 2075 537
30  SHC 2173 539
10  SHC 2534 506
37
50  LCC 3470 2844
30  SHC 4158 514
10  SHC 4610 487
38
50  SHC 3333 552
30  SHC 4793 525
10  SHC 6116 505
39
50  LCC 3019 2861
30  LCC 3026 2846
10  SHC 3290 501
40
50  SHC 2951 549
30  SHC 3667 493
10  LCC 3952 2867
41
50  LCC 2770 2845
30  SHC 3356 459
10  SHC 3443 479
42
50  LCC 2625 2871
30  SHC 2906 490
10  SHC 3016 502
43
50  SHC 3154 553
30  SHC 3207 469
10  SHC 3212 491
44
50  SHC 3788 464
45
50  SHC 2141 550
30  SHC 2513 522
10  SHC 2620 524
46
50  SHC 2295 475
30  SHC 2475 539
10  LCC 2716 2831
47
50  LCC 5133 2860
30  SHC 5463 482
10  SHC 5543 515
48
50  SHC 5134 542
30  SHC 5643 466
10  SHC 5672 451
49
50  LCC 3773 2861
30  LCC 3821 2846
10  SHC 4671 478
50
50  SHC 3461 549
30  SHC 5967 476
51
50  LCC 3654 2845
30  SHC 4114 458
10  SHC 4837 489
52
50  LCC 3518 2836
30  LCC 3734 2851
10  SHC 3760 490
53
50  SHC 16298 1670
55
50  SHC 14927 1665
30  LCC 20217 1954
56
50  SHC 18851 1666
57
50  LCC 16435 1955
30  SHC 18766 1667
59
50  LCC 11929 1956
60
50  LCC 17576 1957
61
50  LCC 11533 1959
SCORE:LCC,SHC,1700,3410,-171.0
