LCC-ALT
1
50  LCC 12900 2855
3
50  LCC 7247 2844
30  LCC 9800 2860
4
50  LCC 7346 2868
5
50  LCC 7149 2861
30  LCC 7241 2846
10  LCC 9158 2829
6
50  LCC 8146 2867
7
50  LCC 6395 2845
30  LCC 8620 2858
8
50  LCC 6350 2871
30  LCC 6572 2836
10  LCC 7900 2851
9
50  LCC 5246 2841
30  LCC 7384 2842
10  LCC 9874 2852
11
50  LCC 2278 2859
30  LCC 2345 2832
12
50  LCC 2865 2837
13
50  LCC 3277 2869
30  LCC 4483 2855
10  LCC 5635 2848
14
50  LCC 5203 2831
15
50  LCC 4085 2864
30  LCC 5274 2853
10  LCC 10353 2856
16
50  LCC 2821 2868
17
50  LCC 6550 2862
30  LCC 8026 2829
10  LCC 8665 2866
18
50  LCC 7280 2867
30  LCC 9017 2847
10  LCC 10007 2838
20
50  LCC 5634 2836
30  LCC 5829 2835
10  LCC 6720 2870
21
50  LCC 4821 2842
30  LCC 6763 2841
10  LCC 9110 2852
23
50  LCC 2705 2832
30  LCC 3055 2859
24
50  LCC 3932 2837
25
50  LCC 1880 2869
30  LCC 3190 2839
10  LCC 3717 2854
26
50  LCC 2887 2831
27
50  LCC 3373 2844
30  LCC 5359 2864
10  LCC 6637 2853
29
50  LCC 3544 2862
30  LCC 4528 2829
10  LCC 5364 2866
30
50  LCC 4645 2847
30  LCC 6495 2838
10  LCC 9469 2849
31
80  LCC 3887 2858
40  LCC 5175 2865
32
80  LCC 2945 2871
40  LCC 3756 2834
0  LCC 4034 2833
33
80  LCC 4011 2859
35
50  LCC 3666 2855
37
50  LCC 3470 2844
30  LCC 5231 2860
10  LCC 6450 2853
39
50  LCC 3019 2861
30  LCC 3026 2846
10  LCC 3614 2862
40
50  LCC 3952 2867
41
50  LCC 2770 2845
30  LCC 3963 2858
42
50  LCC 2625 2871
30  LCC 3019 2835
10  LCC 3132 2851
45
50  LCC 5274 2854
46
50  LCC 2716 2831
47
50  LCC 5133 2860
30  LCC 6635 2864
49
50  LCC 3773 2861
30  LCC 3821 2846
10  LCC 5665 2866
51
50  LCC 3654 2845
52
50  LCC 3518 2836
30  LCC 3734 2851
10  LCC 3784 2835
55
50  LCC 20217 1954
57
50  LCC 16435 1955
59
50  LCC 11929 1956
60
50  LCC 17576 1957
61
50  LCC 11533 1959
SCORE:LCC,ALT,3320,0,332.0
