LCC-WM
1
50  WM 11381 409
30  WM 12706 435
10  LCC 12900 2855
2
50  WM 9257 442
30  WM 10290 397
10  WM 11085 361
3
50  LCC 7247 2844
30  WM 9647 413
10  LCC 9800 2860
4
50  LCC 7346 2868
30  WM 8102 420
10  WM 10572 426
5
50  LCC 7149 2861
30  LCC 7241 2846
10  WM 7746 354
6
50  LCC 8146 2867
30  WM 9098 366
7
50  LCC 6395 2845
30  WM 7315 362
10  WM 7745 395
8
50  LCC 6350 2871
30  LCC 6572 2836
10  WM 6781 429
9
50  WM 2723 424
30  WM 4715 386
10  WM 4725 349
10
50  WM 2822 399
30  WM 3653 438
10  WM 4665 411
11
50  WM 2259 410
30  LCC 2278 2859
10  LCC 2345 2832
12
50  WM 1872 422
30  WM 2007 398
10  WM 2278 393
13
50  LCC 3277 2869
30  WM 4088 368
10  LCC 4483 2855
14
50  WM 3604 344
30  WM 3605 370
10  WM 3615 442
15
50  WM 3354 413
30  WM 3712 392
10  WM 3790 421
16
50  LCC 2821 2868
30  WM 3172 419
10  WM 3212 420
17
50  LCC 6550 2862
30  WM 6889 447
10  WM 7740 444
18
50  WM 6745 449
30  LCC 7280 2867
10  WM 7763 417
19
50  WM 6491 362
30  WM 6744 395
10  WM 8494 383
20
50  LCC 5634 2836
30  LCC 5829 2835
10  WM 6571 418
21
50  WM 3807 424
30  WM 4444 369
10  WM 4552 400
22
50  WM 3663 399
30  WM 3854 438
10  WM 5197 411
23
50  LCC 2705 2832
30  LCC 3055 2859
10  WM 3331 445
24
50  WM 2235 422
30  WM 2456 398
10  WM 3002 393
25
50  LCC 1880 2869
30  WM 2297 368
10  WM 2578 409
26
50  WM 1956 357
30  WM 2032 442
10  WM 2334 364
27
50  LCC 3373 2844
30  WM 4469 421
10  LCC 5359 2864
28
50  WM 3978 419
30  WM 4551 426
10  WM 6008 432
29
50  LCC 3544 2862
30  WM 3591 447
10  WM 3647 354
30
50  WM 3774 449
30  WM 4159 366
10  LCC 4645 2847
31
80  WM 3342 362
40  WM 3633 395
0  LCC 3887 2858
32
80  LCC 2945 2871
40  LCC 3756 2834
0  LCC 4034 2833
33
80  LCC 4011 2859
34
80  WM 2535 422
40  WM 3318 434
35
50  WM 2172 368
30  WM 2301 435
10  LCC 3666 2855
36
50  WM 1782 370
30  WM 1856 344
10  WM 2326 361
37
50  LCC 3470 2844
30  WM 3887 413
10  WM 4606 392
38
50  WM 3441 419
30  WM 5119 426
10  WM 6497 436
39
50  LCC 3019 2861
30  LCC 3026 2846
10  LCC 3614 2862
40
50  LCC 3952 2867
41
50  LCC 2770 2845
30  LCC 3963 2858
42
50  LCC 2625 2871
30  WM 2804 429
10  LCC 3019 2835
43
50  WM 2913 410
44
50  WM 3271 398
30  WM 3397 373
10  WM 4166 380
45
50  WM 2656 425
30  WM 2820 409
10  WM 2925 359
46
50  WM 2401 397
30  WM 2450 361
10  WM 2644 357
47
50  LCC 5133 2860
30  WM 5535 342
10  LCC 6635 2864
48
50  WM 4140 420
30  WM 5713 376
10  WM 6214 446
49
50  LCC 3773 2861
30  LCC 3821 2846
10  WM 3902 354
50
50  WM 4287 449
30  WM 5900 406
10  WM 6501 417
51
50  LCC 3654 2845
30  WM 4555 382
10  WM 5679 416
52
50  LCC 3518 2836
30  WM 3656 429
10  LCC 3734 2851
53
50  WM 18189 1662
54
50  WM 11382 1658
55
50  LCC 20217 1954
57
50  LCC 16435 1955
59
50  LCC 11929 1956
30  WM 14150 1660
60
50  LCC 17576 1957
61
50  LCC 11533 1959
30  WM 14309 1661
SCORE:LCC,WM,1980,3090,-111.0
