LCC-ML
1
50  ML 7733 3026
30  ML 8827 3040
10  LCC 12900 2855
3
50  LCC 7247 2844
30  ML 7653 3039
10  ML 8387 3030
4
50  LCC 7346 2868
5
50  LCC 7149 2861
30  LCC 7241 2846
10  ML 7646 2976
6
50  LCC 8146 2867
30  ML 8587 3042
10  ML 8838 3041
7
50  LCC 6395 2845
30  LCC 8620 2858
8
50  LCC 6350 2871
30  LCC 6572 2836
10  ML 6856 3009
9
50  ML 2362 3027
30  ML 3564 3035
10  ML 3747 3038
10
50  ML 3708 3055
30  ML 4282 3004
10  ML 4460 2966
11
50  ML 1763 3018
30  ML 2138 2990
10  ML 2240 2985
12
50  ML 1841 3057
30  ML 2006 3058
10  ML 2091 3016
13
50  LCC 3277 2869
30  ML 4123 2974
10  LCC 4483 2855
14
50  ML 3347 3007
30  ML 3845 3052
10  ML 4152 3017
15
50  ML 3038 3039
30  ML 3094 2983
10  ML 3537 2977
16
50  LCC 2821 2868
30  ML 3797 3008
10  ML 4314 3053
17
50  LCC 6550 2862
30  ML 6728 3025
10  ML 7035 2976
18
50  LCC 7280 2867
30  ML 7318 3042
10  ML 7769 3041
20
50  LCC 5634 2836
30  ML 5822 3009
10  LCC 5829 2835
21
50  ML 3140 3027
30  ML 4009 2975
10  ML 4740 3035
22
50  ML 5102 3004
30  ML 5881 3055
10  ML 6240 3033
23
50  ML 2434 2968
30  ML 2446 3018
10  LCC 2705 2832
24
50  ML 2428 3058
30  ML 2614 3057
10  ML 2625 3016
25
50  LCC 1880 2869
30  ML 2282 2979
10  ML 2409 2974
26
50  ML 1775 3007
30  ML 2128 3052
10  ML 2400 3017
27
50  LCC 3373 2844
30  ML 3468 3028
10  ML 3828 3030
28
50  ML 5208 3053
30  ML 5515 2971
29
50  ML 3495 3025
30  LCC 3544 2862
10  ML 3766 2976
30
50  ML 4514 3006
30  LCC 4645 2847
10  ML 4781 3000
31
80  LCC 3887 2858
40  LCC 5175 2865
32
80  LCC 2945 2871
40  ML 3295 3009
0  LCC 3756 2834
33
80  LCC 4011 2859
35
50  ML 1494 3026
30  ML 1822 3040
10  ML 3094 3048
36
50  ML 1976 3007
30  ML 2253 3017
10  ML 3033 3029
37
50  ML 3107 3028
30  LCC 3470 2844
10  ML 3506 3039
38
50  ML 4734 3008
30  ML 5303 3053
10  ML 5725 2971
39
50  LCC 3019 2861
30  LCC 3026 2846
10  ML 3244 2976
40
50  LCC 3952 2867
30  ML 4843 3006
41
50  LCC 2770 2845
30  LCC 3963 2858
42
50  LCC 2625 2871
30  ML 2864 3009
10  LCC 3019 2835
43
50  ML 2798 3018
30  ML 2884 2968
10  ML 5954 2997
44
50  ML 2996 2998
45
50  ML 1895 3026
30  ML 2352 3040
10  ML 2645 2974
46
50  LCC 2716 2831
30  ML 2939 3031
47
50  ML 3656 3028
30  ML 4203 2983
10  ML 4350 2999
48
50  ML 4858 3008
49
50  LCC 3773 2861
30  LCC 3821 2846
10  ML 4165 3025
50
50  ML 4115 3023
30  ML 4447 3041
10  ML 4591 3042
51
50  LCC 3654 2845
52
50  LCC 3518 2836
30  LCC 3734 2851
10  LCC 3784 2835
53
50  ML 16500 1973
54
50  ML 9222 1974
55
50  ML 16363 1977
30  LCC 20217 1954
56
50  ML 18044 1978
57
50  ML 12776 1980
30  LCC 16435 1955
59
50  LCC 11929 1956
60
50  ML 14843 1981
30  LCC 17576 1957
61
50  LCC 11533 1959
SCORE:LCC,ML,1880,2860,-98.0
