LCC-WST
1
50  WST 9560 1393
30  WST 10214 1445
10  WST 10894 1396
2
50  WST 10409 1384
30  WST 15063 1458
3
50  LCC 7247 2844
30  WST 9201 1410
10  WST 9728 1391
4
50  LCC 7346 2868
30  WST 8631 1444
10  WST 13321 1412
5
50  LCC 7149 2861
30  LCC 7241 2846
10  WST 7806 1401
6
50  LCC 8146 2867
30  WST 9363 1376
10  WST 9634 1370
7
50  LCC 6395 2845
30  LCC 8620 2858
10  WST 9084 1399
8
50  LCC 6350 2871
30  LCC 6572 2836
10  WST 6800 1380
9
50  LCC 5246 2841
30  WST 5891 1427
10  LCC 7384 2842
10
50  WST 3581 1423
30  WST 3746 1405
10  WST 3935 1442
11
50  WST 1954 1411
30  WST 2237 1389
10  WST 2277 1455
12
50  WST 1846 1421
30  WST 2390 1388
10  WST 2517 1372
13
50  LCC 3277 2869
30  WST 4119 1445
10  WST 4175 1366
14
50  WST 3938 1384
30  WST 4257 1392
10  WST 4503 1417
15
50  WST 3622 1448
30  WST 3751 1410
10  WST 3823 1391
16
50  LCC 2821 2868
30  WST 3387 1444
10  WST 4944 1412
17
50  LCC 6550 2862
30  WST 7747 1425
10  WST 7844 1456
18
50  LCC 7280 2867
30  WST 7996 1370
10  WST 8036 1460
19
50  WST 7150 1461
30  WST 7878 1399
10  WST 9216 1454
20
50  LCC 5634 2836
30  LCC 5829 2835
10  WST 5963 1380
21
50  LCC 4821 2842
30  LCC 6763 2841
10  LCC 9110 2852
22
50  WST 3468 1423
30  WST 4919 1405
10  WST 7531 1442
23
50  WST 2557 1389
30  LCC 2705 2832
10  WST 2771 1404
24
50  WST 2217 1421
30  WST 3152 1415
10  WST 3157 1388
25
50  LCC 1880 2869
30  WST 2062 1393
10  WST 2282 1366
26
50  WST 2282 1392
30  WST 2797 1417
10  LCC 2887 2831
27
50  LCC 3373 2844
30  WST 4415 1391
10  WST 4528 1410
28
50  WST 6243 1412
30  WST 7391 1453
29
50  WST 3400 1401
30  LCC 3544 2862
10  WST 3975 1387
30
50  WST 4352 1376
30  WST 4367 1369
10  LCC 4645 2847
31
80  WST 3713 1461
40  LCC 3887 2858
0  WST 4152 1399
32
80  LCC 2945 2871
40  LCC 3756 2834
0  LCC 4034 2833
33
80  WST 2529 1411
40  WST 2560 1389
0  WST 2919 1455
34
80  WST 2022 1421
40  WST 4708 1372
0  WST 4744 1408
35
50  WST 1716 1393
30  WST 2115 1396
10  WST 2315 1386
36
50  WST 2963 1378
30  WST 3169 1458
10  WST 3212 1417
37
50  LCC 3470 2844
30  WST 4690 1448
10  WST 4878 1375
38
50  WST 4603 1444
30  WST 6015 1412
39
50  LCC 3019 2861
30  LCC 3026 2846
10  LCC 3614 2862
40
50  LCC 3952 2867
30  WST 4535 1370
10  WST 4549 1369
41
50  LCC 2770 2845
30  WST 3744 1461
10  LCC 3963 2858
42
50  LCC 2625 2871
30  WST 2927 1380
10  LCC 3019 2835
43
50  WST 2528 1411
30  WST 3299 1455
10  WST 4266 1389
44
50  WST 3463 1421
30  WST 3545 1388
45
50  WST 2255 1445
30  WST 2335 1396
10  WST 2484 1379
46
50  WST 2591 1392
30  LCC 2716 2831
10  WST 2789 1458
47
50  WST 4922 1409
30  WST 5107 1402
10  LCC 5133 2860
48
50  WST 4406 1444
30  WST 7495 1453
49
50  LCC 3773 2861
30  LCC 3821 2846
10  WST 4372 1456
50
50  WST 5246 1460
30  WST 5342 1369
51
50  LCC 3654 2845
30  WST 4490 1399
52
50  LCC 3518 2836
30  LCC 3734 2851
10  LCC 3784 2835
53
50  WST 18453 1763
54
50  WST 8588 1752
55
50  WST 16994 1755
30  LCC 20217 1954
57
50  WST 15310 1758
30  LCC 16435 1955
59
50  LCC 11929 1956
30  WST 13947 1760
60
50  WST 14387 1761
30  LCC 17576 1957
61
50  LCC 11533 1959
30  WST 15394 1762
SCORE:LCC,WST,1920,3310,-139.0
