LCC-HSC
1
50  HSC 12582 3422
30  LCC 12900 2855
2
50  HSC 13133 3465
30  HSC 13628 3436
3
50  LCC 7247 2844
30  LCC 9800 2860
10  HSC 10519 3445
4
50  LCC 7346 2868
30  HSC 8441 3463
5
50  LCC 7149 2861
30  LCC 7241 2846
10  HSC 7740 3466
6
50  HSC 7907 3446
30  LCC 8146 2867
10  HSC 8508 3458
7
50  LCC 6395 2845
30  HSC 8442 3457
10  LCC 8620 2858
8
50  LCC 6350 2871
30  LCC 6572 2836
10  HSC 6592 3462
9
50  HSC 5143 3442
30  LCC 5246 2841
10  HSC 5829 3441
10
50  HSC 3999 3459
11
50  HSC 1977 3430
30  HSC 2019 3464
10  LCC 2278 2859
12
50  LCC 2865 2837
30  HSC 3999 3459
10  HSC 4838 3452
13
50  LCC 3277 2869
30  LCC 4483 2855
10  HSC 4509 3422
14
50  HSC 4084 3420
30  HSC 4704 3465
10  LCC 5203 2831
15
50  HSC 3963 3445
30  LCC 4085 2864
10  HSC 5148 3425
16
50  LCC 2821 2868
30  HSC 3251 3453
10  HSC 3253 3463
17
50  LCC 6550 2862
30  HSC 6734 3466
10  HSC 6821 3424
18
50  HSC 6803 3423
30  LCC 7280 2867
10  HSC 7347 3458
19
50  HSC 7373 3448
30  HSC 7776 3447
20
50  HSC 5558 3462
30  LCC 5634 2836
10  LCC 5829 2835
21
50  LCC 4821 2842
30  HSC 5788 3441
10  LCC 6763 2841
22
50  HSC 8421 3459
23
50  LCC 2705 2832
30  HSC 2976 3430
10  LCC 3055 2859
24
50  LCC 3932 2837
30  HSC 4538 3452
10  HSC 8421 3459
25
50  LCC 1880 2869
30  HSC 2488 3422
10  LCC 3190 2839
26
50  HSC 2844 3420
30  HSC 2852 3465
10  LCC 2887 2831
27
50  LCC 3373 2844
30  LCC 5359 2864
10  HSC 6280 3425
28
50  HSC 4294 3421
30  HSC 4380 3453
10  HSC 4906 3435
29
50  LCC 3544 2862
30  HSC 3789 3444
10  LCC 4528 2829
30
50  HSC 3802 3446
30  HSC 3893 3423
10  LCC 4645 2847
31
80  LCC 3887 2858
40  HSC 3913 3448
0  HSC 4225 3447
32
80  LCC 2945 2871
40  HSC 3721 3461
0  LCC 3756 2834
33
80  LCC 4011 2859
35
50  LCC 3666 2855
36
50  HSC 3654 3436
37
50  LCC 3470 2844
30  HSC 4920 3445
10  LCC 5231 2860
38
50  HSC 4317 3453
39
50  LCC 3019 2861
30  LCC 3026 2846
10  LCC 3614 2862
40
50  HSC 3304 3446
30  HSC 3927 3423
10  LCC 3952 2867
41
50  LCC 2770 2845
30  HSC 3312 3457
10  LCC 3963 2858
42
50  LCC 2625 2871
30  HSC 2639 3462
10  HSC 2925 3460
43
50  HSC 2932 3430
30  HSC 3033 3464
10  HSC 3675 3431
45
50  HSC 3075 3440
30  LCC 5274 2854
46
50  LCC 2716 2831
30  HSC 3058 3420
10  HSC 3123 3436
47
50  LCC 5133 2860
30  HSC 6262 3445
10  LCC 6635 2864
48
50  HSC 4691 3463
30  HSC 5188 3435
10  HSC 6285 3421
49
50  LCC 3773 2861
30  LCC 3821 2846
10  HSC 4065 3466
50
50  HSC 4279 3423
30  HSC 4618 3432
10  HSC 5319 3458
51
50  LCC 3654 2845
30  HSC 4470 3448
10  HSC 4532 3457
52
50  HSC 3407 3460
30  LCC 3518 2836
10  LCC 3734 2851
55
50  LCC 20217 1954
56
50  HSC 19928 2040
57
50  LCC 16435 1955
58
50  HSC 15277 2041
59
50  LCC 11929 1956
30  HSC 12869 2042
60
50  HSC 12747 2043
30  LCC 17576 1957
61
50  LCC 11533 1959
30  HSC 12104 2044
SCORE:LCC,HSC,2280,2460,-18.0
