LCC-SPL
1
50  SPL 8802 1687
30  LCC 12900 2855
2
50  SPL 8844 1719
30  SPL 12689 1653
3
50  LCC 7247 2844
30  SPL 8969 1739
10  LCC 9800 2860
4
50  LCC 7346 2868
30  SPL 9290 1705
10  SPL 9620 1671
5
50  LCC 7149 2861
30  LCC 7241 2846
10  SPL 7969 1720
6
50  SPL 7284 1689
30  LCC 8146 2867
10  SPL 8876 1666
7
50  LCC 6395 2845
30  SPL 7357 1698
10  SPL 7863 1697
8
50  LCC 6350 2871
30  LCC 6572 2836
10  LCC 7900 2851
9
50  SPL 3863 1722
30  SPL 4440 1735
10  LCC 5246 2841
10
50  SPL 3256 1677
30  SPL 4251 1702
10  SPL 4288 1673
11
50  SPL 1950 1672
30  SPL 2012 1708
10  LCC 2278 2859
12
50  SPL 2437 1691
30  SPL 2733 1662
10  SPL 2739 1707
13
50  LCC 3277 2869
30  SPL 3444 1687
10  LCC 4483 2855
14
50  SPL 3591 1719
30  SPL 3692 1670
10  SPL 4506 1686
15
50  SPL 3532 1739
30  LCC 4085 2864
10  SPL 4178 1730
16
50  LCC 2821 2868
30  SPL 3479 1665
10  SPL 4002 1679
17
50  SPL 6478 1718
30  LCC 6550 2862
10  LCC 8026 2829
18
50  SPL 6409 1689
30  LCC 7280 2867
10  SPL 8355 1727
19
50  SPL 6384 1698
30  SPL 7006 1697
10  SPL 8173 1712
20
50  LCC 5634 2836
30  LCC 5829 2835
10  LCC 6720 2870
21
50  SPL 4433 1722
30  LCC 4821 2842
10  SPL 5750 1696
22
50  SPL 5737 1677
30  SPL 5804 1716
10  SPL 6652 1658
23
50  SPL 2555 1708
30  LCC 2705 2832
10  SPL 2828 1715
24
50  SPL 2646 1726
30  SPL 3702 1707
10  SPL 3825 1675
25
50  LCC 1880 2869
30  SPL 2515 1647
10  SPL 2518 1717
26
50  SPL 1913 1719
30  SPL 2665 1686
10  SPL 2721 1703
27
50  LCC 3373 2844
30  SPL 4400 1709
10  LCC 5359 2864
28
50  SPL 5351 1669
30  SPL 5972 1700
10  SPL 7545 1678
29
50  LCC 3544 2862
30  LCC 4528 2829
10  SPL 4667 1711
30
50  SPL 3484 1689
30  SPL 3934 1666
10  LCC 4645 2847
31
80  SPL 3483 1698
40  SPL 3735 1649
0  LCC 3887 2858
32
80  LCC 2945 2871
40  LCC 3756 2834
0  LCC 4034 2833
33
80  SPL 3037 1676
40  SPL 3209 1715
0  SPL 3710 1734
35
50  SPL 2331 1690
30  SPL 2492 1713
10  SPL 2627 1731
36
50  SPL 1860 1670
30  SPL 2421 1653
10  SPL 2546 1655
37
50  LCC 3470 2844
30  SPL 4055 1739
10  SPL 4759 1709
38
50  SPL 3981 1705
30  SPL 4577 1671
10  SPL 4672 1679
39
50  LCC 3019 2861
30  LCC 3026 2846
10  SPL 3246 1718
40
50  LCC 3952 2867
30  SPL 4193 1727
41
50  LCC 2770 2845
30  SPL 3366 1697
10  SPL 3625 1649
42
50  LCC 2625 2871
30  LCC 3019 2835
10  LCC 3132 2851
43
50  SPL 2652 1672
30  SPL 3321 1715
10  SPL 3331 1654
44
50  SPL 3371 1699
30  SPL 3403 1726
10  SPL 3452 1662
45
50  SPL 2033 1687
30  SPL 2546 1738
10  SPL 2765 1728
46
50  SPL 2422 1653
30  LCC 2716 2831
10  SPL 2747 1655
47
50  SPL 5018 1652
30  LCC 5133 2860
10  SPL 5207 1663
48
50  SPL 5462 1700
30  SPL 7987 1678
49
50  LCC 3773 2861
30  LCC 3821 2846
10  SPL 5095 1704
50
50  SPL 4475 1666
30  SPL 5344 1727
51
50  LCC 3654 2845
30  SPL 4402 1712
10  SPL 4475 1664
52
50  LCC 3518 2836
30  LCC 3734 2851
10  LCC 3784 2835
53
50  SPL 18907 1804
54
50  SPL 9289 1796
55
50  LCC 20217 1954
30  SPL 20778 1798
57
50  LCC 16435 1955
30  SPL 17312 1800
58
50  SPL 15425 1801
59
50  LCC 11929 1956
30  SPL 13914 1802
60
50  LCC 17576 1957
61
50  LCC 11533 1959
30  SPL 13256 1803
SCORE:LCC,SPL,1940,3210,-127.0
