LCC-NJST
1
50  NJST 10050 3229
30  LCC 12900 2855
2
50  NJST 11875 3221
3
50  NJST 7090 3206
30  LCC 7247 2844
10  NJST 7422 3238
4
50  LCC 7346 2868
30  NJST 10567 3243
5
50  LCC 7149 2861
30  LCC 7241 2846
10  NJST 8025 3231
6
50  LCC 8146 2867
7
50  LCC 6395 2845
30  NJST 7619 3234
10  LCC 8620 2858
8
50  LCC 6350 2871
30  LCC 6572 2836
10  LCC 7900 2851
9
50  NJST 2247 3222
30  NJST 3979 3235
10  LCC 5246 2841
11
50  NJST 1965 3197
30  LCC 2278 2859
10  NJST 2321 3215
12
50  NJST 2010 3225
30  LCC 2865 2837
10  NJST 3113 3205
13
50  LCC 3277 2869
30  NJST 4263 3229
10  LCC 4483 2855
14
50  NJST 4209 3226
30  LCC 5203 2831
10  NJST 5688 3216
15
50  NJST 2836 3206
30  NJST 2929 3238
10  NJST 3194 3191
16
50  LCC 2821 2868
30  NJST 3353 3236
10  NJST 3959 3243
17
50  LCC 6550 2862
30  LCC 8026 2829
10  LCC 8665 2866
18
50  LCC 7280 2867
30  LCC 9017 2847
10  LCC 10007 2838
19
50  NJST 6731 3234
30  NJST 7723 3240
10  NJST 8363 3211
20
50  LCC 5634 2836
30  LCC 5829 2835
10  LCC 6720 2870
21
50  NJST 2794 3222
30  LCC 4821 2842
10  NJST 5043 3235
23
50  NJST 2604 3197
30  NJST 2613 3215
10  LCC 2705 2832
24
50  NJST 2287 3225
30  NJST 3470 3192
10  NJST 3728 3205
25
50  LCC 1880 2869
30  NJST 2256 3212
10  NJST 2372 3196
26
50  NJST 2381 3221
30  NJST 2413 3226
10  NJST 2877 3216
27
50  LCC 3373 2844
30  NJST 3425 3213
10  NJST 3872 3191
28
50  NJST 4575 3236
30  NJST 5369 3214
10  NJST 5659 3243
29
50  LCC 3544 2862
30  NJST 3852 3231
10  LCC 4528 2829
30
50  LCC 4645 2847
30  LCC 6495 2838
10  LCC 9469 2849
31
80  NJST 3781 3234
40  LCC 3887 2858
0  NJST 4162 3211
32
80  LCC 2945 2871
40  LCC 3756 2834
0  NJST 3987 3230
33
80  NJST 3345 3197
40  LCC 4011 2859
35
50  NJST 2103 3229
30  NJST 2528 3196
10  LCC 3666 2855
36
50  NJST 2091 3226
37
50  NJST 3407 3206
30  LCC 3470 2844
10  NJST 3522 3238
39
50  LCC 3019 2861
30  LCC 3026 2846
10  NJST 3557 3231
40
50  LCC 3952 2867
41
50  LCC 2770 2845
30  NJST 3315 3234
10  LCC 3963 2858
42
50  LCC 2625 2871
30  LCC 3019 2835
10  LCC 3132 2851
43
50  NJST 3128 3219
30  NJST 3909 3233
44
50  NJST 3275 3225
30  NJST 4603 3205
45
50  NJST 2662 3194
30  LCC 5274 2854
46
50  LCC 2716 2831
30  NJST 3038 3221
47
50  NJST 4290 3224
30  NJST 5129 3232
10  LCC 5133 2860
48
50  NJST 5291 3214
30  NJST 5836 3236
49
50  LCC 3773 2861
30  LCC 3821 2846
10  NJST 4193 3231
51
50  LCC 3654 2845
30  NJST 4359 3211
10  NJST 4675 3240
52
50  LCC 3518 2836
30  LCC 3734 2851
10  LCC 3784 2835
54
50  NJST 10675 1997
55
50  NJST 19643 1998
30  LCC 20217 1954
56
50  NJST 22728 1999
57
50  NJST 12482 2000
30  LCC 16435 1955
58
50  NJST 18127 2002
59
50  LCC 11929 1956
60
50  LCC 17576 1957
61
50  LCC 11533 1959
SCORE:LCC,NJST,2200,2350,-15.0
