LL-BAR
1
50  BAR 2892 239
30  LL 2903 901
10  LL 2950 897
2
50  LL 3083 2778(Y) 842
30  BAR 3086 283
10  LL 3097 869
3
50  BAR 3199 2882(Y) 249
30  LL 3266 920
10  BAR 3286 1507
4
50  LL 3271 2947(Y) 896
30  LL 3510 825
10  BAR 3512 295
5
50  LL 3422 903
30  LL 3732 877
10  LL 3775 872
6
50  BAR 3348 3017(Y) 298
30  BAR 3496 3150(Y) 228
10  LL 3499 3153(Y) 1570
7
50  LL 1643 888
30  LL 1730 1559(Y) 876
10  BAR 1795 1618(Y) 224
8
50  LL 1684 826
30  LL 1763 1551
10  LL 1850 1561
9
50  LL 2060 1856(Y) 1568
30  LL 2145 1552
10  LL 2188 919
10
50  LL 2032 1562
30  BAR 2168 258
10  BAR 2291 223
11
50  BAR 2566 2312(Y) 275
30  LL 2626 2366(Y) 873
10  LL 2657 2394(Y) 926
12
50  LL 3131 880
30  BAR 3204 301
10  LL 3656 847
13
50  LL 7788 901
30  BAR 7998 239
10  LL 8326 892
14
50  LL 7582 6831(Y) 856
30  BAR 7777 283
10  LL 8234 869
15
50  BAR 8387 249
30  LL 8819 920
10  BAR 8829 289
16
50  LL 8910 896
30  LL 9059 825
10  BAR 9222 276
17
50  LL 9216 903
30  LL 10525 877
10  BAR 10659 226
18
50  LL 9315 834
30  LL 9413 1570
10  LL 9484 1675
19
50  LL 9603 888
30  BAR 10602 9552(Y) 269
10  BAR 13618 256
20
50  BAR 9689 8729(Y) 227
30  LL 10306 826
10  LL 10375 1551
21
50  LL 3635 3275(Y) 897
30  LL 3972 901
10  BAR 3977 239
22
50  LL 3815 3437(Y) 869
30  LL 3968 3575(Y) 870
10  BAR 4060 3658(Y) 236
23
50  BAR 4047 249
30  LL 4479 828
10  LL 4487 920
24
50  BAR 4169 3756(Y) 237
30  BAR 4237 3818(Y) 276
10  LL 4400 825
25
50  BAR 5206 225
30  LL 5285 903
10  LL 5309 877
26
50  BAR 4333 3904(Y) 298
30  BAR 4582 4128(Y) 297
10  LL 4640 4181(Y) 1570
27
50  LL 2325 888
30  BAR 2577 2322(Y) 269
10  BAR 2663 1505
28
50  BAR 2299 2072(Y) 227
30  LL 2506 826
10  LL 2579 1551
29
50  LL 3006 919
30  LL 3112 1552
10  LL 3668 832
30
50  BAR 3024 223
30  BAR 3065 258
10  BAR 3240 285
31
80  LL 14223 1206
40  BAR 14630 1120
32
80  BAR 17826 1469
40  LL 18313 1415
33
80  LL 9522 1559
40  BAR 9737 2024
34
80  LL 12447 1843
40  BAR 12552 1663
35
50  BAR 3631 244
30  BAR 3775 239
10  LL 3788 901
36
50  BAR 3582 283
30  LL 3622 856
10  BAR 3763 300
37
50  LL 4231 920
30  BAR 4235 289
10  BAR 4357 249
38
50  LL 4014 3617(Y) 896
30  BAR 4275 295
10  LL 4316 825
39
50  LL 4140 903
30  BAR 4737 4268(Y) 293
10  BAR 5001 225
40
50  LL 4225 1570
30  LL 4237 3818(Y) 855
10  LL 4275 834
41
50  LL 1997 888
30  LL 2234 876
10  BAR 2305 2077(Y) 256
42
50  LL 2093 826
30  LL 2171 1551
10  LL 2244 922
43
50  LL 2600 1568
30  LL 2712 2444(Y) 919
10  LL 2715 1552
44
50  LL 2572 1562
30  LL 2759 923
10  LL 2812 881
45
50  LL 2812 2534(Y) 873
30  LL 3772 926
10  LL 3803 858
46
50  LL 3778 880
30  LL 4306 840
10  LL 4329 847
47
50  LL 7159 897
30  LL 7308 822
10  LL 7406 892
48
50  LL 6663 856
30  BAR 6716 283
10  LL 6816 6141(Y) 842
49
50  BAR 7924 1507
30  LL 8072 930
10  LL 8406 918
50
50  LL 7349 6621(Y) 896
30  BAR 7984 230
10  LL 8056 885
51
50  LL 8825 877
30  BAR 9143 226
10  BAR 9210 255
52
50  BAR 7957 7169(Y) 298
30  LL 8079 834
10  LL 8276 7456(Y) 1675
53
50  LL 3812 876
30  BAR 4172 3759(Y) 269
10  LL 4388 1554
54
50  BAR 3875 3491(Y) 227
30  LL 4275 1561
10  LL 4578 902
55
50  LL 4878 1552
30  LL 4895 4410(Y) 919
10  LL 4994 1568
56
50  BAR 4667 258
30  LL 4691 1562
10  BAR 4811 4335(Y) 223
57
50  LL 3343 822
30  LL 3615 892
58
50  LL 3386 3051(Y) 842
30  LL 3452 3110(Y) 856
10  LL 3487 3142(Y) 869
59
50  BAR 3992 289
30  LL 4403 828
10  LL 4559 918
60
50  BAR 3965 230
30  LL 4691 885
10  BAR 4697 276
61
50  BAR 5105 293
30  BAR 5147 225
10  LL 6103 872
62
50  LL 4071 834
30  BAR 4404 228
10  BAR 4599 297
63
50  LL 1939 876
30  BAR 2386 269
10  BAR 2768 224
64
50  BAR 2236 227
30  LL 2335 922
10  LL 2395 902
65
66
50  BAR 2420 223
30  BAR 2551 2299(Y) 229
10  LL 3078 830
67
80  LL 13806 1845
40  BAR 16704 2028
68
80  LL 13778 1847
40  BAR 16356 2029
SCORE:LL,BAR,3870,2330,154.0
