LL-CH
1
50  CH 2521 2272(Y) 1666
30  CH 2840 1449
10  CH 2872 37
2
50  CH 2750 1454
30  CH 3001 2704(Y) 55
10  LL 3083 2778(Y) 842
3
50  CH 3107 26
30  CH 3138 69
10  LL 3266 920
4
50  CH 2897 2610(Y) 115
30  CH 3008 1452
10  CH 3243 38
5
50  CH 2949 93
30  CH 3287 64
10  LL 3422 903
6
50  CH 3166 2853(Y) 45
30  CH 3415 77
10  LL 3499 3153(Y) 1570
7
50  LL 1643 888
30  LL 1730 1559(Y) 876
10  CH 1783 1460
8
50  CH 1606 1447(Y) 111
30  CH 1668 1503(Y) 99
10  LL 1684 826
9
50  LL 2060 1856(Y) 1568
30  CH 2094 95
10  CH 2130 1919(Y) 17
10
50  CH 1883 1697(Y) 110
30  CH 1942 1750(Y) 67
10  CH 1966 1772(Y) 1457
11
50  CH 2124 1914(Y) 12
30  LL 2626 2366(Y) 873
10  LL 2657 2394(Y) 926
12
50  CH 2299 2072(Y) 101
30  CH 2325 2095(Y) 2
10  CH 3127 4
13
50  CH 6895 1666
30  CH 7326 37
10  CH 7728 1449
14
50  CH 6681 1454
30  CH 7440 7
10  LL 7582 6831(Y) 856
15
50  CH 7984 69
30  CH 8241 26
10  LL 8819 920
16
50  CH 7217 1452
30  CH 7599 115
10  CH 8289 109
17
50  CH 7391 93
30  CH 8168 7359(Y) 64
10  LL 9216 903
18
50  CH 7963 7174(Y) 45
30  CH 9296 103
10  LL 9315 834
19
50  LL 9603 888
30  CH 10096 1667
10  CH 11093 1460
20
50  CH 10100 102
30  LL 10306 826
10  LL 10375 1551
21
50  LL 3635 3275(Y) 897
30  CH 3684 37
10  CH 3923 1449
22
50  CH 3613 1454
30  LL 3815 3437(Y) 869
10  CH 3872 7
23
50  CH 4054 69
30  LL 4479 828
10  LL 4487 920
24
50  CH 3838 1452
30  CH 4279 38
10  CH 4377 109
25
50  CH 4013 3616(Y) 93
30  CH 4526 4078(Y) 64
10  CH 5193 1467
26
50  CH 4497 45
30  CH 4517 103
10  LL 4640 4181(Y) 1570
27
50  LL 2325 888
30  CH 2455 1460
10  LL 2812 1802
28
50  CH 2191 102
30  CH 2419 2180(Y) 89
10  CH 2450 2208(Y) 111
29
50  CH 2525 2275(Y) 14
30  CH 3002 17
10  LL 3006 919
30
50  CH 2622 2363(Y) 57
30  CH 2634 110
10  CH 2789 112
31
80  CH 12616 1328
40  LL 14223 1206
32
80  CH 15009 1330
40  LL 18313 1415
33
80  CH 8573 1530
40  LL 9522 1559
34
80  CH 9977 1874
40  LL 12447 1843
35
50  CH 3082 1666
30  CH 3383 37
10  LL 3788 901
36
50  CH 3238 2918(Y) 55
30  CH 3455 7
10  LL 3622 856
37
50  CH 3690 26
30  CH 3937 69
10  LL 4231 920
38
50  CH 3419 3081(Y) 115
30  CH 3716 38
10  CH 3794 109
39
50  CH 3439 93
30  CH 4135 64
10  LL 4140 903
40
50  CH 3726 45
30  CH 3968 77
10  LL 4225 1570
41
50  LL 1997 888
30  CH 2084 1667
10  LL 2234 876
42
50  LL 2093 826
30  CH 2096 1889(Y) 99
10  CH 2120 1910(Y) 111
43
50  CH 2592 2336(Y) 108
30  LL 2600 1568
10  CH 2622 2363(Y) 14
44
50  CH 2177 1962(Y) 110
30  CH 2443 2201(Y) 67
10  CH 2455 2212(Y) 27
45
50  LL 2812 2534(Y) 873
30  CH 2833 2553(Y) 12
10  CH 3769 50
46
50  CH 2768 2494(Y) 2
30  CH 3127 2818(Y) 101
10  CH 3559 113
47
50  CH 5520 4973(Y) 1666
30  LL 6559 901
10  CH 6719 1449
48
50  CH 6147 1454
30  CH 6587 7
10  LL 6663 856
49
50  CH 7038 26
30  LL 8072 930
10  LL 8406 918
50
50  CH 6343 1452
30  CH 6392 115
10  CH 7222 38
51
50  LL 7962 903
30  LL 8825 877
10  CH 8918 83
52
50  CH 7519 77
30  CH 7870 103
10  LL 8079 834
53
50  CH 3694 1667
30  LL 3812 876
10  CH 4220 1460
54
50  CH 3729 3360(Y) 99
30  LL 3853 1551
10  LL 3875 826
55
50  CH 4762 95
30  CH 4874 4391(Y) 14
10  LL 4878 1552
56
50  CH 4218 3800(Y) 110
30  CH 4463 4021(Y) 57
10  LL 4691 1562
57
50  CH 3299 25
30  LL 3343 822
10  LL 3569 901
58
50  CH 3241 2920(Y) 55
30  LL 3386 3051(Y) 842
10  CH 3447 36
59
50  LL 4403 828
30  LL 4559 918
10  LL 4931 835
60
50  CH 3460 97
30  LL 3956 896
10  CH 4322 109
61
50  CH 5362 58
30  CH 5538 74
10  LL 6103 872
62
50  LL 4071 834
30  CH 4109 77
10  LL 4522 1570
63
50  LL 1939 876
30  CH 2071 1667
10  CH 2478 47
64
50  CH 1915 99
30  CH 2069 102
10  CH 2087 1881(Y) 11
65
50  CH 2471 95
30  CH 2844 17
10  LL 2900 1552
66
50  CH 2461 2218(Y) 1457
30  CH 2466 2222(Y) 57
10  CH 2725 27
67
80  CH 12825 1877
40  LL 13806 1845
68
80  CH 13582 1345
40  LL 13778 1847
SCORE:LL,CH,1610,4690,-308.0
