LL-SR-MD
1
50  SR-MD 2730 359
30  SR-MD 2784 1658
10  LL 2903 901
2
50  SR-MD 2973 2679(Y) 354
30  LL 3083 2778(Y) 842
10  LL 3097 869
3
50  SR-MD 2958 362
30  LL 3266 920
10  LL 3306 930
4
50  SR-MD 3087 355
30  SR-MD 3173 325
10  LL 3271 2947(Y) 896
5
50  SR-MD 3231 361
30  SR-MD 3323 2994(Y) 308
10  LL 3422 903
6
50  SR-MD 3237 2917(Y) 316
30  LL 3499 3153(Y) 1570
10  SR-MD 3505 3158(Y) 352
7
50  LL 1643 888
30  LL 1730 1559(Y) 876
10  SR-MD 1801 1623(Y) 345
8
50  SR-MD 1648 1485(Y) 387
30  LL 1684 826
10  SR-MD 1686 1519(Y) 392
9
50  SR-MD 1870 1685(Y) 307
30  SR-MD 1916 1727(Y) 375
10  LL 2060 1856(Y) 1568
10
50  SR-MD 1973 1778(Y) 323
30  LL 2032 1562
10  SR-MD 2042 1840(Y) 373
11
50  LL 2626 2366(Y) 873
30  LL 2657 2394(Y) 926
10  LL 2982 875
12
50  LL 3131 880
30  LL 3656 847
10  SR-MD 3747 1403
13
50  SR-MD 6677 6016(Y) 1658
30  SR-MD 7169 359
10  SR-MD 7543 315
14
50  LL 7582 6831(Y) 856
30  SR-MD 7813 354
10  LL 8234 869
15
50  SR-MD 8124 362
30  SR-MD 8719 314
10  LL 8819 920
16
50  SR-MD 7992 325
30  SR-MD 8193 399
10  LL 8910 896
17
50  SR-MD 8661 7803(Y) 377
30  LL 9216 903
10  SR-MD 9799 308
18
50  SR-MD 8122 316
30  LL 9315 834
10  SR-MD 9335 322
19
50  LL 9603 888
30  SR-MD 12061 317
10  SR-MD 12849 307
20
50  SR-MD 9875 8897(Y) 353
30  LL 10306 826
10  SR-MD 10331 9308(Y) 335
21
50  LL 3635 3275(Y) 897
30  SR-MD 3704 359
10  SR-MD 3802 1658
22
50  LL 3815 3437(Y) 869
30  LL 3968 3575(Y) 870
10  LL 4233 3814(Y) 842
23
50  SR-MD 3950 3559(Y) 314
30  LL 4479 828
10  LL 4487 920
24
50  SR-MD 4358 3927(Y) 399
30  LL 4400 825
10  SR-MD 4500 325
25
50  SR-MD 4479 4036(Y) 308
30  SR-MD 4719 4252(Y) 377
10  LL 5285 903
26
50  SR-MD 4183 3769(Y) 316
30  SR-MD 4514 4067(Y) 352
10  SR-MD 4569 4117(Y) 322
27
50  LL 2325 888
30  SR-MD 2577 397
10  SR-MD 2628 2368(Y) 345
28
50  SR-MD 2241 2019(Y) 353
30  SR-MD 2500 403
10  LL 2506 826
29
50  SR-MD 2609 2351(Y) 307
30  SR-MD 2810 357
10  LL 3006 919
30
50  SR-MD 2598 2341(Y) 373
30  LL 3266 1562
10  SR-MD 3454 372
31
80  SR-MD 13766 1954
40  LL 14223 1206
32
80  SR-MD 16459 1513
40  LL 18313 1415
33
80  SR-MD 8916 1723
40  LL 9522 1559
34
80  SR-MD 10391 1519
40  LL 12447 1843
35
50  SR-MD 3044 2743(Y) 1658
30  SR-MD 3341 3010(Y) 315
10  SR-MD 3413 359
36
50  SR-MD 3384 354
30  LL 3622 856
10  LL 3828 929
37
50  SR-MD 3765 362
30  LL 4231 920
10  SR-MD 4280 390
38
50  SR-MD 3625 325
30  SR-MD 3747 355
10  LL 4014 3617(Y) 896
39
50  SR-MD 4105 3699(Y) 377
30  LL 4140 903
10  SR-MD 4321 3893(Y) 308
40
50  SR-MD 4062 316
30  SR-MD 4170 3757(Y) 322
10  LL 4225 1570
41
50  LL 1997 888
30  LL 2234 876
10  LL 2352 912
42
50  SR-MD 1976 1781(Y) 387
30  LL 2093 826
10  SR-MD 2168 1954(Y) 368
43
50  SR-MD 2204 1986(Y) 307
30  SR-MD 2446 2204(Y) 375
10  LL 2600 1568
44
50  SR-MD 2396 2159(Y) 323
30  SR-MD 2559 373
10  LL 2572 1562
45
50  LL 2812 2534(Y) 873
30  SR-MD 3749 349
10  LL 3772 926
46
50  LL 3778 880
30  SR-MD 4259 1403
10  LL 4306 840
47
50  SR-MD 6557 315
30  LL 6559 901
10  SR-MD 7069 313
48
50  LL 6663 856
30  LL 6816 6141(Y) 842
10  SR-MD 6965 354
49
50  SR-MD 6688 362
30  SR-MD 7888 314
10  LL 8072 930
50
50  SR-MD 6818 355
30  SR-MD 7223 399
10  LL 7349 6621(Y) 896
51
50  SR-MD 7549 361
30  SR-MD 7853 377
10  LL 8825 877
52
50  SR-MD 7773 7003(Y) 322
30  SR-MD 7930 7145(Y) 352
10  LL 8079 834
53
50  LL 3812 876
30  SR-MD 4138 3728(Y) 345
10  LL 4388 1554
54
50  SR-MD 3722 387
30  LL 3853 1551
10  SR-MD 3978 3584(Y) 353
55
50  SR-MD 4353 3922(Y) 375
30  SR-MD 4780 4307(Y) 328
10  LL 4878 1552
56
50  SR-MD 4532 323
30  LL 4691 1562
10  SR-MD 5060 372
57
50  LL 3343 822
30  LL 3569 901
10  LL 3615 892
58
50  LL 3386 3051(Y) 842
30  LL 3452 3110(Y) 856
10  LL 3487 3142(Y) 869
59
50  SR-MD 3913 390
30  LL 4403 828
10  SR-MD 4462 314
60
50  SR-MD 3484 355
30  SR-MD 3600 3244(Y) 399
10  SR-MD 4603 336
61
50  SR-MD 3872 361
30  LL 6103 872
10  SR-MD 7195 310
62
50  SR-MD 4051 3650(Y) 400
30  LL 4071 834
10  LL 4522 1570
63
50  LL 1939 876
30  SR-MD 2593 317
10  SR-MD 2616 345
64
50  SR-MD 1875 1690(Y) 387
30  SR-MD 1974 1779(Y) 335
10  SR-MD 2025 1825(Y) 368
65
50  SR-MD 2835 375
30  LL 2900 1552
10  SR-MD 3247 306
66
50  SR-MD 2317 2088(Y) 323
30  SR-MD 2318 2089(Y) 373
10  SR-MD 2538 372
67
80  LL 13806 1845
40  SR-MD 13818 1964
68
80  SR-MD 13772 1300
40  LL 13778 1847
SCORE:LL,SR-MD,2300,4000,-170.0
