LL-WRST
1
50  LL 2903 901
30  LL 2950 897
10  WRST 2988 1108
2
50  LL 3083 2778(Y) 842
30  WRST 3089 1112
10  LL 3097 869
3
50  WRST 2898 2611(Y) 1097
30  WRST 3226 1149
10  LL 3266 920
4
50  LL 3271 2947(Y) 896
30  LL 3510 825
10  LL 3516 885
5
50  WRST 3410 1636
30  LL 3422 903
10  WRST 3454 1143
6
50  WRST 3481 1628
30  LL 3499 3153(Y) 1570
10  LL 3566 3213(Y) 1675
7
50  LL 1643 888
30  WRST 1718 1092
10  LL 1730 1559(Y) 876
8
50  LL 1684 826
30  LL 1763 1551
10  LL 1850 1561
9
50  LL 2060 1856(Y) 1568
30  WRST 2105 1897(Y) 1137
10  WRST 2114 1160
10
50  WRST 1849 1666(Y) 1075
30  LL 2032 1562
10  WRST 2327 1127
11
50  LL 2626 2366(Y) 873
30  LL 2657 2394(Y) 926
10  LL 2982 875
12
50  LL 3131 880
30  WRST 3422 1106
10  WRST 3482 1095
13
50  WRST 7694 1108
30  LL 7788 901
10  LL 8326 892
14
50  WRST 7266 1111
30  LL 7582 6831(Y) 856
10  LL 8234 869
15
50  WRST 7416 1097
30  LL 8819 920
10  LL 9259 918
16
50  LL 8910 896
30  LL 9059 825
10  WRST 9852 1621
17
50  LL 9216 903
30  WRST 9282 1636
10  WRST 9922 1638
18
50  LL 9315 834
30  LL 9413 1570
10  LL 9484 1675
19
50  LL 9603 888
30  WRST 10718 1092
10  WRST 12377 1089
20
50  LL 10306 826
30  LL 10375 1551
10  WRST 10958 1075
21
50  LL 3635 3275(Y) 897
30  LL 3972 901
10  LL 4066 892
22
50  LL 3815 3437(Y) 869
30  WRST 3837 1111
10  LL 3968 3575(Y) 870
23
50  LL 4479 828
30  LL 4487 920
10  WRST 4500 1149
24
50  LL 4400 825
30  LL 4528 1557
10  LL 5054 896
25
50  WRST 4766 1636
30  WRST 4842 4363(Y) 1144
10  WRST 4919 1116
26
50  LL 4640 4181(Y) 1570
30  WRST 4729 1138
10  LL 4969 1675
27
50  LL 2325 888
30  LL 2812 1802
10  WRST 2815 1092
28
50  LL 2506 826
30  LL 2579 1551
10  LL 2644 922
29
50  LL 3006 919
30  LL 3112 1552
10  WRST 3131 1091
30
50  WRST 2631 2371(Y) 1075
30  WRST 3222 1114
10  LL 3266 1562
31
80  WRST 13206 1449
40  LL 14223 1206
32
80  WRST 17725 1600
40  LL 18313 1415
33
80  LL 9522 1559
40  WRST 10004 1455
34
80  WRST 10989 1236
40  LL 12447 1843
35
50  WRST 3348 3017(Y) 1108
30  LL 3788 901
10  LL 3956 897
36
50  WRST 3444 1112
30  WRST 3456 1111
10  LL 3622 856
37
50  LL 4231 920
30  LL 4376 918
10  LL 4491 930
38
50  LL 4014 3617(Y) 896
30  LL 4316 825
10  WRST 4472 1621
39
50  LL 4140 903
30  WRST 4384 1143
10  WRST 4766 1638
40
50  WRST 4194 1628
30  LL 4225 1570
10  LL 4237 3818(Y) 855
41
50  LL 1997 888
30  WRST 2160 1092
10  LL 2234 876
42
50  LL 2093 826
30  LL 2171 1551
10  LL 2244 922
43
50  LL 2600 1568
30  LL 2712 2444(Y) 919
10  LL 2715 1552
44
50  WRST 2489 2243(Y) 1075
30  LL 2572 1562
10  WRST 2699 1121
45
50  LL 2812 2534(Y) 873
30  WRST 3393 3057(Y) 1635
10  LL 3772 926
46
50  LL 3778 880
30  WRST 3966 1095
10  WRST 4150 1106
47
50  WRST 6675 1108
30  WRST 7003 1145
10  LL 7159 897
48
50  WRST 6540 1112
30  LL 6663 856
10  LL 6816 6141(Y) 842
49
50  WRST 6372 1097
30  WRST 7828 1104
10  LL 8072 930
50
50  LL 8056 885
30  WRST 8747 1146
10  LL 9406 916
51
50  WRST 7784 1636
30  WRST 7934 1143
10  WRST 7936 7150(Y) 1099
52
50  WRST 7978 1634
30  LL 8079 834
10  WRST 8161 7353(Y) 1622
53
50  LL 3812 876
30  WRST 3896 1089
10  WRST 3977 3583(Y) 1623
54
50  LL 4275 1561
30  LL 4578 902
10  LL 4611 882
55
50  LL 4878 1552
30  LL 4895 4410(Y) 919
10  LL 4994 1568
56
50  LL 4691 1562
30  WRST 5903 1121
10  LL 5957 830
57
50  LL 3343 822
30  WRST 3484 1145
10  LL 3615 892
58
50  WRST 3243 1111
30  LL 3386 3051(Y) 842
10  LL 3452 3110(Y) 856
59
50  WRST 3177 2863(Y) 1097
30  WRST 4349 1104
10  LL 4403 828
60
50  WRST 4681 1146
30  LL 4691 885
10  WRST 4859 1621
61
50  WRST 4103 1638
30  LL 4222 903
10  WRST 4662 1128
62
50  LL 4071 834
30  WRST 4114 1628
10  WRST 4394 1634
63
50  LL 1939 876
30  WRST 2295 1623
10  WRST 2301 1089
64
50  LL 2335 922
30  LL 2395 902
10  LL 2701 837
65
50  WRST 2713 2445(Y) 1091
30  LL 2900 1552
66
50  LL 3078 830
30  WRST 3087 1156
10  LL 3209 883
67
80  WRST 13472 1860
40  LL 13806 1845
68
80  LL 13778 1847
40  WRST 14732 1609
SCORE:LL,WRST,3690,2600,109.0
