LL-WKW
1
50  WKW 2632 334
30  WKW 2698 2431(Y) 389
10  LL 2756 2483(Y) 1459
2
50  WKW 2969 2675(Y) 382
30  WKW 3116 2808(Y) 1594
10  LL 3267 986
3
50  WKW 3292 331
30  WKW 3295 305
10  LL 3297 1015
4
50  LL 3266 1451
30  LL 3320 2991(Y) 1443
10  WKW 3378 345
5
50  WKW 3265 2942(Y) 365
30  WKW 3570 3217(Y) 358
10  WKW 3744 314
6
50  WKW 3188 1584
30  WKW 3585 333
10  LL 3710 1093
7
50  WKW 1592 1435(Y) 313
30  LL 1638 1077
10  WKW 1772 1597(Y) 359
8
50  LL 1630 1469(Y) 1452
30  WKW 1672 1587
10  WKW 1693 330
9
50  LL 1843 1661(Y) 1089
30  LL 2137 1926(Y) 1070
10  LL 2144 1096
10
50  LL 1877 1691(Y) 1455
30  LL 2095 1888(Y) 1033
10  WKW 2187 1971(Y) 371
11
50  WKW 3033 297
30  LL 3289 1035
10  LL 3497 1048
12
50  LL 2874 2590(Y) 992
30  LL 3090 980
10  LL 3319 1026
13
50  WKW 6425 334
30  WKW 6806 6132(Y) 389
10  LL 7429 1459
14
50  WKW 7549 6801(Y) 382
30  WKW 8254 1594
10  LL 8350 986
15
50  WKW 9134 331
30  WKW 9659 361
10  WKW 9709 310
16
50  LL 8313 1451
30  LL 8493 1458
10  LL 8688 1443
17
50  WKW 9319 365
30  WKW 9943 358
10  WKW 10575 324
18
50  WKW 7391 6659(Y) 1584
30  LL 9780 1093
10  WKW 9813 333
19
50  WKW 11119 313
30  LL 11706 1077
10  LL 12478 1089
20
50  WKW 8900 1587
30  WKW 9288 330
10  LL 9559 1452
21
50  WKW 3398 334
30  WKW 3823 389
10  LL 3875 965
22
50  WKW 4005 3609(Y) 1594
30  LL 4466 986
10  WKW 4679 335
23
50  WKW 4352 361
30  WKW 4446 310
10  LL 4589 1010
24
50  WKW 4416 386
30  LL 4466 1451
10  WKW 4613 340
25
50  WKW 4650 4190(Y) 324
30  LL 4697 4232(Y) 999
10  WKW 4710 4244(Y) 358
26
50  LL 4738 4269(Y) 1072
30  WKW 4763 4291(Y) 1676
10  LL 5216 1461
27
50  LL 2793 1077
30  LL 2847 1071
10  LL 2884 1043
28
50  LL 2222 1452
30  WKW 2264 2040(Y) 341
10  WKW 2372 308
29
50  LL 2606 2348(Y) 1089
30  LL 2769 2495(Y) 1070
10  LL 3544 991
30
50  LL 2775 1455
30  WKW 2966 364
10  WKW 3294 323
31
80  WKW 13210 120
40  LL 14739 649
32
80  WKW 16884 686
40  LL 17794 553
33
80  WKW 8372 688
40  LL 8584 654
34
80  LL 11114 657
40  WKW 11882 691
35
50  WKW 3103 2796(Y) 389
30  LL 3284 2959(Y) 1459
10  LL 3828 965
36
50  WKW 3402 3065(Y) 382
30  LL 3860 986
10  WKW 4069 1594
37
50  LL 4519 1010
30  WKW 4589 310
10  LL 4693 1700
38
50  LL 3684 1451
30  LL 3912 3525(Y) 1458
10  WKW 3953 307
39
50  WKW 4401 3965(Y) 365
30  WKW 4456 358
10  WKW 5084 370
40
50  WKW 3416 3078(Y) 1584
30  LL 4356 1093
10  LL 4358 3927(Y) 1461
41
50  WKW 2291 359
30  LL 2328 1063
10  LL 2349 1077
42
50  LL 1881 1695(Y) 1452
30  WKW 2000 308
10  WKW 2006 1587
43
50  LL 2433 1089
30  WKW 2644 1596
10  LL 2670 1096
44
50  LL 2298 2071(Y) 1455
30  LL 2541 2290(Y) 1033
10  LL 2652 2390(Y) 1669
45
50  WKW 3975 297
30  LL 4192 1048
10  WKW 4470 303
46
50  LL 3039 2738(Y) 980
30  LL 3663 1026
10  WKW 3944 378
47
50  WKW 5615 334
30  LL 6102 5498(Y) 1459
10  WKW 6850 317
48
50  WKW 6502 5858(Y) 382
30  WKW 7826 369
10  WKW 8551 337
49
50  LL 7685 1015
30  WKW 7801 305
10  WKW 7894 331
50
50  LL 7112 6408(Y) 1458
30  WKW 7399 6666(Y) 329
10  WKW 7603 345
51
50  WKW 7730 6964(Y) 365
30  WKW 9131 314
10  LL 9569 999
52
50  WKW 6506 5862(Y) 1584
30  WKW 8503 333
10  LL 8644 1000
53
50  WKW 3661 3299(Y) 313
30  LL 4159 3747(Y) 1063
10  WKW 4201 3785(Y) 359
54
50  WKW 3591 1587
30  WKW 3706 330
10  WKW 3744 341
55
50  WKW 5216 325
30  LL 5231 1083
10  WKW 5281 1596
56
50  LL 4291 3866(Y) 1455
30  LL 4714 4247(Y) 1033
10  WKW 5145 364
57
50  LL 3151 965
30  LL 3523 1022
10  WKW 3700 317
58
50  WKW 3605 337
30  WKW 4094 369
10  WKW 4547 363
59
50  LL 3726 1015
30  WKW 4203 331
10  LL 5306 1025
60
50  WKW 3666 329
30  WKW 3787 307
10  LL 3880 1443
61
50  WKW 5016 324
30  WKW 5902 1589
10  WKW 6065 370
62
50  WKW 4443 333
30  LL 4506 1029
10  LL 4662 1093
63
50  WKW 2020 1820(Y) 313
30  LL 2485 1063
10  LL 2768 1034
64
50  WKW 1879 330
30  LL 1952 1032
10  LL 2021 1821(Y) 1052
65
50  WKW 2870 1596
30  LL 3380 976
66
50  LL 3074 1033
30  WKW 3260 323
10  LL 3557 971
67
80  LL 14244 12833(Y) 1022
40  WKW 14382 955
68
80  WKW 13234 11923(Y) 1035
40  LL 13831 12461(Y) 1023
SCORE:LL,WKW,2710,3580,-87.0
