ML-BJCCS
1
50  ML 7733 3026
30  ML 8827 3040
2
50  BJCCS 7311 1954
30  BJCCS 9619 1983
10  BJCCS 12100 1969
3
50  ML 7653 3039
30  ML 8387 3030
10  ML 8627 3021
4
50  BJCCS 8868 1970
30  BJCCS 8910 1964
5
50  BJCCS 7494 1958
30  ML 7646 2976
10  BJCCS 9193 1972
6
50  BJCCS 7580 1985
30  ML 8587 3042
10  BJCCS 8634 1960
7
50  BJCCS 7577 1975
30  BJCCS 8144 1986
8
50  BJCCS 6444 1974
30  BJCCS 6544 1984
10  ML 6856 3009
9
50  ML 2362 3027
30  BJCCS 2399 1956
10  ML 3564 3035
10
50  ML 3708 3055
30  ML 4282 3004
10  ML 4460 2966
11
50  ML 1763 3018
30  BJCCS 2100 1973
10  ML 2138 2990
12
50  ML 1841 3057
30  BJCCS 1892 1955
10  ML 2006 3058
13
50  ML 4123 2974
30  ML 4884 2994
10  ML 5020 3044
14
50  BJCCS 2934 1954
30  ML 3347 3007
10  ML 3845 3052
15
50  ML 3038 3039
30  ML 3094 2983
10  ML 3537 2977
16
50  BJCCS 3568 1964
30  BJCCS 3666 1970
10  ML 3797 3008
17
50  ML 6728 3025
30  ML 7035 2976
10  BJCCS 7103 1958
18
50  BJCCS 6120 1966
30  ML 7318 3042
10  BJCCS 7762 1960
19
50  BJCCS 6706 1975
30  BJCCS 7454 1986
20
50  BJCCS 5725 1974
30  ML 5822 3009
10  BJCCS 6940 1962
21
50  BJCCS 2962 1956
30  ML 3140 3027
10  BJCCS 3903 1989
22
50  ML 5102 3004
30  ML 5881 3055
10  ML 6240 3033
23
50  ML 2434 2968
30  ML 2446 3018
10  BJCCS 2553 1973
24
50  BJCCS 2342 1955
30  ML 2428 3058
10  ML 2614 3057
25
50  ML 2282 2979
30  ML 2409 2974
10  ML 2553 2994
26
50  ML 1775 3007
30  BJCCS 2019 1983
10  ML 2128 3052
27
50  ML 3468 3028
30  ML 3828 3030
10  ML 4069 3021
28
50  BJCCS 4400 1970
30  ML 5208 3053
10  ML 5515 2971
29
50  ML 3495 3025
30  BJCCS 3747 1958
10  ML 3766 2976
30
50  BJCCS 3247 1966
30  BJCCS 3419 1985
10  ML 4514 3006
31
80  BJCCS 3610 1986
32
80  BJCCS 2989 1984
40  ML 3295 3009
0  BJCCS 3687 1962
33
80  BJCCS 2559 1973
40  BJCCS 3103 1956
34
80  BJCCS 2165 1981
35
50  ML 1494 3026
30  ML 1822 3040
10  ML 3094 3048
36
50  BJCCS 1770 1983
30  ML 1976 3007
10  ML 2253 3017
37
50  ML 3107 3028
30  ML 3506 3039
10  ML 3809 3030
38
50  BJCCS 4031 1970
30  BJCCS 4178 1964
10  ML 4734 3008
39
50  ML 3244 2976
30  ML 3546 3025
10  BJCCS 4225 1972
40
50  BJCCS 3145 1966
30  BJCCS 4636 1980
10  ML 4843 3006
42
50  ML 2864 3009
30  BJCCS 3000 1974
10  BJCCS 3739 1962
43
50  ML 2798 3018
30  ML 2884 2968
10  BJCCS 4025 1957
44
50  ML 2996 2998
30  BJCCS 3022 1955
45
50  ML 1895 3026
30  ML 2352 3040
10  ML 2645 2974
46
50  BJCCS 1744 1954
30  ML 2939 3031
10  BJCCS 3508 1953
47
50  ML 3656 3028
30  ML 4203 2983
10  ML 4350 2999
48
50  BJCCS 4834 1964
30  ML 4858 3008
10  BJCCS 5853 1987
49
50  BJCCS 3875 1958
30  ML 4165 3025
50
50  ML 4115 3023
30  BJCCS 4163 1985
10  BJCCS 4372 1960
52
50  BJCCS 3897 1984
30  BJCCS 4203 1982
53
50  ML 16500 1973
54
50  ML 9222 1974
30  BJCCS 9233 1830
55
50  ML 16363 1977
56
50  BJCCS 15437 1831
30  ML 18044 1978
57
50  ML 12776 1980
60
50  BJCCS 12532 1832
30  ML 14843 1981
61
50  BJCCS 12031 1833
SCORE:ML,BJCCS,2590,2320,27.0
