ML-CR
1
50  ML 7733 3026
30  ML 8827 3040
10  CR 11712 3318
2
50  CR 13265 3320
3
50  ML 7653 3039
30  ML 8387 3030
10  ML 8627 3021
4
50  CR 8600 3475
30  CR 10240 3470
10  CR 10744 3315
5
50  ML 7646 2976
30  CR 8527 3299
10  CR 9890 3341
6
50  ML 8587 3042
30  ML 8838 3041
7
50  CR 9051 3476
8
50  ML 6856 3009
30  CR 6896 3314
10  CR 7457 3298
9
50  ML 2362 3027
30  CR 2966 3340
10  CR 2986 3297
10
50  ML 3708 3055
30  CR 3769 3292
10  ML 4282 3004
11
50  ML 1763 3018
30  ML 2138 2990
10  ML 2240 2985
12
50  ML 1841 3057
30  ML 2006 3058
10  ML 2091 3016
13
50  ML 4123 2974
30  CR 4676 3318
10  CR 4850 3321
14
50  ML 3347 3007
30  ML 3845 3052
10  ML 4152 3017
15
50  ML 3038 3039
30  ML 3094 2983
10  CR 3501 3319
16
50  CR 3247 3475
30  CR 3667 3315
10  ML 3797 3008
17
50  ML 6728 3025
30  ML 7035 2976
10  CR 7574 3299
18
50  ML 7318 3042
30  ML 7769 3041
10  ML 8081 3006
19
50  CR 8297 3476
20
50  ML 5822 3009
30  CR 6211 3314
10  CR 6259 3298
21
50  CR 3135 3340
30  ML 3140 3027
10  CR 3330 3342
22
50  ML 5102 3004
30  ML 5881 3055
10  ML 6240 3033
23
50  ML 2434 2968
30  ML 2446 3018
10  ML 2706 2985
24
50  ML 2428 3058
30  ML 2614 3057
10  ML 2625 3016
25
50  ML 2282 2979
30  CR 2378 3334
10  ML 2409 2974
26
50  ML 1775 3007
30  ML 2128 3052
10  ML 2400 3017
27
50  ML 3468 3028
30  ML 3828 3030
10  ML 4069 3021
28
50  CR 3958 3475
30  CR 4915 3315
10  ML 5208 3053
29
50  ML 3495 3025
30  ML 3766 2976
10  CR 3934 3299
30
50  ML 4514 3006
30  ML 4781 3000
10  ML 4925 3023
31
80  CR 4231 3476
32
80  CR 3125 3314
40  ML 3295 3009
33
80  CR 3483 3332
40  CR 5117 3325
0  CR 5174 3307
34
80  CR 3214 3313
35
50  ML 1494 3026
30  ML 1822 3040
10  CR 2349 3321
36
50  ML 1976 3007
30  ML 2253 3017
10  ML 3033 3029
37
50  ML 3107 3028
30  ML 3506 3039
10  ML 3809 3030
38
50  CR 3709 3475
30  CR 4460 3470
10  ML 4734 3008
39
50  ML 3244 2976
30  ML 3546 3025
10  CR 4012 3299
40
50  ML 4843 3006
41
50  CR 3916 3476
42
50  ML 2864 3009
30  CR 3003 3298
43
50  ML 2798 3018
30  ML 2884 2968
10  CR 3545 3332
44
50  ML 2996 2998
45
50  ML 1895 3026
30  ML 2352 3040
10  ML 2645 2974
46
50  CR 2711 3301
30  ML 2939 3031
47
50  ML 3656 3028
30  ML 4203 2983
10  ML 4350 2999
48
50  ML 4858 3008
30  CR 6163 3312
49
50  ML 4165 3025
30  CR 5183 3305
10  CR 5388 3300
50
50  ML 4115 3023
30  ML 4447 3041
10  ML 4591 3042
52
50  CR 3675 3314
30  CR 3995 3298
53
50  ML 16500 1973
54
50  ML 9222 1974
30  CR 12468 2010
55
50  ML 16363 1977
56
50  ML 18044 1978
57
50  ML 12776 1980
58
50  CR 15619 2063
59
50  CR 17846 2014
60
50  ML 14843 1981
SCORE:ML,CR,3130,1640,149.0
