ML-CCC
1
50  ML 7733 3026
30  ML 8827 3040
10  CCC 9365 2014
2
50  CCC 10441 2005
30  CCC 11056 2019
10  CCC 13615 1994
3
50  ML 7653 3039
30  ML 8387 3030
10  ML 8627 3021
4
50  CCC 8866 2012
30  CCC 9346 2027
5
50  CCC 7445 2031
30  ML 7646 2976
10  CCC 8137 2030
6
50  ML 8587 3042
30  ML 8838 3041
7
50  CCC 7696 1992
30  CCC 8435 2028
10  CCC 8545 1998
8
50  ML 6856 3009
30  CCC 7524 2002
9
50  ML 2362 3027
30  ML 3564 3035
10  CCC 3709 1996
10
50  ML 3708 3055
30  ML 4282 3004
10  ML 4460 2966
11
50  ML 1763 3018
30  CCC 2076 2026
10  ML 2138 2990
12
50  CCC 1634 2020
30  ML 1841 3057
10  ML 2006 3058
13
50  ML 4123 2974
30  CCC 4404 1995
10  CCC 4490 2006
14
50  ML 3347 3007
30  ML 3845 3052
10  CCC 4125 2019
15
50  ML 3038 3039
30  ML 3094 2983
10  ML 3537 2977
16
50  CCC 3407 2012
30  ML 3797 3008
10  CCC 4175 1993
17
50  ML 6728 3025
30  ML 7035 2976
10  CCC 8815 2029
18
50  ML 7318 3042
30  ML 7769 3041
10  ML 8081 3006
19
50  CCC 7116 1992
30  CCC 7469 2028
10  CCC 7747 1998
20
50  ML 5822 3009
30  CCC 6632 2002
21
50  ML 3140 3027
30  ML 4009 2975
10  CCC 4272 1996
22
50  ML 5102 3004
30  ML 5881 3055
10  ML 6240 3033
23
50  ML 2434 2968
30  ML 2446 3018
10  ML 2706 2985
24
50  ML 2428 3058
30  ML 2614 3057
10  ML 2625 3016
25
50  ML 2282 2979
30  ML 2409 2974
10  ML 2553 2994
26
50  ML 1775 3007
30  CCC 1947 2005
10  ML 2128 3052
27
50  ML 3468 3028
30  ML 3828 3030
10  ML 4069 3021
28
50  CCC 4247 2012
30  ML 5208 3053
10  ML 5515 2971
29
50  ML 3495 3025
30  ML 3766 2976
10  CCC 3810 2030
30
50  ML 4514 3006
30  ML 4781 3000
10  ML 4925 3023
31
80  CCC 3662 1992
40  CCC 3813 1998
0  CCC 4203 2013
32
80  ML 3295 3009
33
80  CCC 2228 2026
40  CCC 3034 2024
35
50  ML 1494 3026
30  CCC 1819 2014
10  ML 1822 3040
36
50  CCC 1891 2005
30  ML 1976 3007
10  ML 2253 3017
37
50  ML 3107 3028
30  ML 3506 3039
10  ML 3809 3030
38
50  CCC 4041 2027
30  CCC 4268 2012
10  ML 4734 3008
39
50  ML 3244 2976
30  CCC 3515 2031
10  ML 3546 3025
40
50  ML 4843 3006
41
50  CCC 3413 1992
30  CCC 3736 2028
10  CCC 3934 1998
42
50  ML 2864 3009
43
50  ML 2798 3018
30  ML 2884 2968
10  CCC 3622 2024
44
50  ML 2996 2998
45
50  ML 1895 3026
30  CCC 2209 2014
10  ML 2352 3040
46
50  ML 2939 3031
30  CCC 3109 1997
10  CCC 3432 2008
47
50  ML 3656 3028
30  ML 4203 2983
10  ML 4350 2999
48
50  ML 4858 3008
30  CCC 5066 2027
49
50  CCC 3880 2031
30  ML 4165 3025
10  CCC 4603 2029
50
50  ML 4115 3023
30  ML 4447 3041
10  ML 4591 3042
51
50  CCC 4305 2028
30  CCC 4529 2013
10  CCC 4956 1990
53
50  ML 16500 1973
54
50  ML 9222 1974
30  CCC 11834 1834
55
50  ML 16363 1977
30  CCC 19756 1835
56
50  ML 18044 1978
30  CCC 20399 1836
57
50  ML 12776 1980
60
50  ML 14843 1981
SCORE:ML,CCC,3110,1660,145.0
