ML-DUL
1
50  ML 7733 3026
30  ML 8827 3040
10  DUL 10606 1303
3
50  ML 7653 3039
30  ML 8387 3030
10  ML 8627 3021
4
50  DUL 10659 1300
5
50  ML 7646 2976
30  DUL 9208 1347
10  DUL 9752 1319
6
50  ML 8587 3042
30  ML 8838 3041
7
50  DUL 8048 1349
30  DUL 8394 1296
10  DUL 8832 1357
8
50  ML 6856 3009
30  DUL 7197 1305
10  DUL 7268 1295
9
50  ML 2362 3027
30  DUL 3522 1291
10  ML 3564 3035
10
50  DUL 3298 1361
30  ML 3708 3055
10  DUL 4187 1325
11
50  ML 1763 3018
30  ML 2138 2990
10  DUL 2237 1318
12
50  ML 1841 3057
30  ML 2006 3058
10  ML 2091 3016
13
50  ML 4123 2974
30  DUL 4160 1303
10  DUL 4350 1338
14
50  ML 3347 3007
30  ML 3845 3052
10  ML 4152 3017
15
50  ML 3038 3039
30  ML 3094 2983
10  ML 3537 2977
16
50  ML 3797 3008
30  ML 4314 3053
10  ML 4338 2971
17
50  ML 6728 3025
30  ML 7035 2976
10  DUL 10604 1345
18
50  ML 7318 3042
30  ML 7769 3041
10  ML 8081 3006
19
50  DUL 8299 1356
30  DUL 8634 1348
10  DUL 8830 1292
20
50  ML 5822 3009
30  DUL 6944 1299
10  DUL 7277 1305
21
50  ML 3140 3027
30  DUL 3983 1332
10  ML 4009 2975
22
50  DUL 4059 1361
30  ML 5102 3004
10  ML 5881 3055
23
50  ML 2434 2968
30  ML 2446 3018
10  DUL 2695 1337
24
50  ML 2428 3058
30  ML 2614 3057
10  ML 2625 3016
25
50  DUL 2093 1303
30  DUL 2238 1304
10  ML 2282 2979
26
50  ML 1775 3007
30  ML 2128 3052
10  ML 2400 3017
27
50  ML 3468 3028
30  ML 3828 3030
10  ML 4069 3021
28
50  ML 5208 3053
30  ML 5515 2971
10  DUL 5527 1300
29
50  ML 3495 3025
30  ML 3766 2976
10  DUL 4352 1347
30
50  ML 4514 3006
30  ML 4781 3000
10  ML 4925 3023
31
80  DUL 3909 1349
40  DUL 4014 1296
0  DUL 4300 1357
32
80  ML 3295 3009
40  DUL 3673 1305
0  DUL 3886 1299
33
80  DUL 2739 1337
40  DUL 3487 1351
35
50  ML 1494 3026
30  ML 1822 3040
10  DUL 1873 1303
36
50  ML 1976 3007
30  ML 2253 3017
10  ML 3033 3029
37
50  ML 3107 3028
30  ML 3506 3039
10  ML 3809 3030
38
50  ML 4734 3008
30  DUL 4950 1300
10  ML 5303 3053
39
50  ML 3244 2976
30  ML 3546 3025
10  DUL 3977 1347
40
50  ML 4843 3006
41
50  DUL 3374 1349
30  DUL 3887 1296
10  DUL 4107 1357
42
50  ML 2864 3009
30  DUL 3122 1305
43
50  ML 2798 3018
30  DUL 2877 1322
10  ML 2884 2968
44
50  ML 2996 2998
45
50  ML 1895 3026
30  DUL 2291 1307
10  ML 2352 3040
46
50  DUL 2757 1293
30  ML 2939 3031
47
50  ML 3656 3028
30  ML 4203 2983
10  ML 4350 2999
48
50  ML 4858 3008
30  DUL 5469 1300
10  DUL 7927 1363
49
50  ML 4165 3025
30  DUL 4732 1347
10  DUL 5381 1298
50
50  ML 4115 3023
30  ML 4447 3041
10  ML 4591 3042
51
50  DUL 4042 1296
30  DUL 4289 1349
10  DUL 4327 1357
52
50  DUL 3484 1295
30  DUL 3871 1299
53
50  ML 16500 1973
30  DUL 18537 1749
54
50  ML 9222 1974
30  DUL 12181 1742
55
50  ML 16363 1977
30  DUL 24027 1744
56
50  ML 18044 1978
57
50  ML 12776 1980
30  DUL 16909 1746
60
50  ML 14843 1981
61
50  DUL 13150 1748
SCORE:ML,DUL,3220,1680,154.0
