ML-FO
1
50  ML 7733 3026
30  ML 8827 3040
10  FO 10771 2035
2
50  FO 10637 2042
30  FO 11528 2114
10  FO 12258 2088
3
50  ML 7653 3039
30  FO 8237 2055
10  ML 8387 3030
4
50  FO 8422 2127
30  FO 9837 2079
5
50  ML 7646 2976
30  FO 8487 2036
10  FO 9789 2067
6
50  FO 8478 2053
30  ML 8587 3042
10  FO 8720 2121
7
50  FO 7744 2061
8
50  FO 6400 2077
30  ML 6856 3009
10  FO 6997 2094
9
50  ML 2362 3027
30  FO 3181 2050
10  ML 3564 3035
10
50  FO 2470 2128
30  FO 2776 2049
10  FO 3569 2106
11
50  ML 1763 3018
30  FO 2071 2043
10  FO 2090 2078
12
50  ML 1841 3057
30  FO 1906 2065
10  ML 2006 3058
13
50  ML 4123 2974
30  FO 4515 2110
10  FO 4844 2074
14
50  ML 3347 3007
30  ML 3845 3052
10  FO 4140 2042
15
50  ML 3038 3039
30  ML 3094 2983
10  ML 3537 2977
16
50  FO 3571 2066
30  ML 3797 3008
10  FO 3901 2100
17
50  ML 6728 3025
30  ML 7035 2976
10  FO 7118 2036
18
50  ML 7318 3042
30  FO 7319 2121
10  FO 7333 2053
19
50  FO 6721 2061
30  FO 9947 2039
20
50  FO 5738 2077
30  ML 5822 3009
10  FO 5938 2094
21
50  ML 3140 3027
30  FO 3857 2050
10  ML 4009 2975
22
50  FO 2925 2128
30  FO 3814 2049
10  ML 5102 3004
23
50  ML 2434 2968
30  ML 2446 3018
10  FO 2619 2139
24
50  ML 2428 3058
30  FO 2552 2065
10  ML 2614 3057
25
50  ML 2282 2979
30  FO 2372 2074
10  FO 2381 2035
26
50  ML 1775 3007
30  ML 2128 3052
10  FO 2225 2048
27
50  ML 3468 3028
30  FO 3759 2055
10  ML 3828 3030
28
50  FO 4134 2127
30  FO 4747 2066
10  FO 4991 2079
29
50  ML 3495 3025
30  ML 3766 2976
10  FO 4128 2067
30
50  FO 4253 2121
30  FO 4432 2047
10  ML 4514 3006
31
80  FO 4765 2039
32
80  FO 3047 2077
40  ML 3295 3009
0  FO 3414 2076
33
80  FO 2181 2139
40  FO 2381 2078
0  FO 2700 2043
34
80  FO 3806 2120
35
50  ML 1494 3026
30  ML 1822 3040
10  FO 2208 2035
36
50  ML 1976 3007
30  FO 2122 2104
10  FO 2222 2048
37
50  ML 3107 3028
30  ML 3506 3039
10  ML 3809 3030
38
50  FO 4043 2127
30  ML 4734 3008
10  ML 5303 3053
39
50  ML 3244 2976
30  ML 3546 3025
10  FO 3744 2036
40
50  FO 3906 2053
30  ML 4843 3006
41
50  FO 3459 2061
30  FO 5570 2039
42
50  ML 2864 3009
30  FO 2884 2094
10  FO 3478 2076
43
50  FO 2740 2139
30  ML 2798 3018
10  ML 2884 2968
44
50  ML 2996 2998
45
50  ML 1895 3026
30  ML 2352 3040
10  ML 2645 2974
46
50  FO 2462 2104
30  FO 2484 2130
10  FO 2653 2048
47
50  ML 3656 3028
30  FO 4008 2055
10  ML 4203 2983
48
50  FO 4576 2066
30  ML 4858 3008
10  FO 6287 2137
49
50  ML 4165 3025
30  FO 4431 2092
10  FO 4695 2071
50
50  FO 4110 2053
30  ML 4115 3023
10  ML 4447 3041
51
50  FO 3932 2061
52
50  FO 3541 2077
30  FO 3725 2094
10  FO 4119 2132
53
50  FO 14008 1854
30  ML 16500 1973
54
50  ML 9222 1974
30  FO 9738 1838
55
50  ML 16363 1977
30  FO 19576 1843
56
50  ML 18044 1978
30  FO 18719 1846
57
50  ML 12776 1980
30  FO 15307 1849
58
50  FO 14984 1850
59
50  FO 15100 1853
60
50  ML 14843 1981
SCORE:ML,FO,2420,2690,-27.0
