ML-FR
1
50  ML 7733 3026
30  ML 8827 3040
10  FR 9756 1771
2
50  FR 14198 1805
3
50  ML 7653 3039
30  ML 8387 3030
10  ML 8627 3021
4
50  FR 7209 1825
30  FR 10057 1800
10  FR 10463 1784
5
50  FR 7641 1767
30  ML 7646 2976
10  FR 9555 1833
6
50  ML 8587 3042
30  FR 8712 1781
10  ML 8838 3041
7
50  FR 8011 1828
30  FR 9367 1769
10  FR 10173 1824
8
50  ML 6856 3009
30  FR 7819 1749
9
50  ML 2362 3027
30  ML 3564 3035
10  ML 3747 3038
10
50  ML 3708 3055
30  ML 4282 3004
10  ML 4460 2966
11
50  ML 1763 3018
30  FR 2003 1815
10  ML 2138 2990
12
50  ML 1841 3057
30  ML 2006 3058
10  FR 2009 1740
13
50  ML 4123 2974
30  FR 4397 1757
10  FR 4501 1786
14
50  ML 3347 3007
30  ML 3845 3052
10  ML 4152 3017
15
50  ML 3038 3039
30  ML 3094 2983
10  FR 3487 1785
16
50  FR 2909 1825
30  FR 3730 1826
10  ML 3797 3008
17
50  ML 6728 3025
30  ML 7035 2976
10  FR 8153 1833
18
50  ML 7318 3042
30  ML 7769 3041
10  FR 7796 1831
19
50  FR 6978 1828
30  FR 8397 1769
10  FR 8701 1824
20
50  ML 5822 3009
30  FR 7289 1748
21
50  ML 3140 3027
30  ML 4009 2975
10  ML 4740 3035
22
50  ML 5102 3004
30  FR 5597 1775
10  ML 5881 3055
23
50  FR 2359 1815
30  ML 2434 2968
10  ML 2446 3018
24
50  FR 2369 1740
30  ML 2428 3058
10  ML 2614 3057
25
50  FR 2137 1771
30  ML 2282 2979
10  ML 2409 2974
26
50  ML 1775 3007
30  ML 2128 3052
10  ML 2400 3017
27
50  ML 3468 3028
30  ML 3828 3030
10  ML 4069 3021
28
50  FR 4469 1826
30  FR 4849 1784
10  ML 5208 3053
29
50  ML 3495 3025
30  FR 3559 1767
10  ML 3766 2976
30
50  FR 4107 1781
30  FR 4263 1831
10  ML 4514 3006
31
80  FR 3485 1765
40  FR 4595 1835
0  FR 4778 1812
32
80  ML 3295 3009
40  FR 3537 1749
0  FR 3950 1748
33
80  FR 2371 1815
40  FR 2673 1820
0  FR 3068 1778
34
80  FR 2468 1740
40  FR 2562 1770
0  FR 4457 1789
35
50  ML 1494 3026
30  ML 1822 3040
10  FR 2038 1771
36
50  ML 1976 3007
30  ML 2253 3017
10  ML 3033 3029
37
50  ML 3107 3028
30  ML 3506 3039
10  ML 3809 3030
38
50  FR 3378 1825
30  FR 4474 1784
10  ML 4734 3008
39
50  ML 3244 2976
30  FR 3359 1767
10  ML 3546 3025
40
50  FR 3883 1781
30  FR 3989 1756
10  FR 4378 1831
41
50  FR 3181 1765
30  FR 3494 1828
10  FR 4517 1769
42
50  ML 2864 3009
30  FR 3447 1749
43
50  ML 2798 3018
30  ML 2884 2968
10  FR 3201 1778
44
50  FR 2806 1770
30  ML 2996 2998
10  FR 4503 1746
45
50  ML 1895 3026
30  ML 2352 3040
10  FR 2412 1771
46
50  FR 2884 1794
30  ML 2939 3031
10  FR 2992 1805
47
50  ML 3656 3028
30  ML 4203 2983
10  ML 4350 2999
48
50  FR 3828 1825
30  ML 4858 3008
10  FR 5026 1800
49
50  ML 4165 3025
30  FR 4196 1767
10  FR 4599 1833
50
50  ML 4115 3023
30  FR 4141 1781
10  ML 4447 3041
51
50  FR 3700 1765
30  FR 4614 1769
10  FR 4743 1835
52
50  FR 4293 1748
53
50  ML 16500 1973
30  FR 30704 1814
54
50  ML 9222 1974
30  FR 11241 1805
55
50  ML 16363 1977
30  FR 23538 1808
56
50  ML 18044 1978
30  FR 25100 1809
57
50  ML 12776 1980
30  FR 15370 1811
58
50  FR 15968 1812
60
50  ML 14843 1981
61
50  FR 12000 1813
SCORE:ML,FR,2810,2430,38.0
