ML-HSC
1
50  ML 7733 3026
30  ML 8827 3040
10  HSC 12582 3422
2
50  HSC 13133 3465
30  HSC 13628 3436
3
50  ML 7653 3039
30  ML 8387 3030
10  ML 8627 3021
4
50  HSC 8441 3463
5
50  ML 7646 2976
30  HSC 7740 3466
10  HSC 7854 3424
6
50  HSC 7907 3446
30  HSC 8508 3458
10  ML 8587 3042
7
50  HSC 8442 3457
30  HSC 8729 3447
8
50  HSC 6592 3462
30  ML 6856 3009
10  HSC 7912 3461
9
50  ML 2362 3027
30  ML 3564 3035
10  ML 3747 3038
10
50  ML 3708 3055
30  HSC 3999 3459
10  ML 4282 3004
11
50  ML 1763 3018
30  HSC 1977 3430
10  HSC 2019 3464
12
50  ML 1841 3057
30  ML 2006 3058
10  ML 2091 3016
13
50  ML 4123 2974
30  HSC 4509 3422
10  HSC 4704 3467
14
50  ML 3347 3007
30  ML 3845 3052
10  HSC 4084 3420
15
50  ML 3038 3039
30  ML 3094 2983
10  ML 3537 2977
16
50  HSC 3251 3453
30  HSC 3253 3463
10  HSC 3521 3421
17
50  ML 6728 3025
30  HSC 6734 3466
10  HSC 6821 3424
18
50  HSC 6803 3423
30  ML 7318 3042
10  HSC 7347 3458
19
50  HSC 7373 3448
30  HSC 7776 3447
20
50  HSC 5558 3462
30  ML 5822 3009
10  HSC 5947 3460
21
50  ML 3140 3027
30  ML 4009 2975
10  ML 4740 3035
22
50  ML 5102 3004
30  ML 5881 3055
10  ML 6240 3033
23
50  ML 2434 2968
30  ML 2446 3018
10  ML 2706 2985
24
50  ML 2428 3058
30  ML 2614 3057
10  ML 2625 3016
25
50  ML 2282 2979
30  ML 2409 2974
10  HSC 2488 3422
26
50  ML 1775 3007
30  ML 2128 3052
10  ML 2400 3017
27
50  ML 3468 3028
30  ML 3828 3030
10  ML 4069 3021
28
50  HSC 4294 3421
30  HSC 4380 3453
10  HSC 4906 3435
29
50  ML 3495 3025
30  ML 3766 2976
10  HSC 3789 3444
30
50  HSC 3802 3446
30  HSC 3893 3423
10  ML 4514 3006
31
80  HSC 3913 3448
40  HSC 4225 3447
32
80  ML 3295 3009
40  HSC 3721 3461
0  HSC 4294 3454
35
50  ML 1494 3026
30  ML 1822 3040
10  ML 3094 3048
36
50  ML 1976 3007
30  ML 2253 3017
10  ML 3033 3029
37
50  ML 3107 3028
30  ML 3506 3039
10  ML 3809 3030
38
50  HSC 4317 3453
30  ML 4734 3008
10  ML 5303 3053
39
50  ML 3244 2976
30  ML 3546 3025
10  HSC 3635 3424
40
50  HSC 3304 3446
30  HSC 3927 3423
10  ML 4843 3006
41
50  HSC 3312 3457
30  HSC 4225 3448
42
50  HSC 2639 3462
30  ML 2864 3009
10  HSC 2925 3460
43
50  ML 2798 3018
30  ML 2884 2968
10  HSC 2932 3430
44
50  ML 2996 2998
45
50  ML 1895 3026
30  ML 2352 3040
10  ML 2645 2974
46
50  ML 2939 3031
30  HSC 3058 3420
10  HSC 3123 3436
47
50  ML 3656 3028
30  ML 4203 2983
10  ML 4350 2999
48
50  HSC 4691 3463
30  ML 4858 3008
10  HSC 5188 3435
49
50  HSC 4065 3466
30  ML 4165 3025
10  HSC 4831 3429
50
50  ML 4115 3023
30  HSC 4279 3423
10  ML 4447 3041
51
50  HSC 4470 3448
30  HSC 4532 3457
52
50  HSC 3407 3460
30  HSC 3845 3454
10  HSC 4113 3461
53
50  ML 16500 1973
54
50  ML 9222 1974
55
50  ML 16363 1977
56
50  ML 18044 1978
30  HSC 19928 2040
57
50  ML 12776 1980
58
50  HSC 15277 2041
59
50  HSC 12869 2042
60
50  HSC 12747 2043
30  ML 14843 1981
61
50  HSC 12104 2044
SCORE:ML,HSC,2860,2080,78.0
