ML-NJST
1
50  ML 7733 3026
30  ML 8827 3040
10  NJST 10050 3229
2
50  NJST 11875 3221
3
50  NJST 7090 3206
30  NJST 7422 3238
10  ML 7653 3039
4
50  NJST 10567 3243
5
50  ML 7646 2976
30  NJST 8025 3231
6
50  ML 8587 3042
30  ML 8838 3041
7
50  NJST 7619 3234
30  NJST 8972 3211
10  NJST 9154 3240
8
50  ML 6856 3009
30  NJST 7947 3230
9
50  NJST 2247 3222
30  ML 2362 3027
10  ML 3564 3035
10
50  ML 3708 3055
30  ML 4282 3004
10  ML 4460 2966
11
50  ML 1763 3018
30  NJST 1965 3197
10  ML 2138 2990
12
50  ML 1841 3057
30  ML 2006 3058
10  NJST 2010 3225
13
50  ML 4123 2974
30  NJST 4263 3229
10  NJST 4753 3212
14
50  ML 3347 3007
30  ML 3845 3052
10  ML 4152 3017
15
50  NJST 2836 3206
30  NJST 2929 3238
10  ML 3038 3039
16
50  NJST 3353 3236
30  ML 3797 3008
10  NJST 3959 3243
17
50  ML 6728 3025
30  ML 7035 2976
18
50  ML 7318 3042
30  ML 7769 3041
10  ML 8081 3006
19
50  NJST 6731 3234
30  NJST 7723 3240
10  NJST 8363 3211
20
50  ML 5822 3009
21
50  NJST 2794 3222
30  ML 3140 3027
10  ML 4009 2975
22
50  ML 5102 3004
30  ML 5881 3055
10  ML 6240 3033
23
50  ML 2434 2968
30  ML 2446 3018
10  NJST 2604 3197
24
50  NJST 2287 3225
30  ML 2428 3058
10  ML 2614 3057
25
50  NJST 2256 3212
30  ML 2282 2979
10  NJST 2372 3196
26
50  ML 1775 3007
30  ML 2128 3052
10  NJST 2381 3221
27
50  NJST 3425 3213
30  ML 3468 3028
10  ML 3828 3030
28
50  NJST 4575 3236
30  ML 5208 3053
10  NJST 5369 3214
29
50  ML 3495 3025
30  ML 3766 2976
10  NJST 3852 3231
30
50  ML 4514 3006
30  ML 4781 3000
10  ML 4925 3023
31
80  NJST 3781 3234
40  NJST 4162 3211
32
80  ML 3295 3009
40  NJST 3987 3230
33
80  NJST 3345 3197
35
50  ML 1494 3026
30  ML 1822 3040
10  NJST 2103 3229
36
50  ML 1976 3007
30  NJST 2091 3226
10  ML 2253 3017
37
50  ML 3107 3028
30  NJST 3407 3206
10  ML 3506 3039
38
50  ML 4734 3008
30  ML 5303 3053
10  ML 5725 2971
39
50  ML 3244 2976
30  ML 3546 3025
10  NJST 3557 3231
40
50  ML 4843 3006
41
50  NJST 3315 3234
30  NJST 4063 3240
42
50  ML 2864 3009
30  NJST 3604 3230
43
50  ML 2798 3018
30  ML 2884 2968
10  NJST 3128 3219
44
50  ML 2996 2998
30  NJST 3275 3225
10  NJST 4603 3205
45
50  ML 1895 3026
30  ML 2352 3040
10  ML 2645 2974
46
50  ML 2939 3031
30  NJST 3038 3221
47
50  ML 3656 3028
30  ML 4203 2983
10  NJST 4290 3224
48
50  ML 4858 3008
30  NJST 5291 3214
10  NJST 5836 3236
49
50  ML 4165 3025
30  NJST 4193 3231
50
50  ML 4115 3023
30  ML 4447 3041
10  ML 4591 3042
51
50  NJST 4359 3211
30  NJST 4675 3240
52
50  NJST 3787 3230
53
50  ML 16500 1973
54
50  ML 9222 1974
30  NJST 10675 1997
55
50  ML 16363 1977
30  NJST 19643 1998
56
50  ML 18044 1978
30  NJST 22728 1999
57
50  NJST 12482 2000
30  ML 12776 1980
58
50  NJST 18127 2002
60
50  ML 14843 1981
SCORE:ML,NJST,2910,1910,100.0
