ML-OMST
1
50  ML 7733 3026
30  ML 8827 3040
10  OMST 11741 3251
2
50  OMST 8160 3253
30  OMST 11720 3256
3
50  ML 7653 3039
30  OMST 8244 3275
10  ML 8387 3030
4
50  OMST 12479 3247
5
50  ML 7646 2976
30  OMST 7843 3258
6
50  ML 8587 3042
30  ML 8838 3041
10  OMST 8919 3263
7
50  OMST 7093 3269
30  OMST 7725 3285
8
50  OMST 6319 3274
30  ML 6856 3009
9
50  ML 2362 3027
30  ML 3564 3035
10  ML 3747 3038
10
50  ML 3708 3055
30  ML 4282 3004
10  ML 4460 2966
11
50  ML 1763 3018
30  ML 2138 2990
10  ML 2240 2985
12
50  ML 1841 3057
30  ML 2006 3058
10  ML 2091 3016
13
50  ML 4123 2974
30  ML 4884 2994
10  ML 5020 3044
14
50  ML 3347 3007
30  ML 3845 3052
10  OMST 3975 3261
15
50  ML 3038 3039
30  ML 3094 2983
10  ML 3537 2977
16
50  OMST 3447 3266
30  ML 3797 3008
10  OMST 4120 3283
17
50  ML 6728 3025
30  ML 7035 2976
10  OMST 8269 3271
18
50  OMST 7259 3257
30  ML 7318 3042
10  ML 7769 3041
19
50  OMST 6744 3285
20
50  ML 5822 3009
30  OMST 7432 3288
21
50  ML 3140 3027
30  ML 4009 2975
10  OMST 4632 3259
22
50  ML 5102 3004
30  ML 5881 3055
10  ML 6240 3033
23
50  ML 2434 2968
30  ML 2446 3018
10  ML 2706 2985
24
50  ML 2428 3058
30  ML 2614 3057
10  ML 2625 3016
25
50  ML 2282 2979
30  OMST 2406 3251
10  ML 2409 2974
26
50  ML 1775 3007
30  OMST 1790 3253
10  ML 2128 3052
27
50  ML 3468 3028
30  ML 3828 3030
10  OMST 3878 3275
28
50  ML 5208 3053
30  ML 5515 2971
10  OMST 5844 3283
29
50  ML 3495 3025
30  OMST 3722 3258
10  ML 3766 2976
30
50  OMST 4116 3263
30  ML 4514 3006
10  ML 4781 3000
31
80  OMST 3750 3285
32
80  ML 3295 3009
40  OMST 4363 3288
0  OMST 6905 3267
33
80  OMST 4259 3289
35
50  ML 1494 3026
30  ML 1822 3040
10  OMST 2550 3251
36
50  OMST 1563 3253
30  ML 1976 3007
10  ML 2253 3017
37
50  ML 3107 3028
30  ML 3506 3039
10  ML 3809 3030
38
50  ML 4734 3008
30  ML 5303 3053
10  ML 5725 2971
39
50  ML 3244 2976
30  ML 3546 3025
10  OMST 3721 3258
40
50  OMST 3669 3257
30  ML 4843 3006
41
50  OMST 3053 3269
42
50  OMST 2766 3274
30  ML 2864 3009
10  OMST 4310 3288
43
50  ML 2798 3018
30  ML 2884 2968
10  OMST 4881 3260
44
50  ML 2996 2998
30  OMST 3195 3284
45
50  ML 1895 3026
30  ML 2352 3040
10  ML 2645 2974
46
50  OMST 2777 3246
30  ML 2939 3031
47
50  ML 3656 3028
30  ML 4203 2983
10  ML 4350 2999
48
50  ML 4858 3008
30  OMST 4907 3266
10  OMST 5397 3249
49
50  ML 4165 3025
30  OMST 5025 3265
10  OMST 5644 3254
50
50  ML 4115 3023
30  ML 4447 3041
10  ML 4591 3042
51
50  OMST 3703 3269
52
50  OMST 3415 3274
53
50  ML 16500 1973
54
50  ML 9222 1974
30  OMST 12837 2003
55
50  ML 16363 1977
30  OMST 27406 2004
56
50  OMST 16499 2005
30  ML 18044 1978
57
50  ML 12776 1980
58
50  OMST 17262 2007
59
50  OMST 15246 2008
60
50  ML 14843 1981
61
50  OMST 12078 2009
SCORE:ML,OMST,3180,1680,150.0
