ML-RW
1
50  ML 7733 3026
30  ML 8827 3040
10  RW 10009 718
2
50  RW 8968 753
30  RW 9600 762
3
50  ML 7653 3039
30  ML 8387 3030
10  ML 8627 3021
4
50  RW 10600 736
5
50  ML 7646 2976
30  RW 7908 773
10  RW 8319 735
6
50  RW 7729 752
30  ML 8587 3042
10  ML 8838 3041
7
50  RW 7459 772
8
50  ML 6856 3009
30  RW 6948 733
10  RW 7027 763
9
50  ML 2362 3027
30  RW 2557 688
10  ML 3564 3035
10
50  RW 3534 751
30  ML 3708 3055
10  RW 4054 720
11
50  ML 1763 3018
30  RW 1975 771
10  ML 2138 2990
12
50  RW 1829 726
30  ML 1841 3057
10  ML 2006 3058
13
50  RW 3735 718
30  RW 3906 701
10  ML 4123 2974
14
50  ML 3347 3007
30  ML 3845 3052
10  RW 3905 762
15
50  ML 3038 3039
30  ML 3094 2983
10  ML 3537 2977
16
50  RW 3402 724
30  ML 3797 3008
10  RW 3930 736
17
50  ML 6728 3025
30  ML 7035 2976
10  RW 7229 735
18
50  RW 6623 752
30  ML 7318 3042
10  ML 7769 3041
19
50  RW 6387 772
20
50  RW 5551 716
30  ML 5822 3009
10  RW 5951 763
21
50  ML 3140 3027
30  RW 3450 688
10  ML 4009 2975
22
50  RW 4079 695
30  RW 4291 751
10  ML 5102 3004
23
50  ML 2434 2968
30  ML 2446 3018
10  ML 2706 2985
24
50  RW 2427 726
30  ML 2428 3058
10  ML 2614 3057
25
50  RW 1989 701
30  RW 2244 715
10  ML 2282 2979
26
50  ML 1775 3007
30  RW 1908 753
10  ML 2128 3052
27
50  ML 3468 3028
30  ML 3828 3030
10  ML 4069 3021
28
50  RW 4728 724
30  RW 4906 766
10  ML 5208 3053
29
50  ML 3495 3025
30  RW 3721 735
10  ML 3766 2976
30
50  ML 4514 3006
30  ML 4781 3000
10  ML 4925 3023
31
80  RW 3927 722
32
80  RW 3041 716
40  RW 3259 742
0  ML 3295 3009
33
80  RW 2497 771
40  RW 2947 740
0  RW 3059 750
34
80  RW 2609 696
40  RW 2669 747
0  RW 3215 748
35
50  ML 1494 3026
30  ML 1822 3040
10  RW 1973 718
36
50  RW 1899 762
30  ML 1976 3007
10  ML 2253 3017
37
50  ML 3107 3028
30  ML 3506 3039
10  ML 3809 3030
38
50  RW 4420 736
30  RW 4496 766
10  ML 4734 3008
39
50  ML 3244 2976
30  RW 3435 773
10  ML 3546 3025
40
50  ML 4843 3006
30  RW 5377 769
41
50  RW 3266 772
30  RW 4106 722
42
50  RW 2739 716
30  ML 2864 3009
10  RW 2939 733
43
50  RW 2462 771
30  ML 2798 3018
10  ML 2884 2968
44
50  RW 2621 726
30  ML 2996 2998
10  RW 3435 748
45
50  ML 1895 3026
30  RW 2351 701
10  ML 2352 3040
46
50  RW 2123 753
30  ML 2939 3031
10  RW 2953 749
47
50  ML 3656 3028
30  ML 4203 2983
10  RW 4334 725
48
50  ML 4858 3008
30  RW 5496 766
49
50  RW 3988 773
30  ML 4165 3025
10  RW 4944 754
50
50  RW 4049 752
30  ML 4115 3023
10  ML 4447 3041
51
50  RW 4707 722
52
50  RW 3837 763
30  RW 4031 710
53
50  ML 16500 1973
30  RW 17717 1691
54
50  ML 9222 1974
30  RW 10673 1686
55
50  ML 16363 1977
30  RW 18245 1687
56
50  ML 18044 1978
30  RW 19983 1688
57
50  ML 12776 1980
30  RW 15355 1689
60
50  ML 14843 1981
SCORE:ML,RW,2400,2600,-20.0
