ML-SH
1
50  ML 7733 3026
30  ML 8827 3040
10  SH 10278 2639
3
50  ML 7653 3039
30  ML 8387 3030
10  SH 8498 2619
4
50  SH 9948 2647
30  SH 12226 2625
10  SH 13792 2598
5
50  ML 7646 2976
30  SH 7836 2618
10  SH 8931 2640
6
50  ML 8587 3042
30  ML 8838 3041
7
50  SH 9090 2631
8
50  SH 6485 2605
30  ML 6856 3009
10  SH 7027 2613
9
50  ML 2362 3027
30  ML 3564 3035
10  ML 3747 3038
10
50  ML 3708 3055
30  ML 4282 3004
10  ML 4460 2966
11
50  ML 1763 3018
30  SH 2056 2629
10  ML 2138 2990
12
50  ML 1841 3057
30  ML 2006 3058
10  SH 2009 2642
13
50  SH 3852 2639
30  ML 4123 2974
10  SH 4190 2603
14
50  ML 3347 3007
30  ML 3845 3052
10  ML 4152 3017
15
50  ML 3038 3039
30  ML 3094 2983
10  SH 3463 2619
16
50  ML 3797 3008
30  SH 3946 2630
10  SH 4097 2636
17
50  ML 6728 3025
30  SH 6858 2618
10  ML 7035 2976
18
50  ML 7318 3042
30  ML 7769 3041
10  ML 8081 3006
19
50  SH 8136 2631
20
50  SH 5747 2605
30  ML 5822 3009
10  SH 6437 2613
21
50  ML 3140 3027
30  ML 4009 2975
10  ML 4740 3035
22
50  ML 5102 3004
30  ML 5881 3055
10  ML 6240 3033
23
50  ML 2434 2968
30  ML 2446 3018
10  SH 2543 2629
24
50  ML 2428 3058
30  ML 2614 3057
10  ML 2625 3016
25
50  ML 2282 2979
30  ML 2409 2974
10  SH 2416 2639
26
50  ML 1775 3007
30  ML 2128 3052
10  ML 2400 3017
27
50  ML 3468 3028
30  ML 3828 3030
10  ML 4069 3021
28
50  SH 4732 2630
30  ML 5208 3053
10  SH 5383 2625
29
50  ML 3495 3025
30  ML 3766 2976
10  SH 3769 2618
30
50  ML 4514 3006
30  ML 4781 3000
10  ML 4925 3023
32
80  SH 3178 2605
40  ML 3295 3009
33
80  SH 2598 2629
40  SH 3369 2626
0  SH 3657 2627
34
80  SH 2623 2642
35
50  ML 1494 3026
30  ML 1822 3040
10  SH 2202 2638
36
50  ML 1976 3007
30  ML 2253 3017
10  ML 3033 3029
37
50  ML 3107 3028
30  ML 3506 3039
10  ML 3809 3030
38
50  ML 4734 3008
30  ML 5303 3053
10  SH 5382 2636
39
50  ML 3244 2976
30  ML 3546 3025
10  SH 3807 2640
40
50  ML 4843 3006
42
50  ML 2864 3009
30  SH 2953 2605
10  SH 3161 2613
43
50  ML 2798 3018
30  SH 2875 2629
10  ML 2884 2968
44
50  SH 2983 2642
30  ML 2996 2998
10  SH 3532 2644
45
50  ML 1895 3026
30  ML 2352 3040
10  SH 2408 2639
46
50  ML 2939 3031
30  SH 2964 2617
47
50  ML 3656 3028
30  ML 4203 2983
10  ML 4350 2999
48
50  ML 4858 3008
30  SH 6956 2597
10  SH 7558 2625
49
50  ML 4165 3025
30  SH 4600 2640
10  SH 5657 2637
50
50  ML 4115 3023
30  ML 4447 3041
10  ML 4591 3042
51
50  SH 4738 2631
52
50  SH 3350 2613
53
50  ML 16500 1973
54
50  ML 9222 1974
30  SH 11370 1919
55
50  ML 16363 1977
30  SH 19413 1921
56
50  ML 18044 1978
57
50  ML 12776 1980
58
50  SH 19108 1923
59
50  SH 13886 1924
60
50  ML 14843 1981
SCORE:ML,SH,3240,1460,178.0
