ML-SHC
1
50  ML 7733 3026
30  SHC 8773 492
10  ML 8827 3040
2
50  SHC 10517 475
30  SHC 10644 539
10  SHC 12246 531
3
50  ML 7653 3039
30  ML 8387 3030
10  ML 8627 3021
4
50  SHC 7872 552
5
50  ML 7646 2976
30  SHC 8052 501
6
50  SHC 6757 549
30  ML 8587 3042
10  ML 8838 3041
7
50  SHC 7710 459
30  SHC 7723 479
10  SHC 8297 558
8
50  ML 6856 3009
30  SHC 7306 502
10  SHC 7419 497
9
50  ML 2362 3027
30  SHC 3479 481
10  SHC 3513 528
10
50  SHC 3037 565
30  SHC 3619 471
10  SHC 3666 534
11
50  ML 1763 3018
30  ML 2138 2990
10  SHC 2143 564
12
50  ML 1841 3057
30  ML 2006 3058
10  ML 2091 3016
13
50  SHC 3514 492
30  SHC 3799 547
10  SHC 3929 522
14
50  ML 3347 3007
30  ML 3845 3052
10  ML 4152 3017
15
50  ML 3038 3039
30  ML 3094 2983
10  SHC 3479 533
16
50  SHC 3036 552
30  ML 3797 3008
10  SHC 3941 542
17
50  ML 6728 3025
30  ML 7035 2976
10  SHC 7129 546
18
50  SHC 7143 493
30  ML 7318 3042
10  ML 7769 3041
19
50  SHC 6655 479
30  SHC 6933 459
10  SHC 7867 489
20
50  ML 5822 3009
30  SHC 5949 490
10  SHC 6294 497
21
50  SHC 2812 540
30  ML 3140 3027
10  SHC 3757 481
22
50  SHC 3253 565
30  SHC 3894 471
10  SHC 4737 534
23
50  ML 2434 2968
30  ML 2446 3018
10  SHC 2502 564
24
50  ML 2428 3058
30  ML 2614 3057
10  ML 2625 3016
25
50  SHC 2013 550
30  SHC 2044 513
10  SHC 2203 547
26
50  ML 1775 3007
30  ML 2128 3052
10  ML 2400 3017
27
50  ML 3468 3028
30  ML 3828 3030
10  ML 4069 3021
28
50  SHC 4765 451
30  ML 5208 3053
10  SHC 5445 525
29
50  ML 3495 3025
30  SHC 3509 546
10  ML 3766 2976
30
50  SHC 4305 493
30  ML 4514 3006
10  ML 4781 3000
31
80  SHC 3706 558
40  SHC 3828 458
0  SHC 4017 489
32
80  SHC 3169 502
40  ML 3295 3009
0  SHC 3619 526
33
80  SHC 2923 554
40  SHC 2977 491
0  SHC 2997 540
34
80  SHC 3849 511
35
50  ML 1494 3026
30  ML 1822 3040
10  SHC 1906 463
36
50  ML 1976 3007
30  SHC 2075 537
10  SHC 2173 539
37
50  ML 3107 3028
30  ML 3506 3039
10  ML 3809 3030
38
50  SHC 3333 552
30  ML 4734 3008
10  SHC 4793 525
39
50  ML 3244 2976
30  SHC 3290 501
10  ML 3546 3025
40
50  SHC 2951 549
30  SHC 3667 493
10  ML 4843 3006
41
50  SHC 3356 459
30  SHC 3443 479
42
50  ML 2864 3009
30  SHC 2906 490
10  SHC 3016 502
43
50  ML 2798 3018
30  ML 2884 2968
10  SHC 3154 553
44
50  ML 2996 2998
30  SHC 3788 464
45
50  ML 1895 3026
30  SHC 2141 550
10  ML 2352 3040
46
50  SHC 2295 475
30  SHC 2475 539
10  ML 2939 3031
47
50  ML 3656 3028
30  ML 4203 2983
10  ML 4350 2999
48
50  ML 4858 3008
30  SHC 5134 542
10  SHC 5643 466
49
50  ML 4165 3025
30  SHC 4671 478
50
50  SHC 3461 549
30  ML 4115 3023
10  ML 4447 3041
51
50  SHC 4114 458
30  SHC 4837 489
52
50  SHC 3760 490
30  SHC 3804 497
10  SHC 4231 496
53
50  SHC 16298 1670
30  ML 16500 1973
54
50  ML 9222 1974
55
50  SHC 14927 1665
30  ML 16363 1977
56
50  ML 18044 1978
30  SHC 18851 1666
57
50  ML 12776 1980
30  SHC 18766 1667
60
50  ML 14843 1981
SCORE:ML,SHC,2490,2600,-11.0
