ML-SPL
1
50  ML 7733 3026
30  SPL 8802 1687
10  ML 8827 3040
2
50  SPL 8844 1719
30  SPL 12689 1653
3
50  ML 7653 3039
30  ML 8387 3030
10  ML 8627 3021
4
50  SPL 9290 1705
30  SPL 9620 1671
5
50  ML 7646 2976
30  SPL 7969 1720
6
50  SPL 7284 1689
30  ML 8587 3042
10  ML 8838 3041
7
50  SPL 7357 1698
30  SPL 7863 1697
10  SPL 8531 1664
8
50  ML 6856 3009
30  SPL 8085 1680
9
50  ML 2362 3027
30  ML 3564 3035
10  ML 3747 3038
10
50  SPL 3256 1677
30  ML 3708 3055
10  SPL 4251 1702
11
50  ML 1763 3018
30  SPL 1950 1672
10  SPL 2012 1708
12
50  ML 1841 3057
30  ML 2006 3058
10  ML 2091 3016
13
50  SPL 3444 1687
30  ML 4123 2974
10  ML 4884 2994
14
50  ML 3347 3007
30  SPL 3591 1719
10  SPL 3692 1670
15
50  ML 3038 3039
30  ML 3094 2983
10  SPL 3532 1739
16
50  SPL 3479 1665
30  ML 3797 3008
10  SPL 4002 1679
17
50  SPL 6478 1718
30  ML 6728 3025
10  ML 7035 2976
18
50  SPL 6409 1689
30  ML 7318 3042
10  ML 7769 3041
19
50  SPL 6384 1698
30  SPL 7006 1697
10  SPL 8173 1712
20
50  ML 5822 3009
30  SPL 7947 1688
21
50  ML 3140 3027
30  ML 4009 2975
10  SPL 4433 1722
22
50  ML 5102 3004
30  SPL 5737 1677
10  SPL 5804 1716
23
50  ML 2434 2968
30  ML 2446 3018
10  SPL 2555 1708
24
50  ML 2428 3058
30  ML 2614 3057
10  ML 2625 3016
25
50  ML 2282 2979
30  ML 2409 2974
10  SPL 2515 1647
26
50  ML 1775 3007
30  SPL 1913 1719
10  ML 2128 3052
27
50  ML 3468 3028
30  ML 3828 3030
10  ML 4069 3021
28
50  ML 5208 3053
30  SPL 5351 1669
10  ML 5515 2971
29
50  ML 3495 3025
30  ML 3766 2976
10  SPL 4667 1711
30
50  SPL 3484 1689
30  SPL 3934 1666
10  ML 4514 3006
31
80  SPL 3483 1698
40  SPL 3735 1649
0  SPL 4627 1648
32
80  ML 3295 3009
33
80  SPL 3037 1676
40  SPL 3209 1715
0  SPL 3710 1734
35
50  ML 1494 3026
30  ML 1822 3040
10  SPL 2331 1690
36
50  SPL 1860 1670
30  ML 1976 3007
10  ML 2253 3017
37
50  ML 3107 3028
30  ML 3506 3039
10  ML 3809 3030
38
50  SPL 3981 1705
30  SPL 4577 1671
10  SPL 4672 1679
39
50  ML 3244 2976
30  SPL 3246 1718
10  SPL 3531 1720
40
50  SPL 4193 1727
30  ML 4843 3006
41
50  SPL 3366 1697
30  SPL 3625 1649
10  SPL 3772 1664
42
50  ML 2864 3009
30  SPL 3697 1680
43
50  SPL 2652 1672
30  ML 2798 3018
10  ML 2884 2968
44
50  ML 2996 2998
30  SPL 3371 1699
10  SPL 3403 1726
45
50  ML 1895 3026
30  SPL 2033 1687
10  ML 2352 3040
46
50  SPL 2422 1653
30  SPL 2747 1655
10  SPL 2784 1732
47
50  ML 3656 3028
30  ML 4203 2983
10  ML 4350 2999
48
50  ML 4858 3008
30  SPL 5462 1700
10  SPL 7987 1678
49
50  ML 4165 3025
30  SPL 5095 1704
10  SPL 5615 1711
50
50  ML 4115 3023
30  ML 4447 3041
10  SPL 4475 1666
51
50  SPL 4402 1712
30  SPL 4475 1664
10  SPL 4639 1656
52
50  SPL 4552 1688
53
50  ML 16500 1973
30  SPL 18907 1804
54
50  ML 9222 1974
30  SPL 9289 1796
55
50  ML 16363 1977
30  SPL 20778 1798
56
50  ML 18044 1978
57
50  ML 12776 1980
30  SPL 17312 1800
58
50  SPL 15425 1801
59
50  SPL 13914 1802
60
50  ML 14843 1981
61
50  SPL 13256 1803
SCORE:ML,SPL,2700,2400,30.0
