ML-SCSC
1
50  ML 7733 3026
30  ML 8827 3040
10  SCSC 9422 83
2
50  SCSC 10856 129
30  SCSC 11107 196
10  SCSC 13452 134
3
50  ML 7653 3039
30  SCSC 8177 125
10  SCSC 8218 208
4
50  SCSC 8071 200
30  SCSC 9385 128
5
50  SCSC 7622 107
30  ML 7646 2976
10  SCSC 8989 165
6
50  SCSC 6832 178
30  SCSC 7156 151
10  SCSC 7837 192
7
50  SCSC 8853 117
30  SCSC 9719 135
8
50  SCSC 6738 176
30  ML 6856 3009
10  SCSC 8626 142
9
50  ML 2362 3027
30  SCSC 3301 182
10  ML 3564 3035
10
50  SCSC 2637 185
30  ML 3708 3055
10  SCSC 4081 123
11
50  ML 1763 3018
30  SCSC 2091 172
10  SCSC 2114 191
12
50  ML 1841 3057
30  SCSC 1919 154
10  ML 2006 3058
13
50  SCSC 3635 126
30  SCSC 3641 83
10  SCSC 3885 146
14
50  ML 3347 3007
30  ML 3845 3052
10  SCSC 3983 80
15
50  SCSC 2862 159
30  ML 3038 3039
10  ML 3094 2983
16
50  SCSC 3125 200
30  SCSC 3216 82
10  SCSC 3457 128
17
50  SCSC 6237 199
30  ML 6728 3025
10  ML 7035 2976
18
50  SCSC 6556 133
30  SCSC 6657 192
10  ML 7318 3042
19
50  SCSC 6151 108
30  SCSC 8854 135
20
50  SCSC 5587 156
30  ML 5822 3009
10  SCSC 7509 142
21
50  ML 3140 3027
30  ML 4009 2975
10  SCSC 4619 182
22
50  SCSC 4701 173
30  ML 5102 3004
10  SCSC 5191 123
23
50  ML 2434 2968
30  ML 2446 3018
10  ML 2706 2985
24
50  SCSC 2425 154
30  ML 2428 3058
10  ML 2614 3057
25
50  SCSC 2089 126
30  ML 2282 2979
10  SCSC 2406 171
26
50  ML 1775 3007
30  ML 2128 3052
10  SCSC 2220 196
27
50  SCSC 3313 159
30  ML 3468 3028
10  ML 3828 3030
28
50  SCSC 3633 200
30  SCSC 4544 144
10  SCSC 4628 128
29
50  ML 3495 3025
30  ML 3766 2976
10  SCSC 4034 114
30
50  SCSC 3432 120
30  SCSC 3545 178
10  ML 4514 3006
31
80  SCSC 3306 108
40  SCSC 4070 121
32
80  ML 3295 3009
40  SCSC 3432 176
0  SCSC 3878 142
33
80  SCSC 2565 105
40  SCSC 3100 191
0  SCSC 3621 77
34
80  SCSC 3219 147
40  SCSC 3240 160
0  SCSC 5418 145
35
50  ML 1494 3026
30  SCSC 1728 83
10  ML 1822 3040
36
50  ML 1976 3007
30  ML 2253 3017
10  SCSC 2366 164
37
50  ML 3107 3028
30  ML 3506 3039
10  ML 3809 3030
38
50  ML 4734 3008
30  SCSC 4764 144
10  SCSC 4775 109
39
50  SCSC 3078 199
30  ML 3244 2976
10  ML 3546 3025
40
50  SCSC 3012 151
30  SCSC 3447 192
10  SCSC 3459 120
41
50  SCSC 4072 117
42
50  SCSC 2747 156
30  SCSC 2783 201
10  ML 2864 3009
43
50  ML 2798 3018
30  ML 2884 2968
10  SCSC 3153 172
44
50  SCSC 2935 160
30  ML 2996 2998
10  SCSC 3825 137
45
50  ML 1895 3026
30  ML 2352 3040
10  SCSC 2507 184
46
50  SCSC 2757 88
30  SCSC 2904 136
10  ML 2939 3031
47
50  ML 3656 3028
30  ML 4203 2983
10  SCSC 4256 125
48
50  SCSC 4256 82
30  SCSC 4665 169
10  ML 4858 3008
49
50  SCSC 3997 107
30  ML 4165 3025
10  SCSC 4313 165
50
50  SCSC 3432 178
30  SCSC 3800 133
10  SCSC 3982 151
51
50  SCSC 4337 117
30  SCSC 5038 121
52
50  SCSC 3234 156
30  SCSC 3339 201
53
50  ML 16500 1973
30  SCSC 16759 1641
54
50  SCSC 9056 1633
30  ML 9222 1974
55
50  ML 16363 1977
30  SCSC 19565 1634
56
50  ML 18044 1978
30  SCSC 18470 1635
57
50  ML 12776 1980
30  SCSC 13178 1636
58
50  SCSC 14856 1637
59
50  SCSC 13296 1638
60
50  SCSC 12758 1639
30  ML 14843 1981
61
50  SCSC 11516 1640
SCORE:ML,SCSC,2060,3280,-122.0
