ML-TVT
1
50  ML 7733 3026
30  ML 8827 3040
10  TVT 11250 1868
2
50  TVT 9773 1951
30  TVT 10577 1856
10  TVT 11309 1879
3
50  ML 7653 3039
30  TVT 7662 1866
10  ML 8387 3030
4
50  TVT 9433 1917
30  TVT 11734 1880
10  TVT 12108 1886
5
50  TVT 7571 1867
30  ML 7646 2976
6
50  TVT 7397 1888
30  TVT 7590 1911
10  ML 8587 3042
7
50  TVT 9332 1900
30  TVT 9869 1844
8
50  TVT 6297 1874
30  ML 6856 3009
10  TVT 8188 1860
9
50  ML 2362 3027
30  ML 3564 3035
10  ML 3747 3038
10
50  TVT 3245 1950
30  TVT 3347 1908
10  ML 3708 3055
11
50  ML 1763 3018
30  ML 2138 2990
10  ML 2240 2985
12
50  ML 1841 3057
30  ML 2006 3058
10  TVT 2033 1946
13
50  TVT 4097 1868
30  ML 4123 2974
10  TVT 4514 1853
14
50  ML 3347 3007
30  ML 3845 3052
10  TVT 3875 1951
15
50  ML 3038 3039
30  TVT 3063 1866
10  ML 3094 2983
16
50  ML 3797 3008
30  TVT 4169 1880
10  ML 4314 3053
17
50  ML 6728 3025
30  TVT 6991 1867
10  ML 7035 2976
18
50  TVT 6400 1911
30  TVT 6771 1888
10  ML 7318 3042
19
50  TVT 8321 1900
20
50  TVT 5377 1899
30  TVT 5753 1874
10  ML 5822 3009
21
50  ML 3140 3027
30  ML 4009 2975
10  ML 4740 3035
22
50  TVT 3774 1908
30  TVT 4170 1950
10  ML 5102 3004
23
50  ML 2434 2968
30  ML 2446 3018
10  TVT 2634 1892
24
50  ML 2428 3058
30  TVT 2567 1946
10  ML 2614 3057
25
50  ML 2282 2979
30  ML 2409 2974
10  ML 2553 2994
26
50  ML 1775 3007
30  ML 2128 3052
10  TVT 2397 1898
27
50  ML 3468 3028
30  ML 3828 3030
10  TVT 4013 1845
28
50  ML 5208 3053
30  TVT 5289 1880
10  ML 5515 2971
29
50  ML 3495 3025
30  ML 3766 2976
10  TVT 3845 1910
30
50  TVT 3535 1888
30  TVT 3733 1911
10  ML 4514 3006
31
80  TVT 4059 1900
32
80  TVT 2849 1899
40  ML 3295 3009
0  TVT 3656 1860
33
80  TVT 2840 1952
40  TVT 3641 1890
34
80  TVT 2670 1946
40  TVT 3389 1896
35
50  ML 1494 3026
30  ML 1822 3040
10  TVT 2166 1868
36
50  ML 1976 3007
30  TVT 2050 1856
10  TVT 2078 1951
37
50  ML 3107 3028
30  TVT 3427 1866
10  ML 3506 3039
38
50  TVT 4381 1917
30  ML 4734 3008
10  ML 5303 3053
39
50  ML 3244 2976
30  TVT 3496 1867
10  ML 3546 3025
40
50  TVT 3217 1888
30  ML 4843 3006
42
50  TVT 2764 1899
30  TVT 2776 1874
10  ML 2864 3009
43
50  ML 2798 3018
30  ML 2884 2968
10  TVT 3133 1952
44
50  TVT 2528 1946
30  ML 2996 2998
10  TVT 3303 1896
45
50  ML 1895 3026
30  ML 2352 3040
10  ML 2645 2974
46
50  TVT 2600 1856
30  TVT 2637 1907
10  TVT 2667 1879
47
50  ML 3656 3028
30  ML 4203 2983
10  ML 4350 2999
48
50  ML 4858 3008
30  TVT 5013 1917
10  TVT 5643 1886
49
50  ML 4165 3025
30  TVT 4377 1910
10  TVT 7524 1897
50
50  TVT 3877 1911
30  ML 4115 3023
10  ML 4447 3041
51
50  TVT 4934 1885
52
50  TVT 3306 1874
30  TVT 3969 1860
10  TVT 4577 1947
53
50  ML 16500 1973
30  TVT 16803 1828
54
50  ML 9222 1974
30  TVT 12231 1815
55
50  ML 16363 1977
30  TVT 19785 1818
56
50  TVT 17443 1820
30  ML 18044 1978
57
50  ML 12776 1980
30  TVT 14320 1822
58
50  TVT 17419 1825
59
50  TVT 15096 1826
60
50  ML 14843 1981
61
50  TVT 13181 1827
SCORE:ML,TVT,2510,2650,-14.0
