ML-WST
1
50  ML 7733 3026
30  ML 8827 3040
10  WST 9560 1393
2
50  WST 10409 1384
30  WST 15063 1458
3
50  ML 7653 3039
30  ML 8387 3030
10  ML 8627 3021
4
50  WST 8631 1444
30  WST 13321 1412
10  WST 13956 1453
5
50  ML 7646 2976
30  WST 7806 1401
10  WST 8877 1387
6
50  ML 8587 3042
30  ML 8838 3041
10  WST 9363 1376
7
50  WST 9084 1399
8
50  WST 6800 1380
30  ML 6856 3009
10  WST 8740 1463
9
50  ML 2362 3027
30  ML 3564 3035
10  ML 3747 3038
10
50  WST 3581 1423
30  ML 3708 3055
10  WST 3746 1405
11
50  ML 1763 3018
30  WST 1954 1411
10  ML 2138 2990
12
50  ML 1841 3057
30  WST 1846 1421
10  ML 2006 3058
13
50  WST 4119 1445
30  ML 4123 2974
10  WST 4175 1366
14
50  ML 3347 3007
30  ML 3845 3052
10  WST 3938 1384
15
50  ML 3038 3039
30  ML 3094 2983
10  ML 3537 2977
16
50  WST 3387 1444
30  ML 3797 3008
10  ML 4314 3053
17
50  ML 6728 3025
30  ML 7035 2976
10  WST 7747 1425
18
50  ML 7318 3042
30  ML 7769 3041
10  WST 7996 1370
19
50  WST 7150 1461
30  WST 7878 1399
10  WST 9216 1454
20
50  ML 5822 3009
30  WST 5963 1380
21
50  ML 3140 3027
30  ML 4009 2975
10  ML 4740 3035
22
50  WST 3468 1423
30  WST 4919 1405
10  ML 5102 3004
23
50  ML 2434 2968
30  ML 2446 3018
10  WST 2557 1389
24
50  WST 2217 1421
30  ML 2428 3058
10  ML 2614 3057
25
50  WST 2062 1393
30  ML 2282 2979
10  WST 2344 1379
26
50  ML 1775 3007
30  ML 2128 3052
10  WST 2282 1392
27
50  ML 3468 3028
30  ML 3828 3030
10  ML 4069 3021
28
50  ML 5208 3053
30  ML 5515 2971
10  WST 6243 1412
29
50  WST 3400 1401
30  ML 3495 3025
10  ML 3766 2976
30
50  WST 4352 1376
30  WST 4367 1369
10  ML 4514 3006
31
80  WST 3713 1461
40  WST 4152 1399
0  WST 5088 1454
32
80  ML 3295 3009
40  WST 4072 1463
33
80  WST 2529 1411
40  WST 2560 1389
0  WST 2919 1455
34
80  WST 2022 1421
40  WST 4708 1372
0  WST 4744 1408
35
50  ML 1494 3026
30  WST 1716 1393
10  ML 1822 3040
36
50  ML 1976 3007
30  ML 2253 3017
10  WST 2963 1378
37
50  ML 3107 3028
30  ML 3506 3039
10  ML 3809 3030
38
50  WST 4603 1444
30  ML 4734 3008
10  ML 5303 3053
39
50  ML 3244 2976
30  ML 3546 3025
10  WST 3694 1387
40
50  WST 4535 1370
30  WST 4549 1369
10  ML 4843 3006
41
50  WST 3744 1461
30  WST 4652 1454
42
50  ML 2864 3009
30  WST 2927 1380
43
50  WST 2528 1411
30  ML 2798 3018
10  ML 2884 2968
44
50  ML 2996 2998
30  WST 3463 1421
10  WST 3545 1388
45
50  ML 1895 3026
30  WST 2255 1445
10  WST 2335 1396
46
50  WST 2591 1392
30  WST 2789 1458
10  ML 2939 3031
47
50  ML 3656 3028
30  ML 4203 2983
10  ML 4350 2999
48
50  WST 4406 1444
30  ML 4858 3008
10  WST 7495 1453
49
50  ML 4165 3025
30  WST 4372 1456
10  WST 4502 1401
50
50  ML 4115 3023
30  ML 4447 3041
10  ML 4591 3042
51
50  WST 4490 1399
52
50  WST 4178 1463
53
50  ML 16500 1973
30  WST 18453 1763
54
50  WST 8588 1752
30  ML 9222 1974
55
50  ML 16363 1977
30  WST 16994 1755
56
50  ML 18044 1978
57
50  ML 12776 1980
30  WST 15310 1758
59
50  WST 13947 1760
60
50  WST 14387 1761
30  ML 14843 1981
61
50  WST 15394 1762
SCORE:ML,WST,2730,2460,27.0
