ML-WH
1
50  ML 7733 3026
30  ML 8827 3040
10  WH 9640 1193
2
50  WH 10577 1271
30  WH 10928 1228
3
50  ML 7653 3039
30  WH 8247 1194
10  ML 8387 3030
4
50  WH 9193 1192
30  WH 11040 1221
10  WH 12297 1177
5
50  ML 7646 2976
30  WH 7892 1191
10  WH 9129 1190
6
50  ML 8587 3042
30  ML 8838 3041
10  WH 10114 1226
7
50  WH 8651 1276
8
50  ML 6856 3009
30  WH 8286 1280
10  WH 8650 1198
9
50  ML 2362 3027
30  ML 3564 3035
10  WH 3735 1229
10
50  ML 3708 3055
30  WH 4124 1181
10  ML 4282 3004
11
50  ML 1763 3018
30  WH 2018 1188
10  WH 2124 1236
12
50  ML 1841 3057
30  ML 2006 3058
10  ML 2091 3016
13
50  ML 4123 2974
30  WH 4773 1288
10  WH 4802 1239
14
50  ML 3347 3007
30  ML 3845 3052
10  WH 4037 1228
15
50  ML 3038 3039
30  ML 3094 2983
10  WH 3344 1194
16
50  WH 3582 1197
30  ML 3797 3008
10  WH 3814 1205
17
50  ML 6728 3025
30  ML 7035 2976
10  WH 7845 1178
18
50  WH 6598 1277
30  ML 7318 3042
10  ML 7769 3041
19
50  WH 6868 1187
30  WH 7183 1240
10  WH 7575 1276
20
50  ML 5822 3009
30  WH 6743 1246
10  WH 7183 1247
21
50  ML 3140 3027
30  ML 4009 2975
10  ML 4740 3035
22
50  ML 5102 3004
30  ML 5881 3055
10  ML 6240 3033
23
50  ML 2434 2968
30  ML 2446 3018
10  WH 2603 1188
24
50  ML 2428 3058
30  ML 2614 3057
10  ML 2625 3016
25
50  WH 2213 1193
30  ML 2282 2979
10  WH 2308 1245
26
50  ML 1775 3007
30  ML 2128 3052
10  WH 2321 1271
27
50  ML 3468 3028
30  ML 3828 3030
10  WH 3950 1194
28
50  WH 4251 1192
30  WH 4716 1197
10  WH 5074 1205
29
50  ML 3495 3025
30  WH 3513 1191
10  ML 3766 2976
30
50  WH 3788 1277
30  ML 4514 3006
10  WH 4543 1226
31
80  WH 3613 1240
40  WH 3877 1187
0  WH 4647 1264
32
80  ML 3295 3009
40  WH 3597 1247
0  WH 3989 1183
35
50  ML 1494 3026
30  ML 1822 3040
10  WH 2132 1245
36
50  WH 1815 1189
30  ML 1976 3007
10  WH 2148 1228
37
50  ML 3107 3028
30  ML 3506 3039
10  ML 3809 3030
38
50  WH 4260 1192
30  ML 4734 3008
10  WH 4851 1221
39
50  ML 3244 2976
30  ML 3546 3025
10  WH 3611 1191
40
50  WH 4022 1274
30  ML 4843 3006
41
50  WH 3517 1187
30  WH 3852 1276
10  WH 4489 1264
42
50  ML 2864 3009
30  WH 3502 1280
10  WH 3724 1198
43
50  ML 2798 3018
30  ML 2884 2968
10  WH 3268 1188
44
50  ML 2996 2998
45
50  ML 1895 3026
30  WH 2335 1193
10  ML 2352 3040
46
50  WH 2147 1271
30  WH 2444 1189
10  ML 2939 3031
47
50  ML 3656 3028
30  ML 4203 2983
10  ML 4350 2999
48
50  ML 4858 3008
30  WH 5403 1197
10  WH 5668 1179
49
50  ML 4165 3025
30  WH 4345 1220
10  WH 4565 1178
50
50  WH 3827 1277
30  ML 4115 3023
10  ML 4447 3041
51
50  WH 4341 1240
30  WH 4961 1196
52
50  WH 4106 1280
30  WH 4311 1247
10  WH 4359 1182
53
50  ML 16500 1973
30  WH 24955 1733
54
50  ML 9222 1974
30  WH 11963 1734
55
50  ML 16363 1977
30  WH 28845 1735
56
50  ML 18044 1978
30  WH 27833 1736
57
50  ML 12776 1980
30  WH 23321 1737
58
50  WH 21021 1738
60
50  ML 14843 1981
61
50  WH 15727 1739
SCORE:ML,WH,2840,2160,68.0
