ML-WCSC
1
50  ML 7733 3026
30  WCSC 8690 844
10  ML 8827 3040
2
50  WCSC 10839 784
3
50  ML 7653 3039
30  WCSC 7943 800
10  ML 8387 3030
4
50  WCSC 8409 810
30  WCSC 9688 775
5
50  ML 7646 2976
30  WCSC 7784 895
10  WCSC 9901 832
6
50  WCSC 7896 776
30  ML 8587 3042
10  WCSC 8833 821
7
50  WCSC 8963 860
30  WCSC 9778 900
8
50  ML 6856 3009
30  WCSC 7650 843
10  WCSC 7728 787
9
50  ML 2362 3027
30  WCSC 3175 869
10  WCSC 3328 872
10
50  WCSC 3536 830
30  WCSC 3673 786
10  ML 3708 3055
11
50  ML 1763 3018
30  WCSC 1889 855
10  WCSC 2129 826
12
50  WCSC 1740 870
30  ML 1841 3057
10  WCSC 1904 877
13
50  WCSC 3738 871
30  WCSC 3787 884
10  ML 4123 2974
14
50  ML 3347 3007
30  ML 3845 3052
10  WCSC 4129 831
15
50  ML 3038 3039
30  ML 3094 2983
10  WCSC 3219 896
16
50  WCSC 3434 775
30  WCSC 3517 863
10  WCSC 3730 847
17
50  ML 6728 3025
30  ML 7035 2976
10  WCSC 7082 859
18
50  WCSC 6674 798
30  WCSC 6843 776
10  ML 7318 3042
19
50  WCSC 7938 860
30  WCSC 7996 881
10  WCSC 8133 835
20
50  ML 5822 3009
30  WCSC 6297 843
10  WCSC 7173 864
21
50  WCSC 3090 869
30  ML 3140 3027
10  ML 4009 2975
22
50  WCSC 4634 830
30  ML 5102 3004
10  WCSC 5263 777
23
50  WCSC 2098 817
30  ML 2434 2968
10  ML 2446 3018
24
50  WCSC 1929 801
30  WCSC 2358 877
10  ML 2428 3058
25
50  WCSC 2043 816
30  ML 2282 2979
10  WCSC 2299 839
26
50  ML 1775 3007
30  WCSC 2111 784
10  ML 2128 3052
27
50  ML 3468 3028
30  WCSC 3813 800
10  ML 3828 3030
28
50  WCSC 4178 810
30  ML 5208 3053
10  ML 5515 2971
29
50  ML 3495 3025
30  WCSC 3500 895
10  ML 3766 2976
30
50  WCSC 3909 821
30  WCSC 4312 791
10  ML 4514 3006
31
80  WCSC 3840 803
40  WCSC 4301 835
0  WCSC 4500 897
32
80  ML 3295 3009
40  WCSC 3606 864
0  WCSC 4593 827
33
80  WCSC 2225 826
40  WCSC 2500 817
34
80  WCSC 2223 877
40  WCSC 2855 857
0  WCSC 3469 812
35
50  ML 1494 3026
30  ML 1822 3040
10  WCSC 1938 871
36
50  ML 1976 3007
30  WCSC 2122 876
10  ML 2253 3017
37
50  ML 3107 3028
30  ML 3506 3039
10  ML 3809 3030
38
50  WCSC 4317 863
30  WCSC 4653 775
10  ML 4734 3008
39
50  ML 3244 2976
30  WCSC 3434 859
10  ML 3546 3025
40
50  WCSC 3463 798
30  WCSC 4046 880
10  ML 4843 3006
41
50  WCSC 3803 803
30  WCSC 3928 900
10  WCSC 4422 807
42
50  ML 2864 3009
30  WCSC 3134 787
10  WCSC 3376 790
43
50  WCSC 2682 855
30  ML 2798 3018
10  ML 2884 2968
44
50  WCSC 2112 801
30  WCSC 2583 870
10  ML 2996 2998
45
50  ML 1895 3026
30  WCSC 2151 844
10  ML 2352 3040
46
50  WCSC 2403 831
30  ML 2939 3031
47
50  ML 3656 3028
30  WCSC 4162 896
10  ML 4203 2983
48
50  WCSC 4555 810
30  ML 4858 3008
49
50  ML 4165 3025
30  WCSC 4656 845
10  WCSC 6387 788
50
50  WCSC 4113 776
30  ML 4115 3023
10  ML 4447 3041
51
50  WCSC 4467 860
30  WCSC 5658 835
52
50  WCSC 3963 864
53
50  WCSC 16033 1707
30  ML 16500 1973
54
50  WCSC 7650 1692
30  ML 9222 1974
55
50  WCSC 16081 1695
30  ML 16363 1977
56
50  WCSC 17798 1697
30  ML 18044 1978
57
50  ML 12776 1980
30  WCSC 13322 1699
58
50  WCSC 18199 1702
59
50  WCSC 13190 1703
60
50  ML 14843 1981
30  WCSC 15089 1704
61
50  WCSC 12596 1705
SCORE:ML,WCSC,2060,3240,-118.0
