ML-WW
1
50  ML 7733 3026
30  ML 8827 3040
10  WW 9347 1645
2
50  WW 11716 1597
30  WW 12762 1592
10  WW 14049 1606
3
50  ML 7653 3039
30  ML 8387 3030
10  ML 8627 3021
4
50  WW 10807 1577
30  WW 11487 1587
10  WW 11850 1604
5
50  ML 7646 2976
30  WW 8091 1544
10  WW 8587 1626
6
50  WW 7547 1643
30  ML 8587 3042
10  ML 8838 3041
7
50  WW 7781 1616
30  WW 9163 1640
8
50  WW 6700 1585
30  ML 6856 3009
10  WW 7888 1550
9
50  ML 2362 3027
30  ML 3564 3035
10  WW 3607 1555
10
50  WW 2803 1591
30  ML 3708 3055
10  WW 4153 1615
11
50  ML 1763 3018
30  WW 1959 1580
10  WW 2100 1573
12
50  ML 1841 3057
30  ML 2006 3058
10  ML 2091 3016
13
50  WW 3890 1589
30  ML 4123 2974
10  WW 4283 1638
14
50  ML 3347 3007
30  ML 3845 3052
10  WW 4059 1552
15
50  ML 3038 3039
30  ML 3094 2983
10  WW 3228 1625
16
50  WW 3762 1605
30  ML 3797 3008
10  WW 4147 1587
17
50  ML 6728 3025
30  WW 6844 1581
10  WW 6869 1618
18
50  WW 7106 1583
30  ML 7318 3042
10  ML 7769 3041
19
50  WW 6303 1551
30  WW 7506 1562
10  WW 10972 1558
20
50  ML 5822 3009
30  WW 6309 1582
10  WW 6444 1565
21
50  ML 3140 3027
30  ML 4009 2975
10  WW 4309 1555
22
50  ML 5102 3004
30  WW 5181 1591
10  WW 5769 1615
23
50  ML 2434 2968
30  ML 2446 3018
10  WW 2472 1580
24
50  ML 2428 3058
30  ML 2614 3057
10  ML 2625 3016
25
50  WW 2100 1645
30  ML 2282 2979
10  ML 2409 2974
26
50  ML 1775 3007
30  ML 2128 3052
10  ML 2400 3017
27
50  ML 3468 3028
30  ML 3828 3030
10  ML 4069 3021
28
50  WW 4644 1605
30  ML 5208 3053
10  WW 5342 1577
29
50  ML 3495 3025
30  WW 3622 1618
10  WW 3709 1595
30
50  WW 3488 1643
30  WW 3675 1583
10  ML 4514 3006
31
80  WW 3531 1551
40  WW 3584 1616
0  WW 4031 1640
32
80  WW 3043 1585
40  ML 3295 3009
0  WW 3605 1582
33
80  WW 2604 1573
40  WW 3637 1621
0  WW 4053 1614
34
80  WW 3675 1635
35
50  ML 1494 3026
30  ML 1822 3040
10  WW 1864 1645
36
50  ML 1976 3007
30  ML 2253 3017
10  WW 2463 1639
37
50  ML 3107 3028
30  ML 3506 3039
10  ML 3809 3030
38
50  WW 4303 1636
30  ML 4734 3008
10  ML 5303 3053
39
50  ML 3244 2976
30  WW 3473 1618
10  ML 3546 3025
40
50  WW 3459 1643
30  WW 4190 1576
10  ML 4843 3006
41
50  WW 3331 1616
30  WW 3788 1640
10  WW 3844 1562
42
50  ML 2864 3009
30  WW 2879 1585
10  WW 3316 1565
43
50  WW 2591 1573
30  ML 2798 3018
10  ML 2884 2968
44
50  ML 2996 2998
30  WW 3581 1620
10  WW 7800 1593
45
50  ML 1895 3026
30  WW 2350 1589
10  ML 2352 3040
46
50  WW 2640 1552
30  WW 2721 1629
10  ML 2939 3031
47
50  ML 3656 3028
30  ML 4203 2983
10  WW 4207 1625
48
50  WW 4466 1636
30  ML 4858 3008
10  WW 5481 1605
49
50  WW 3978 1544
30  WW 4063 1581
10  ML 4165 3025
50
50  ML 4115 3023
30  WW 4181 1583
10  ML 4447 3041
51
50  WW 3768 1551
30  WW 4440 1596
10  WW 6650 1558
52
50  WW 3665 1608
30  WW 3700 1582
10  WW 3838 1550
53
50  WW 11534 1795
30  ML 16500 1973
54
50  ML 9222 1974
30  WW 9416 1776
55
50  ML 16363 1977
30  WW 17160 1779
56
50  ML 18044 1978
30  WW 18144 1782
57
50  ML 12776 1980
30  WW 14228 1784
58
50  WW 20981 1788
59
50  WW 12400 1789
60
50  WW 13835 1791
30  ML 14843 1981
61
50  WW 11479 1792
SCORE:ML,WW,2560,2820,-26.0
