ML-WV
1
50  ML 7733 3026
30  ML 8827 3040
10  WV 9634 3126
2
50  WV 9582 3183
30  WV 10834 3137
10  WV 12243 3138
3
50  ML 7653 3039
30  ML 8387 3030
10  WV 8547 3175
4
50  WV 9062 3187
30  WV 10928 3153
5
50  ML 7646 2976
30  WV 8203 3127
10  WV 9550 3188
6
50  WV 8053 3169
30  ML 8587 3042
10  ML 8838 3041
7
50  WV 7778 3180
30  WV 8888 3143
10  WV 9674 3142
8
50  ML 6856 3009
30  WV 8844 3162
10  WV 9831 3172
9
50  ML 2362 3027
30  WV 2925 3155
10  ML 3564 3035
10
50  ML 3708 3055
30  ML 4282 3004
10  ML 4460 2966
11
50  ML 1763 3018
30  WV 1953 3125
10  ML 2138 2990
12
50  ML 1841 3057
30  ML 2006 3058
10  ML 2091 3016
13
50  WV 3669 3126
30  ML 4123 2974
10  WV 4250 3154
14
50  ML 3347 3007
30  ML 3845 3052
10  WV 3866 3137
15
50  ML 3038 3039
30  ML 3094 2983
10  WV 3300 3175
16
50  ML 3797 3008
30  ML 4314 3053
10  ML 4338 2971
17
50  ML 6728 3025
30  ML 7035 2976
10  WV 8916 3188
18
50  WV 7144 3169
30  ML 7318 3042
10  ML 7769 3041
19
50  WV 6813 3180
30  WV 8390 3142
10  WV 8453 3144
20
50  ML 5822 3009
30  WV 7485 3178
10  WV 7778 3162
21
50  ML 3140 3027
30  ML 4009 2975
10  WV 4028 3155
22
50  ML 5102 3004
30  WV 5456 3161
10  ML 5881 3055
23
50  ML 2434 2968
30  ML 2446 3018
10  WV 2531 3125
24
50  ML 2428 3058
30  ML 2614 3057
10  ML 2625 3016
25
50  ML 2282 2979
30  ML 2409 2974
10  WV 2540 3173
26
50  ML 1775 3007
30  ML 2128 3052
10  WV 2374 3128
27
50  ML 3468 3028
30  WV 3719 3175
10  ML 3828 3030
28
50  ML 5208 3053
30  ML 5515 2971
10  WV 7090 3150
29
50  ML 3495 3025
30  ML 3766 2976
10  WV 3922 3127
30
50  ML 4514 3006
30  ML 4781 3000
10  ML 4925 3023
31
80  WV 4296 3143
40  WV 4431 3144
0  WV 4956 3163
32
80  ML 3295 3009
40  WV 4203 3178
0  WV 4375 3134
33
80  WV 2975 3179
40  WV 4516 3160
0  WV 6890 3185
34
80  WV 3246 3157
40  WV 3944 3148
0  WV 3975 3168
35
50  ML 1494 3026
30  ML 1822 3040
10  WV 2047 3126
36
50  ML 1976 3007
30  WV 2003 3183
10  ML 2253 3017
37
50  ML 3107 3028
30  ML 3506 3039
10  ML 3809 3030
38
50  ML 4734 3008
30  ML 5303 3053
10  ML 5725 2971
39
50  ML 3244 2976
30  ML 3546 3025
10  WV 3641 3127
40
50  WV 3619 3169
30  ML 4843 3006
41
50  WV 4306 3163
30  WV 4394 3144
42
50  ML 2864 3009
30  WV 3808 3162
10  WV 4391 3134
43
50  ML 2798 3018
30  ML 2884 2968
10  WV 3034 3125
44
50  WV 2947 3186
30  ML 2996 2998
10  WV 4212 3168
45
50  ML 1895 3026
30  WV 2325 3173
10  ML 2352 3040
46
50  WV 2850 3138
30  ML 2939 3031
10  WV 3583 3135
47
50  ML 3656 3028
30  ML 4203 2983
10  ML 4350 2999
48
50  ML 4858 3008
30  WV 5571 3153
10  WV 8066 3150
49
50  ML 4165 3025
30  WV 4422 3127
10  WV 4728 3188
50
50  ML 4115 3023
30  WV 4337 3169
10  ML 4447 3041
51
50  WV 4218 3180
30  WV 4663 3143
10  WV 5228 3142
52
50  WV 4388 3178
30  WV 4837 3134
10  WV 5015 3172
53
50  ML 16500 1973
30  WV 28353 1996
54
50  ML 9222 1974
30  WV 9372 1991
55
50  ML 16363 1977
30  WV 16756 1993
56
50  WV 16555 1994
30  ML 18044 1978
57
50  ML 12776 1980
60
50  ML 14843 1981
61
50  WV 13737 1995
SCORE:ML,WV,3120,2120,100.0
