NC-AND
1
50  NC 9537 1485
30  AND 9931 1090
10  AND 10053 1040
2
50  NC 10859 1532
30  NC 13682 1467
10  AND 15182 1134
3
50  NC 7906 1477
30  AND 8533 1041
10  NC 9235 1504
4
50  AND 8178 1089
30  AND 8422 1120
10  NC 8479 1533
5
50  AND 7363 1095
30  NC 8092 1476
10  NC 9066 1506
6
50  AND 8681 1127
30  AND 8847 1045
10  NC 9079 1524
7
50  AND 7909 1094
30  NC 8569 1497
10  AND 9389 1155
8
50  NC 7103 1483
30  NC 7146 1492
10  NC 7450 1509
9
50  NC 2950 1526
30  AND 4037 1072
10  AND 4153 1046
10
50  AND 3468 1139
30  AND 4798 1146
10  AND 5266 1143
11
50  NC 2056 1515
30  AND 2150 1034
10  AND 2224 1105
12
50  NC 2144 1487
30  NC 2181 1530
10  AND 2387 1066
13
50  AND 3820 1054
30  AND 3843 1107
10  NC 4184 1474
14
50  AND 4141 1080
30  NC 4309 1528
10  AND 5012 1163
15
50  NC 3160 1477
30  AND 3380 1122
10  AND 3537 1059
16
50  NC 3250 1517
30  NC 3447 1533
10  AND 3513 1079
17
50  AND 6284 1121
30  AND 6286 1095
10  NC 7388 1470
18
50  AND 7423 1127
30  NC 7797 1537
10  NC 7947 1524
19
50  AND 7168 1108
30  AND 7177 1137
10  NC 7391 1497
20
50  AND 5943 1125
30  NC 6181 1483
10  NC 6473 1509
21
50  NC 4007 1526
30  AND 4686 1072
10  AND 4868 1174
22
50  AND 4911 1139
30  AND 4974 1143
10  AND 6090 1146
23
50  NC 2606 1516
30  AND 2751 1034
10  NC 3179 1527
24
50  NC 2572 1487
30  AND 2843 1066
10  NC 3022 1489
25
50  NC 1994 1485
30  AND 2055 1044
10  AND 2282 1171
26
50  NC 2422 1525
30  NC 2580 1467
10  AND 2596 1035
27
50  NC 3567 1477
30  AND 3713 1122
10  AND 4077 1041
28
50  AND 3865 1120
30  NC 4119 1533
10  NC 4179 1471
29
50  NC 3790 1470
30  AND 3901 1068
10  AND 4043 1124
30
50  AND 4322 1127
30  AND 4348 1100
10  NC 4540 1537
31
80  AND 3907 1108
40  NC 3954 1497
0  AND 4229 1113
32
80  NC 3181 1492
40  AND 3183 1125
0  NC 3437 1509
33
80  NC 2860 1516
40  NC 2900 1515
0  NC 2912 1510
34
80  NC 2659 1530
40  NC 3803 1487
35
50  NC 1873 1485
30  AND 1935 1090
10  AND 1953 1040
36
50  AND 2289 1035
30  NC 2300 1525
10  NC 2389 1532
37
50  AND 3932 1122
30  AND 3956 1059
10  NC 4296 1519
38
50  NC 3571 1517
30  AND 3591 1089
10  AND 3613 1120
39
50  AND 3193 1121
30  AND 3229 1095
10  NC 3541 1470
40
50  AND 3823 1045
30  NC 4068 1537
10  NC 4128 1514
41
50  AND 3548 1137
30  NC 3763 1497
10  AND 4334 1162
42
50  NC 2993 1483
30  NC 3113 1492
10  NC 3359 1509
43
50  NC 3047 1516
30  AND 3225 1034
10  AND 3423 1071
44
50  NC 2992 1494
30  NC 3066 1489
10  NC 3369 1530
45
50  AND 2051 1044
30  NC 2462 1474
10  AND 2537 1054
46
50  NC 2525 1532
30  AND 2599 1077
10  NC 3342 1469
47
50  AND 4259 1041
30  NC 4322 1477
10  NC 4701 1519
48
50  AND 4420 1089
30  NC 4507 1517
10  AND 5038 1079
49
50  AND 4009 1121
30  NC 4160 1476
10  AND 4613 1124
50
50  AND 4404 1081
30  NC 4410 1524
10  AND 4473 1045
51
50  AND 4211 1094
30  AND 4288 1108
10  AND 4814 1097
52
50  NC 3615 1483
30  NC 3750 1492
10  AND 4413 1101
54
50  NC 9591 1764
30  AND 11193 1724
55
50  AND 16214 1726
30  NC 18144 1766
56
50  NC 18106 1768
30  AND 19643 1728
57
50  NC 15191 1770
30  AND 20541 1729
58
50  NC 14393 1772
59
50  NC 14019 1773
30  AND 14394 1731
60
50  NC 14844 1774
61
50  AND 12242 1732
30  NC 14235 1775
SCORE:NC,AND,2750,2630,12.0
