NC-BJCCS
1
50  NC 9537 1485
30  NC 11022 1472
2
50  BJCCS 7311 1954
30  BJCCS 9619 1983
10  NC 10859 1532
3
50  NC 7906 1477
30  NC 9235 1504
10  NC 9563 1519
4
50  NC 8479 1533
30  BJCCS 8868 1970
10  BJCCS 8910 1964
5
50  BJCCS 7494 1958
30  NC 8092 1476
10  NC 9066 1506
6
50  BJCCS 7580 1985
30  BJCCS 8634 1960
10  NC 9079 1524
7
50  BJCCS 7577 1975
30  BJCCS 8144 1986
10  NC 8569 1497
8
50  BJCCS 6444 1974
30  BJCCS 6544 1984
10  NC 7103 1483
9
50  BJCCS 2399 1956
30  NC 2950 1526
10  BJCCS 3603 1978
11
50  NC 2056 1515
30  BJCCS 2100 1973
10  BJCCS 2530 1957
12
50  BJCCS 1892 1955
30  BJCCS 2070 1981
10  NC 2144 1487
13
50  NC 4184 1474
30  NC 5063 1520
10  NC 5275 1488
14
50  BJCCS 2934 1954
30  NC 4309 1528
10  BJCCS 4497 1988
15
50  NC 3160 1477
30  NC 3698 1522
10  NC 4075 1511
16
50  NC 3250 1517
30  NC 3447 1533
10  BJCCS 3568 1964
17
50  BJCCS 7103 1958
30  NC 7388 1470
10  BJCCS 7806 1972
18
50  BJCCS 6120 1966
30  BJCCS 7762 1960
10  BJCCS 7767 1980
19
50  BJCCS 6706 1975
30  NC 7391 1497
10  BJCCS 7454 1986
20
50  BJCCS 5725 1974
30  NC 6181 1483
10  NC 6473 1509
21
50  BJCCS 2962 1956
30  BJCCS 3903 1989
10  NC 4007 1526
23
50  BJCCS 2553 1973
30  NC 2606 1516
10  BJCCS 3003 1957
24
50  BJCCS 2342 1955
30  NC 2572 1487
10  BJCCS 2669 1981
25
50  NC 1994 1485
30  NC 2363 1475
10  NC 2565 1474
26
50  BJCCS 2019 1983
30  BJCCS 2356 1988
10  NC 2422 1525
27
50  NC 3567 1477
30  NC 4549 1504
10  BJCCS 5075 1977
28
50  NC 4119 1533
30  NC 4179 1471
10  BJCCS 4400 1970
29
50  BJCCS 3747 1958
30  NC 3790 1470
10  BJCCS 4150 1972
30
50  BJCCS 3247 1966
30  BJCCS 3419 1985
10  NC 4540 1537
31
80  BJCCS 3610 1986
40  NC 3954 1497
0  NC 4604 1466
32
80  BJCCS 2989 1984
40  NC 3181 1492
0  NC 3437 1509
33
80  BJCCS 2559 1973
40  NC 2860 1516
0  NC 2900 1515
34
80  BJCCS 2165 1981
40  NC 2659 1530
0  NC 3803 1487
35
50  NC 1873 1485
30  NC 2172 1472
10  NC 2562 1475
36
50  BJCCS 1770 1983
30  NC 2300 1525
10  BJCCS 2356 1988
37
50  NC 4296 1519
30  NC 4328 1504
10  NC 4475 1522
38
50  NC 3571 1517
30  NC 4003 1471
10  BJCCS 4031 1970
39
50  NC 3541 1470
30  NC 3618 1476
10  NC 3825 1506
40
50  BJCCS 3145 1966
30  NC 4068 1537
10  NC 4128 1514
41
50  NC 3763 1497
30  NC 4526 1505
42
50  NC 2993 1483
30  BJCCS 3000 1974
10  NC 3113 1492
43
50  NC 3047 1516
30  NC 3862 1515
10  BJCCS 4025 1957
44
50  NC 2992 1494
30  BJCCS 3022 1955
10  NC 3066 1489
45
50  NC 2462 1474
30  NC 2653 1472
10  NC 3509 1520
46
50  BJCCS 1744 1954
30  NC 2525 1532
10  NC 3342 1469
47
50  NC 4322 1477
30  NC 4701 1519
10  NC 4796 1522
48
50  NC 4507 1517
30  BJCCS 4834 1964
10  NC 5165 1502
49
50  BJCCS 3875 1958
30  NC 4160 1476
10  NC 5303 1468
50
50  BJCCS 4163 1985
30  BJCCS 4372 1960
10  NC 4410 1524
51
50  NC 4844 1505
30  NC 4958 1466
52
50  NC 3615 1483
30  NC 3750 1492
10  BJCCS 3897 1984
54
50  BJCCS 9233 1830
30  NC 9591 1764
55
50  NC 18144 1766
56
50  BJCCS 15437 1831
30  NC 18106 1768
57
50  NC 15191 1770
58
50  NC 14393 1772
59
50  NC 14019 1773
60
50  BJCCS 12532 1832
30  NC 14844 1774
61
50  BJCCS 12031 1833
30  NC 14235 1775
SCORE:NC,BJCCS,2820,2290,53.0
