NC-CH
1
50  CH 9387 3108
30  NC 9537 1485
10  CH 9994 3070
2
50  NC 10859 1532
30  NC 13682 1467
10  CH 13943 3123
3
50  NC 7906 1477
30  CH 8038 3083
10  NC 9235 1504
4
50  NC 8479 1533
30  NC 9094 1471
10  CH 10107 3111
5
50  NC 8092 1476
30  CH 8338 3086
10  NC 9066 1506
6
50  CH 8290 3085
30  NC 9079 1524
10  NC 9428 1514
7
50  NC 8569 1497
30  NC 9537 1466
8
50  NC 7103 1483
30  NC 7146 1492
10  NC 7450 1509
9
50  CH 2656 3080
30  NC 2950 1526
10  CH 3053 3062
10
50  CH 2587 3076
30  CH 3566 3067
10  CH 3896 3117
11
50  NC 2056 1515
30  CH 2405 3069
10  CH 2406 3120
12
50  NC 2144 1487
30  CH 2153 3119
10  NC 2181 1530
13
50  CH 3818 3108
30  CH 3875 3070
10  CH 4100 3066
14
50  NC 4309 1528
30  CH 5110 3074
10  NC 5276 1507
15
50  NC 3160 1477
30  CH 3274 3083
10  NC 3698 1522
16
50  NC 3250 1517
30  NC 3447 1533
10  NC 3932 1502
17
50  NC 7388 1470
30  CH 7585 3086
10  NC 8268 1535
18
50  CH 7168 3085
30  NC 7797 1537
10  NC 7947 1524
19
50  NC 7391 1497
30  NC 8413 1505
20
50  NC 6181 1483
30  NC 6473 1509
10  NC 7400 1496
21
50  CH 3358 3062
30  CH 3632 3080
10  NC 4007 1526
22
50  CH 4122 3076
30  CH 5985 3117
10  CH 6728 3109
23
50  NC 2606 1516
30  CH 2922 3120
10  NC 3179 1527
24
50  NC 2572 1487
30  NC 3022 1489
10  CH 3088 3119
25
50  NC 1994 1485
30  CH 2178 3108
10  NC 2363 1475
26
50  NC 2422 1525
30  CH 2538 3087
10  NC 2580 1467
27
50  NC 3567 1477
30  CH 3922 3083
10  NC 4549 1504
28
50  NC 4119 1533
30  NC 4179 1471
10  CH 4947 3073
29
50  CH 3618 3086
30  NC 3790 1470
10  NC 4284 1506
30
50  NC 4540 1537
30  NC 4856 1524
10  NC 5037 1508
31
80  NC 3954 1497
40  NC 4604 1466
32
80  NC 3181 1492
40  NC 3437 1509
0  NC 4197 1496
33
80  NC 2860 1516
40  NC 2900 1515
0  NC 2912 1510
34
80  NC 2659 1530
40  CH 2778 3119
0  NC 3803 1487
35
50  NC 1873 1485
30  CH 1913 3066
10  CH 1999 3108
36
50  NC 2300 1525
30  NC 2389 1532
10  NC 2462 1528
37
50  CH 3868 3083
30  NC 4296 1519
10  NC 4328 1504
38
50  NC 3571 1517
30  NC 4003 1471
10  CH 5581 3111
39
50  NC 3541 1470
30  CH 3546 3086
10  NC 3618 1476
40
50  NC 4068 1537
30  CH 4072 3085
10  NC 4128 1514
41
50  NC 3763 1497
30  NC 4526 1505
42
50  NC 2993 1483
30  NC 3113 1492
10  NC 3359 1509
43
50  NC 3047 1516
30  CH 3694 3120
10  NC 3862 1515
44
50  NC 2992 1494
30  NC 3066 1489
10  NC 3369 1530
45
50  CH 2458 3070
30  NC 2462 1474
10  CH 2618 3089
46
50  NC 2525 1532
30  NC 3342 1469
10  NC 3433 1500
47
50  NC 4322 1477
30  NC 4701 1519
10  NC 4796 1522
48
50  NC 4507 1517
30  NC 5165 1502
10  NC 5600 1518
49
50  NC 4160 1476
30  NC 5303 1468
10  CH 5574 3114
50
50  NC 4410 1524
30  CH 5263 3095
10  NC 5575 1508
51
50  NC 4844 1505
30  NC 4958 1466
52
50  NC 3615 1483
30  NC 3750 1492
10  NC 4497 1496
53
50  CH 14214 1989
54
50  NC 9591 1764
30  CH 12912 1982
55
50  CH 17409 1984
30  NC 18144 1766
56
50  NC 18106 1768
30  CH 25353 1985
57
50  NC 15191 1770
30  CH 18681 1986
58
50  NC 14393 1772
30  CH 21965 1987
59
50  NC 14019 1773
60
50  NC 14844 1774
30  CH 15906 1988
61
50  NC 14235 1775
SCORE:NC,CH,3810,1580,223.0
