NC-CC
1
50  NC 9537 1485
30  CC 10921 2939
10  NC 11022 1472
2
50  CC 8850 2949
30  NC 10859 1532
10  NC 13682 1467
3
50  NC 7906 1477
30  CC 8118 2938
10  CC 8262 2957
4
50  CC 8034 2948
30  NC 8479 1533
10  NC 9094 1471
5
50  CC 7882 2954
30  NC 8092 1476
10  NC 9066 1506
6
50  CC 8156 2963
30  CC 8302 2944
10  NC 9079 1524
7
50  NC 8569 1497
30  CC 9441 2943
10  NC 9537 1466
8
50  CC 6620 2964
30  NC 7103 1483
10  NC 7146 1492
9
50  NC 2950 1526
30  CC 3234 2960
10  NC 4638 1486
11
50  NC 2056 1515
30  CC 2302 2951
10  NC 2663 1510
12
50  CC 1919 2950
30  NC 2144 1487
10  NC 2181 1530
13
50  CC 4125 2959
30  NC 4184 1474
10  CC 4578 2958
14
50  NC 4309 1528
30  CC 4768 2941
10  CC 4781 2953
15
50  NC 3160 1477
30  CC 3222 2938
10  CC 3295 2957
16
50  NC 3250 1517
30  CC 3277 2948
10  NC 3447 1533
17
50  CC 7166 2937
30  NC 7388 1470
10  CC 7925 2942
18
50  CC 6925 2944
30  NC 7797 1537
10  NC 7947 1524
19
50  NC 7391 1497
30  NC 8413 1505
20
50  NC 6181 1483
30  CC 6203 2934
10  NC 6473 1509
21
50  CC 2950 2960
30  NC 4007 1526
10  NC 5883 1486
23
50  NC 2606 1516
30  CC 2725 2951
10  NC 3179 1527
24
50  CC 2439 2950
30  NC 2572 1487
10  NC 3022 1489
25
50  NC 1994 1485
30  CC 2207 2939
10  NC 2363 1475
26
50  CC 1737 2949
30  NC 2422 1525
10  NC 2580 1467
27
50  NC 3567 1477
30  CC 4340 2965
10  NC 4549 1504
28
50  NC 4119 1533
30  NC 4179 1471
10  NC 5222 1518
29
50  NC 3790 1470
30  CC 4219 2937
10  CC 4225 2952
30
50  CC 3806 2944
30  CC 3850 2963
10  NC 4540 1537
31
80  NC 3954 1497
40  NC 4604 1466
0  CC 4707 2943
32
80  CC 3128 2964
40  NC 3181 1492
0  NC 3437 1509
33
80  NC 2860 1516
40  NC 2900 1515
0  NC 2912 1510
34
80  CC 2484 2950
40  NC 2659 1530
0  NC 3803 1487
35
50  NC 1873 1485
30  CC 2038 2939
10  NC 2172 1472
36
50  CC 1658 2949
30  NC 2300 1525
10  NC 2389 1532
37
50  CC 3522 2938
30  CC 3640 2957
10  NC 4296 1519
38
50  NC 3571 1517
30  CC 3847 2948
10  NC 4003 1471
39
50  CC 3449 2954
30  NC 3541 1470
10  NC 3618 1476
40
50  CC 3527 2944
30  CC 4050 2963
10  NC 4068 1537
41
50  NC 3763 1497
30  CC 4125 2943
10  NC 4526 1505
42
50  CC 2822 2964
30  NC 2993 1483
10  NC 3113 1492
43
50  NC 3047 1516
30  CC 3131 2951
10  NC 3862 1515
44
50  CC 2945 2950
30  NC 2992 1494
10  NC 3066 1489
45
50  CC 2420 2939
30  NC 2462 1474
10  CC 2485 2958
46
50  NC 2525 1532
30  CC 2719 2936
10  CC 2841 2941
47
50  NC 4322 1477
30  CC 4600 2965
10  NC 4701 1519
48
50  CC 4097 2948
30  NC 4507 1517
10  NC 5165 1502
49
50  CC 3807 2954
30  NC 4160 1476
10  CC 4456 2942
50
50  CC 4108 2963
30  NC 4410 1524
10  NC 5575 1508
51
50  NC 4844 1505
30  NC 4958 1466
10  CC 5260 2943
52
50  CC 3294 2964
30  NC 3615 1483
10  NC 3750 1492
54
50  NC 9591 1764
55
50  NC 18144 1766
56
50  NC 18106 1768
30  CC 19707 1970
57
50  NC 15191 1770
30  CC 15841 1971
58
50  NC 14393 1772
59
50  CC 13789 1972
30  NC 14019 1773
60
50  NC 14844 1774
61
50  NC 14235 1775
SCORE:NC,CC,2840,2260,58.0
