NC-FR
1
50  NC 9537 1485
30  FR 9756 1771
10  NC 11022 1472
2
50  NC 10859 1532
30  NC 13682 1467
10  FR 14198 1805
3
50  NC 7906 1477
30  FR 9077 1829
10  NC 9235 1504
4
50  FR 7209 1825
30  NC 8479 1533
10  NC 9094 1471
5
50  FR 7641 1767
30  NC 8092 1476
10  NC 9066 1506
6
50  FR 8712 1781
30  NC 9079 1524
10  FR 9324 1756
7
50  FR 8011 1828
30  NC 8569 1497
10  FR 9367 1769
8
50  NC 7103 1483
30  NC 7146 1492
10  NC 7450 1509
9
50  NC 2950 1526
30  FR 4226 1823
10  NC 4638 1486
10
50  FR 6518 1775
11
50  FR 2003 1815
30  NC 2056 1515
10  FR 2238 1778
12
50  FR 2009 1740
30  FR 2057 1770
10  NC 2144 1487
13
50  NC 4184 1474
30  FR 4397 1757
10  FR 4501 1786
14
50  NC 4309 1528
30  FR 5036 1794
10  FR 5071 1788
15
50  NC 3160 1477
30  FR 3487 1785
10  NC 3698 1522
16
50  FR 2909 1825
30  NC 3250 1517
10  NC 3447 1533
17
50  NC 7388 1470
30  FR 8153 1833
10  NC 8268 1535
18
50  FR 7796 1831
30  NC 7797 1537
10  FR 7883 1756
19
50  FR 6978 1828
30  NC 7391 1497
10  FR 8397 1769
20
50  NC 6181 1483
30  NC 6473 1509
10  FR 7289 1748
21
50  NC 4007 1526
30  FR 4902 1798
10  NC 5883 1486
22
50  FR 5597 1775
23
50  FR 2359 1815
30  NC 2606 1516
10  FR 2628 1778
24
50  FR 2369 1740
30  NC 2572 1487
10  NC 3022 1489
25
50  NC 1994 1485
30  FR 2137 1771
10  NC 2363 1475
26
50  NC 2422 1525
30  FR 2488 1837
10  NC 2580 1467
27
50  NC 3567 1477
30  FR 4456 1785
10  NC 4549 1504
28
50  NC 4119 1533
30  NC 4179 1471
10  FR 4469 1826
29
50  FR 3559 1767
30  NC 3790 1470
10  FR 4101 1833
30
50  FR 4107 1781
30  FR 4263 1831
10  NC 4540 1537
31
80  FR 3485 1765
40  NC 3954 1497
0  FR 4595 1835
32
80  NC 3181 1492
40  NC 3437 1509
0  FR 3537 1749
33
80  FR 2371 1815
40  FR 2673 1820
0  NC 2860 1516
34
80  FR 2468 1740
40  FR 2562 1770
0  NC 2659 1530
35
50  NC 1873 1485
30  FR 2038 1771
10  NC 2172 1472
36
50  NC 2300 1525
30  NC 2389 1532
10  NC 2462 1528
37
50  FR 4082 1785
30  NC 4296 1519
10  NC 4328 1504
38
50  FR 3378 1825
30  NC 3571 1517
10  NC 4003 1471
39
50  FR 3359 1767
30  NC 3541 1470
10  NC 3618 1476
40
50  FR 3883 1781
30  FR 3989 1756
10  NC 4068 1537
41
50  FR 3181 1765
30  FR 3494 1828
10  NC 3763 1497
42
50  NC 2993 1483
30  NC 3113 1492
10  NC 3359 1509
43
50  NC 3047 1516
30  FR 3201 1778
10  FR 3810 1820
44
50  FR 2806 1770
30  NC 2992 1494
10  NC 3066 1489
45
50  FR 2412 1771
30  NC 2462 1474
10  FR 2652 1741
46
50  NC 2525 1532
30  FR 2884 1794
10  FR 2992 1805
47
50  NC 4322 1477
30  FR 4369 1829
10  NC 4701 1519
48
50  FR 3828 1825
30  NC 4507 1517
10  FR 5026 1800
49
50  NC 4160 1476
30  FR 4196 1767
10  FR 4599 1833
50
50  FR 4141 1781
30  NC 4410 1524
10  FR 5093 1756
51
50  FR 3700 1765
30  FR 4614 1769
10  FR 4743 1835
52
50  NC 3615 1483
30  NC 3750 1492
10  FR 4293 1748
53
50  FR 30704 1814
54
50  NC 9591 1764
30  FR 11241 1805
55
50  NC 18144 1766
30  FR 23538 1808
56
50  NC 18106 1768
30  FR 25100 1809
57
50  NC 15191 1770
30  FR 15370 1811
58
50  NC 14393 1772
30  FR 15968 1812
59
50  NC 14019 1773
60
50  NC 14844 1774
61
50  FR 12000 1813
30  NC 14235 1775
SCORE:NC,FR,2700,2650,5.0
