NC-FO
1
50  NC 9537 1485
30  FO 10771 2035
10  NC 11022 1472
2
50  FO 10637 2042
30  NC 10859 1532
10  FO 11528 2114
3
50  NC 7906 1477
30  FO 8237 2055
10  NC 9235 1504
4
50  FO 8422 2127
30  NC 8479 1533
10  NC 9094 1471
5
50  NC 8092 1476
30  FO 8487 2036
10  NC 9066 1506
6
50  FO 8478 2053
30  FO 8720 2121
10  NC 9079 1524
7
50  FO 7744 2061
30  NC 8569 1497
10  NC 9537 1466
8
50  FO 6400 2077
30  FO 6997 2094
10  NC 7103 1483
9
50  NC 2950 1526
30  FO 3181 2050
10  FO 4028 2064
10
50  FO 2470 2128
30  FO 2776 2049
10  FO 3569 2106
11
50  NC 2056 1515
30  FO 2071 2043
10  FO 2090 2078
12
50  FO 1906 2065
30  NC 2144 1487
10  NC 2181 1530
13
50  NC 4184 1474
30  FO 4515 2110
10  FO 4844 2074
14
50  FO 4140 2042
30  NC 4309 1528
10  FO 4351 2088
15
50  NC 3160 1477
30  NC 3698 1522
10  NC 4075 1511
16
50  NC 3250 1517
30  NC 3447 1533
10  FO 3571 2066
17
50  FO 7118 2036
30  NC 7388 1470
10  FO 7692 2071
18
50  FO 7319 2121
30  FO 7333 2053
10  NC 7797 1537
19
50  FO 6721 2061
30  NC 7391 1497
10  NC 8413 1505
20
50  FO 5738 2077
30  FO 5938 2094
10  NC 6181 1483
21
50  FO 3857 2050
30  NC 4007 1526
10  FO 4878 2143
22
50  FO 2925 2128
30  FO 3814 2049
10  FO 5522 2106
23
50  NC 2606 1516
30  FO 2619 2139
10  FO 2720 2043
24
50  FO 2552 2065
30  NC 2572 1487
10  FO 2965 2090
25
50  NC 1994 1485
30  NC 2363 1475
10  FO 2372 2074
26
50  FO 2225 2048
30  FO 2312 2114
10  FO 2352 2042
27
50  NC 3567 1477
30  FO 3759 2055
10  FO 4467 2109
28
50  NC 4119 1533
30  FO 4134 2127
10  NC 4179 1471
29
50  NC 3790 1470
30  FO 4128 2067
10  FO 4135 2060
30
50  FO 4253 2121
30  FO 4432 2047
10  NC 4540 1537
31
80  NC 3954 1497
40  NC 4604 1466
0  FO 4765 2039
32
80  FO 3047 2077
40  NC 3181 1492
0  FO 3414 2076
33
80  FO 2181 2139
40  FO 2381 2078
0  FO 2700 2043
34
80  NC 2659 1530
40  NC 3803 1487
0  FO 3806 2120
35
50  NC 1873 1485
30  NC 2172 1472
10  FO 2208 2035
36
50  FO 2122 2104
30  FO 2222 2048
10  NC 2300 1525
37
50  NC 4296 1519
30  NC 4328 1504
10  NC 4475 1522
38
50  NC 3571 1517
30  NC 4003 1471
10  FO 4043 2127
39
50  NC 3541 1470
30  NC 3618 1476
10  FO 3744 2036
40
50  FO 3906 2053
30  NC 4068 1537
10  NC 4128 1514
41
50  FO 3459 2061
30  NC 3763 1497
10  NC 4526 1505
42
50  FO 2884 2094
30  NC 2993 1483
10  NC 3113 1492
43
50  FO 2740 2139
30  NC 3047 1516
10  NC 3862 1515
44
50  NC 2992 1494
30  NC 3066 1489
10  NC 3369 1530
45
50  NC 2462 1474
30  NC 2653 1472
10  FO 2901 2110
46
50  FO 2462 2104
30  FO 2484 2130
10  NC 2525 1532
47
50  FO 4008 2055
30  NC 4322 1477
10  NC 4701 1519
48
50  NC 4507 1517
30  FO 4576 2066
10  NC 5165 1502
49
50  NC 4160 1476
30  FO 4431 2092
10  FO 4695 2071
50
50  FO 4110 2053
30  NC 4410 1524
10  FO 4971 2047
51
50  FO 3932 2061
30  NC 4844 1505
10  NC 4958 1466
52
50  FO 3541 2077
30  NC 3615 1483
10  FO 3725 2094
53
50  FO 14008 1854
54
50  NC 9591 1764
30  FO 9738 1838
55
50  NC 18144 1766
30  FO 19576 1843
56
50  NC 18106 1768
30  FO 18719 1846
57
50  NC 15191 1770
30  FO 15307 1849
58
50  NC 14393 1772
30  FO 14984 1850
59
50  NC 14019 1773
30  FO 15100 1853
60
50  NC 14844 1774
61
50  NC 14235 1775
SCORE:NC,FO,2760,2670,9.0
