NC-GBP
1
50  NC 9537 1485
30  NC 11022 1472
10  GBP 11741 3412
2
50  GBP 9298 3408
30  GBP 9322 3416
10  NC 10859 1532
3
50  NC 7906 1477
30  NC 9235 1504
10  NC 9563 1519
4
50  NC 8479 1533
30  NC 9094 1471
10  NC 10406 1518
5
50  NC 8092 1476
30  NC 9066 1506
10  NC 9262 1535
6
50  GBP 7190 3414
30  GBP 8906 3399
10  GBP 8937 3401
7
50  GBP 7477 3415
30  NC 8569 1497
10  NC 9537 1466
8
50  NC 7103 1483
30  NC 7146 1492
10  NC 7450 1509
9
50  GBP 2550 3410
30  NC 2950 1526
10  GBP 3697 3404
11
50  GBP 2046 3413
30  NC 2056 1515
10  GBP 2550 3410
12
50  GBP 1853 3388
30  NC 2144 1487
10  NC 2181 1530
13
50  GBP 3943 3412
30  NC 4184 1474
10  NC 5063 1520
14
50  GBP 3432 3408
30  NC 4309 1528
10  GBP 4485 3411
15
50  NC 3160 1477
30  NC 3698 1522
10  NC 4075 1511
16
50  NC 3250 1517
30  NC 3447 1533
10  GBP 3813 3407
17
50  NC 7388 1470
30  NC 8268 1535
10  NC 8512 1506
18
50  NC 7797 1537
30  NC 7947 1524
10  GBP 8007 3399
19
50  GBP 6648 3415
30  GBP 7221 3418
10  NC 7391 1497
20
50  NC 6181 1483
30  NC 6473 1509
10  GBP 7038 3392
21
50  GBP 3449 3404
30  GBP 3872 3410
10  NC 4007 1526
23
50  NC 2606 1516
30  GBP 2762 3396
10  NC 3179 1527
24
50  GBP 2508 3388
30  NC 2572 1487
10  GBP 2585 3395
25
50  NC 1994 1485
30  NC 2363 1475
10  GBP 2384 3412
26
50  GBP 1909 3416
30  NC 2422 1525
10  NC 2580 1467
27
50  NC 3567 1477
30  NC 4549 1504
10  GBP 5013 3417
28
50  NC 4119 1533
30  NC 4179 1471
10  NC 5222 1518
29
50  NC 3790 1470
30  NC 4284 1506
10  NC 4613 1484
30
50  GBP 3294 3414
30  NC 4540 1537
10  NC 4856 1524
31
80  NC 3954 1497
40  NC 4604 1466
32
80  NC 3181 1492
40  NC 3437 1509
0  GBP 4038 3393
33
80  GBP 2384 3413
40  NC 2860 1516
0  NC 2900 1515
34
80  NC 2659 1530
40  GBP 2772 3388
0  GBP 3281 3395
35
50  NC 1873 1485
30  NC 2172 1472
10  NC 2562 1475
36
50  GBP 1660 3408
30  NC 2300 1525
10  NC 2389 1532
37
50  NC 4296 1519
30  NC 4328 1504
10  NC 4475 1522
38
50  NC 3571 1517
30  NC 4003 1471
39
50  NC 3541 1470
30  NC 3618 1476
10  NC 3825 1506
40
50  GBP 3096 3414
30  NC 4068 1537
10  NC 4128 1514
41
50  NC 3763 1497
30  NC 4526 1505
42
50  NC 2993 1483
30  NC 3113 1492
10  NC 3359 1509
43
50  NC 3047 1516
30  GBP 3213 3413
10  NC 3862 1515
44
50  NC 2992 1494
30  GBP 3047 3403
10  NC 3066 1489
45
50  NC 2462 1474
30  NC 2653 1472
10  GBP 3181 3402
46
50  GBP 2090 3416
30  NC 2525 1532
10  GBP 2550 3406
47
50  NC 4322 1477
30  NC 4701 1519
10  NC 4796 1522
48
50  NC 4507 1517
30  NC 5165 1502
10  GBP 5239 3407
49
50  NC 4160 1476
30  NC 5303 1468
10  NC 5769 1484
50
50  NC 4410 1524
30  GBP 4584 3400
10  GBP 5112 3401
51
50  GBP 4132 3418
30  NC 4844 1505
10  NC 4958 1466
52
50  NC 3615 1483
30  GBP 3738 3393
10  NC 3750 1492
54
50  NC 9591 1764
30  GBP 9875 2033
55
50  NC 18144 1766
56
50  GBP 16283 2035
30  NC 18106 1768
57
50  NC 15191 1770
58
50  NC 14393 1772
59
50  NC 14019 1773
60
50  GBP 13453 2036
30  NC 14844 1774
61
50  NC 14235 1775
SCORE:NC,GBP,3570,1520,205.0
