NC-LCC
1
50  NC 9537 1485
30  NC 11022 1472
10  LCC 12900 2855
2
50  NC 10859 1532
30  NC 13682 1467
3
50  LCC 7247 2844
30  NC 7906 1477
10  NC 9235 1504
4
50  LCC 7346 2868
30  NC 8479 1533
10  NC 9094 1471
5
50  LCC 7149 2861
30  LCC 7241 2846
10  NC 8092 1476
6
50  LCC 8146 2867
30  NC 9079 1524
10  NC 9428 1514
7
50  LCC 6395 2845
30  NC 8569 1497
10  LCC 8620 2858
8
50  LCC 6350 2871
30  LCC 6572 2836
10  NC 7103 1483
9
50  NC 2950 1526
30  NC 4638 1486
10  LCC 5246 2841
11
50  NC 2056 1515
30  LCC 2278 2859
10  LCC 2345 2832
12
50  NC 2144 1487
30  NC 2181 1530
10  NC 2388 1489
13
50  LCC 3277 2869
30  NC 4184 1474
10  LCC 4483 2855
14
50  NC 4309 1528
30  LCC 5203 2831
10  NC 5276 1507
15
50  NC 3160 1477
30  NC 3698 1522
10  NC 4075 1511
16
50  LCC 2821 2868
30  NC 3250 1517
10  NC 3447 1533
17
50  LCC 6550 2862
30  NC 7388 1470
10  LCC 8026 2829
18
50  LCC 7280 2867
30  NC 7797 1537
10  NC 7947 1524
19
50  NC 7391 1497
30  NC 8413 1505
20
50  LCC 5634 2836
30  LCC 5829 2835
10  NC 6181 1483
21
50  NC 4007 1526
30  LCC 4821 2842
10  NC 5883 1486
23
50  NC 2606 1516
30  LCC 2705 2832
10  LCC 3055 2859
24
50  NC 2572 1487
30  NC 3022 1489
10  NC 3553 1521
25
50  LCC 1880 2869
30  NC 1994 1485
10  NC 2363 1475
26
50  NC 2422 1525
30  NC 2580 1467
10  NC 2619 1469
27
50  LCC 3373 2844
30  NC 3567 1477
10  NC 4549 1504
28
50  NC 4119 1533
30  NC 4179 1471
10  NC 5222 1518
29
50  LCC 3544 2862
30  NC 3790 1470
10  NC 4284 1506
30
50  NC 4540 1537
30  LCC 4645 2847
10  NC 4856 1524
31
80  LCC 3887 2858
40  NC 3954 1497
0  NC 4604 1466
32
80  LCC 2945 2871
40  NC 3181 1492
0  NC 3437 1509
33
80  NC 2860 1516
40  NC 2900 1515
0  NC 2912 1510
34
80  NC 2659 1530
40  NC 3803 1487
35
50  NC 1873 1485
30  NC 2172 1472
10  NC 2562 1475
36
50  NC 2300 1525
30  NC 2389 1532
10  NC 2462 1528
37
50  LCC 3470 2844
30  NC 4296 1519
10  NC 4328 1504
38
50  NC 3571 1517
30  NC 4003 1471
39
50  LCC 3019 2861
30  LCC 3026 2846
10  NC 3541 1470
40
50  LCC 3952 2867
30  NC 4068 1537
10  NC 4128 1514
41
50  LCC 2770 2845
30  NC 3763 1497
10  LCC 3963 2858
42
50  LCC 2625 2871
30  NC 2993 1483
10  LCC 3019 2835
43
50  NC 3047 1516
30  NC 3862 1515
44
50  NC 2992 1494
30  NC 3066 1489
10  NC 3369 1530
45
50  NC 2462 1474
30  NC 2653 1472
10  NC 3509 1520
46
50  NC 2525 1532
30  LCC 2716 2831
10  NC 3342 1469
47
50  NC 4322 1477
30  NC 4701 1519
10  NC 4796 1522
48
50  NC 4507 1517
30  NC 5165 1502
10  NC 5600 1518
49
50  LCC 3773 2861
30  LCC 3821 2846
10  NC 4160 1476
50
50  NC 4410 1524
30  NC 5575 1508
10  NC 5723 1480
51
50  LCC 3654 2845
30  NC 4844 1505
10  NC 4958 1466
52
50  LCC 3518 2836
30  NC 3615 1483
10  LCC 3734 2851
54
50  NC 9591 1764
55
50  NC 18144 1766
30  LCC 20217 1954
56
50  NC 18106 1768
57
50  NC 15191 1770
30  LCC 16435 1955
58
50  NC 14393 1772
59
50  LCC 11929 1956
30  NC 14019 1773
60
50  NC 14844 1774
30  LCC 17576 1957
61
50  LCC 11533 1959
30  NC 14235 1775
SCORE:NC,LCC,3250,1880,137.0
