NC-ML
1
50  ML 7733 3026
30  ML 8827 3040
10  NC 9537 1485
2
50  NC 10859 1532
30  NC 13682 1467
3
50  ML 7653 3039
30  NC 7906 1477
10  ML 8387 3030
4
50  NC 8479 1533
30  NC 9094 1471
10  NC 10406 1518
5
50  ML 7646 2976
30  NC 8092 1476
10  NC 9066 1506
6
50  ML 8587 3042
30  ML 8838 3041
10  NC 9079 1524
7
50  NC 8569 1497
30  NC 9537 1466
8
50  ML 6856 3009
30  NC 7103 1483
10  NC 7146 1492
9
50  ML 2362 3027
30  NC 2950 1526
10  ML 3564 3035
10
50  ML 3708 3055
30  ML 4282 3004
10  ML 4460 2966
11
50  ML 1763 3018
30  NC 2056 1515
10  ML 2138 2990
12
50  ML 1841 3057
30  ML 2006 3058
10  ML 2091 3016
13
50  ML 4123 2974
30  NC 4184 1474
10  ML 4884 2994
14
50  ML 3347 3007
30  ML 3845 3052
10  ML 4152 3017
15
50  ML 3038 3039
30  ML 3094 2983
10  NC 3160 1477
16
50  NC 3250 1517
30  NC 3447 1533
10  ML 3797 3008
17
50  ML 6728 3025
30  ML 7035 2976
10  NC 7388 1470
18
50  ML 7318 3042
30  ML 7769 3041
10  NC 7797 1537
19
50  NC 7391 1497
30  NC 8413 1505
20
50  ML 5822 3009
30  NC 6181 1483
10  NC 6473 1509
21
50  ML 3140 3027
30  NC 4007 1526
10  ML 4009 2975
22
50  ML 5102 3004
30  ML 5881 3055
10  ML 6240 3033
23
50  ML 2434 2968
30  ML 2446 3018
10  NC 2606 1516
24
50  ML 2428 3058
30  NC 2572 1487
10  ML 2614 3057
25
50  NC 1994 1485
30  ML 2282 2979
10  NC 2363 1475
26
50  ML 1775 3007
30  ML 2128 3052
10  ML 2400 3017
27
50  ML 3468 3028
30  NC 3567 1477
10  ML 3828 3030
28
50  NC 4119 1533
30  NC 4179 1471
10  ML 5208 3053
29
50  ML 3495 3025
30  ML 3766 2976
10  NC 3790 1470
30
50  ML 4514 3006
30  NC 4540 1537
10  ML 4781 3000
31
80  NC 3954 1497
40  NC 4604 1466
32
80  NC 3181 1492
40  ML 3295 3009
0  NC 3437 1509
33
80  NC 2860 1516
40  NC 2900 1515
0  NC 2912 1510
34
80  NC 2659 1530
40  NC 3803 1487
35
50  ML 1494 3026
30  ML 1822 3040
10  NC 1873 1485
36
50  ML 1976 3007
30  ML 2253 3017
10  NC 2300 1525
37
50  ML 3107 3028
30  ML 3506 3039
10  ML 3809 3030
38
50  NC 3571 1517
30  NC 4003 1471
10  ML 4734 3008
39
50  ML 3244 2976
30  NC 3541 1470
10  ML 3546 3025
40
50  NC 4068 1537
30  NC 4128 1514
10  ML 4843 3006
41
50  NC 3763 1497
30  NC 4526 1505
42
50  ML 2864 3009
30  NC 2993 1483
10  NC 3113 1492
43
50  ML 2798 3018
30  ML 2884 2968
10  NC 3047 1516
44
50  NC 2992 1494
30  ML 2996 2998
10  NC 3066 1489
45
50  ML 1895 3026
30  ML 2352 3040
10  NC 2462 1474
46
50  NC 2525 1532
30  ML 2939 3031
10  NC 3342 1469
47
50  ML 3656 3028
30  ML 4203 2983
10  NC 4322 1477
48
50  NC 4507 1517
30  ML 4858 3008
10  NC 5165 1502
49
50  NC 4160 1476
30  ML 4165 3025
10  NC 5303 1468
50
50  ML 4115 3023
30  NC 4410 1524
10  ML 4447 3041
51
50  NC 4844 1505
30  NC 4958 1466
52
50  NC 3615 1483
30  NC 3750 1492
10  NC 4497 1496
53
50  ML 16500 1973
54
50  ML 9222 1974
30  NC 9591 1764
55
50  ML 16363 1977
30  NC 18144 1766
56
50  ML 18044 1978
30  NC 18106 1768
57
50  ML 12776 1980
30  NC 15191 1770
58
50  NC 14393 1772
59
50  NC 14019 1773
60
50  ML 14843 1981
30  NC 14844 1774
61
50  NC 14235 1775
SCORE:NC,ML,2520,2830,-31.0
