NC-OMST
1
50  NC 9537 1485
30  NC 11022 1472
10  OMST 11741 3251
2
50  OMST 8160 3253
30  NC 10859 1532
10  OMST 11720 3256
3
50  NC 7906 1477
30  OMST 8244 3275
10  NC 9235 1504
4
50  NC 8479 1533
30  NC 9094 1471
10  NC 10406 1518
5
50  OMST 7843 3258
30  NC 8092 1476
10  NC 9066 1506
6
50  OMST 8919 3263
30  NC 9079 1524
10  NC 9428 1514
7
50  OMST 7093 3269
30  OMST 7725 3285
10  NC 8569 1497
8
50  OMST 6319 3274
30  NC 7103 1483
10  NC 7146 1492
9
50  NC 2950 1526
30  OMST 4425 3259
10  NC 4638 1486
10
50  OMST 6597 3248
30  OMST 7467 3252
11
50  NC 2056 1515
30  OMST 2477 3286
10  NC 2663 1510
12
50  NC 2144 1487
30  NC 2181 1530
10  NC 2388 1489
13
50  NC 4184 1474
30  NC 5063 1520
10  NC 5275 1488
14
50  OMST 3975 3261
30  NC 4309 1528
10  OMST 4353 3256
15
50  NC 3160 1477
30  OMST 3544 3279
10  NC 3698 1522
16
50  NC 3250 1517
30  NC 3447 1533
10  NC 3932 1502
17
50  NC 7388 1470
30  NC 8268 1535
10  OMST 8269 3271
18
50  OMST 7259 3257
30  NC 7797 1537
10  NC 7947 1524
19
50  OMST 6744 3285
30  NC 7391 1497
10  NC 8413 1505
20
50  NC 6181 1483
30  NC 6473 1509
10  NC 7400 1496
21
50  NC 4007 1526
30  OMST 4632 3259
10  NC 5883 1486
23
50  NC 2606 1516
30  OMST 3056 3286
10  NC 3179 1527
24
50  NC 2572 1487
30  NC 3022 1489
10  OMST 3206 3284
25
50  NC 1994 1485
30  NC 2363 1475
10  OMST 2406 3251
26
50  OMST 1790 3253
30  NC 2422 1525
10  OMST 2566 3261
27
50  NC 3567 1477
30  OMST 3878 3275
10  NC 4549 1504
28
50  NC 4119 1533
30  NC 4179 1471
10  NC 5222 1518
29
50  OMST 3722 3258
30  NC 3790 1470
10  NC 4284 1506
30
50  OMST 4116 3263
30  NC 4540 1537
10  NC 4856 1524
31
80  OMST 3750 3285
40  NC 3954 1497
0  NC 4604 1466
32
80  NC 3181 1492
40  NC 3437 1509
0  NC 4197 1496
33
80  NC 2860 1516
40  NC 2900 1515
0  NC 2912 1510
34
80  NC 2659 1530
40  NC 3803 1487
35
50  NC 1873 1485
30  NC 2172 1472
10  OMST 2550 3251
36
50  OMST 1563 3253
30  NC 2300 1525
10  NC 2389 1532
37
50  NC 4296 1519
30  NC 4328 1504
10  NC 4475 1522
38
50  NC 3571 1517
30  NC 4003 1471
10  OMST 6100 3283
39
50  NC 3541 1470
30  NC 3618 1476
10  OMST 3721 3258
40
50  OMST 3669 3257
30  NC 4068 1537
10  NC 4128 1514
41
50  OMST 3053 3269
30  NC 3763 1497
10  NC 4526 1505
42
50  OMST 2766 3274
30  NC 2993 1483
10  NC 3113 1492
43
50  NC 3047 1516
30  NC 3862 1515
10  OMST 4881 3260
44
50  NC 2992 1494
30  NC 3066 1489
10  OMST 3195 3284
45
50  NC 2462 1474
30  NC 2653 1472
10  NC 3509 1520
46
50  NC 2525 1532
30  OMST 2777 3246
10  NC 3342 1469
47
50  NC 4322 1477
30  OMST 4560 3275
10  NC 4701 1519
48
50  NC 4507 1517
30  OMST 4907 3266
10  NC 5165 1502
49
50  NC 4160 1476
30  OMST 5025 3265
10  NC 5303 1468
50
50  NC 4410 1524
30  NC 5575 1508
10  NC 5723 1480
51
50  OMST 3703 3269
30  NC 4844 1505
10  NC 4958 1466
52
50  OMST 3415 3274
30  NC 3615 1483
10  NC 3750 1492
54
50  NC 9591 1764
30  OMST 12837 2003
55
50  NC 18144 1766
30  OMST 27406 2004
56
50  OMST 16499 2005
30  NC 18106 1768
57
50  NC 15191 1770
58
50  NC 14393 1772
30  OMST 17262 2007
59
50  NC 14019 1773
30  OMST 15246 2008
60
50  NC 14844 1774
61
50  OMST 12078 2009
30  NC 14235 1775
SCORE:NC,OMST,3570,1710,186.0
