NC-PO
1
50  PO 9340 2358
30  NC 9537 1485
10  PO 10953 2304
2
50  PO 10430 2359
30  NC 10859 1532
10  PO 12613 2389
3
50  NC 7906 1477
30  NC 9235 1504
10  NC 9563 1519
4
50  NC 8479 1533
30  NC 9094 1471
10  PO 9149 2391
5
50  NC 8092 1476
30  NC 9066 1506
10  NC 9262 1535
6
50  PO 7628 2297
30  PO 7677 2366
10  NC 9079 1524
7
50  NC 8569 1497
30  PO 8925 2320
10  PO 8952 2319
8
50  NC 7103 1483
30  NC 7146 1492
10  PO 7191 2298
9
50  PO 2428 2293
30  NC 2950 1526
10  PO 3240 2374
10
50  PO 2596 2346
30  PO 3253 2322
10  PO 3576 2305
11
50  NC 2056 1515
30  PO 2096 2364
10  PO 2269 2351
12
50  PO 2075 2402
30  PO 2097 2292
10  NC 2144 1487
13
50  PO 3834 2317
30  NC 4184 1474
10  PO 4408 2304
14
50  PO 4212 2359
30  PO 4251 2389
10  NC 4309 1528
15
50  NC 3160 1477
30  NC 3698 1522
10  PO 3896 2336
16
50  NC 3250 1517
30  NC 3447 1533
10  PO 3749 2349
17
50  NC 7388 1470
30  NC 8268 1535
10  PO 8416 2312
18
50  PO 7672 2315
30  NC 7797 1537
10  NC 7947 1524
19
50  PO 7177 2353
30  NC 7391 1497
10  PO 7887 2356
20
50  NC 6181 1483
30  NC 6473 1509
10  PO 7108 2298
21
50  PO 3271 2378
30  PO 3409 2293
10  PO 3913 2303
22
50  PO 3458 2346
30  PO 3540 2322
10  PO 4746 2305
23
50  PO 2579 2351
30  NC 2606 1516
10  PO 2611 2330
24
50  NC 2572 1487
30  PO 2745 2345
10  PO 2847 2292
25
50  NC 1994 1485
30  PO 2181 2317
10  NC 2363 1475
26
50  NC 2422 1525
30  NC 2580 1467
10  NC 2619 1469
27
50  NC 3567 1477
30  NC 4549 1504
10  NC 5309 1479
28
50  NC 4119 1533
30  NC 4179 1471
10  PO 5190 2396
29
50  NC 3790 1470
30  NC 4284 1506
10  PO 4596 2361
30
50  PO 3426 2297
30  PO 3614 2366
10  NC 4540 1537
31
80  NC 3954 1497
40  PO 4090 2319
0  PO 4220 2320
32
80  NC 3181 1492
40  NC 3437 1509
0  PO 4094 2300
33
80  PO 2769 2364
40  NC 2860 1516
0  NC 2900 1515
34
80  NC 2659 1530
40  PO 2833 2345
0  PO 2866 2402
35
50  PO 1754 2358
30  NC 1873 1485
10  PO 1951 2317
36
50  PO 2003 2359
30  NC 2300 1525
10  NC 2389 1532
37
50  NC 4296 1519
30  NC 4328 1504
10  NC 4475 1522
38
50  NC 3571 1517
30  NC 4003 1471
10  PO 4129 2391
39
50  NC 3541 1470
30  NC 3618 1476
10  NC 3825 1506
40
50  PO 3357 2297
30  PO 3587 2366
10  NC 4068 1537
41
50  PO 3582 2353
30  NC 3763 1497
10  PO 4020 2356
42
50  NC 2993 1483
30  NC 3113 1492
10  PO 3243 2298
43
50  NC 3047 1516
30  PO 3567 2390
10  NC 3862 1515
44
50  NC 2992 1494
30  NC 3066 1489
10  NC 3369 1530
45
50  PO 2282 2358
30  NC 2462 1474
10  NC 2653 1472
46
50  NC 2525 1532
30  PO 2697 2400
10  PO 3027 2296
47
50  NC 4322 1477
30  NC 4701 1519
10  NC 4796 1522
48
50  NC 4507 1517
30  NC 5165 1502
10  PO 5239 2391
49
50  NC 4160 1476
30  PO 4732 2342
10  PO 5150 2388
50
50  NC 4410 1524
30  PO 4740 2331
10  PO 4829 2315
51
50  PO 4338 2320
30  PO 4744 2319
10  NC 4844 1505
52
50  NC 3615 1483
30  NC 3750 1492
10  PO 4268 2300
53
50  PO 12839 1888
54
50  PO 9464 1876
30  NC 9591 1764
55
50  PO 17012 1877
30  NC 18144 1766
56
50  NC 18106 1768
30  PO 19939 1879
57
50  NC 15191 1770
30  PO 19083 1881
58
50  NC 14393 1772
30  PO 16272 1882
59
50  NC 14019 1773
30  PO 15543 1884
60
50  PO 13909 1886
30  NC 14844 1774
61
50  PO 12619 1887
30  NC 14235 1775
SCORE:NC,PO,3160,2330,83.0
