NC-ROR
1
50  NC 9537 1485
30  ROR 9794 13
10  ROR 10469 56
2
50  ROR 10266 6
30  NC 10859 1532
10  NC 13682 1467
3
50  ROR 7756 33
30  NC 7906 1477
10  ROR 8009 14
4
50  ROR 7966 7
30  NC 8479 1533
10  NC 9094 1471
5
50  ROR 7441 10
30  NC 8092 1476
10  NC 9066 1506
6
50  ROR 7169 27
30  ROR 8022 64
10  NC 9079 1524
7
50  ROR 7410 35
30  NC 8569 1497
10  ROR 9194 23
8
50  ROR 6656 68
30  NC 7103 1483
10  NC 7146 1492
9
50  ROR 2537 63
30  NC 2950 1526
10  ROR 3150 31
10
50  ROR 3291 67
30  ROR 4050 39
10  ROR 5797 9
11
50  ROR 1994 48
30  NC 2056 1515
10  ROR 2388 21
12
50  ROR 2081 32
30  ROR 2137 5
10  NC 2144 1487
13
50  ROR 3966 15
30  ROR 3968 56
10  ROR 3978 13
14
50  NC 4309 1528
30  ROR 4316 20
10  ROR 4440 40
15
50  NC 3160 1477
30  NC 3698 1522
10  ROR 3890 42
16
50  ROR 3175 36
30  NC 3250 1517
10  NC 3447 1533
17
50  ROR 6372 47
30  ROR 7128 57
10  NC 7388 1470
18
50  ROR 6254 28
30  ROR 6944 64
10  NC 7797 1537
19
50  ROR 6487 35
30  NC 7391 1497
10  ROR 7791 24
20
50  ROR 5890 68
30  NC 6181 1483
10  NC 6473 1509
21
50  ROR 2909 63
30  NC 4007 1526
10  NC 5883 1486
22
50  ROR 3997 67
30  ROR 5540 39
10  ROR 7285 9
23
50  NC 2606 1516
30  ROR 2778 21
10  ROR 3097 66
24
50  ROR 2470 5
30  NC 2572 1487
10  ROR 2659 49
25
50  NC 1994 1485
30  ROR 2044 56
10  ROR 2278 15
26
50  ROR 2088 26
30  NC 2422 1525
10  NC 2580 1467
27
50  NC 3567 1477
30  ROR 3778 16
10  NC 4549 1504
28
50  ROR 3850 36
30  NC 4119 1533
10  NC 4179 1471
29
50  NC 3790 1470
30  ROR 3806 57
10  ROR 4128 69
30
50  ROR 3847 25
30  NC 4540 1537
10  NC 4856 1524
31
80  ROR 3550 35
40  ROR 3828 24
0  NC 3954 1497
32
80  NC 3181 1492
40  NC 3437 1509
0  NC 4197 1496
33
80  ROR 2116 34
40  ROR 2636 48
0  NC 2860 1516
34
80  ROR 2250 38
40  ROR 2288 5
0  NC 2659 1530
35
50  NC 1873 1485
30  ROR 1889 61
10  NC 2172 1472
36
50  ROR 1883 6
30  ROR 2194 26
10  ROR 2291 17
37
50  ROR 3327 33
30  ROR 3482 14
10  NC 4296 1519
38
50  ROR 3441 7
30  NC 3571 1517
10  NC 4003 1471
39
50  ROR 3241 10
30  ROR 3500 18
10  ROR 3513 57
40
50  ROR 3207 28
30  ROR 3788 25
10  NC 4068 1537
41
50  ROR 3589 23
30  ROR 3606 24
10  NC 3763 1497
42
50  NC 2993 1483
30  NC 3113 1492
10  NC 3359 1509
43
50  ROR 2875 34
30  NC 3047 1516
10  NC 3862 1515
44
50  ROR 2753 38
30  NC 2992 1494
10  NC 3066 1489
45
50  ROR 2326 61
30  NC 2462 1474
10  NC 2653 1472
46
50  NC 2525 1532
30  ROR 2672 20
10  ROR 2881 17
47
50  NC 4322 1477
30  NC 4701 1519
10  NC 4796 1522
48
50  NC 4507 1517
30  NC 5165 1502
10  ROR 5233 43
49
50  ROR 3527 47
30  NC 4160 1476
10  ROR 4453 22
50
50  ROR 3632 27
30  NC 4410 1524
10  NC 5575 1508
51
50  NC 4844 1505
30  NC 4958 1466
10  ROR 5203 23
52
50  ROR 3534 68
30  NC 3615 1483
10  NC 3750 1492
54
50  ROR 9445 1624
30  NC 9591 1764
55
50  ROR 18003 1627
30  NC 18144 1766
56
50  ROR 16518 1628
30  NC 18106 1768
57
50  ROR 13885 1629
30  NC 15191 1770
58
50  NC 14393 1772
30  ROR 14409 1630
59
50  ROR 12591 1631
30  NC 14019 1773
60
50  ROR 12175 1632
30  NC 14844 1774
61
50  NC 14235 1775
SCORE:NC,ROR,2160,3250,-109.0
