NC-SHC
1
50  SHC 8773 492
30  NC 9537 1485
10  SHC 10263 463
2
50  SHC 10517 475
30  SHC 10644 539
10  NC 10859 1532
3
50  NC 7906 1477
30  SHC 8951 533
10  NC 9235 1504
4
50  SHC 7872 552
30  NC 8479 1533
10  NC 9094 1471
5
50  SHC 8052 501
30  NC 8092 1476
10  NC 9066 1506
6
50  SHC 6757 549
30  NC 9079 1524
10  NC 9428 1514
7
50  SHC 7710 459
30  SHC 7723 479
10  SHC 8297 558
8
50  NC 7103 1483
30  NC 7146 1492
10  SHC 7306 502
9
50  NC 2950 1526
30  SHC 3479 481
10  SHC 3513 528
10
50  SHC 3037 565
30  SHC 3619 471
10  SHC 3666 534
11
50  NC 2056 1515
30  SHC 2143 564
10  SHC 2346 491
12
50  NC 2144 1487
30  NC 2181 1530
10  NC 2388 1489
13
50  SHC 3514 492
30  SHC 3799 547
10  SHC 3929 522
14
50  SHC 4207 537
30  NC 4309 1528
10  SHC 4694 559
15
50  NC 3160 1477
30  SHC 3479 533
10  SHC 3687 514
16
50  SHC 3036 552
30  NC 3250 1517
10  NC 3447 1533
17
50  SHC 7129 546
30  NC 7388 1470
10  SHC 7729 478
18
50  SHC 7143 493
30  NC 7797 1537
10  NC 7947 1524
19
50  SHC 6655 479
30  SHC 6933 459
10  NC 7391 1497
20
50  SHC 5949 490
30  NC 6181 1483
10  SHC 6294 497
21
50  SHC 2812 540
30  SHC 3757 481
10  NC 4007 1526
22
50  SHC 3253 565
30  SHC 3894 471
10  SHC 4737 534
23
50  SHC 2502 564
30  NC 2606 1516
10  SHC 2827 554
24
50  NC 2572 1487
30  SHC 2900 464
10  NC 3022 1489
25
50  NC 1994 1485
30  SHC 2013 550
10  SHC 2044 513
26
50  NC 2422 1525
30  NC 2580 1467
10  NC 2619 1469
27
50  NC 3567 1477
30  SHC 4386 533
10  NC 4549 1504
28
50  NC 4119 1533
30  NC 4179 1471
10  SHC 4765 451
29
50  SHC 3509 546
30  NC 3790 1470
10  NC 4284 1506
30
50  SHC 4305 493
30  NC 4540 1537
10  NC 4856 1524
31
80  SHC 3706 558
40  SHC 3828 458
0  NC 3954 1497
32
80  SHC 3169 502
40  NC 3181 1492
0  NC 3437 1509
33
80  NC 2860 1516
40  NC 2900 1515
0  NC 2912 1510
34
80  NC 2659 1530
40  NC 3803 1487
0  SHC 3849 511
35
50  NC 1873 1485
30  SHC 1906 463
10  NC 2172 1472
36
50  SHC 2075 537
30  SHC 2173 539
10  NC 2300 1525
37
50  SHC 4158 514
30  NC 4296 1519
10  NC 4328 1504
38
50  SHC 3333 552
30  NC 3571 1517
10  NC 4003 1471
39
50  SHC 3290 501
30  NC 3541 1470
10  NC 3618 1476
40
50  SHC 2951 549
30  SHC 3667 493
10  NC 4068 1537
41
50  SHC 3356 459
30  SHC 3443 479
10  NC 3763 1497
42
50  SHC 2906 490
30  NC 2993 1483
10  SHC 3016 502
43
50  NC 3047 1516
30  SHC 3154 553
10  SHC 3207 469
44
50  NC 2992 1494
30  NC 3066 1489
10  NC 3369 1530
45
50  SHC 2141 550
30  NC 2462 1474
10  SHC 2513 522
46
50  SHC 2295 475
30  SHC 2475 539
10  NC 2525 1532
47
50  NC 4322 1477
30  NC 4701 1519
10  NC 4796 1522
48
50  NC 4507 1517
30  SHC 5134 542
10  NC 5165 1502
49
50  NC 4160 1476
30  SHC 4671 478
10  NC 5303 1468
50
50  SHC 3461 549
30  NC 4410 1524
10  NC 5575 1508
51
50  SHC 4114 458
30  SHC 4837 489
10  NC 4844 1505
52
50  NC 3615 1483
30  NC 3750 1492
10  SHC 3760 490
53
50  SHC 16298 1670
54
50  NC 9591 1764
55
50  SHC 14927 1665
30  NC 18144 1766
56
50  NC 18106 1768
30  SHC 18851 1666
57
50  NC 15191 1770
30  SHC 18766 1667
58
50  NC 14393 1772
59
50  NC 14019 1773
60
50  NC 14844 1774
61
50  NC 14235 1775
SCORE:NC,SHC,2600,2740,-14.0
