NC-SH
1
50  NC 9537 1485
30  SH 10278 2639
10  NC 11022 1472
2
50  NC 10859 1532
30  NC 13682 1467
3
50  NC 7906 1477
30  SH 8498 2619
10  NC 9235 1504
4
50  NC 8479 1533
30  NC 9094 1471
10  SH 9948 2647
5
50  SH 7836 2618
30  NC 8092 1476
10  SH 8931 2640
6
50  NC 9079 1524
30  NC 9428 1514
7
50  NC 8569 1497
30  SH 9090 2631
10  NC 9537 1466
8
50  SH 6485 2605
30  SH 7027 2613
10  NC 7103 1483
9
50  NC 2950 1526
30  SH 4522 2646
10  NC 4638 1486
10
50  SH 5726 2645
11
50  NC 2056 1515
30  SH 2378 2626
10  SH 2460 2627
12
50  SH 2009 2642
30  NC 2144 1487
10  NC 2181 1530
13
50  SH 3852 2639
30  NC 4184 1474
10  SH 4190 2603
14
50  NC 4309 1528
30  SH 5275 2599
10  NC 5276 1507
15
50  NC 3160 1477
30  SH 3463 2619
10  NC 3698 1522
16
50  NC 3250 1517
30  NC 3447 1533
10  NC 3932 1502
17
50  SH 6858 2618
30  NC 7388 1470
10  SH 8035 2641
18
50  NC 7797 1537
30  NC 7947 1524
10  NC 8323 1514
19
50  NC 7391 1497
30  SH 8136 2631
10  NC 8413 1505
20
50  SH 5747 2605
30  NC 6181 1483
10  SH 6437 2613
21
50  NC 4007 1526
30  NC 5883 1486
23
50  SH 2543 2629
30  NC 2606 1516
10  SH 3060 2626
24
50  NC 2572 1487
30  SH 2892 2642
10  NC 3022 1489
25
50  NC 1994 1485
30  NC 2363 1475
10  SH 2416 2639
26
50  NC 2422 1525
30  NC 2580 1467
10  NC 2619 1469
27
50  NC 3567 1477
30  SH 4434 2612
10  NC 4549 1504
28
50  NC 4119 1533
30  NC 4179 1471
10  SH 4732 2630
29
50  SH 3769 2618
30  NC 3790 1470
10  NC 4284 1506
30
50  NC 4540 1537
30  NC 4856 1524
10  NC 5037 1508
31
80  NC 3954 1497
40  NC 4604 1466
32
80  SH 3178 2605
40  NC 3181 1492
0  NC 3437 1509
33
80  SH 2598 2629
40  NC 2860 1516
0  NC 2900 1515
34
80  SH 2623 2642
40  NC 2659 1530
0  NC 3803 1487
35
50  NC 1873 1485
30  NC 2172 1472
10  SH 2202 2638
36
50  NC 2300 1525
30  NC 2389 1532
10  NC 2462 1528
37
50  SH 3979 2619
30  NC 4296 1519
10  NC 4328 1504
38
50  NC 3571 1517
30  NC 4003 1471
10  SH 5382 2636
39
50  NC 3541 1470
30  NC 3618 1476
10  SH 3807 2640
40
50  NC 4068 1537
30  NC 4128 1514
41
50  NC 3763 1497
30  NC 4526 1505
42
50  SH 2953 2605
30  NC 2993 1483
10  NC 3113 1492
43
50  SH 2875 2629
30  NC 3047 1516
10  NC 3862 1515
44
50  SH 2983 2642
30  NC 2992 1494
10  NC 3066 1489
45
50  SH 2408 2639
30  NC 2462 1474
10  SH 2480 2603
46
50  NC 2525 1532
30  SH 2964 2617
10  NC 3342 1469
47
50  NC 4322 1477
30  SH 4632 2619
10  NC 4701 1519
48
50  NC 4507 1517
30  NC 5165 1502
10  NC 5600 1518
49
50  NC 4160 1476
30  SH 4600 2640
10  NC 5303 1468
50
50  NC 4410 1524
30  NC 5575 1508
10  NC 5723 1480
51
50  SH 4738 2631
30  NC 4844 1505
10  NC 4958 1466
52
50  SH 3350 2613
30  NC 3615 1483
10  NC 3750 1492
54
50  NC 9591 1764
30  SH 11370 1919
55
50  NC 18144 1766
30  SH 19413 1921
56
50  NC 18106 1768
57
50  NC 15191 1770
58
50  NC 14393 1772
30  SH 19108 1923
59
50  SH 13886 1924
30  NC 14019 1773
60
50  NC 14844 1774
61
50  NC 14235 1775
SCORE:NC,SH,3410,1730,168.0
