NC-SCSC
1
50  SCSC 9422 83
30  NC 9537 1485
10  SCSC 9644 126
2
50  SCSC 10856 129
30  NC 10859 1532
10  SCSC 11107 196
3
50  NC 7906 1477
30  SCSC 8177 125
10  SCSC 8218 208
4
50  SCSC 8071 200
30  NC 8479 1533
10  NC 9094 1471
5
50  SCSC 7622 107
30  NC 8092 1476
10  SCSC 8989 165
6
50  SCSC 6832 178
30  SCSC 7156 151
10  SCSC 7837 192
7
50  NC 8569 1497
30  SCSC 8853 117
10  NC 9537 1466
8
50  SCSC 6738 176
30  NC 7103 1483
10  NC 7146 1492
9
50  NC 2950 1526
30  SCSC 3301 182
10  SCSC 3619 94
10
50  SCSC 2637 185
30  SCSC 4081 123
10  SCSC 5639 173
11
50  NC 2056 1515
30  SCSC 2091 172
10  SCSC 2114 191
12
50  SCSC 1919 154
30  NC 2144 1487
10  NC 2181 1530
13
50  SCSC 3635 126
30  SCSC 3641 83
10  SCSC 3885 146
14
50  SCSC 3983 80
30  SCSC 4257 168
10  NC 4309 1528
15
50  SCSC 2862 159
30  NC 3160 1477
10  SCSC 3194 208
16
50  SCSC 3125 200
30  SCSC 3216 82
10  NC 3250 1517
17
50  SCSC 6237 199
30  NC 7388 1470
10  SCSC 7682 177
18
50  SCSC 6556 133
30  SCSC 6657 192
10  SCSC 7412 127
19
50  SCSC 6151 108
30  NC 7391 1497
10  NC 8413 1505
20
50  SCSC 5587 156
30  NC 6181 1483
10  NC 6473 1509
21
50  NC 4007 1526
30  SCSC 4619 182
10  SCSC 5152 183
22
50  SCSC 4701 173
30  SCSC 5191 123
10  SCSC 5756 167
23
50  NC 2606 1516
30  SCSC 2875 191
10  NC 3179 1527
24
50  SCSC 2425 154
30  NC 2572 1487
10  NC 3022 1489
25
50  NC 1994 1485
30  SCSC 2089 126
10  NC 2363 1475
26
50  SCSC 2220 196
30  SCSC 2271 168
10  SCSC 2376 129
27
50  SCSC 3313 159
30  NC 3567 1477
10  SCSC 3831 208
28
50  SCSC 3633 200
30  NC 4119 1533
10  NC 4179 1471
29
50  NC 3790 1470
30  SCSC 4034 114
10  SCSC 4203 198
30
50  SCSC 3432 120
30  SCSC 3545 178
10  SCSC 4538 106
31
80  SCSC 3306 108
40  NC 3954 1497
0  SCSC 4070 121
32
80  NC 3181 1492
40  SCSC 3432 176
0  NC 3437 1509
33
80  SCSC 2565 105
40  NC 2860 1516
0  NC 2900 1515
34
80  NC 2659 1530
40  SCSC 3219 147
0  SCSC 3240 160
35
50  SCSC 1728 83
30  NC 1873 1485
10  SCSC 1995 146
36
50  NC 2300 1525
30  SCSC 2366 164
10  NC 2389 1532
37
50  SCSC 3894 166
30  NC 4296 1519
10  NC 4328 1504
38
50  NC 3571 1517
30  NC 4003 1471
10  SCSC 4764 144
39
50  SCSC 3078 199
30  NC 3541 1470
10  NC 3618 1476
40
50  SCSC 3012 151
30  SCSC 3447 192
10  SCSC 3459 120
41
50  NC 3763 1497
30  SCSC 4072 117
10  NC 4526 1505
42
50  SCSC 2747 156
30  SCSC 2783 201
10  NC 2993 1483
43
50  NC 3047 1516
30  SCSC 3153 172
10  SCSC 3250 95
44
50  SCSC 2935 160
30  NC 2992 1494
10  NC 3066 1489
45
50  NC 2462 1474
30  SCSC 2507 184
10  NC 2653 1472
46
50  NC 2525 1532
30  SCSC 2757 88
10  SCSC 2904 136
47
50  SCSC 4256 125
30  NC 4322 1477
10  NC 4701 1519
48
50  SCSC 4256 82
30  NC 4507 1517
10  SCSC 4665 169
49
50  SCSC 3997 107
30  NC 4160 1476
10  SCSC 4313 165
50
50  SCSC 3432 178
30  SCSC 3800 133
10  SCSC 3982 151
51
50  SCSC 4337 117
30  NC 4844 1505
10  NC 4958 1466
52
50  SCSC 3234 156
30  SCSC 3339 201
10  NC 3615 1483
53
50  SCSC 16759 1641
54
50  SCSC 9056 1633
30  NC 9591 1764
55
50  NC 18144 1766
30  SCSC 19565 1634
56
50  NC 18106 1768
30  SCSC 18470 1635
57
50  SCSC 13178 1636
30  NC 15191 1770
58
50  NC 14393 1772
30  SCSC 14856 1637
59
50  SCSC 13296 1638
30  NC 14019 1773
60
50  SCSC 12758 1639
30  NC 14844 1774
61
50  SCSC 11516 1640
30  NC 14235 1775
SCORE:NC,SCSC,2120,3370,-125.0
