NC-SL
1
50  NC 9537 1485
30  NC 11022 1472
10  SL 11744 2907
2
50  SL 8346 2877
30  SL 8361 2923
10  NC 10859 1532
3
50  NC 7906 1477
30  SL 8950 2918
10  SL 9075 2884
4
50  NC 8479 1533
30  NC 9094 1471
10  SL 9534 2909
5
50  SL 7340 2901
30  SL 7391 2928
10  NC 8092 1476
6
50  SL 7120 2921
30  SL 7529 2886
10  SL 7588 2883
7
50  NC 8569 1497
30  NC 9537 1466
8
50  NC 7103 1483
30  NC 7146 1492
10  SL 7163 2917
9
50  NC 2950 1526
30  NC 4638 1486
10  SL 5934 2911
10
50  SL 4113 2913
30  SL 4840 2875
11
50  SL 1652 2876
30  SL 1699 2908
10  SL 1840 2885
12
50  SL 1650 2874
30  NC 2144 1487
10  NC 2181 1530
13
50  NC 4184 1474
30  SL 4839 2905
10  NC 5063 1520
14
50  SL 3409 2923
30  NC 4309 1528
10  SL 4400 2894
15
50  NC 3160 1477
30  SL 3377 2884
10  SL 3550 2920
16
50  NC 3250 1517
30  SL 3384 2909
10  NC 3447 1533
17
50  SL 6280 2928
30  SL 6354 2901
10  NC 7388 1470
18
50  SL 6249 2921
30  SL 6403 2883
10  SL 7270 2932
19
50  NC 7391 1497
30  NC 8413 1505
20
50  SL 5976 2917
30  NC 6181 1483
10  NC 6473 1509
21
50  NC 4007 1526
30  NC 5883 1486
23
50  SL 1968 2876
30  SL 2090 2908
10  SL 2282 2885
24
50  SL 2070 2874
30  NC 2572 1487
10  NC 3022 1489
25
50  NC 1994 1485
30  NC 2363 1475
10  SL 2450 2907
26
50  SL 1912 2877
30  SL 2043 2899
10  SL 2310 2894
27
50  NC 3567 1477
30  SL 4425 2918
10  SL 4534 2897
28
50  SL 4029 2909
30  NC 4119 1533
10  NC 4179 1471
29
50  SL 3388 2928
30  NC 3790 1470
10  NC 4284 1506
30
50  SL 3439 2883
30  SL 4214 2932
10  SL 4382 2904
31
80  NC 3954 1497
40  NC 4604 1466
32
80  NC 3181 1492
40  SL 3410 2917
0  NC 3437 1509
33
80  SL 1860 2876
40  SL 2121 2908
0  SL 2362 2885
34
80  SL 2033 2874
40  NC 2659 1530
0  NC 3803 1487
35
50  NC 1873 1485
30  NC 2172 1472
10  SL 2492 2907
36
50  SL 1757 2877
30  SL 2149 2899
10  NC 2300 1525
37
50  SL 4031 2920
30  NC 4296 1519
10  NC 4328 1504
38
50  NC 3571 1517
30  NC 4003 1471
10  SL 4922 2909
39
50  SL 3265 2928
30  SL 3427 2901
10  NC 3541 1470
40
50  NC 4068 1537
30  NC 4128 1514
10  SL 4456 2932
41
50  NC 3763 1497
30  NC 4526 1505
42
50  SL 2859 2917
30  NC 2993 1483
10  NC 3113 1492
43
50  SL 2284 2876
30  SL 2790 2885
10  NC 3047 1516
44
50  SL 2286 2874
30  NC 2992 1494
10  NC 3066 1489
45
50  NC 2462 1474
30  NC 2653 1472
10  SL 2892 2907
46
50  SL 1938 2923
30  SL 2446 2899
10  NC 2525 1532
47
50  NC 4322 1477
30  SL 4651 2912
10  NC 4701 1519
48
50  NC 4507 1517
30  NC 5165 1502
10  NC 5600 1518
49
50  SL 3903 2901
30  SL 4117 2916
10  NC 4160 1476
50
50  SL 3447 2921
30  SL 3884 2904
10  NC 4410 1524
51
50  NC 4844 1505
30  NC 4958 1466
52
50  NC 3615 1483
30  NC 3750 1492
10  NC 4497 1496
53
50  SL 23862 1969
54
50  NC 9591 1764
30  SL 11727 1961
55
50  NC 18144 1766
30  SL 20788 1963
56
50  SL 15044 1965
30  NC 18106 1768
57
50  NC 15191 1770
30  SL 15791 1966
58
50  NC 14393 1772
59
50  NC 14019 1773
30  SL 15156 1967
60
50  SL 12371 1968
30  NC 14844 1774
61
50  NC 14235 1775
SCORE:NC,SL,2670,2610,6.0
