NC-WM
1
50  NC 9537 1485
30  NC 11022 1472
10  WM 11381 409
2
50  WM 9257 442
30  WM 10290 397
10  NC 10859 1532
3
50  NC 7906 1477
30  NC 9235 1504
10  NC 9563 1519
4
50  WM 8102 420
30  NC 8479 1533
10  NC 9094 1471
5
50  WM 7746 354
30  NC 8092 1476
10  WM 8813 396
6
50  NC 9079 1524
30  WM 9098 366
10  NC 9428 1514
7
50  WM 7315 362
30  WM 7745 395
10  NC 8569 1497
8
50  WM 6781 429
30  NC 7103 1483
10  NC 7146 1492
9
50  WM 2723 424
30  NC 2950 1526
10  NC 4638 1486
10
50  WM 2822 399
30  WM 3653 438
10  WM 4665 411
11
50  NC 2056 1515
30  WM 2259 410
10  NC 2663 1510
12
50  WM 1872 422
30  WM 2007 398
10  NC 2144 1487
13
50  WM 4088 368
30  NC 4184 1474
10  WM 4529 356
14
50  WM 3604 344
30  WM 3605 370
10  WM 3615 442
15
50  NC 3160 1477
30  WM 3354 413
10  NC 3698 1522
16
50  WM 3172 419
30  WM 3212 420
10  NC 3250 1517
17
50  WM 6889 447
30  NC 7388 1470
10  WM 7740 444
18
50  WM 6745 449
30  WM 7763 417
10  NC 7797 1537
19
50  WM 6491 362
30  WM 6744 395
10  NC 7391 1497
20
50  NC 6181 1483
30  NC 6473 1509
10  WM 6571 418
21
50  WM 3807 424
30  NC 4007 1526
10  WM 4444 369
22
50  WM 3663 399
30  WM 3854 438
10  WM 5197 411
23
50  NC 2606 1516
30  NC 3179 1527
10  WM 3331 445
24
50  WM 2235 422
30  WM 2456 398
10  NC 2572 1487
25
50  NC 1994 1485
30  WM 2297 368
10  NC 2363 1475
26
50  WM 1956 357
30  WM 2032 442
10  WM 2334 364
27
50  NC 3567 1477
30  WM 4469 421
10  NC 4549 1504
28
50  WM 3978 419
30  NC 4119 1533
10  NC 4179 1471
29
50  WM 3591 447
30  WM 3647 354
10  NC 3790 1470
30
50  WM 3774 449
30  WM 4159 366
10  NC 4540 1537
31
80  WM 3342 362
40  WM 3633 395
0  NC 3954 1497
32
80  NC 3181 1492
40  NC 3437 1509
0  WM 4063 339
33
80  NC 2860 1516
40  NC 2900 1515
0  NC 2912 1510
34
80  WM 2535 422
40  NC 2659 1530
0  WM 3318 434
35
50  NC 1873 1485
30  NC 2172 1472
10  WM 2301 435
36
50  WM 1782 370
30  WM 1856 344
10  NC 2300 1525
37
50  WM 3887 413
30  NC 4296 1519
10  NC 4328 1504
38
50  WM 3441 419
30  NC 3571 1517
10  NC 4003 1471
39
50  NC 3541 1470
30  NC 3618 1476
10  WM 3809 447
40
50  NC 4068 1537
30  NC 4128 1514
41
50  NC 3763 1497
30  NC 4526 1505
42
50  WM 2804 429
30  NC 2993 1483
10  WM 3032 418
43
50  WM 2913 410
30  NC 3047 1516
10  NC 3862 1515
44
50  NC 2992 1494
30  NC 3066 1489
10  WM 3271 398
45
50  NC 2462 1474
30  NC 2653 1472
10  WM 2656 425
46
50  WM 2401 397
30  WM 2450 361
10  NC 2525 1532
47
50  NC 4322 1477
30  NC 4701 1519
10  NC 4796 1522
48
50  WM 4140 420
30  NC 4507 1517
10  NC 5165 1502
49
50  WM 3902 354
30  NC 4160 1476
10  WM 4207 396
50
50  WM 4287 449
30  NC 4410 1524
10  NC 5575 1508
51
50  WM 4555 382
30  NC 4844 1505
10  NC 4958 1466
52
50  NC 3615 1483
30  WM 3656 429
10  NC 3750 1492
53
50  WM 18189 1662
54
50  NC 9591 1764
30  WM 11382 1658
55
50  NC 18144 1766
56
50  NC 18106 1768
57
50  NC 15191 1770
58
50  NC 14393 1772
59
50  NC 14019 1773
30  WM 14150 1660
60
50  NC 14844 1774
61
50  NC 14235 1775
30  WM 14309 1661
SCORE:NC,WM,2630,2690,-6.0
