NC-WRC
1
50  NC 9537 1485
30  WRC 10759 2171
10  NC 11022 1472
2
50  WRC 10377 2161
30  NC 10859 1532
10  WRC 13057 2144
3
50  NC 7906 1477
30  WRC 8371 2156
10  NC 9235 1504
4
50  NC 8479 1533
30  NC 9094 1471
10  WRC 10200 2180
5
50  WRC 8003 2147
30  NC 8092 1476
10  NC 9066 1506
6
50  WRC 7619 2174
30  NC 9079 1524
10  NC 9428 1514
7
50  WRC 8182 2146
30  NC 8569 1497
10  WRC 8594 2169
8
50  NC 7103 1483
30  NC 7146 1492
10  WRC 7292 2182
9
50  NC 2950 1526
30  WRC 3100 2162
10  NC 4638 1486
10
50  WRC 3732 2165
30  WRC 6075 2168
11
50  WRC 1881 2176
30  WRC 1968 2196
10  NC 2056 1515
12
50  NC 2144 1487
30  NC 2181 1530
10  WRC 2313 2150
13
50  WRC 3889 2175
30  NC 4184 1474
10  NC 5063 1520
14
50  NC 4309 1528
30  WRC 4383 2191
10  WRC 4678 2144
15
50  NC 3160 1477
30  WRC 3553 2167
10  WRC 3638 2151
16
50  NC 3250 1517
30  NC 3447 1533
10  NC 3932 1502
17
50  WRC 6896 2147
30  WRC 7375 2153
10  NC 7388 1470
18
50  WRC 6674 2174
30  WRC 7522 2189
10  NC 7797 1537
19
50  WRC 6727 2145
30  WRC 7127 2146
10  NC 7391 1497
20
50  WRC 6001 2181
30  NC 6181 1483
10  WRC 6272 2182
21
50  WRC 3722 2162
30  NC 4007 1526
10  NC 5883 1486
22
50  WRC 4550 2165
23
50  WRC 2194 2196
30  NC 2606 1516
10  NC 3179 1527
24
50  NC 2572 1487
30  NC 3022 1489
10  WRC 3389 2183
25
50  NC 1994 1485
30  WRC 2256 2171
10  NC 2363 1475
26
50  WRC 2103 2161
30  WRC 2347 2191
10  NC 2422 1525
27
50  NC 3567 1477
30  WRC 4144 2151
10  WRC 4376 2167
28
50  NC 4119 1533
30  NC 4179 1471
10  NC 5222 1518
29
50  WRC 3476 2178
30  NC 3790 1470
10  WRC 4006 2153
30
50  WRC 3546 2174
30  WRC 4187 2189
10  NC 4540 1537
31
80  WRC 3850 2146
40  NC 3954 1497
0  WRC 4171 2169
32
80  NC 3181 1492
40  WRC 3201 2181
0  NC 3437 1509
33
80  WRC 2358 2196
40  WRC 2458 2176
0  NC 2860 1516
34
80  NC 2659 1530
40  NC 3803 1487
35
50  WRC 1814 2175
30  NC 1873 1485
10  NC 2172 1472
36
50  WRC 2018 2161
30  NC 2300 1525
10  NC 2389 1532
37
50  WRC 3987 2156
30  NC 4296 1519
10  NC 4328 1504
38
50  NC 3571 1517
30  NC 4003 1471
39
50  NC 3541 1470
30  WRC 3559 2178
10  NC 3618 1476
40
50  WRC 3512 2174
30  NC 4068 1537
10  NC 4128 1514
41
50  WRC 3456 2145
30  WRC 3719 2169
10  NC 3763 1497
42
50  NC 2993 1483
30  WRC 3052 2182
10  WRC 3094 2181
43
50  WRC 2683 2176
30  NC 3047 1516
10  WRC 3264 2184
44
50  NC 2992 1494
30  NC 3066 1489
10  NC 3369 1530
45
50  NC 2462 1474
30  WRC 2627 2171
10  NC 2653 1472
46
50  WRC 2445 2161
30  WRC 2487 2191
10  NC 2525 1532
47
50  WRC 4069 2156
30  NC 4322 1477
10  NC 4701 1519
48
50  NC 4507 1517
30  WRC 4896 2188
10  NC 5165 1502
49
50  NC 4160 1476
30  WRC 4226 2147
10  WRC 4882 2155
50
50  WRC 4032 2189
30  NC 4410 1524
10  NC 5575 1508
51
50  WRC 3802 2145
30  WRC 4565 2169
10  NC 4844 1505
52
50  NC 3615 1483
30  WRC 3662 2177
10  NC 3750 1492
54
50  WRC 9339 1855
30  NC 9591 1764
55
50  NC 18144 1766
30  WRC 20388 1858
56
50  NC 18106 1768
57
50  WRC 14518 1859
30  NC 15191 1770
58
50  NC 14393 1772
59
50  WRC 13206 1860
30  NC 14019 1773
60
50  NC 14844 1774
61
50  WRC 13246 1861
30  NC 14235 1775
SCORE:NC,WRC,2640,2650,-1.0
