NC-WAW
1
50  WAW 9200 1022
30  NC 9537 1485
10  NC 11022 1472
2
50  WAW 8528 1033
30  WAW 10693 964
10  NC 10859 1532
3
50  NC 7906 1477
30  WAW 9045 931
10  NC 9235 1504
4
50  WAW 7781 940
30  NC 8479 1533
10  NC 9094 1471
5
50  WAW 7833 908
30  NC 8092 1476
10  WAW 8719 1004
6
50  WAW 6684 904
30  WAW 7572 1032
10  NC 9079 1524
7
50  WAW 7606 975
30  NC 8569 1497
10  NC 9537 1466
8
50  WAW 6267 1012
30  NC 7103 1483
10  NC 7146 1492
9
50  WAW 2516 959
30  NC 2950 1526
10  WAW 4256 933
10
50  WAW 2569 916
30  WAW 3534 947
10  WAW 4040 932
11
50  WAW 1876 1021
30  NC 2056 1515
10  WAW 2419 1011
12
50  WAW 2056 961
30  NC 2144 1487
10  NC 2181 1530
13
50  WAW 3626 939
30  NC 4184 1474
10  NC 5063 1520
14
50  WAW 3897 964
30  WAW 4081 996
10  WAW 4251 912
15
50  NC 3160 1477
30  WAW 3166 938
10  NC 3698 1522
16
50  NC 3250 1517
30  NC 3447 1533
10  NC 3932 1502
17
50  WAW 7038 929
30  NC 7388 1470
10  WAW 7763 909
18
50  WAW 6524 1030
30  NC 7797 1537
10  NC 7947 1524
19
50  WAW 7012 975
30  NC 7391 1497
10  NC 8413 1505
20
50  NC 6181 1483
30  NC 6473 1509
10  WAW 6546 1026
21
50  WAW 3312 959
30  NC 4007 1526
10  WAW 4987 913
22
50  WAW 3255 916
30  WAW 3816 947
10  WAW 6113 960
23
50  WAW 2516 1021
30  NC 2606 1516
10  WAW 3094 980
24
50  NC 2572 1487
30  WAW 2659 902
10  WAW 2953 956
25
50  NC 1994 1485
30  NC 2363 1475
10  WAW 2369 906
26
50  WAW 1809 915
30  WAW 2300 996
10  WAW 2371 926
27
50  NC 3567 1477
30  WAW 4452 918
10  NC 4549 1504
28
50  WAW 3533 940
30  NC 4119 1533
10  NC 4179 1471
29
50  WAW 3721 929
30  NC 3790 1470
10  NC 4284 1506
30
50  WAW 3430 1030
30  NC 4540 1537
10  NC 4856 1524
31
80  NC 3954 1497
40  NC 4604 1466
0  WAW 5869 1018
32
80  NC 3181 1492
40  WAW 3298 976
0  WAW 3409 948
33
80  NC 2860 1516
40  NC 2900 1515
0  NC 2912 1510
34
80  NC 2659 1530
40  NC 3803 1487
35
50  NC 1873 1485
30  NC 2172 1472
10  WAW 2463 906
36
50  WAW 1765 915
30  NC 2300 1525
10  NC 2389 1532
37
50  WAW 3497 938
30  NC 4296 1519
10  WAW 4319 970
38
50  NC 3571 1517
30  WAW 3681 940
10  NC 4003 1471
39
50  NC 3541 1470
30  NC 3618 1476
10  NC 3825 1506
40
50  WAW 2938 904
30  NC 4068 1537
10  NC 4128 1514
41
50  WAW 3582 971
30  NC 3763 1497
10  NC 4526 1505
42
50  WAW 2976 976
30  NC 2993 1483
10  NC 3113 1492
43
50  WAW 2456 1021
30  NC 3047 1516
10  NC 3862 1515
44
50  NC 2992 1494
30  NC 3066 1489
10  WAW 3223 902
45
50  WAW 2035 1022
30  WAW 2119 939
10  NC 2462 1474
46
50  WAW 1937 1033
30  NC 2525 1532
10  WAW 2572 912
47
50  NC 4322 1477
30  WAW 4628 931
10  NC 4701 1519
48
50  NC 4507 1517
30  NC 5165 1502
10  NC 5600 1518
49
50  WAW 4032 908
30  NC 4160 1476
10  WAW 4501 909
50
50  WAW 3637 1032
30  NC 4410 1524
10  WAW 4833 943
51
50  WAW 3975 971
30  NC 4844 1505
10  WAW 4857 957
52
50  WAW 3347 1012
30  NC 3615 1483
10  NC 3750 1492
53
50  WAW 14403 1722
54
50  NC 9591 1764
30  WAW 9827 1709
55
50  WAW 16351 1711
30  NC 18144 1766
56
50  WAW 15537 1713
30  NC 18106 1768
57
50  WAW 14803 1715
30  NC 15191 1770
58
50  NC 14393 1772
30  WAW 30791 1717
59
50  WAW 13606 1718
30  NC 14019 1773
60
50  WAW 11946 1720
30  NC 14844 1774
61
50  WAW 11575 1721
30  NC 14235 1775
SCORE:NC,WAW,2700,2790,-9.0
