NC-WH
1
50  NC 9537 1485
30  WH 9640 1193
10  NC 11022 1472
2
50  WH 10577 1271
30  NC 10859 1532
10  WH 10928 1228
3
50  NC 7906 1477
30  WH 8247 1194
10  NC 9235 1504
4
50  NC 8479 1533
30  NC 9094 1471
10  WH 9193 1192
5
50  WH 7892 1191
30  NC 8092 1476
10  NC 9066 1506
6
50  NC 9079 1524
30  NC 9428 1514
10  WH 10114 1226
7
50  NC 8569 1497
30  WH 8651 1276
10  NC 9537 1466
8
50  NC 7103 1483
30  NC 7146 1492
10  NC 7450 1509
9
50  NC 2950 1526
30  WH 3735 1229
10  NC 4638 1486
10
50  WH 4124 1181
30  WH 4823 1257
10  WH 5578 1265
11
50  WH 2018 1188
30  NC 2056 1515
10  WH 2124 1236
12
50  NC 2144 1487
30  NC 2181 1530
10  NC 2388 1489
13
50  NC 4184 1474
30  WH 4773 1288
10  WH 4802 1239
14
50  WH 4037 1228
30  NC 4309 1528
10  WH 5099 1233
15
50  NC 3160 1477
30  WH 3344 1194
10  NC 3698 1522
16
50  NC 3250 1517
30  NC 3447 1533
10  WH 3582 1197
17
50  NC 7388 1470
30  WH 7845 1178
10  WH 8026 1224
18
50  WH 6598 1277
30  NC 7797 1537
10  NC 7947 1524
19
50  WH 6868 1187
30  WH 7183 1240
10  NC 7391 1497
20
50  NC 6181 1483
30  NC 6473 1509
10  WH 6743 1246
21
50  NC 4007 1526
30  WH 5483 1229
10  NC 5883 1486
23
50  WH 2603 1188
30  NC 2606 1516
10  WH 2802 1236
24
50  NC 2572 1487
30  NC 3022 1489
10  NC 3553 1521
25
50  NC 1994 1485
30  WH 2213 1193
10  WH 2308 1245
26
50  WH 2321 1271
30  NC 2422 1525
10  NC 2580 1467
27
50  NC 3567 1477
30  WH 3950 1194
10  NC 4549 1504
28
50  NC 4119 1533
30  NC 4179 1471
10  WH 4251 1192
29
50  WH 3513 1191
30  NC 3790 1470
10  WH 4098 1178
30
50  WH 3788 1277
30  NC 4540 1537
10  WH 4543 1226
31
80  WH 3613 1240
40  WH 3877 1187
0  NC 3954 1497
32
80  NC 3181 1492
40  NC 3437 1509
0  WH 3597 1247
33
80  NC 2860 1516
40  NC 2900 1515
0  NC 2912 1510
34
80  NC 2659 1530
40  NC 3803 1487
35
50  NC 1873 1485
30  WH 2132 1245
10  NC 2172 1472
36
50  WH 1815 1189
30  WH 2148 1228
10  NC 2300 1525
37
50  NC 4296 1519
30  NC 4328 1504
10  NC 4475 1522
38
50  NC 3571 1517
30  NC 4003 1471
10  WH 4260 1192
39
50  NC 3541 1470
30  WH 3611 1191
10  NC 3618 1476
40
50  WH 4022 1274
30  NC 4068 1537
10  NC 4128 1514
41
50  WH 3517 1187
30  NC 3763 1497
10  WH 3852 1276
42
50  NC 2993 1483
30  NC 3113 1492
10  NC 3359 1509
43
50  NC 3047 1516
30  WH 3268 1188
10  WH 3453 1279
44
50  NC 2992 1494
30  NC 3066 1489
10  NC 3369 1530
45
50  WH 2335 1193
30  NC 2462 1474
10  NC 2653 1472
46
50  WH 2147 1271
30  WH 2444 1189
10  NC 2525 1532
47
50  NC 4322 1477
30  NC 4701 1519
10  NC 4796 1522
48
50  NC 4507 1517
30  NC 5165 1502
10  WH 5403 1197
49
50  NC 4160 1476
30  WH 4345 1220
10  WH 4565 1178
50
50  WH 3827 1277
30  NC 4410 1524
10  WH 4859 1206
51
50  WH 4341 1240
30  NC 4844 1505
10  NC 4958 1466
52
50  NC 3615 1483
30  NC 3750 1492
10  WH 4106 1280
53
50  WH 24955 1733
54
50  NC 9591 1764
30  WH 11963 1734
55
50  NC 18144 1766
30  WH 28845 1735
56
50  NC 18106 1768
30  WH 27833 1736
57
50  NC 15191 1770
30  WH 23321 1737
58
50  NC 14393 1772
30  WH 21021 1738
59
50  NC 14019 1773
60
50  NC 14844 1774
61
50  NC 14235 1775
30  WH 15727 1739
SCORE:NC,WH,3330,2010,132.0
