NC-WV
1
50  NC 9537 1485
30  WV 9634 3126
10  WV 10830 3164
2
50  WV 9582 3183
30  WV 10834 3137
10  NC 10859 1532
3
50  NC 7906 1477
30  WV 8547 3175
10  NC 9235 1504
4
50  NC 8479 1533
30  WV 9062 3187
10  NC 9094 1471
5
50  NC 8092 1476
30  WV 8203 3127
10  NC 9066 1506
6
50  WV 8053 3169
30  NC 9079 1524
10  NC 9428 1514
7
50  WV 7778 3180
30  NC 8569 1497
10  WV 8888 3143
8
50  NC 7103 1483
30  NC 7146 1492
10  NC 7450 1509
9
50  WV 2925 3155
30  NC 2950 1526
10  WV 4315 3166
10
50  WV 4763 3145
30  WV 10260 3149
10  WV 12916 3161
11
50  WV 1953 3125
30  NC 2056 1515
10  WV 2356 3184
12
50  WV 2122 3186
30  NC 2144 1487
10  WV 2162 3157
13
50  WV 3669 3126
30  NC 4184 1474
10  WV 4250 3154
14
50  WV 3866 3137
30  WV 4043 3183
10  WV 4197 3128
15
50  NC 3160 1477
30  WV 3300 3175
10  NC 3698 1522
16
50  NC 3250 1517
30  NC 3447 1533
10  NC 3932 1502
17
50  NC 7388 1470
30  NC 8268 1535
10  NC 8512 1506
18
50  WV 7144 3169
30  NC 7797 1537
10  NC 7947 1524
19
50  WV 6813 3180
30  NC 7391 1497
10  WV 8390 3142
20
50  NC 6181 1483
30  NC 6473 1509
10  NC 7400 1496
21
50  NC 4007 1526
30  WV 4028 3155
10  WV 4987 3166
22
50  WV 5456 3161
30  WV 9569 3145
10  WV 16103 3149
23
50  WV 2531 3125
30  NC 2606 1516
10  WV 3012 3184
24
50  NC 2572 1487
30  WV 2869 3157
10  NC 3022 1489
25
50  NC 1994 1485
30  NC 2363 1475
10  WV 2540 3173
26
50  WV 2374 3128
30  WV 2384 3137
10  NC 2422 1525
27
50  NC 3567 1477
30  WV 3719 3175
10  NC 4549 1504
28
50  NC 4119 1533
30  NC 4179 1471
10  NC 5222 1518
29
50  NC 3790 1470
30  WV 3922 3127
10  NC 4284 1506
30
50  NC 4540 1537
30  NC 4856 1524
10  NC 5037 1508
31
80  NC 3954 1497
40  WV 4296 3143
0  WV 4431 3144
32
80  NC 3181 1492
40  NC 3437 1509
0  NC 4197 1496
33
80  NC 2860 1516
40  NC 2900 1515
0  NC 2912 1510
34
80  NC 2659 1530
40  WV 3246 3157
0  NC 3803 1487
35
50  NC 1873 1485
30  WV 2047 3126
10  WV 2066 3164
36
50  WV 2003 3183
30  NC 2300 1525
10  NC 2389 1532
37
50  NC 4296 1519
30  NC 4328 1504
10  NC 4475 1522
38
50  NC 3571 1517
30  NC 4003 1471
10  WV 5762 3153
39
50  NC 3541 1470
30  NC 3618 1476
10  WV 3641 3127
40
50  WV 3619 3169
30  NC 4068 1537
10  NC 4128 1514
41
50  NC 3763 1497
30  WV 4306 3163
10  WV 4394 3144
42
50  NC 2993 1483
30  NC 3113 1492
10  NC 3359 1509
43
50  WV 3034 3125
30  NC 3047 1516
10  WV 3416 3184
44
50  WV 2947 3186
30  NC 2992 1494
10  NC 3066 1489
45
50  WV 2325 3173
30  NC 2462 1474
10  WV 2512 3154
46
50  NC 2525 1532
30  WV 2850 3138
10  NC 3342 1469
47
50  NC 4322 1477
30  WV 4675 3175
10  NC 4701 1519
48
50  NC 4507 1517
30  NC 5165 1502
10  WV 5571 3153
49
50  NC 4160 1476
30  WV 4422 3127
10  WV 4728 3188
50
50  WV 4337 3169
30  NC 4410 1524
10  NC 5575 1508
51
50  WV 4218 3180
30  WV 4663 3143
10  NC 4844 1505
52
50  NC 3615 1483
30  NC 3750 1492
10  WV 4388 3178
53
50  WV 28353 1996
54
50  WV 9372 1991
30  NC 9591 1764
55
50  WV 16756 1993
30  NC 18144 1766
56
50  WV 16555 1994
30  NC 18106 1768
57
50  NC 15191 1770
58
50  NC 14393 1772
59
50  NC 14019 1773
60
50  NC 14844 1774
61
50  WV 13737 1995
30  NC 14235 1775
SCORE:NC,WV,3170,2200,97.0
