NJST-FR
1
50  FR 9756 1771
30  NJST 10050 3229
10  FR 11123 1757
2
50  NJST 11875 3221
30  FR 14198 1805
3
50  NJST 7090 3206
30  NJST 7422 3238
10  NJST 8059 3224
4
50  FR 7209 1825
30  FR 10057 1800
10  FR 10463 1784
5
50  FR 7641 1767
30  NJST 8025 3231
10  FR 9555 1833
6
50  FR 8712 1781
30  FR 9324 1756
10  FR 9844 1831
7
50  NJST 7619 3234
30  FR 8011 1828
10  NJST 8972 3211
8
50  FR 7819 1749
30  NJST 7947 3230
9
50  NJST 2247 3222
30  NJST 3979 3235
10  FR 4226 1823
10
50  FR 6518 1775
11
50  NJST 1965 3197
30  FR 2003 1815
10  FR 2238 1778
12
50  FR 2009 1740
30  NJST 2010 3225
10  FR 2057 1770
13
50  NJST 4263 3229
30  FR 4397 1757
10  FR 4501 1786
14
50  NJST 4209 3226
30  FR 5036 1794
10  FR 5071 1788
15
50  NJST 2836 3206
30  NJST 2929 3238
10  NJST 3194 3191
16
50  FR 2909 1825
30  NJST 3353 3236
10  FR 3730 1826
17
50  FR 8153 1833
30  FR 8839 1772
10  FR 8850 1783
18
50  FR 7796 1831
30  FR 7883 1756
19
50  NJST 6731 3234
30  FR 6978 1828
10  NJST 7723 3240
20
50  FR 7289 1748
21
50  NJST 2794 3222
30  FR 4902 1798
10  NJST 5043 3235
22
50  FR 5597 1775
23
50  FR 2359 1815
30  NJST 2604 3197
10  NJST 2613 3215
24
50  NJST 2287 3225
30  FR 2369 1740
10  FR 3435 1746
25
50  FR 2137 1771
30  NJST 2256 3212
10  NJST 2372 3196
26
50  NJST 2381 3221
30  NJST 2413 3226
10  FR 2488 1837
27
50  NJST 3425 3213
30  NJST 3872 3191
10  FR 4456 1785
28
50  FR 4469 1826
30  NJST 4575 3236
10  FR 4849 1784
29
50  FR 3559 1767
30  NJST 3852 3231
10  FR 4101 1833
30
50  FR 4107 1781
30  FR 4263 1831
31
80  FR 3485 1765
40  NJST 3781 3234
0  NJST 4162 3211
32
80  FR 3537 1749
40  FR 3950 1748
0  NJST 3987 3230
33
80  FR 2371 1815
40  FR 2673 1820
0  FR 3068 1778
34
80  FR 2468 1740
40  FR 2562 1770
0  FR 4457 1789
35
50  FR 2038 1771
30  NJST 2103 3229
10  FR 2295 1786
36
50  NJST 2091 3226
37
50  NJST 3407 3206
30  NJST 3522 3238
10  NJST 3778 3224
38
50  FR 3378 1825
30  FR 4474 1784
10  FR 5282 1800
39
50  FR 3359 1767
30  NJST 3557 3231
10  FR 4532 1783
40
50  FR 3883 1781
30  FR 3989 1756
10  FR 4378 1831
41
50  FR 3181 1765
30  NJST 3315 3234
10  FR 3494 1828
42
50  FR 3447 1749
30  NJST 3604 3230
43
50  NJST 3128 3219
30  FR 3201 1778
10  FR 3810 1820
44
50  FR 2806 1770
30  NJST 3275 3225
10  FR 4503 1746
45
50  FR 2412 1771
30  FR 2652 1741
10  NJST 2662 3194
46
50  FR 2884 1794
30  FR 2992 1805
10  NJST 3038 3221
47
50  NJST 4290 3224
30  FR 4369 1829
10  NJST 5129 3232
48
50  FR 3828 1825
30  FR 5026 1800
10  FR 5087 1826
49
50  NJST 4193 3231
30  FR 4196 1767
10  FR 4599 1833
50
50  FR 4141 1781
30  FR 5093 1756
51
50  FR 3700 1765
30  NJST 4359 3211
10  FR 4614 1769
52
50  NJST 3787 3230
30  FR 4293 1748
53
50  FR 30704 1814
54
50  NJST 10675 1997
30  FR 11241 1805
55
50  NJST 19643 1998
30  FR 23538 1808
56
50  NJST 22728 1999
30  FR 25100 1809
57
50  NJST 12482 2000
30  FR 15370 1811
58
50  FR 15968 1812
30  NJST 18127 2002
61
50  FR 12000 1813
SCORE:NJST,FR,1960,3110,-115.0
