NJST-PO
1
50  PO 9340 2358
30  NJST 10050 3229
10  PO 10953 2304
2
50  PO 10430 2359
30  NJST 11875 3221
10  PO 12613 2389
3
50  NJST 7090 3206
30  NJST 7422 3238
10  NJST 8059 3224
4
50  PO 9149 2391
30  NJST 10567 3243
5
50  NJST 8025 3231
30  PO 9593 2388
10  PO 9719 2312
6
50  PO 7628 2297
30  PO 7677 2366
10  PO 9113 2315
7
50  NJST 7619 3234
30  PO 8925 2320
10  PO 8952 2319
8
50  PO 7191 2298
30  NJST 7947 3230
10  PO 8889 2300
9
50  NJST 2247 3222
30  PO 2428 2293
10  PO 3240 2374
10
50  PO 2596 2346
30  PO 3253 2322
10  PO 3576 2305
11
50  NJST 1965 3197
30  PO 2096 2364
10  PO 2269 2351
12
50  NJST 2010 3225
30  PO 2075 2402
10  PO 2097 2292
13
50  PO 3834 2317
30  NJST 4263 3229
10  PO 4408 2304
14
50  NJST 4209 3226
30  PO 4212 2359
10  PO 4251 2389
15
50  NJST 2836 3206
30  NJST 2929 3238
10  NJST 3194 3191
16
50  NJST 3353 3236
30  PO 3749 2349
10  NJST 3959 3243
17
50  PO 8416 2312
30  PO 9539 2370
10  PO 10894 2373
18
50  PO 7672 2315
30  PO 8137 2331
10  PO 9958 2302
19
50  NJST 6731 3234
30  PO 7177 2353
10  NJST 7723 3240
20
50  PO 7108 2298
30  PO 7330 2340
10  PO 8231 2300
21
50  NJST 2794 3222
30  PO 3271 2378
10  PO 3409 2293
22
50  PO 3458 2346
30  PO 3540 2322
10  PO 4746 2305
23
50  PO 2579 2351
30  NJST 2604 3197
10  PO 2611 2330
24
50  NJST 2287 3225
30  PO 2745 2345
10  PO 2847 2292
25
50  PO 2181 2317
30  NJST 2256 3212
10  NJST 2372 3196
26
50  NJST 2381 3221
30  NJST 2413 3226
10  PO 2667 2307
27
50  NJST 3425 3213
30  NJST 3872 3191
10  NJST 4666 3232
28
50  NJST 4575 3236
30  PO 5190 2396
10  NJST 5369 3214
29
50  NJST 3852 3231
30  PO 4596 2361
10  PO 4737 2388
30
50  PO 3426 2297
30  PO 3614 2366
10  PO 5113 2302
31
80  NJST 3781 3234
40  PO 4090 2319
0  NJST 4162 3211
32
80  NJST 3987 3230
40  PO 4094 2300
0  PO 4133 2340
33
80  PO 2769 2364
40  NJST 3345 3197
0  PO 3434 2330
34
80  PO 2833 2345
40  PO 2866 2402
0  PO 2975 2355
35
50  PO 1754 2358
30  PO 1951 2317
10  NJST 2103 3229
36
50  PO 2003 2359
30  NJST 2091 3226
10  PO 2400 2400
37
50  NJST 3407 3206
30  NJST 3522 3238
10  NJST 3778 3224
38
50  PO 4129 2391
30  PO 5443 2334
10  PO 6021 2383
39
50  NJST 3557 3231
30  PO 4303 2361
10  PO 4482 2312
40
50  PO 3357 2297
30  PO 3587 2366
10  PO 4567 2331
41
50  NJST 3315 3234
30  PO 3582 2353
10  PO 4020 2356
42
50  PO 3243 2298
30  NJST 3604 3230
10  PO 3741 2340
43
50  NJST 3128 3219
30  PO 3567 2390
10  NJST 3909 3233
44
50  NJST 3275 3225
30  PO 3713 2355
10  NJST 4603 3205
45
50  PO 2282 2358
30  NJST 2662 3194
10  PO 2802 2333
46
50  PO 2697 2400
30  PO 3027 2296
10  NJST 3038 3221
47
50  NJST 4290 3224
30  PO 4839 2336
10  NJST 5129 3232
48
50  PO 5239 2391
30  PO 5258 2349
10  NJST 5291 3214
49
50  NJST 4193 3231
30  PO 4732 2342
10  PO 5150 2388
50
50  PO 4740 2331
30  PO 4829 2315
10  PO 6469 2369
51
50  PO 4338 2320
30  NJST 4359 3211
10  NJST 4675 3240
52
50  NJST 3787 3230
30  PO 4268 2300
53
50  PO 12839 1888
54
50  PO 9464 1876
30  NJST 10675 1997
55
50  PO 17012 1877
30  NJST 19643 1998
56
50  PO 19939 1879
30  NJST 22728 1999
57
50  NJST 12482 2000
30  PO 19083 1881
58
50  PO 16272 1882
30  NJST 18127 2002
59
50  PO 15543 1884
60
50  PO 13909 1886
61
50  PO 12619 1887
SCORE:NJST,PO,2200,3180,-98.0
