NJST-SPD
1
50  NJST 10050 3229
30  SPD 10483 2543
10  SPD 13000 2541
2
50  SPD 8459 2533
30  SPD 9968 2525
10  NJST 11875 3221
3
50  NJST 7090 3206
30  NJST 7422 3238
10  NJST 8059 3224
4
50  SPD 10001 2510
30  SPD 10160 2549
10  NJST 10567 3243
5
50  SPD 7938 2532
30  NJST 8025 3231
10  SPD 8957 2503
6
50  SPD 8395 2544
30  SPD 11019 2502
10  SPD 11081 2542
7
50  NJST 7619 3234
30  NJST 8972 3211
10  NJST 9154 3240
8
50  NJST 7947 3230
30  SPD 8953 2540
9
50  NJST 2247 3222
30  SPD 3385 2489
10  NJST 3979 3235
10
50  SPD 7354 2554
11
50  NJST 1965 3197
30  NJST 2321 3215
10  NJST 2350 3219
12
50  NJST 2010 3225
30  NJST 3113 3205
10  NJST 3333 3192
13
50  NJST 4263 3229
30  SPD 4588 2541
10  NJST 4753 3212
14
50  SPD 3450 2533
30  NJST 4209 3226
10  SPD 4704 2520
15
50  NJST 2836 3206
30  NJST 2929 3238
10  NJST 3194 3191
16
50  NJST 3353 3236
30  SPD 3708 2553
10  SPD 3714 2510
17
50  SPD 6896 2532
30  SPD 8813 2548
10  SPD 8985 2522
18
50  SPD 7106 2544
30  SPD 8412 2551
10  SPD 8768 2529
19
50  NJST 6731 3234
30  NJST 7723 3240
10  SPD 8300 2539
20
50  SPD 7422 2552
21
50  NJST 2794 3222
30  SPD 3859 2489
10  SPD 3863 2490
22
50  SPD 5433 2536
30  SPD 7209 2554
23
50  NJST 2604 3197
30  NJST 2613 3215
10  NJST 2963 3219
24
50  NJST 2287 3225
30  NJST 3470 3192
10  NJST 3728 3205
25
50  SPD 2138 2543
30  NJST 2256 3212
10  NJST 2372 3196
26
50  SPD 1891 2533
30  SPD 2140 2525
10  NJST 2381 3221
27
50  NJST 3425 3213
30  NJST 3872 3191
10  SPD 4615 2511
28
50  NJST 4575 3236
30  SPD 4881 2509
10  SPD 5303 2549
29
50  NJST 3852 3231
30  SPD 4043 2518
10  SPD 4679 2522
30
50  SPD 4387 2508
30  SPD 4707 2542
10  SPD 4803 2551
31
80  NJST 3781 3234
40  NJST 4162 3211
0  SPD 4170 2539
32
80  NJST 3987 3230
40  SPD 4063 2552
33
80  NJST 3345 3197
40  SPD 4375 2534
35
50  NJST 2103 3229
30  SPD 2403 2543
10  SPD 2406 2541
36
50  NJST 2091 3226
30  SPD 2102 2525
10  SPD 2956 2520
37
50  NJST 3407 3206
30  NJST 3522 3238
10  NJST 3778 3224
38
50  SPD 4631 2553
30  SPD 4950 2549
10  SPD 5247 2493
39
50  NJST 3557 3231
30  SPD 3639 2532
10  SPD 3788 2503
40
50  SPD 3814 2544
30  SPD 6559 2502
41
50  NJST 3315 3234
30  NJST 4063 3240
10  SPD 4227 2539
42
50  NJST 3604 3230
43
50  NJST 3128 3219
30  SPD 3899 2526
10  NJST 3909 3233
44
50  NJST 3275 3225
30  NJST 4603 3205
45
50  NJST 2662 3194
30  SPD 2703 2512
10  SPD 3088 2505
46
50  SPD 2083 2533
30  SPD 2428 2525
10  NJST 3038 3221
47
50  NJST 4290 3224
30  SPD 4937 2513
10  NJST 5129 3232
48
50  SPD 5052 2510
30  NJST 5291 3214
10  SPD 5469 2553
49
50  NJST 4193 3231
30  SPD 4663 2547
10  SPD 4725 2503
50
50  SPD 4334 2551
30  SPD 4456 2502
10  SPD 5021 2508
51
50  NJST 4359 3211
30  NJST 4675 3240
10  SPD 5278 2516
52
50  NJST 3787 3230
30  SPD 4607 2540
10  SPD 4683 2552
53
50  SPD 27334 1912
54
50  NJST 10675 1997
30  SPD 15415 1904
55
50  SPD 18900 1906
30  NJST 19643 1998
56
50  NJST 22728 1999
57
50  NJST 12482 2000
30  SPD 16523 1907
58
50  SPD 15638 1908
30  NJST 18127 2002
59
50  SPD 13778 1909
60
50  SPD 14566 1910
61
50  SPD 17680 1911
SCORE:NJST,SPD,2670,2420,25.0
