NJST-SA
1
50  NJST 10050 3229
2
50  NJST 11875 3221
3
50  NJST 7090 3206
30  NJST 7422 3238
10  NJST 8059 3224
4
50  NJST 10567 3243
5
50  NJST 8025 3231
7
50  NJST 7619 3234
30  NJST 8972 3211
10  NJST 9154 3240
8
50  NJST 7947 3230
9
50  NJST 2247 3222
30  NJST 3979 3235
11
50  NJST 1965 3197
30  NJST 2321 3215
10  NJST 2350 3219
12
50  NJST 2010 3225
30  NJST 3113 3205
10  NJST 3333 3192
13
50  NJST 4263 3229
30  NJST 4753 3212
10  NJST 4789 3196
14
50  NJST 4209 3226
30  NJST 5688 3216
10  NJST 8110 3210
15
50  NJST 2836 3206
30  NJST 2929 3238
10  NJST 3194 3191
16
50  NJST 3353 3236
30  NJST 3959 3243
10  NJST 4316 3214
19
50  NJST 6731 3234
30  NJST 7723 3240
10  NJST 8363 3211
21
50  NJST 2794 3222
30  NJST 5043 3235
23
50  NJST 2604 3197
30  NJST 2613 3215
10  NJST 2963 3219
24
50  NJST 2287 3225
30  NJST 3470 3192
10  NJST 3728 3205
25
50  NJST 2256 3212
30  NJST 2372 3196
10  NJST 2822 3237
26
50  NJST 2381 3221
30  NJST 2413 3226
10  NJST 2877 3216
27
50  NJST 3425 3213
30  NJST 3872 3191
10  NJST 4666 3232
28
50  NJST 4575 3236
30  NJST 5369 3214
10  NJST 5659 3243
29
50  NJST 3852 3231
31
80  NJST 3781 3234
40  NJST 4162 3211
32
80  NJST 3987 3230
33
80  NJST 3345 3197
35
50  NJST 2103 3229
30  NJST 2528 3196
36
50  NJST 2091 3226
37
50  NJST 3407 3206
30  NJST 3522 3238
10  NJST 3778 3224
39
50  NJST 3557 3231
41
50  NJST 3315 3234
30  NJST 4063 3240
42
50  NJST 3604 3230
43
50  NJST 3128 3219
30  NJST 3909 3233
44
50  NJST 3275 3225
30  NJST 4603 3205
45
50  NJST 2662 3194
46
50  NJST 3038 3221
47
50  NJST 4290 3224
30  NJST 5129 3232
10  NJST 5578 3227
48
50  NJST 5291 3214
30  NJST 5836 3236
49
50  NJST 4193 3231
51
50  NJST 4359 3211
30  NJST 4675 3240
52
50  NJST 3787 3230
54
50  NJST 10675 1997
55
50  NJST 19643 1998
56
50  NJST 22728 1999
57
50  NJST 12482 2000
58
50  NJST 18127 2002
SCORE:NJST,SA,3350,0,335.0
