NJST-WM
1
50  NJST 10050 3229
30  WM 11381 409
10  WM 12706 435
2
50  WM 9257 442
30  WM 10290 397
10  WM 11085 361
3
50  NJST 7090 3206
30  NJST 7422 3238
10  NJST 8059 3224
4
50  WM 8102 420
30  NJST 10567 3243
10  WM 10572 426
5
50  WM 7746 354
30  NJST 8025 3231
10  WM 8813 396
6
50  WM 9098 366
7
50  WM 7315 362
30  NJST 7619 3234
10  WM 7745 395
8
50  WM 6781 429
30  NJST 7947 3230
10  WM 8122 418
9
50  NJST 2247 3222
30  WM 2723 424
10  NJST 3979 3235
10
50  WM 2822 399
30  WM 3653 438
10  WM 4665 411
11
50  NJST 1965 3197
30  WM 2259 410
10  NJST 2321 3215
12
50  WM 1872 422
30  WM 2007 398
10  NJST 2010 3225
13
50  WM 4088 368
30  NJST 4263 3229
10  WM 4529 356
14
50  WM 3604 344
30  WM 3605 370
10  WM 3615 442
15
50  NJST 2836 3206
30  NJST 2929 3238
10  NJST 3194 3191
16
50  WM 3172 419
30  WM 3212 420
10  NJST 3353 3236
17
50  WM 6889 447
30  WM 7740 444
10  WM 7768 428
18
50  WM 6745 449
30  WM 7763 417
10  WM 7980 366
19
50  WM 6491 362
30  NJST 6731 3234
10  WM 6744 395
20
50  WM 6571 418
30  WM 7421 414
10  WM 7435 405
21
50  NJST 2794 3222
30  WM 3807 424
10  WM 4444 369
22
50  WM 3663 399
30  WM 3854 438
10  WM 5197 411
23
50  NJST 2604 3197
30  NJST 2613 3215
10  NJST 2963 3219
24
50  WM 2235 422
30  NJST 2287 3225
10  WM 2456 398
25
50  NJST 2256 3212
30  WM 2297 368
10  NJST 2372 3196
26
50  WM 1956 357
30  WM 2032 442
10  WM 2334 364
27
50  NJST 3425 3213
30  NJST 3872 3191
10  WM 4469 421
28
50  WM 3978 419
30  WM 4551 426
10  NJST 4575 3236
29
50  WM 3591 447
30  WM 3647 354
10  NJST 3852 3231
30
50  WM 3774 449
30  WM 4159 366
10  WM 4888 417
31
80  WM 3342 362
40  WM 3633 395
0  NJST 3781 3234
32
80  NJST 3987 3230
40  WM 4063 339
0  WM 4075 414
33
80  NJST 3345 3197
34
80  WM 2535 422
40  WM 3318 434
35
50  NJST 2103 3229
30  WM 2172 368
10  WM 2301 435
36
50  WM 1782 370
30  WM 1856 344
10  NJST 2091 3226
37
50  NJST 3407 3206
30  NJST 3522 3238
10  NJST 3778 3224
38
50  WM 3441 419
30  WM 5119 426
10  WM 6497 436
39
50  NJST 3557 3231
30  WM 3809 447
10  WM 3952 428
41
50  NJST 3315 3234
30  NJST 4063 3240
42
50  WM 2804 429
30  WM 3032 418
10  NJST 3604 3230
43
50  WM 2913 410
30  NJST 3128 3219
10  NJST 3909 3233
44
50  WM 3271 398
30  NJST 3275 3225
10  WM 3397 373
45
50  WM 2656 425
30  NJST 2662 3194
10  WM 2820 409
46
50  WM 2401 397
30  WM 2450 361
10  WM 2644 357
47
50  NJST 4290 3224
30  NJST 5129 3232
10  WM 5535 342
48
50  WM 4140 420
30  NJST 5291 3214
10  WM 5713 376
49
50  WM 3902 354
30  NJST 4193 3231
10  WM 4207 396
50
50  WM 4287 449
30  WM 5900 406
10  WM 6501 417
51
50  NJST 4359 3211
30  WM 4555 382
10  NJST 4675 3240
52
50  WM 3656 429
30  NJST 3787 3230
10  WM 4028 405
53
50  WM 18189 1662
54
50  NJST 10675 1997
30  WM 11382 1658
55
50  NJST 19643 1998
56
50  NJST 22728 1999
57
50  NJST 12482 2000
58
50  NJST 18127 2002
59
50  WM 14150 1660
61
50  WM 14309 1661
SCORE:NJST,WM,1910,3140,-123.0
