NJST-WW
1
50  WW 9347 1645
30  NJST 10050 3229
10  WW 13828 1598
2
50  WW 11716 1597
30  NJST 11875 3221
10  WW 12762 1592
3
50  NJST 7090 3206
30  NJST 7422 3238
10  NJST 8059 3224
4
50  NJST 10567 3243
30  WW 10807 1577
10  WW 11487 1587
5
50  NJST 8025 3231
30  WW 8091 1544
10  WW 8587 1626
6
50  WW 7547 1643
30  WW 9959 1576
7
50  NJST 7619 3234
30  WW 7781 1616
10  NJST 8972 3211
8
50  WW 6700 1585
30  WW 7888 1550
10  NJST 7947 3230
9
50  NJST 2247 3222
30  WW 3607 1555
10  NJST 3979 3235
10
50  WW 2803 1591
30  WW 4153 1615
10  WW 4281 1593
11
50  WW 1959 1580
30  NJST 1965 3197
10  WW 2100 1573
12
50  NJST 2010 3225
30  WW 2186 1619
10  WW 2438 1561
13
50  WW 3890 1589
30  NJST 4263 3229
10  WW 4283 1638
14
50  WW 4059 1552
30  NJST 4209 3226
10  WW 4381 1569
15
50  NJST 2836 3206
30  NJST 2929 3238
10  NJST 3194 3191
16
50  NJST 3353 3236
30  WW 3762 1605
10  NJST 3959 3243
17
50  WW 6844 1581
30  WW 6869 1618
10  WW 9438 1559
18
50  WW 7106 1583
30  WW 9689 1607
19
50  WW 6303 1551
30  NJST 6731 3234
10  WW 7506 1562
20
50  WW 6309 1582
30  WW 6444 1565
10  WW 7222 1627
21
50  NJST 2794 3222
30  WW 4309 1555
10  NJST 5043 3235
22
50  WW 5181 1591
30  WW 5769 1615
10  WW 6866 1593
23
50  WW 2472 1580
30  NJST 2604 3197
10  NJST 2613 3215
24
50  NJST 2287 3225
30  WW 3006 1635
10  WW 3325 1619
25
50  WW 2100 1645
30  NJST 2256 3212
10  NJST 2372 3196
26
50  NJST 2381 3221
30  NJST 2413 3226
10  WW 2428 1569
27
50  NJST 3425 3213
30  NJST 3872 3191
10  NJST 4666 3232
28
50  NJST 4575 3236
30  WW 4644 1605
10  WW 5342 1577
29
50  WW 3622 1618
30  WW 3709 1595
10  NJST 3852 3231
30
50  WW 3488 1643
30  WW 3675 1583
10  WW 5000 1576
31
80  WW 3531 1551
40  WW 3584 1616
0  NJST 3781 3234
32
80  WW 3043 1585
40  WW 3605 1582
0  WW 3766 1565
33
80  WW 2604 1573
40  NJST 3345 3197
0  WW 3637 1621
34
80  WW 3675 1635
35
50  WW 1864 1645
30  NJST 2103 3229
10  NJST 2528 3196
36
50  NJST 2091 3226
30  WW 2463 1639
10  WW 2991 1623
37
50  NJST 3407 3206
30  NJST 3522 3238
10  NJST 3778 3224
38
50  WW 4303 1636
30  WW 5550 1577
39
50  WW 3473 1618
30  NJST 3557 3231
10  WW 3593 1581
40
50  WW 3459 1643
30  WW 4190 1576
41
50  NJST 3315 3234
30  WW 3331 1616
10  WW 3788 1640
42
50  WW 2879 1585
30  WW 3316 1565
10  WW 3472 1550
43
50  WW 2591 1573
30  NJST 3128 3219
10  WW 3260 1601
44
50  NJST 3275 3225
30  WW 3581 1620
10  NJST 4603 3205
45
50  WW 2350 1589
30  WW 2469 1638
10  WW 2637 1542
46
50  WW 2640 1552
30  WW 2721 1629
10  NJST 3038 3221
47
50  WW 4207 1625
30  NJST 4290 3224
10  WW 4327 1572
48
50  WW 4466 1636
30  NJST 5291 3214
10  WW 5481 1605
49
50  WW 3978 1544
30  WW 4063 1581
10  NJST 4193 3231
50
50  WW 4181 1583
51
50  WW 3768 1551
30  NJST 4359 3211
10  WW 4440 1596
52
50  WW 3665 1608
30  WW 3700 1582
10  NJST 3787 3230
53
50  WW 11534 1795
54
50  WW 9416 1776
30  NJST 10675 1997
55
50  WW 17160 1779
30  NJST 19643 1998
56
50  WW 18144 1782
30  NJST 22728 1999
57
50  NJST 12482 2000
30  WW 14228 1784
58
50  NJST 18127 2002
30  WW 20981 1788
59
50  WW 12400 1789
60
50  WW 13835 1791
61
50  WW 11479 1792
SCORE:NJST,WW,1820,3460,-164.0
