NJST-CASC
1
50  NJST 10050 3229
30  CASC 10350 2559
2
50  NJST 11875 3221
3
50  NJST 7090 3206
30  NJST 7422 3238
10  NJST 8059 3224
4
50  CASC 9625 2570
30  CASC 9843 2565
10  NJST 10567 3243
5
50  NJST 8025 3231
7
50  CASC 7566 2596
30  NJST 7619 3234
10  NJST 8972 3211
8
50  CASC 6676 2589
30  CASC 7000 2582
10  CASC 7362 2566
9
50  NJST 2247 3222
30  NJST 3979 3235
10  CASC 4132 2558
11
50  NJST 1965 3197
30  NJST 2321 3215
10  NJST 2350 3219
12
50  CASC 1967 2569
30  NJST 2010 3225
10  CASC 2387 2571
13
50  NJST 4263 3229
30  NJST 4753 3212
10  NJST 4789 3196
14
50  CASC 3920 2567
30  NJST 4209 3226
10  CASC 4271 2592
15
50  NJST 2836 3206
30  NJST 2929 3238
10  NJST 3194 3191
16
50  NJST 3353 3236
30  CASC 3723 2565
10  CASC 3791 2570
19
50  NJST 6731 3234
30  CASC 7263 2581
10  NJST 7723 3240
20
50  CASC 5976 2589
30  CASC 6106 2585
10  CASC 6517 2593
21
50  NJST 2794 3222
30  CASC 4897 2558
10  NJST 5043 3235
23
50  NJST 2604 3197
30  NJST 2613 3215
10  NJST 2963 3219
24
50  NJST 2287 3225
30  CASC 2707 2569
10  CASC 2839 2571
25
50  CASC 2255 2559
30  NJST 2256 3212
10  NJST 2372 3196
26
50  CASC 2159 2567
30  NJST 2381 3221
10  NJST 2413 3226
27
50  NJST 3425 3213
30  NJST 3872 3191
10  CASC 4156 2595
28
50  NJST 4575 3236
30  CASC 5026 2573
10  NJST 5369 3214
29
50  NJST 3852 3231
31
80  CASC 3307 2596
40  NJST 3781 3234
0  CASC 3897 2581
32
80  CASC 3368 2582
40  CASC 3454 2593
0  CASC 3535 2585
33
80  NJST 3345 3197
35
50  CASC 2100 2559
30  NJST 2103 3229
10  NJST 2528 3196
36
50  NJST 2091 3226
30  CASC 2600 2561
10  CASC 2771 2592
37
50  NJST 3407 3206
30  NJST 3522 3238
10  CASC 3762 2560
38
50  CASC 6298 2573
39
50  NJST 3557 3231
41
50  NJST 3315 3234
30  CASC 3334 2596
10  CASC 4049 2594
42
50  CASC 3113 2593
30  CASC 3183 2585
10  CASC 3367 2566
43
50  NJST 3128 3219
30  NJST 3909 3233
10  CASC 4173 2590
44
50  CASC 2689 2569
30  NJST 3275 3225
10  NJST 4603 3205
45
50  CASC 2417 2559
30  NJST 2662 3194
10  CASC 2814 2583
46
50  CASC 2299 2567
30  CASC 2747 2592
10  CASC 2795 2561
47
50  NJST 4290 3224
30  CASC 4506 2568
10  CASC 4766 2595
48
50  CASC 4834 2565
30  NJST 5291 3214
10  NJST 5836 3236
49
50  NJST 4193 3231
51
50  NJST 4359 3211
30  CASC 4516 2594
10  CASC 4555 2581
52
50  CASC 3417 2589
30  CASC 3541 2585
10  CASC 3601 2593
54
50  NJST 10675 1997
30  CASC 12204 1913
55
50  NJST 19643 1998
56
50  CASC 18359 1914
30  NJST 22728 1999
57
50  NJST 12482 2000
30  CASC 14158 1915
58
50  CASC 16135 1917
30  NJST 18127 2002
61
50  CASC 12488 1918
SCORE:NJST,CASC,2220,1870,35.0
