NJST-CR
1
50  NJST 10050 3229
30  CR 11712 3318
10  CR 12022 3334
2
50  NJST 11875 3221
30  CR 13265 3320
3
50  NJST 7090 3206
30  NJST 7422 3238
10  NJST 8059 3224
4
50  CR 8600 3475
30  CR 10240 3470
10  NJST 10567 3243
5
50  NJST 8025 3231
30  CR 8527 3299
10  CR 9890 3341
7
50  NJST 7619 3234
30  NJST 8972 3211
10  CR 9051 3476
8
50  CR 6896 3314
30  CR 7457 3298
10  NJST 7947 3230
9
50  NJST 2247 3222
30  CR 2966 3340
10  CR 2986 3297
10
50  CR 3769 3292
30  CR 4727 3291
10  CR 5039 3468
11
50  NJST 1965 3197
30  NJST 2321 3215
10  NJST 2350 3219
12
50  NJST 2010 3225
30  CR 2227 3313
10  CR 3017 3316
13
50  NJST 4263 3229
30  CR 4676 3318
10  NJST 4753 3212
14
50  NJST 4209 3226
30  CR 4819 3320
10  CR 4867 3301
15
50  NJST 2836 3206
30  NJST 2929 3238
10  NJST 3194 3191
16
50  CR 3247 3475
30  NJST 3353 3236
10  CR 3667 3315
17
50  CR 7574 3299
30  CR 9432 3341
10  CR 9596 3305
19
50  NJST 6731 3234
30  NJST 7723 3240
10  CR 8297 3476
20
50  CR 6211 3314
30  CR 6259 3298
21
50  NJST 2794 3222
30  CR 3135 3340
10  CR 3330 3342
23
50  NJST 2604 3197
30  NJST 2613 3215
10  CR 2932 3302
24
50  NJST 2287 3225
30  CR 2928 3313
10  NJST 3470 3192
25
50  NJST 2256 3212
30  NJST 2372 3196
10  CR 2378 3334
26
50  NJST 2381 3221
30  NJST 2413 3226
10  CR 2584 3337
27
50  NJST 3425 3213
30  NJST 3872 3191
10  CR 4382 3319
28
50  CR 3958 3475
30  NJST 4575 3236
10  CR 4915 3315
29
50  NJST 3852 3231
30  CR 3934 3299
10  CR 4923 3305
31
80  NJST 3781 3234
40  NJST 4162 3211
0  CR 4231 3476
32
80  CR 3125 3314
40  NJST 3987 3230
33
80  NJST 3345 3197
40  CR 3483 3332
0  CR 5117 3325
34
80  CR 3214 3313
35
50  NJST 2103 3229
30  CR 2349 3321
10  CR 2500 3334
36
50  NJST 2091 3226
37
50  NJST 3407 3206
30  NJST 3522 3238
10  NJST 3778 3224
38
50  CR 3709 3475
30  CR 4460 3470
10  CR 5271 3315
39
50  NJST 3557 3231
30  CR 4012 3299
10  CR 4917 3341
41
50  NJST 3315 3234
30  CR 3916 3476
10  NJST 4063 3240
42
50  CR 3003 3298
30  NJST 3604 3230
43
50  NJST 3128 3219
30  CR 3545 3332
10  NJST 3909 3233
44
50  NJST 3275 3225
30  NJST 4603 3205
45
50  NJST 2662 3194
30  CR 2738 3321
10  CR 3376 3318
46
50  CR 2711 3301
30  NJST 3038 3221
47
50  NJST 4290 3224
30  CR 4747 3319
10  NJST 5129 3232
48
50  NJST 5291 3214
30  NJST 5836 3236
10  CR 6163 3312
49
50  NJST 4193 3231
30  CR 5183 3305
10  CR 5388 3300
51
50  NJST 4359 3211
30  NJST 4675 3240
52
50  CR 3675 3314
30  NJST 3787 3230
10  CR 3995 3298
54
50  NJST 10675 1997
30  CR 12468 2010
55
50  NJST 19643 1998
56
50  NJST 22728 1999
57
50  NJST 12482 2000
58
50  CR 15619 2063
30  NJST 18127 2002
59
50  CR 17846 2014
SCORE:NJST,CR,2670,1810,86.0
