NJST-WCSC
1
50  WCSC 8690 844
30  WCSC 9353 884
10  NJST 10050 3229
2
50  WCSC 10839 784
30  NJST 11875 3221
3
50  NJST 7090 3206
30  NJST 7422 3238
10  WCSC 7943 800
4
50  WCSC 8409 810
30  WCSC 9688 775
10  NJST 10567 3243
5
50  WCSC 7784 895
30  NJST 8025 3231
10  WCSC 9901 832
6
50  WCSC 7896 776
30  WCSC 8833 821
7
50  NJST 7619 3234
30  WCSC 8963 860
10  NJST 8972 3211
8
50  WCSC 7650 843
30  WCSC 7728 787
10  NJST 7947 3230
9
50  NJST 2247 3222
30  WCSC 3175 869
10  WCSC 3328 872
10
50  WCSC 3536 830
30  WCSC 3673 786
10  WCSC 5096 822
11
50  WCSC 1889 855
30  NJST 1965 3197
10  WCSC 2129 826
12
50  WCSC 1740 870
30  WCSC 1904 877
10  NJST 2010 3225
13
50  WCSC 3738 871
30  WCSC 3787 884
10  WCSC 4163 839
14
50  WCSC 4129 831
30  NJST 4209 3226
10  WCSC 4481 868
15
50  NJST 2836 3206
30  NJST 2929 3238
10  NJST 3194 3191
16
50  NJST 3353 3236
30  WCSC 3434 775
10  WCSC 3517 863
17
50  WCSC 7082 859
30  WCSC 7348 845
10  WCSC 8671 828
18
50  WCSC 6674 798
30  WCSC 6843 776
10  WCSC 7480 821
19
50  NJST 6731 3234
30  NJST 7723 3240
10  WCSC 7938 860
20
50  WCSC 6297 843
30  WCSC 7173 864
10  WCSC 7327 790
21
50  NJST 2794 3222
30  WCSC 3090 869
10  WCSC 4438 872
22
50  WCSC 4634 830
30  WCSC 5263 777
10  WCSC 5283 822
23
50  WCSC 2098 817
30  NJST 2604 3197
10  NJST 2613 3215
24
50  WCSC 1929 801
30  NJST 2287 3225
10  WCSC 2358 877
25
50  WCSC 2043 816
30  NJST 2256 3212
10  WCSC 2299 839
26
50  WCSC 2111 784
30  NJST 2381 3221
10  NJST 2413 3226
27
50  NJST 3425 3213
30  WCSC 3813 800
10  NJST 3872 3191
28
50  WCSC 4178 810
30  NJST 4575 3236
10  NJST 5369 3214
29
50  WCSC 3500 895
30  NJST 3852 3231
10  WCSC 4621 858
30
50  WCSC 3909 821
30  WCSC 4312 791
10  WCSC 4536 880
31
80  NJST 3781 3234
40  WCSC 3840 803
0  NJST 4162 3211
32
80  WCSC 3606 864
40  NJST 3987 3230
0  WCSC 4593 827
33
80  WCSC 2225 826
40  WCSC 2500 817
0  NJST 3345 3197
34
80  WCSC 2223 877
40  WCSC 2855 857
0  WCSC 3469 812
35
50  WCSC 1938 871
30  NJST 2103 3229
10  WCSC 2327 816
36
50  NJST 2091 3226
30  WCSC 2122 876
10  WCSC 3057 823
37
50  NJST 3407 3206
30  NJST 3522 3238
10  NJST 3778 3224
38
50  WCSC 4317 863
30  WCSC 4653 775
39
50  WCSC 3434 859
30  NJST 3557 3231
10  WCSC 4315 828
40
50  WCSC 3463 798
30  WCSC 4046 880
41
50  NJST 3315 3234
30  WCSC 3803 803
10  WCSC 3928 900
42
50  WCSC 3134 787
30  WCSC 3376 790
10  NJST 3604 3230
43
50  WCSC 2682 855
30  WCSC 3027 826
10  NJST 3128 3219
44
50  WCSC 2112 801
30  WCSC 2583 870
10  NJST 3275 3225
45
50  WCSC 2151 844
30  NJST 2662 3194
10  WCSC 2864 805
46
50  WCSC 2403 831
30  NJST 3038 3221
47
50  WCSC 4162 896
30  NJST 4290 3224
10  NJST 5129 3232
48
50  WCSC 4555 810
30  NJST 5291 3214
10  NJST 5836 3236
49
50  NJST 4193 3231
30  WCSC 4656 845
10  WCSC 6387 788
50
50  WCSC 4113 776
30  WCSC 4549 798
51
50  NJST 4359 3211
30  WCSC 4467 860
10  NJST 4675 3240
52
50  NJST 3787 3230
30  WCSC 3963 864
53
50  WCSC 16033 1707
54
50  WCSC 7650 1692
30  NJST 10675 1997
55
50  WCSC 16081 1695
30  NJST 19643 1998
56
50  WCSC 17798 1697
30  NJST 22728 1999
57
50  NJST 12482 2000
30  WCSC 13322 1699
58
50  NJST 18127 2002
30  WCSC 18199 1702
59
50  WCSC 13190 1703
60
50  WCSC 15089 1704
61
50  WCSC 12596 1705
SCORE:NJST,WCSC,1780,3550,-177.0
