NJST-NSC
1
50  NJST 10050 3229
30  NSC 10734 638
10  NSC 10903 666
2
50  NSC 10994 632
30  NSC 11871 607
10  NJST 11875 3221
3
50  NJST 7090 3206
30  NJST 7422 3238
10  NSC 7928 660
4
50  NSC 10388 671
30  NJST 10567 3243
5
50  NSC 7594 612
30  NJST 8025 3231
10  NSC 9172 625
6
50  NSC 7116 595
30  NSC 8581 601
10  NSC 8669 589
7
50  NSC 7146 664
30  NJST 7619 3234
10  NSC 7884 584
8
50  NSC 6128 586
30  NSC 7101 569
10  NSC 7756 624
9
50  NJST 2247 3222
30  NSC 2872 634
10  NSC 3075 651
10
50  NSC 3440 644
30  NSC 3666 630
10  NSC 4779 654
11
50  NJST 1965 3197
30  NSC 2137 672
10  NSC 2175 643
12
50  NJST 2010 3225
30  NSC 2081 606
10  NSC 2541 657
13
50  NSC 4031 640
30  NSC 4131 638
10  NJST 4263 3229
14
50  NSC 3841 627
30  NSC 4163 677
10  NJST 4209 3226
15
50  NJST 2836 3206
30  NJST 2929 3238
10  NJST 3194 3191
16
50  NJST 3353 3236
30  NSC 3888 642
10  NJST 3959 3243
17
50  NSC 7472 656
30  NSC 8125 669
10  NSC 8218 604
18
50  NSC 7620 617
30  NSC 7872 589
10  NSC 8006 570
19
50  NSC 6697 573
30  NJST 6731 3234
10  NSC 7000 584
20
50  NSC 5459 586
30  NSC 5678 661
10  NSC 6572 605
21
50  NJST 2794 3222
30  NSC 3888 634
10  NSC 4450 651
22
50  NSC 4485 644
30  NSC 5784 654
23
50  NSC 2553 643
30  NSC 2566 665
10  NJST 2604 3197
24
50  NJST 2287 3225
30  NSC 2825 606
10  NSC 3006 578
25
50  NSC 2138 638
30  NSC 2170 666
10  NJST 2256 3212
26
50  NSC 2112 627
30  NJST 2381 3221
10  NSC 2384 677
27
50  NJST 3425 3213
30  NSC 3566 660
10  NJST 3872 3191
28
50  NJST 4575 3236
30  NSC 4747 642
10  NJST 5369 3214
29
50  NSC 3691 612
30  NJST 3852 3231
10  NSC 4012 656
30
50  NSC 4118 592
30  NSC 4137 617
10  NSC 4447 589
31
80  NSC 3358 664
40  NSC 3612 594
0  NSC 3720 573
32
80  NSC 2969 586
40  NSC 3428 569
0  NSC 3500 605
33
80  NSC 2650 665
40  NSC 2703 672
0  NSC 2825 603
34
80  NSC 2619 606
35
50  NSC 2060 640
30  NJST 2103 3229
10  NSC 2512 618
36
50  NJST 2091 3226
30  NSC 2269 631
10  NSC 2356 633
37
50  NJST 3407 3206
30  NJST 3522 3238
10  NSC 3546 660
38
50  NSC 5213 671
39
50  NJST 3557 3231
30  NSC 3901 656
10  NSC 4338 669
40
50  NSC 3934 601
30  NSC 3941 592
10  NSC 4331 570
41
50  NJST 3315 3234
30  NSC 3440 567
10  NSC 3545 584
42
50  NSC 2939 661
30  NSC 3104 591
10  NSC 3250 624
43
50  NSC 2800 672
30  NJST 3128 3219
10  NSC 3390 626
44
50  NSC 2832 621
30  NJST 3275 3225
10  NJST 4603 3205
45
50  NSC 2497 640
30  NSC 2538 666
10  NJST 2662 3194
46
50  NSC 2409 632
30  NSC 2559 622
10  NSC 2878 607
47
50  NJST 4290 3224
30  NSC 5122 593
10  NJST 5129 3232
48
50  NSC 5044 671
30  NJST 5291 3214
10  NSC 5400 613
49
50  NSC 4059 612
30  NJST 4193 3231
10  NSC 4425 625
50
50  NSC 3590 595
30  NSC 4453 592
51
50  NSC 3763 664
30  NSC 4044 567
10  NSC 4137 594
52
50  NSC 3544 661
30  NJST 3787 3230
10  NSC 3844 569
53
50  NSC 15700 1685
54
50  NSC 9860 1672
30  NJST 10675 1997
55
50  NJST 19643 1998
30  NSC 20914 1675
56
50  NSC 17615 1677
30  NJST 22728 1999
57
50  NJST 12482 2000
30  NSC 15450 1679
58
50  NJST 18127 2002
59
50  NSC 14494 1682
60
50  NSC 12959 1683
61
50  NSC 12194 1684
SCORE:NJST,NSC,1580,3680,-210.0
