NJST-WRC
1
50  NJST 10050 3229
30  WRC 10759 2171
2
50  WRC 10377 2161
30  NJST 11875 3221
10  WRC 13057 2144
3
50  NJST 7090 3206
30  NJST 7422 3238
10  NJST 8059 3224
4
50  WRC 10200 2180
30  NJST 10567 3243
10  WRC 10965 2188
5
50  WRC 8003 2147
30  NJST 8025 3231
10  WRC 9690 2155
6
50  WRC 7619 2174
7
50  NJST 7619 3234
30  WRC 8182 2146
10  WRC 8594 2169
8
50  WRC 7292 2182
30  WRC 7447 2177
10  NJST 7947 3230
9
50  NJST 2247 3222
30  WRC 3100 2162
10  NJST 3979 3235
10
50  WRC 3732 2165
30  WRC 6075 2168
11
50  WRC 1881 2176
30  NJST 1965 3197
10  WRC 1968 2196
12
50  NJST 2010 3225
30  WRC 2313 2150
10  WRC 2594 2183
13
50  WRC 3889 2175
30  NJST 4263 3229
10  NJST 4753 3212
14
50  NJST 4209 3226
30  WRC 4383 2191
10  WRC 4678 2144
15
50  NJST 2836 3206
30  NJST 2929 3238
10  NJST 3194 3191
16
50  NJST 3353 3236
30  NJST 3959 3243
10  NJST 4316 3214
17
50  WRC 6896 2147
30  WRC 7375 2153
10  WRC 7397 2178
18
50  WRC 6674 2174
30  WRC 7522 2189
19
50  WRC 6727 2145
30  NJST 6731 3234
10  WRC 7127 2146
20
50  WRC 6001 2181
30  WRC 6272 2182
10  WRC 7393 2157
21
50  NJST 2794 3222
30  WRC 3722 2162
10  NJST 5043 3235
22
50  WRC 4550 2165
23
50  WRC 2194 2196
30  NJST 2604 3197
10  NJST 2613 3215
24
50  NJST 2287 3225
30  WRC 3389 2183
10  NJST 3470 3192
25
50  NJST 2256 3212
30  NJST 2372 3196
10  WRC 2677 2164
26
50  WRC 2103 2161
30  WRC 2347 2191
10  NJST 2381 3221
27
50  NJST 3425 3213
30  NJST 3872 3191
10  WRC 4144 2151
28
50  NJST 4575 3236
30  NJST 5369 3214
10  NJST 5659 3243
29
50  WRC 3476 2178
30  NJST 3852 3231
10  WRC 4006 2153
30
50  WRC 3546 2174
30  WRC 4187 2189
31
80  NJST 3781 3234
40  WRC 3850 2146
0  NJST 4162 3211
32
80  WRC 3201 2181
40  WRC 3499 2177
0  WRC 3783 2193
33
80  WRC 2358 2196
40  WRC 2458 2176
0  WRC 3150 2148
35
50  WRC 1814 2175
30  NJST 2103 3229
10  NJST 2528 3196
36
50  WRC 2018 2161
30  NJST 2091 3226
10  WRC 2403 2191
37
50  NJST 3407 3206
30  NJST 3522 3238
10  NJST 3778 3224
39
50  NJST 3557 3231
30  WRC 3559 2178
10  WRC 3650 2153
40
50  WRC 3512 2174
30  WRC 4271 2189
41
50  NJST 3315 3234
30  WRC 3456 2145
10  WRC 3719 2169
42
50  WRC 3052 2182
30  WRC 3094 2181
10  WRC 3489 2170
43
50  WRC 2683 2176
30  NJST 3128 3219
10  WRC 3264 2184
44
50  NJST 3275 3225
30  NJST 4603 3205
45
50  WRC 2627 2171
30  WRC 2653 2175
10  NJST 2662 3194
46
50  WRC 2445 2161
30  WRC 2487 2191
10  NJST 3038 3221
47
50  WRC 4069 2156
30  NJST 4290 3224
10  NJST 5129 3232
48
50  WRC 4896 2188
30  NJST 5291 3214
10  NJST 5836 3236
49
50  NJST 4193 3231
30  WRC 4226 2147
10  WRC 4882 2155
50
50  WRC 4032 2189
51
50  WRC 3802 2145
30  NJST 4359 3211
10  WRC 4565 2169
52
50  WRC 3662 2177
30  NJST 3787 3230
10  WRC 3976 2173
54
50  WRC 9339 1855
30  NJST 10675 1997
55
50  NJST 19643 1998
30  WRC 20388 1858
56
50  NJST 22728 1999
57
50  NJST 12482 2000
30  WRC 14518 1859
58
50  NJST 18127 2002
59
50  WRC 13206 1860
61
50  WRC 13246 1861
SCORE:NJST,WRC,2070,2780,-71.0
