NJST-SHC
1
50  SHC 8773 492
30  NJST 10050 3229
10  SHC 10263 463
2
50  SHC 10517 475
30  SHC 10644 539
10  NJST 11875 3221
3
50  NJST 7090 3206
30  NJST 7422 3238
10  NJST 8059 3224
4
50  SHC 7872 552
30  NJST 10567 3243
5
50  NJST 8025 3231
30  SHC 8052 501
6
50  SHC 6757 549
30  SHC 11721 476
7
50  NJST 7619 3234
30  SHC 7710 459
10  SHC 7723 479
8
50  SHC 7306 502
30  SHC 7419 497
10  NJST 7947 3230
9
50  NJST 2247 3222
30  SHC 3479 481
10  SHC 3513 528
10
50  SHC 3037 565
30  SHC 3619 471
10  SHC 3666 534
11
50  NJST 1965 3197
30  SHC 2143 564
10  NJST 2321 3215
12
50  NJST 2010 3225
30  SHC 2783 535
10  SHC 2872 512
13
50  SHC 3514 492
30  SHC 3799 547
10  SHC 3929 522
14
50  SHC 4207 537
30  NJST 4209 3226
10  SHC 4694 559
15
50  NJST 2836 3206
30  NJST 2929 3238
10  NJST 3194 3191
16
50  SHC 3036 552
30  NJST 3353 3236
10  SHC 3941 542
17
50  SHC 7129 546
30  SHC 7729 478
10  SHC 10400 462
18
50  SHC 7143 493
30  SHC 8607 488
10  SHC 9696 476
19
50  SHC 6655 479
30  NJST 6731 3234
10  SHC 6933 459
20
50  SHC 5949 490
30  SHC 6294 497
10  SHC 6959 450
21
50  NJST 2794 3222
30  SHC 2812 540
10  SHC 3757 481
22
50  SHC 3253 565
30  SHC 3894 471
10  SHC 4737 534
23
50  SHC 2502 564
30  NJST 2604 3197
10  NJST 2613 3215
24
50  NJST 2287 3225
30  SHC 2900 464
10  NJST 3470 3192
25
50  SHC 2013 550
30  SHC 2044 513
10  SHC 2203 547
26
50  NJST 2381 3221
30  NJST 2413 3226
10  SHC 2653 457
27
50  NJST 3425 3213
30  NJST 3872 3191
10  SHC 4386 533
28
50  NJST 4575 3236
30  SHC 4765 451
10  NJST 5369 3214
29
50  SHC 3509 546
30  NJST 3852 3231
10  SHC 5790 462
30
50  SHC 4305 493
30  SHC 4891 488
31
80  SHC 3706 558
40  NJST 3781 3234
0  SHC 3828 458
32
80  SHC 3169 502
40  SHC 3619 526
0  NJST 3987 3230
33
80  SHC 2923 554
40  SHC 2977 491
0  SHC 2997 540
34
80  SHC 3849 511
35
50  SHC 1906 463
30  NJST 2103 3229
10  SHC 2377 524
36
50  SHC 2075 537
30  NJST 2091 3226
10  SHC 2173 539
37
50  NJST 3407 3206
30  NJST 3522 3238
10  NJST 3778 3224
38
50  SHC 3333 552
30  SHC 4793 525
10  SHC 6116 505
39
50  SHC 3290 501
30  NJST 3557 3231
10  SHC 3653 546
40
50  SHC 2951 549
30  SHC 3667 493
41
50  NJST 3315 3234
30  SHC 3356 459
10  SHC 3443 479
42
50  SHC 2906 490
30  SHC 3016 502
10  NJST 3604 3230
43
50  NJST 3128 3219
30  SHC 3154 553
10  SHC 3207 469
44
50  NJST 3275 3225
30  SHC 3788 464
10  NJST 4603 3205
45
50  SHC 2141 550
30  SHC 2513 522
10  SHC 2620 524
46
50  SHC 2295 475
30  SHC 2475 539
10  NJST 3038 3221
47
50  NJST 4290 3224
30  NJST 5129 3232
10  SHC 5463 482
48
50  SHC 5134 542
30  NJST 5291 3214
10  SHC 5643 466
49
50  NJST 4193 3231
30  SHC 4671 478
50
50  SHC 3461 549
30  SHC 5967 476
51
50  SHC 4114 458
30  NJST 4359 3211
10  NJST 4675 3240
52
50  SHC 3760 490
30  NJST 3787 3230
10  SHC 3804 497
53
50  SHC 16298 1670
54
50  NJST 10675 1997
55
50  SHC 14927 1665
30  NJST 19643 1998
56
50  SHC 18851 1666
30  NJST 22728 1999
57
50  NJST 12482 2000
30  SHC 18766 1667
58
50  NJST 18127 2002
SCORE:NJST,SHC,1850,3230,-138.0
