NJST-SPL
1
50  SPL 8802 1687
30  NJST 10050 3229
2
50  SPL 8844 1719
30  NJST 11875 3221
10  SPL 12689 1653
3
50  NJST 7090 3206
30  NJST 7422 3238
10  NJST 8059 3224
4
50  SPL 9290 1705
30  SPL 9620 1671
10  NJST 10567 3243
5
50  SPL 7969 1720
30  NJST 8025 3231
6
50  SPL 7284 1689
30  SPL 8876 1666
7
50  SPL 7357 1698
30  NJST 7619 3234
10  SPL 7863 1697
8
50  NJST 7947 3230
30  SPL 8085 1680
9
50  NJST 2247 3222
30  SPL 3863 1722
10  NJST 3979 3235
10
50  SPL 3256 1677
30  SPL 4251 1702
10  SPL 4288 1673
11
50  SPL 1950 1672
30  NJST 1965 3197
10  SPL 2012 1708
12
50  NJST 2010 3225
30  SPL 2437 1691
10  SPL 2733 1662
13
50  SPL 3444 1687
30  NJST 4263 3229
10  NJST 4753 3212
14
50  SPL 3591 1719
30  SPL 3692 1670
10  NJST 4209 3226
15
50  NJST 2836 3206
30  NJST 2929 3238
10  NJST 3194 3191
16
50  NJST 3353 3236
30  SPL 3479 1665
10  NJST 3959 3243
17
50  SPL 6478 1718
30  SPL 8753 1704
10  SPL 13043 1706
18
50  SPL 6409 1689
30  SPL 8355 1727
19
50  SPL 6384 1698
30  NJST 6731 3234
10  SPL 7006 1697
20
50  SPL 7947 1688
21
50  NJST 2794 3222
30  SPL 4433 1722
10  NJST 5043 3235
22
50  SPL 5737 1677
30  SPL 5804 1716
10  SPL 6652 1658
23
50  SPL 2555 1708
30  NJST 2604 3197
10  NJST 2613 3215
24
50  NJST 2287 3225
30  SPL 2646 1726
10  NJST 3470 3192
25
50  NJST 2256 3212
30  NJST 2372 3196
10  SPL 2515 1647
26
50  SPL 1913 1719
30  NJST 2381 3221
10  NJST 2413 3226
27
50  NJST 3425 3213
30  NJST 3872 3191
10  SPL 4400 1709
28
50  NJST 4575 3236
30  SPL 5351 1669
10  NJST 5369 3214
29
50  NJST 3852 3231
30  SPL 4667 1711
10  SPL 6367 1706
30
50  SPL 3484 1689
30  SPL 3934 1666
31
80  SPL 3483 1698
40  SPL 3735 1649
0  NJST 3781 3234
32
80  NJST 3987 3230
33
80  SPL 3037 1676
40  SPL 3209 1715
0  NJST 3345 3197
35
50  NJST 2103 3229
30  SPL 2331 1690
10  SPL 2492 1713
36
50  SPL 1860 1670
30  NJST 2091 3226
10  SPL 2421 1653
37
50  NJST 3407 3206
30  NJST 3522 3238
10  NJST 3778 3224
38
50  SPL 3981 1705
30  SPL 4577 1671
10  SPL 4672 1679
39
50  SPL 3246 1718
30  SPL 3531 1720
10  NJST 3557 3231
40
50  SPL 4193 1727
41
50  NJST 3315 3234
30  SPL 3366 1697
10  SPL 3625 1649
42
50  NJST 3604 3230
30  SPL 3697 1680
43
50  SPL 2652 1672
30  NJST 3128 3219
10  SPL 3321 1715
44
50  NJST 3275 3225
30  SPL 3371 1699
10  SPL 3403 1726
45
50  SPL 2033 1687
30  SPL 2546 1738
10  NJST 2662 3194
46
50  SPL 2422 1653
30  SPL 2747 1655
10  SPL 2784 1732
47
50  NJST 4290 3224
30  SPL 5018 1652
10  NJST 5129 3232
48
50  NJST 5291 3214
30  SPL 5462 1700
10  NJST 5836 3236
49
50  NJST 4193 3231
30  SPL 5095 1704
10  SPL 5615 1711
50
50  SPL 4475 1666
30  SPL 5344 1727
51
50  NJST 4359 3211
30  SPL 4402 1712
10  SPL 4475 1664
52
50  NJST 3787 3230
30  SPL 4552 1688
53
50  SPL 18907 1804
54
50  SPL 9289 1796
30  NJST 10675 1997
55
50  NJST 19643 1998
30  SPL 20778 1798
56
50  NJST 22728 1999
57
50  NJST 12482 2000
30  SPL 17312 1800
58
50  SPL 15425 1801
30  NJST 18127 2002
59
50  SPL 13914 1802
61
50  SPL 13256 1803
SCORE:NJST,SPL,2040,2950,-91.0
