NJST-SD
1
50  NJST 10050 3229
30  SD 10430 3496
10  SD 12639 3479
2
50  NJST 11875 3221
30  SD 13250 3516
10  SD 13371 3510
3
50  NJST 7090 3206
30  NJST 7422 3238
10  NJST 8059 3224
4
50  SD 10282 3500
30  NJST 10567 3243
10  SD 12127 3483
5
50  NJST 8025 3231
30  SD 9879 3521
10  SD 9928 3487
6
50  SD 7475 3498
30  SD 9590 3480
7
50  NJST 7619 3234
30  NJST 8972 3211
10  NJST 9154 3240
8
50  NJST 7947 3230
30  SD 8732 3501
10  SD 10220 3495
9
50  NJST 2247 3222
30  SD 3290 3514
10  SD 3633 3515
10
50  SD 2538 3513
30  SD 3182 3519
10  SD 3209 3512
11
50  NJST 1965 3197
30  NJST 2321 3215
10  NJST 2350 3219
12
50  SD 1883 3478
30  NJST 2010 3225
10  SD 2227 3499
13
50  NJST 4263 3229
30  NJST 4753 3212
10  NJST 4789 3196
14
50  NJST 4209 3226
30  SD 4775 3504
10  SD 4787 3503
15
50  NJST 2836 3206
30  NJST 2929 3238
10  NJST 3194 3191
16
50  NJST 3353 3236
30  NJST 3959 3243
10  NJST 4316 3214
17
50  SD 8478 3521
18
50  SD 6208 3498
19
50  NJST 6731 3234
30  NJST 7723 3240
10  NJST 8363 3211
20
50  SD 8545 3495
21
50  NJST 2794 3222
30  SD 3746 3506
10  SD 3990 3515
22
50  SD 3064 3513
30  SD 3569 3519
10  SD 4264 3512
23
50  NJST 2604 3197
30  NJST 2613 3215
10  NJST 2963 3219
24
50  NJST 2287 3225
30  SD 2452 3478
10  SD 2613 3499
25
50  SD 2087 3496
30  NJST 2256 3212
10  NJST 2372 3196
26
50  NJST 2381 3221
30  NJST 2413 3226
10  SD 2570 3503
27
50  NJST 3425 3213
30  NJST 3872 3191
10  SD 4000 3497
28
50  SD 4532 3500
30  NJST 4575 3236
10  NJST 5369 3214
29
50  NJST 3852 3231
30  SD 4327 3521
10  SD 4726 3487
30
50  SD 4615 3480
31
80  NJST 3781 3234
40  NJST 4162 3211
0  SD 4613 3481
32
80  NJST 3987 3230
40  SD 4585 3501
0  SD 5383 3495
33
80  NJST 3345 3197
34
80  SD 2528 3478
40  SD 2935 3499
0  SD 3640 3509
35
50  SD 2064 3496
30  NJST 2103 3229
10  NJST 2528 3196
36
50  NJST 2091 3226
30  SD 2477 3516
10  SD 3441 3504
37
50  NJST 3407 3206
30  NJST 3522 3238
10  NJST 3778 3224
38
50  SD 5521 3500
39
50  NJST 3557 3231
30  SD 5118 3487
10  SD 5126 3521
40
50  SD 4488 3480
41
50  NJST 3315 3234
30  NJST 4063 3240
10  SD 4363 3481
42
50  NJST 3604 3230
30  SD 3970 3501
43
50  NJST 3128 3219
30  NJST 3909 3233
10  SD 4865 3505
44
50  SD 2788 3478
30  SD 3101 3499
10  NJST 3275 3225
45
50  SD 2541 3479
30  NJST 2662 3194
10  SD 2955 3508
46
50  NJST 3038 3221
30  SD 3234 3510
47
50  NJST 4290 3224
30  SD 4700 3497
10  NJST 5129 3232
48
50  SD 5057 3500
30  NJST 5291 3214
10  NJST 5836 3236
49
50  NJST 4193 3231
30  SD 4806 3487
50
50  SD 5284 3480
51
50  NJST 4359 3211
30  NJST 4675 3240
10  SD 5034 3481
52
50  NJST 3787 3230
30  SD 4000 3501
10  SD 4808 3495
53
50  SD 15585 2067
54
50  NJST 10675 1997
30  SD 12488 2064
55
50  NJST 19643 1998
30  SD 21624 2065
56
50  SD 19897 2066
30  NJST 22728 1999
57
50  NJST 12482 2000
58
50  NJST 18127 2002
SCORE:NJST,SD,2790,2040,75.0
