NJST-WAW
1
50  WAW 9200 1022
30  NJST 10050 3229
10  WAW 11537 930
2
50  WAW 8528 1033
30  WAW 10693 964
10  NJST 11875 3221
3
50  NJST 7090 3206
30  NJST 7422 3238
10  NJST 8059 3224
4
50  WAW 7781 940
30  NJST 10567 3243
5
50  WAW 7833 908
30  NJST 8025 3231
10  WAW 8719 1004
6
50  WAW 6684 904
30  WAW 7572 1032
7
50  WAW 7606 975
30  NJST 7619 3234
10  NJST 8972 3211
8
50  WAW 6267 1012
30  WAW 7387 1026
10  WAW 7867 968
9
50  NJST 2247 3222
30  WAW 2516 959
10  NJST 3979 3235
10
50  WAW 2569 916
30  WAW 3534 947
10  WAW 4040 932
11
50  WAW 1876 1021
30  NJST 1965 3197
10  NJST 2321 3215
12
50  NJST 2010 3225
30  WAW 2056 961
10  WAW 2233 956
13
50  WAW 3626 939
30  NJST 4263 3229
10  NJST 4753 3212
14
50  WAW 3897 964
30  WAW 4081 996
10  NJST 4209 3226
15
50  NJST 2836 3206
30  NJST 2929 3238
10  WAW 3166 938
16
50  NJST 3353 3236
30  NJST 3959 3243
10  WAW 4262 998
17
50  WAW 7038 929
30  WAW 7763 909
10  WAW 8048 1023
18
50  WAW 6524 1030
30  WAW 7990 943
10  WAW 8181 951
19
50  NJST 6731 3234
30  WAW 7012 975
10  NJST 7723 3240
20
50  WAW 6546 1026
30  WAW 7147 948
10  WAW 7310 937
21
50  NJST 2794 3222
30  WAW 3312 959
10  WAW 4987 913
22
50  WAW 3255 916
30  WAW 3816 947
10  WAW 6113 960
23
50  WAW 2516 1021
30  NJST 2604 3197
10  NJST 2613 3215
24
50  NJST 2287 3225
30  WAW 2659 902
10  WAW 2953 956
25
50  NJST 2256 3212
30  WAW 2369 906
10  NJST 2372 3196
26
50  WAW 1809 915
30  WAW 2300 996
10  WAW 2371 926
27
50  NJST 3425 3213
30  NJST 3872 3191
10  WAW 4452 918
28
50  WAW 3533 940
30  NJST 4575 3236
10  NJST 5369 3214
29
50  WAW 3721 929
30  NJST 3852 3231
10  WAW 5483 969
30
50  WAW 3430 1030
30  WAW 5037 1010
31
80  NJST 3781 3234
40  NJST 4162 3211
0  WAW 5869 1018
32
80  WAW 3298 976
40  WAW 3409 948
0  WAW 3836 937
33
80  NJST 3345 3197
35
50  NJST 2103 3229
30  WAW 2463 906
10  NJST 2528 3196
36
50  WAW 1765 915
30  NJST 2091 3226
10  WAW 2451 1031
37
50  NJST 3407 3206
30  WAW 3497 938
10  NJST 3522 3238
38
50  WAW 3681 940
30  WAW 5851 998
39
50  NJST 3557 3231
30  WAW 3972 1004
10  WAW 4388 991
40
50  WAW 2938 904
30  WAW 4697 951
41
50  NJST 3315 3234
30  WAW 3582 971
10  NJST 4063 3240
42
50  WAW 2976 976
30  WAW 3246 1026
10  WAW 3267 968
43
50  WAW 2456 1021
30  NJST 3128 3219
10  NJST 3909 3233
44
50  WAW 3223 902
30  NJST 3275 3225
10  WAW 4112 945
45
50  WAW 2035 1022
30  WAW 2119 939
10  WAW 2477 930
46
50  WAW 1937 1033
30  WAW 2572 912
10  WAW 2959 1024
47
50  NJST 4290 3224
30  WAW 4628 931
10  WAW 4840 950
48
50  NJST 5291 3214
30  WAW 5776 998
10  NJST 5836 3236
49
50  WAW 4032 908
30  NJST 4193 3231
10  WAW 4501 909
50
50  WAW 3637 1032
30  WAW 4833 943
10  WAW 5357 1010
51
50  WAW 3975 971
30  NJST 4359 3211
10  NJST 4675 3240
52
50  WAW 3347 1012
30  NJST 3787 3230
10  WAW 3827 948
53
50  WAW 14403 1722
54
50  WAW 9827 1709
30  NJST 10675 1997
55
50  WAW 16351 1711
30  NJST 19643 1998
56
50  WAW 15537 1713
30  NJST 22728 1999
57
50  NJST 12482 2000
30  WAW 14803 1715
58
50  NJST 18127 2002
30  WAW 30791 1717
59
50  WAW 13606 1718
60
50  WAW 11946 1720
61
50  WAW 11575 1721
SCORE:NJST,WAW,1930,3260,-133.0
