NJST-SH
1
50  NJST 10050 3229
30  SH 10278 2639
10  SH 11089 2607
2
50  NJST 11875 3221
3
50  NJST 7090 3206
30  NJST 7422 3238
10  NJST 8059 3224
4
50  SH 9948 2647
30  NJST 10567 3243
10  SH 12226 2625
5
50  SH 7836 2618
30  NJST 8025 3231
10  SH 8931 2640
7
50  NJST 7619 3234
30  NJST 8972 3211
10  SH 9090 2631
8
50  SH 6485 2605
30  SH 7027 2613
10  NJST 7947 3230
9
50  NJST 2247 3222
30  NJST 3979 3235
10  SH 4522 2646
10
50  SH 5726 2645
11
50  NJST 1965 3197
30  SH 2056 2629
10  NJST 2321 3215
12
50  SH 2009 2642
30  NJST 2010 3225
10  SH 2814 2644
13
50  SH 3852 2639
30  SH 4190 2603
10  NJST 4263 3229
14
50  NJST 4209 3226
30  SH 5275 2599
10  SH 5561 2617
15
50  NJST 2836 3206
30  NJST 2929 3238
10  NJST 3194 3191
16
50  NJST 3353 3236
30  SH 3946 2630
10  NJST 3959 3243
17
50  SH 6858 2618
30  SH 8035 2641
10  SH 8570 2637
19
50  NJST 6731 3234
30  NJST 7723 3240
10  SH 8136 2631
20
50  SH 5747 2605
30  SH 6437 2613
21
50  NJST 2794 3222
30  NJST 5043 3235
23
50  SH 2543 2629
30  NJST 2604 3197
10  NJST 2613 3215
24
50  NJST 2287 3225
30  SH 2892 2642
10  NJST 3470 3192
25
50  NJST 2256 3212
30  NJST 2372 3196
10  SH 2416 2639
26
50  NJST 2381 3221
30  NJST 2413 3226
10  SH 2762 2599
27
50  NJST 3425 3213
30  NJST 3872 3191
10  SH 4434 2612
28
50  NJST 4575 3236
30  SH 4732 2630
10  NJST 5369 3214
29
50  SH 3769 2618
30  NJST 3852 3231
10  SH 4517 2637
31
80  NJST 3781 3234
40  NJST 4162 3211
32
80  SH 3178 2605
40  NJST 3987 3230
33
80  SH 2598 2629
40  NJST 3345 3197
0  SH 3369 2626
34
80  SH 2623 2642
35
50  NJST 2103 3229
30  SH 2202 2638
10  SH 2288 2607
36
50  NJST 2091 3226
30  SH 3525 2614
37
50  NJST 3407 3206
30  NJST 3522 3238
10  NJST 3778 3224
38
50  SH 5382 2636
30  SH 5677 2625
10  SH 6324 2630
39
50  NJST 3557 3231
30  SH 3807 2640
10  SH 3932 2641
41
50  NJST 3315 3234
30  NJST 4063 3240
42
50  SH 2953 2605
30  SH 3161 2613
10  NJST 3604 3230
43
50  SH 2875 2629
30  NJST 3128 3219
10  NJST 3909 3233
44
50  SH 2983 2642
30  NJST 3275 3225
10  SH 3532 2644
45
50  SH 2408 2639
30  SH 2480 2603
10  NJST 2662 3194
46
50  SH 2964 2617
30  NJST 3038 3221
47
50  NJST 4290 3224
30  SH 4632 2619
10  NJST 5129 3232
48
50  NJST 5291 3214
30  NJST 5836 3236
10  SH 6956 2597
49
50  NJST 4193 3231
30  SH 4600 2640
10  SH 5657 2637
51
50  NJST 4359 3211
30  NJST 4675 3240
10  SH 4738 2631
52
50  SH 3350 2613
30  NJST 3787 3230
54
50  NJST 10675 1997
30  SH 11370 1919
55
50  SH 19413 1921
30  NJST 19643 1998
56
50  NJST 22728 1999
57
50  NJST 12482 2000
58
50  NJST 18127 2002
30  SH 19108 1923
59
50  SH 13886 1924
SCORE:NJST,SH,2480,1990,49.0
