NJST-SCSC
1
50  SCSC 9422 83
30  SCSC 9644 126
10  NJST 10050 3229
2
50  SCSC 10856 129
30  SCSC 11107 196
10  NJST 11875 3221
3
50  NJST 7090 3206
30  NJST 7422 3238
10  NJST 8059 3224
4
50  SCSC 8071 200
30  SCSC 9385 128
10  NJST 10567 3243
5
50  SCSC 7622 107
30  NJST 8025 3231
10  SCSC 8989 165
6
50  SCSC 6832 178
30  SCSC 7156 151
10  SCSC 7837 192
7
50  NJST 7619 3234
30  SCSC 8853 117
10  NJST 8972 3211
8
50  SCSC 6738 176
30  NJST 7947 3230
10  SCSC 8626 142
9
50  NJST 2247 3222
30  SCSC 3301 182
10  SCSC 3619 94
10
50  SCSC 2637 185
30  SCSC 4081 123
10  SCSC 5639 173
11
50  NJST 1965 3197
30  SCSC 2091 172
10  SCSC 2114 191
12
50  SCSC 1919 154
30  NJST 2010 3225
10  SCSC 2425 195
13
50  SCSC 3635 126
30  SCSC 3641 83
10  SCSC 3885 146
14
50  SCSC 3983 80
30  NJST 4209 3226
10  SCSC 4257 168
15
50  NJST 2836 3206
30  SCSC 2862 159
10  NJST 2929 3238
16
50  SCSC 3125 200
30  SCSC 3216 82
10  NJST 3353 3236
17
50  SCSC 6237 199
30  SCSC 7682 177
10  SCSC 8159 198
18
50  SCSC 6556 133
30  SCSC 6657 192
10  SCSC 7412 127
19
50  SCSC 6151 108
30  NJST 6731 3234
10  NJST 7723 3240
20
50  SCSC 5587 156
30  SCSC 7509 142
21
50  NJST 2794 3222
30  SCSC 4619 182
10  NJST 5043 3235
22
50  SCSC 4701 173
30  SCSC 5191 123
10  SCSC 5756 167
23
50  NJST 2604 3197
30  NJST 2613 3215
10  SCSC 2875 191
24
50  NJST 2287 3225
30  SCSC 2425 154
10  SCSC 3058 147
25
50  SCSC 2089 126
30  NJST 2256 3212
10  NJST 2372 3196
26
50  SCSC 2220 196
30  SCSC 2271 168
10  SCSC 2376 129
27
50  SCSC 3313 159
30  NJST 3425 3213
10  SCSC 3831 208
28
50  SCSC 3633 200
30  SCSC 4544 144
10  NJST 4575 3236
29
50  NJST 3852 3231
30  SCSC 4034 114
10  SCSC 4203 198
30
50  SCSC 3432 120
30  SCSC 3545 178
10  SCSC 4538 106
31
80  SCSC 3306 108
40  NJST 3781 3234
0  SCSC 4070 121
32
80  SCSC 3432 176
40  SCSC 3878 142
0  NJST 3987 3230
33
80  SCSC 2565 105
40  SCSC 3100 191
0  NJST 3345 3197
34
80  SCSC 3219 147
40  SCSC 3240 160
0  SCSC 5418 145
35
50  SCSC 1728 83
30  SCSC 1995 146
10  NJST 2103 3229
36
50  NJST 2091 3226
30  SCSC 2366 164
10  SCSC 2500 134
37
50  NJST 3407 3206
30  NJST 3522 3238
10  NJST 3778 3224
38
50  SCSC 4764 144
30  SCSC 4775 109
10  SCSC 5003 202
39
50  SCSC 3078 199
30  NJST 3557 3231
10  SCSC 4022 114
40
50  SCSC 3012 151
30  SCSC 3447 192
10  SCSC 3459 120
41
50  NJST 3315 3234
30  NJST 4063 3240
10  SCSC 4072 117
42
50  SCSC 2747 156
30  SCSC 2783 201
10  NJST 3604 3230
43
50  NJST 3128 3219
30  SCSC 3153 172
10  SCSC 3250 95
44
50  SCSC 2935 160
30  NJST 3275 3225
10  SCSC 3825 137
45
50  SCSC 2507 184
30  NJST 2662 3194
10  SCSC 2697 171
46
50  SCSC 2757 88
30  SCSC 2904 136
10  NJST 3038 3221
47
50  SCSC 4256 125
30  NJST 4290 3224
10  NJST 5129 3232
48
50  SCSC 4256 82
30  SCSC 4665 169
10  SCSC 5169 109
49
50  SCSC 3997 107
30  NJST 4193 3231
10  SCSC 4313 165
50
50  SCSC 3432 178
30  SCSC 3800 133
10  SCSC 3982 151
51
50  SCSC 4337 117
30  NJST 4359 3211
10  NJST 4675 3240
52
50  SCSC 3234 156
30  SCSC 3339 201
10  NJST 3787 3230
53
50  SCSC 16759 1641
54
50  SCSC 9056 1633
30  NJST 10675 1997
55
50  SCSC 19565 1634
30  NJST 19643 1998
56
50  SCSC 18470 1635
30  NJST 22728 1999
57
50  NJST 12482 2000
30  SCSC 13178 1636
58
50  SCSC 14856 1637
30  NJST 18127 2002
59
50  SCSC 13296 1638
60
50  SCSC 12758 1639
61
50  SCSC 11516 1640
SCORE:NJST,SCSC,1550,3840,-229.0
