NJST-HH
1
50  NJST 10050 3229
30  HH 10833 2255
10  HH 10937 2250
2
50  HH 11531 2218
30  NJST 11875 3221
10  HH 12748 2221
3
50  NJST 7090 3206
30  NJST 7422 3238
10  NJST 8059 3224
4
50  NJST 10567 3243
30  HH 11712 2279
10  HH 11944 2266
5
50  HH 7706 2236
30  HH 7812 2240
10  NJST 8025 3231
6
50  HH 8663 2233
30  HH 9413 2227
10  HH 10125 2269
7
50  NJST 7619 3234
30  HH 7733 2237
10  HH 8933 2246
8
50  HH 7209 2235
30  NJST 7947 3230
10  HH 8647 2270
9
50  NJST 2247 3222
30  NJST 3979 3235
10  HH 4109 2220
10
50  HH 3377 2222
30  HH 3744 2225
10  HH 6128 2290
11
50  NJST 1965 3197
30  HH 2287 2212
10  NJST 2321 3215
12
50  NJST 2010 3225
30  HH 2565 2260
10  HH 2600 2219
13
50  HH 4202 2249
30  NJST 4263 3229
10  HH 4503 2255
14
50  NJST 4209 3226
30  HH 4512 2221
10  HH 4875 2284
15
50  NJST 2836 3206
30  NJST 2929 3238
10  NJST 3194 3191
16
50  NJST 3353 3236
30  NJST 3959 3243
10  HH 3967 2266
17
50  HH 6947 2240
30  HH 7712 2223
10  HH 7895 2253
18
50  HH 8103 2227
30  HH 9845 2204
10  HH 9954 2271
19
50  NJST 6731 3234
30  HH 6752 2237
10  NJST 7723 3240
20
50  HH 6551 2234
30  HH 7927 2270
10  HH 8334 2228
21
50  NJST 2794 3222
30  NJST 5043 3235
10  HH 5075 2214
22
50  HH 5363 2225
30  HH 5694 2222
10  HH 7483 2290
23
50  NJST 2604 3197
30  NJST 2613 3215
10  NJST 2963 3219
24
50  NJST 2287 3225
30  NJST 3470 3192
10  NJST 3728 3205
25
50  NJST 2256 3212
30  HH 2290 2255
10  HH 2331 2249
26
50  NJST 2381 3221
30  NJST 2413 3226
10  NJST 2877 3216
27
50  NJST 3425 3213
30  NJST 3872 3191
10  NJST 4666 3232
28
50  NJST 4575 3236
30  HH 4889 2248
10  HH 5064 2266
29
50  HH 3628 2236
30  NJST 3852 3231
10  HH 3878 2223
30
50  HH 4996 2269
30  HH 5063 2227
10  HH 6102 2271
31
80  HH 3649 2237
40  NJST 3781 3234
0  HH 4100 2246
32
80  HH 3688 2235
40  NJST 3987 3230
0  HH 4219 2270
33
80  HH 3238 2212
40  NJST 3345 3197
0  HH 3519 2230
34
80  HH 4222 2260
40  HH 5513 2239
35
50  HH 1913 2263
30  HH 2028 2249
10  NJST 2103 3229
36
50  NJST 2091 3226
30  HH 2421 2218
10  HH 2652 2221
37
50  NJST 3407 3206
30  NJST 3522 3238
10  NJST 3778 3224
38
50  HH 5450 2268
30  HH 5463 2248
10  HH 5563 2279
39
50  HH 3508 2240
30  NJST 3557 3231
10  HH 3614 2224
40
50  HH 4760 2269
30  HH 5189 2204
10  HH 5371 2271
41
50  HH 3301 2237
30  NJST 3315 3234
10  HH 3977 2246
42
50  HH 3522 2234
30  NJST 3604 3230
10  HH 3852 2270
43
50  NJST 3128 3219
30  NJST 3909 3233
10  HH 4070 2198
44
50  NJST 3275 3225
30  NJST 4603 3205
45
50  HH 2358 2250
30  HH 2470 2263
10  HH 2633 2276
46
50  HH 2822 2218
30  NJST 3038 3221
10  HH 3170 2273
47
50  NJST 4290 3224
30  HH 4890 2285
10  NJST 5129 3232
48
50  NJST 5291 3214
30  NJST 5836 3236
49
50  HH 3832 2236
30  NJST 4193 3231
10  HH 4790 2278
50
50  HH 5039 2271
30  HH 6403 2201
51
50  NJST 4359 3211
30  HH 4534 2246
10  NJST 4675 3240
52
50  HH 3701 2234
30  NJST 3787 3230
10  HH 3822 2235
53
50  HH 18253 1874
54
50  NJST 10675 1997
30  HH 11083 1862
55
50  HH 17450 1864
30  NJST 19643 1998
56
50  HH 20332 1866
30  NJST 22728 1999
57
50  NJST 12482 2000
30  HH 15031 1868
58
50  NJST 18127 2002
30  HH 18633 1869
59
50  HH 13502 1870
61
50  HH 12364 1873
SCORE:NJST,HH,2400,2920,-52.0
