NJST-DUL
1
50  NJST 10050 3229
30  DUL 10606 1303
10  DUL 11379 1307
2
50  NJST 11875 3221
3
50  NJST 7090 3206
30  NJST 7422 3238
10  NJST 8059 3224
4
50  NJST 10567 3243
30  DUL 10659 1300
5
50  NJST 8025 3231
30  DUL 9208 1347
10  DUL 9752 1319
7
50  NJST 7619 3234
30  DUL 8048 1349
10  DUL 8394 1296
8
50  DUL 7197 1305
30  DUL 7268 1295
10  NJST 7947 3230
9
50  NJST 2247 3222
30  DUL 3522 1291
10  DUL 3850 1313
10
50  DUL 3298 1361
30  DUL 4187 1325
10  DUL 4641 1336
11
50  NJST 1965 3197
30  DUL 2237 1318
10  DUL 2304 1322
12
50  NJST 2010 3225
30  DUL 2127 1297
10  DUL 3045 1355
13
50  DUL 4160 1303
30  NJST 4263 3229
10  DUL 4350 1338
14
50  NJST 4209 3226
30  DUL 5563 1315
10  NJST 5688 3216
15
50  NJST 2836 3206
30  NJST 2929 3238
10  NJST 3194 3191
16
50  NJST 3353 3236
30  NJST 3959 3243
10  NJST 4316 3214
17
50  DUL 10604 1345
30  DUL 13283 1350
19
50  NJST 6731 3234
30  NJST 7723 3240
10  DUL 8299 1356
20
50  DUL 6944 1299
30  DUL 7277 1305
21
50  NJST 2794 3222
30  DUL 3983 1332
10  DUL 4739 1352
22
50  DUL 4059 1361
30  DUL 6140 1309
23
50  NJST 2604 3197
30  NJST 2613 3215
10  DUL 2695 1337
24
50  NJST 2287 3225
30  DUL 2994 1297
10  NJST 3470 3192
25
50  DUL 2093 1303
30  DUL 2238 1304
10  NJST 2256 3212
26
50  NJST 2381 3221
30  NJST 2413 3226
10  NJST 2877 3216
27
50  NJST 3425 3213
30  NJST 3872 3191
10  NJST 4666 3232
28
50  NJST 4575 3236
30  NJST 5369 3214
10  DUL 5527 1300
29
50  NJST 3852 3231
30  DUL 4352 1347
10  DUL 4490 1319
31
80  NJST 3781 3234
40  DUL 3909 1349
0  DUL 4014 1296
32
80  DUL 3673 1305
40  DUL 3886 1299
0  NJST 3987 3230
33
80  DUL 2739 1337
40  NJST 3345 3197
0  DUL 3487 1351
35
50  DUL 1873 1303
30  NJST 2103 3229
10  DUL 2175 1304
36
50  NJST 2091 3226
30  DUL 3350 1315
37
50  NJST 3407 3206
30  NJST 3522 3238
10  NJST 3778 3224
38
50  DUL 4950 1300
39
50  NJST 3557 3231
30  DUL 3977 1347
10  DUL 4454 1319
41
50  NJST 3315 3234
30  DUL 3374 1349
10  DUL 3887 1296
42
50  DUL 3122 1305
30  NJST 3604 3230
43
50  DUL 2877 1322
30  DUL 3127 1337
10  NJST 3128 3219
44
50  NJST 3275 3225
30  NJST 4603 3205
45
50  DUL 2291 1307
30  NJST 2662 3194
10  DUL 2775 1331
46
50  DUL 2757 1293
30  NJST 3038 3221
47
50  NJST 4290 3224
30  NJST 5129 3232
10  DUL 5163 1320
48
50  NJST 5291 3214
30  DUL 5469 1300
10  NJST 5836 3236
49
50  NJST 4193 3231
30  DUL 4732 1347
10  DUL 5381 1298
51
50  DUL 4042 1296
30  DUL 4289 1349
10  DUL 4327 1357
52
50  DUL 3484 1295
30  NJST 3787 3230
10  DUL 3871 1299
53
50  DUL 18537 1749
54
50  NJST 10675 1997
30  DUL 12181 1742
55
50  NJST 19643 1998
30  DUL 24027 1744
56
50  NJST 22728 1999
57
50  NJST 12482 2000
30  DUL 16909 1746
58
50  NJST 18127 2002
61
50  DUL 13150 1748
SCORE:NJST,DUL,2400,2110,29.0
