NJST-CH
1
50  CH 9387 3108
30  CH 9994 3070
10  NJST 10050 3229
2
50  NJST 11875 3221
30  CH 13943 3123
10  CH 15191 3087
3
50  NJST 7090 3206
30  NJST 7422 3238
10  CH 8038 3083
4
50  CH 10107 3111
30  NJST 10567 3243
10  CH 10791 3081
5
50  NJST 8025 3231
30  CH 8338 3086
10  CH 10478 3114
6
50  CH 8290 3085
30  CH 9969 3095
7
50  NJST 7619 3234
30  NJST 8972 3211
10  NJST 9154 3240
8
50  NJST 7947 3230
30  CH 9731 3107
10  CH 9974 3102
9
50  NJST 2247 3222
30  CH 2656 3080
10  CH 3053 3062
10
50  CH 2587 3076
30  CH 3566 3067
10  CH 3896 3117
11
50  NJST 1965 3197
30  NJST 2321 3215
10  NJST 2350 3219
12
50  NJST 2010 3225
30  CH 2153 3119
10  NJST 3113 3205
13
50  CH 3818 3108
30  CH 3875 3070
10  CH 4100 3066
14
50  NJST 4209 3226
30  CH 5110 3074
10  CH 5591 3087
15
50  NJST 2836 3206
30  NJST 2929 3238
10  NJST 3194 3191
16
50  NJST 3353 3236
30  NJST 3959 3243
10  CH 4012 3111
17
50  CH 7585 3086
30  CH 9529 3114
18
50  CH 7168 3085
30  CH 9206 3095
10  CH 9288 3071
19
50  NJST 6731 3234
30  NJST 7723 3240
10  NJST 8363 3211
20
50  CH 8722 3107
30  CH 9150 3102
21
50  NJST 2794 3222
30  CH 3358 3062
10  CH 3632 3080
22
50  CH 4122 3076
30  CH 5985 3117
10  CH 6728 3109
23
50  NJST 2604 3197
30  NJST 2613 3215
10  CH 2922 3120
24
50  NJST 2287 3225
30  CH 3088 3119
10  NJST 3470 3192
25
50  CH 2178 3108
30  NJST 2256 3212
10  NJST 2372 3196
26
50  NJST 2381 3221
30  NJST 2413 3226
10  CH 2538 3087
27
50  NJST 3425 3213
30  NJST 3872 3191
10  CH 3922 3083
28
50  NJST 4575 3236
30  CH 4947 3073
10  CH 4950 3111
29
50  CH 3618 3086
30  NJST 3852 3231
10  CH 4940 3114
30
50  CH 5310 3071
30  CH 5478 3059
31
80  NJST 3781 3234
40  NJST 4162 3211
32
80  NJST 3987 3230
40  CH 5087 3107
0  CH 5308 3102
33
80  CH 3087 3069
40  NJST 3345 3197
0  CH 4651 3077
34
80  CH 2778 3119
35
50  CH 1913 3066
30  CH 1999 3108
10  NJST 2103 3229
36
50  NJST 2091 3226
30  CH 3640 3123
10  CH 3850 3099
37
50  NJST 3407 3206
30  NJST 3522 3238
10  NJST 3778 3224
38
50  CH 5581 3111
30  CH 6155 3060
10  CH 6840 3081
39
50  CH 3546 3086
30  NJST 3557 3231
40
50  CH 4072 3085
41
50  NJST 3315 3234
30  NJST 4063 3240
42
50  NJST 3604 3230
30  CH 4947 3107
43
50  NJST 3128 3219
30  CH 3694 3120
10  NJST 3909 3233
44
50  NJST 3275 3225
30  CH 4025 3119
10  NJST 4603 3205
45
50  CH 2458 3070
30  CH 2618 3089
10  NJST 2662 3194
46
50  NJST 3038 3221
47
50  NJST 4290 3224
30  NJST 5129 3232
10  CH 5384 3068
48
50  NJST 5291 3214
30  NJST 5836 3236
10  CH 6846 3060
49
50  NJST 4193 3231
30  CH 5574 3114
50
50  CH 5263 3095
30  CH 7240 3059
51
50  NJST 4359 3211
30  NJST 4675 3240
52
50  NJST 3787 3230
30  CH 4908 3102
53
50  CH 14214 1989
54
50  NJST 10675 1997
30  CH 12912 1982
55
50  CH 17409 1984
30  NJST 19643 1998
56
50  NJST 22728 1999
30  CH 25353 1985
57
50  NJST 12482 2000
30  CH 18681 1986
58
50  NJST 18127 2002
30  CH 21965 1987
60
50  CH 15906 1988
SCORE:NJST,CH,2640,2430,21.0
