NJST-FO
1
50  NJST 10050 3229
30  FO 10771 2035
10  FO 12495 2122
2
50  FO 10637 2042
30  FO 11528 2114
10  NJST 11875 3221
3
50  NJST 7090 3206
30  NJST 7422 3238
10  NJST 8059 3224
4
50  FO 8422 2127
30  FO 9837 2079
10  NJST 10567 3243
5
50  NJST 8025 3231
30  FO 8487 2036
10  FO 9789 2067
6
50  FO 8478 2053
30  FO 8720 2121
7
50  NJST 7619 3234
30  FO 7744 2061
10  NJST 8972 3211
8
50  FO 6400 2077
30  FO 6997 2094
10  FO 7566 2076
9
50  NJST 2247 3222
30  FO 3181 2050
10  NJST 3979 3235
10
50  FO 2470 2128
30  FO 2776 2049
10  FO 3569 2106
11
50  NJST 1965 3197
30  FO 2071 2043
10  FO 2090 2078
12
50  FO 1906 2065
30  NJST 2010 3225
10  FO 2293 2107
13
50  NJST 4263 3229
30  FO 4515 2110
10  NJST 4753 3212
14
50  FO 4140 2042
30  NJST 4209 3226
10  FO 4351 2088
15
50  NJST 2836 3206
30  NJST 2929 3238
10  NJST 3194 3191
16
50  NJST 3353 3236
30  FO 3571 2066
10  FO 3901 2100
17
50  FO 7118 2036
30  FO 7692 2071
10  FO 8075 2092
18
50  FO 7319 2121
30  FO 7333 2053
10  FO 7915 2047
19
50  FO 6721 2061
30  NJST 6731 3234
10  NJST 7723 3240
20
50  FO 5738 2077
30  FO 5938 2094
10  FO 6503 2076
21
50  NJST 2794 3222
30  FO 3857 2050
10  FO 4878 2143
22
50  FO 2925 2128
30  FO 3814 2049
10  FO 5522 2106
23
50  NJST 2604 3197
30  NJST 2613 3215
10  FO 2619 2139
24
50  NJST 2287 3225
30  FO 2552 2065
10  FO 2965 2090
25
50  NJST 2256 3212
30  NJST 2372 3196
10  FO 2381 2035
26
50  FO 2225 2048
30  FO 2312 2114
10  FO 2352 2042
27
50  NJST 3425 3213
30  FO 3759 2055
10  NJST 3872 3191
28
50  FO 4134 2127
30  NJST 4575 3236
10  FO 4747 2066
29
50  NJST 3852 3231
30  FO 4128 2067
10  FO 4135 2060
30
50  FO 4253 2121
30  FO 4432 2047
10  FO 4922 2131
31
80  NJST 3781 3234
40  NJST 4162 3211
0  FO 4765 2039
32
80  FO 3047 2077
40  FO 3414 2076
0  NJST 3987 3230
33
80  FO 2181 2139
40  FO 2381 2078
0  FO 2700 2043
34
80  FO 3806 2120
35
50  NJST 2103 3229
30  FO 2208 2035
10  NJST 2528 3196
36
50  NJST 2091 3226
30  FO 2122 2104
10  FO 2222 2048
37
50  NJST 3407 3206
30  NJST 3522 3238
10  NJST 3778 3224
38
50  FO 4043 2127
30  FO 5475 2079
10  FO 8564 2041
39
50  NJST 3557 3231
30  FO 3744 2036
10  FO 3968 2060
40
50  FO 3906 2053
41
50  NJST 3315 3234
30  FO 3459 2061
10  NJST 4063 3240
42
50  FO 2884 2094
30  FO 3478 2076
10  NJST 3604 3230
43
50  FO 2740 2139
30  NJST 3128 3219
10  FO 3895 2097
44
50  NJST 3275 3225
30  NJST 4603 3205
45
50  NJST 2662 3194
30  FO 2901 2110
10  FO 3119 2045
46
50  FO 2462 2104
30  FO 2484 2130
10  FO 2653 2048
47
50  FO 4008 2055
30  NJST 4290 3224
10  NJST 5129 3232
48
50  FO 4576 2066
30  NJST 5291 3214
10  NJST 5836 3236
49
50  NJST 4193 3231
30  FO 4431 2092
10  FO 4695 2071
50
50  FO 4110 2053
30  FO 4971 2047
10  FO 5393 2131
51
50  FO 3932 2061
30  NJST 4359 3211
10  NJST 4675 3240
52
50  FO 3541 2077
30  FO 3725 2094
10  NJST 3787 3230
53
50  FO 14008 1854
54
50  FO 9738 1838
30  NJST 10675 1997
55
50  FO 19576 1843
30  NJST 19643 1998
56
50  FO 18719 1846
30  NJST 22728 1999
57
50  NJST 12482 2000
30  FO 15307 1849
58
50  FO 14984 1850
30  NJST 18127 2002
59
50  FO 15100 1853
SCORE:NJST,FO,2030,3170,-114.0
