NJST-NC
1
50  NC 9537 1485
30  NJST 10050 3229
10  NC 11022 1472
2
50  NC 10859 1532
30  NJST 11875 3221
10  NC 13682 1467
3
50  NJST 7090 3206
30  NJST 7422 3238
10  NC 7906 1477
4
50  NC 8479 1533
30  NC 9094 1471
10  NC 10406 1518
5
50  NJST 8025 3231
30  NC 8092 1476
10  NC 9066 1506
6
50  NC 9079 1524
30  NC 9428 1514
7
50  NJST 7619 3234
30  NC 8569 1497
10  NJST 8972 3211
8
50  NC 7103 1483
30  NC 7146 1492
10  NC 7450 1509
9
50  NJST 2247 3222
30  NC 2950 1526
10  NJST 3979 3235
11
50  NJST 1965 3197
30  NC 2056 1515
10  NJST 2321 3215
12
50  NJST 2010 3225
30  NC 2144 1487
10  NC 2181 1530
13
50  NC 4184 1474
30  NJST 4263 3229
10  NJST 4753 3212
14
50  NJST 4209 3226
30  NC 4309 1528
10  NC 5276 1507
15
50  NJST 2836 3206
30  NJST 2929 3238
10  NC 3160 1477
16
50  NC 3250 1517
30  NJST 3353 3236
10  NC 3447 1533
17
50  NC 7388 1470
30  NC 8268 1535
10  NC 8512 1506
18
50  NC 7797 1537
30  NC 7947 1524
10  NC 8323 1514
19
50  NJST 6731 3234
30  NC 7391 1497
10  NJST 7723 3240
20
50  NC 6181 1483
30  NC 6473 1509
10  NC 7400 1496
21
50  NJST 2794 3222
30  NC 4007 1526
10  NJST 5043 3235
23
50  NJST 2604 3197
30  NC 2606 1516
10  NJST 2613 3215
24
50  NJST 2287 3225
30  NC 2572 1487
10  NC 3022 1489
25
50  NC 1994 1485
30  NJST 2256 3212
10  NC 2363 1475
26
50  NJST 2381 3221
30  NJST 2413 3226
10  NC 2422 1525
27
50  NJST 3425 3213
30  NC 3567 1477
10  NJST 3872 3191
28
50  NC 4119 1533
30  NC 4179 1471
10  NJST 4575 3236
29
50  NC 3790 1470
30  NJST 3852 3231
10  NC 4284 1506
30
50  NC 4540 1537
30  NC 4856 1524
10  NC 5037 1508
31
80  NJST 3781 3234
40  NC 3954 1497
0  NJST 4162 3211
32
80  NC 3181 1492
40  NC 3437 1509
0  NJST 3987 3230
33
80  NC 2860 1516
40  NC 2900 1515
0  NC 2912 1510
34
80  NC 2659 1530
40  NC 3803 1487
35
50  NC 1873 1485
30  NJST 2103 3229
10  NC 2172 1472
36
50  NJST 2091 3226
30  NC 2300 1525
10  NC 2389 1532
37
50  NJST 3407 3206
30  NJST 3522 3238
10  NJST 3778 3224
38
50  NC 3571 1517
30  NC 4003 1471
39
50  NC 3541 1470
30  NJST 3557 3231
10  NC 3618 1476
40
50  NC 4068 1537
30  NC 4128 1514
41
50  NJST 3315 3234
30  NC 3763 1497
10  NJST 4063 3240
42
50  NC 2993 1483
30  NC 3113 1492
10  NC 3359 1509
43
50  NC 3047 1516
30  NJST 3128 3219
10  NC 3862 1515
44
50  NC 2992 1494
30  NC 3066 1489
10  NJST 3275 3225
45
50  NC 2462 1474
30  NC 2653 1472
10  NJST 2662 3194
46
50  NC 2525 1532
30  NJST 3038 3221
10  NC 3342 1469
47
50  NJST 4290 3224
30  NC 4322 1477
10  NC 4701 1519
48
50  NC 4507 1517
30  NC 5165 1502
10  NJST 5291 3214
49
50  NC 4160 1476
30  NJST 4193 3231
10  NC 5303 1468
50
50  NC 4410 1524
30  NC 5575 1508
10  NC 5723 1480
51
50  NJST 4359 3211
30  NJST 4675 3240
10  NC 4844 1505
52
50  NC 3615 1483
30  NC 3750 1492
10  NJST 3787 3230
54
50  NC 9591 1764
30  NJST 10675 1997
55
50  NC 18144 1766
30  NJST 19643 1998
56
50  NC 18106 1768
30  NJST 22728 1999
57
50  NJST 12482 2000
30  NC 15191 1770
58
50  NC 14393 1772
30  NJST 18127 2002
59
50  NC 14019 1773
60
50  NC 14844 1774
61
50  NC 14235 1775
SCORE:NJST,NC,1830,3310,-148.0
