NSC-WV
1
50  WV 9634 3126
30  NSC 10734 638
10  WV 10830 3164
2
50  WV 9582 3183
30  WV 10834 3137
10  NSC 10994 632
3
50  NSC 7928 660
30  WV 8547 3175
10  NSC 9897 673
4
50  WV 9062 3187
30  NSC 10388 671
10  WV 10928 3153
5
50  NSC 7594 612
30  WV 8203 3127
10  NSC 9172 625
6
50  NSC 7116 595
30  WV 8053 3169
10  NSC 8581 601
7
50  NSC 7146 664
30  WV 7778 3180
10  NSC 7884 584
8
50  NSC 6128 586
30  NSC 7101 569
10  NSC 7756 624
9
50  NSC 2872 634
30  WV 2925 3155
10  NSC 3075 651
10
50  NSC 3440 644
30  NSC 3666 630
10  WV 4763 3145
11
50  WV 1953 3125
30  NSC 2137 672
10  NSC 2175 643
12
50  NSC 2081 606
30  WV 2122 3186
10  WV 2162 3157
13
50  WV 3669 3126
30  NSC 4031 640
10  NSC 4131 638
14
50  NSC 3841 627
30  WV 3866 3137
10  WV 4043 3183
15
50  WV 3300 3175
30  NSC 3797 635
10  NSC 3807 576
16
50  NSC 3888 642
30  NSC 4300 613
10  WV 4490 3153
17
50  NSC 7472 656
30  NSC 8125 669
10  NSC 8218 604
18
50  WV 7144 3169
30  NSC 7620 617
10  NSC 7872 589
19
50  NSC 6697 573
30  WV 6813 3180
10  NSC 7000 584
20
50  NSC 5459 586
30  NSC 5678 661
10  NSC 6572 605
21
50  NSC 3888 634
30  WV 4028 3155
10  NSC 4450 651
22
50  NSC 4485 644
30  WV 5456 3161
10  NSC 5784 654
23
50  WV 2531 3125
30  NSC 2553 643
10  NSC 2566 665
24
50  NSC 2825 606
30  WV 2869 3157
10  NSC 3006 578
25
50  NSC 2138 638
30  NSC 2170 666
10  NSC 2409 616
26
50  NSC 2112 627
30  WV 2374 3128
10  NSC 2384 677
27
50  NSC 3566 660
30  WV 3719 3175
10  NSC 4984 649
28
50  NSC 4747 642
30  NSC 5616 613
10  NSC 6914 639
29
50  NSC 3691 612
30  WV 3922 3127
10  NSC 4012 656
30
50  NSC 4118 592
30  NSC 4137 617
10  NSC 4447 589
31
80  NSC 3358 664
40  NSC 3612 594
0  NSC 3720 573
32
80  NSC 2969 586
40  NSC 3428 569
0  NSC 3500 605
33
80  NSC 2650 665
40  NSC 2703 672
0  NSC 2825 603
34
80  NSC 2619 606
40  WV 3246 3157
0  WV 3944 3148
35
50  WV 2047 3126
30  NSC 2060 640
10  WV 2066 3164
36
50  WV 2003 3183
30  NSC 2269 631
10  NSC 2356 633
37
50  NSC 3546 660
30  NSC 4490 576
10  NSC 4800 673
38
50  NSC 5213 671
30  WV 5762 3153
39
50  WV 3641 3127
30  NSC 3901 656
10  WV 4318 3188
40
50  WV 3619 3169
30  NSC 3934 601
10  NSC 3941 592
41
50  NSC 3315 573
30  NSC 3440 567
10  NSC 3545 584
42
50  NSC 2939 661
30  NSC 3104 591
10  NSC 3250 624
43
50  NSC 2800 672
30  WV 3034 3125
10  NSC 3390 626
44
50  NSC 2832 621
30  WV 2947 3186
10  WV 4212 3168
45
50  WV 2325 3173
30  NSC 2497 640
10  WV 2512 3154
46
50  NSC 2409 632
30  NSC 2559 622
10  WV 2850 3138
47
50  WV 4675 3175
30  NSC 5122 593
10  NSC 5138 572
48
50  NSC 5044 671
30  NSC 5400 613
10  WV 5571 3153
49
50  NSC 4059 612
30  WV 4422 3127
10  NSC 4425 625
50
50  NSC 3590 595
30  WV 4337 3169
10  NSC 4453 592
51
50  NSC 3763 664
30  NSC 4044 567
10  NSC 4137 594
52
50  NSC 3544 661
30  NSC 3844 569
10  WV 4388 3178
53
50  NSC 15700 1685
30  WV 28353 1996
54
50  WV 9372 1991
30  NSC 9860 1672
55
50  WV 16756 1993
30  NSC 20914 1675
56
50  WV 16555 1994
30  NSC 17615 1677
57
50  NSC 15450 1679
59
50  NSC 14494 1682
60
50  NSC 12959 1683
61
50  NSC 12194 1684
30  WV 13737 1995
SCORE:NSC,WV,3660,1680,198.0
