NSC-WRC
1
50  NSC 10734 638
30  WRC 10759 2171
10  NSC 10903 666
2
50  WRC 10377 2161
30  NSC 10994 632
10  NSC 11871 607
3
50  NSC 7928 660
30  WRC 8371 2156
10  WRC 9470 2151
4
50  WRC 10200 2180
30  NSC 10388 671
10  WRC 10965 2188
5
50  NSC 7594 612
30  WRC 8003 2147
10  NSC 9172 625
6
50  NSC 7116 595
30  WRC 7619 2174
10  NSC 8581 601
7
50  NSC 7146 664
30  NSC 7884 584
10  WRC 8182 2146
8
50  NSC 6128 586
30  NSC 7101 569
10  WRC 7292 2182
9
50  NSC 2872 634
30  NSC 3075 651
10  WRC 3100 2162
10
50  NSC 3440 644
30  NSC 3666 630
10  WRC 3732 2165
11
50  WRC 1881 2176
30  WRC 1968 2196
10  NSC 2137 672
12
50  NSC 2081 606
30  WRC 2313 2150
10  NSC 2541 657
13
50  WRC 3889 2175
30  NSC 4031 640
10  NSC 4131 638
14
50  NSC 3841 627
30  NSC 4163 677
10  WRC 4383 2191
15
50  WRC 3553 2167
30  WRC 3638 2151
10  WRC 3659 2152
16
50  NSC 3888 642
30  NSC 4300 613
10  WRC 4440 2188
17
50  WRC 6896 2147
30  WRC 7375 2153
10  WRC 7397 2178
18
50  WRC 6674 2174
30  WRC 7522 2189
10  NSC 7620 617
19
50  NSC 6697 573
30  WRC 6727 2145
10  NSC 7000 584
20
50  NSC 5459 586
30  NSC 5678 661
10  WRC 6001 2181
21
50  WRC 3722 2162
30  NSC 3888 634
10  NSC 4450 651
22
50  NSC 4485 644
30  WRC 4550 2165
10  NSC 5784 654
23
50  WRC 2194 2196
30  NSC 2553 643
10  NSC 2566 665
24
50  NSC 2825 606
30  NSC 3006 578
10  NSC 3125 614
25
50  NSC 2138 638
30  NSC 2170 666
10  WRC 2256 2171
26
50  WRC 2103 2161
30  NSC 2112 627
10  WRC 2347 2191
27
50  NSC 3566 660
30  WRC 4144 2151
10  WRC 4376 2167
28
50  NSC 4747 642
30  NSC 5616 613
10  WRC 5894 2188
29
50  WRC 3476 2178
30  NSC 3691 612
10  WRC 4006 2153
30
50  WRC 3546 2174
30  NSC 4118 592
10  NSC 4137 617
31
80  NSC 3358 664
40  NSC 3612 594
0  NSC 3720 573
32
80  NSC 2969 586
40  WRC 3201 2181
0  NSC 3428 569
33
80  WRC 2358 2196
40  WRC 2458 2176
0  NSC 2650 665
34
80  NSC 2619 606
35
50  WRC 1814 2175
30  NSC 2060 640
10  NSC 2512 618
36
50  WRC 2018 2161
30  NSC 2269 631
10  NSC 2356 633
37
50  NSC 3546 660
30  WRC 3987 2156
10  WRC 4400 2167
38
50  NSC 5213 671
39
50  WRC 3559 2178
30  WRC 3650 2153
10  NSC 3901 656
40
50  WRC 3512 2174
30  NSC 3934 601
10  NSC 3941 592
41
50  NSC 3315 573
30  NSC 3440 567
10  WRC 3456 2145
42
50  NSC 2939 661
30  WRC 3052 2182
10  WRC 3094 2181
43
50  WRC 2683 2176
30  NSC 2800 672
10  WRC 3264 2184
44
50  NSC 2832 621
30  NSC 4644 614
45
50  NSC 2497 640
30  NSC 2538 666
10  WRC 2627 2171
46
50  NSC 2409 632
30  WRC 2445 2161
10  WRC 2487 2191
47
50  WRC 4069 2156
30  NSC 5122 593
10  NSC 5138 572
48
50  WRC 4896 2188
30  NSC 5044 671
10  NSC 5400 613
49
50  NSC 4059 612
30  WRC 4226 2147
10  NSC 4425 625
50
50  NSC 3590 595
30  WRC 4032 2189
10  NSC 4453 592
51
50  NSC 3763 664
30  WRC 3802 2145
10  NSC 4044 567
52
50  NSC 3544 661
30  WRC 3662 2177
10  NSC 3844 569
53
50  NSC 15700 1685
54
50  WRC 9339 1855
30  NSC 9860 1672
55
50  WRC 20388 1858
30  NSC 20914 1675
56
50  NSC 17615 1677
57
50  WRC 14518 1859
30  NSC 15450 1679
59
50  WRC 13206 1860
30  NSC 14494 1682
60
50  NSC 12959 1683
61
50  NSC 12194 1684
30  WRC 13246 1861
SCORE:NSC,WRC,3100,2160,94.0
