NSC-WST
1
50  WST 9560 1393
30  WST 10214 1445
10  NSC 10734 638
2
50  WST 10409 1384
30  NSC 10994 632
10  NSC 11871 607
3
50  NSC 7928 660
30  WST 9201 1410
10  WST 9728 1391
4
50  WST 8631 1444
30  NSC 10388 671
10  WST 13321 1412
5
50  NSC 7594 612
30  WST 7806 1401
10  WST 8877 1387
6
50  NSC 7116 595
30  NSC 8581 601
10  NSC 8669 589
7
50  NSC 7146 664
30  NSC 7884 584
10  WST 9084 1399
8
50  NSC 6128 586
30  WST 6800 1380
10  NSC 7101 569
9
50  NSC 2872 634
30  NSC 3075 651
10  NSC 3385 674
10
50  NSC 3440 644
30  WST 3581 1423
10  NSC 3666 630
11
50  WST 1954 1411
30  NSC 2137 672
10  NSC 2175 643
12
50  WST 1846 1421
30  NSC 2081 606
10  WST 2390 1388
13
50  NSC 4031 640
30  WST 4119 1445
10  NSC 4131 638
14
50  NSC 3841 627
30  WST 3938 1384
10  NSC 4163 677
15
50  WST 3622 1448
30  WST 3751 1410
10  NSC 3797 635
16
50  WST 3387 1444
30  NSC 3888 642
10  NSC 4300 613
17
50  NSC 7472 656
30  WST 7747 1425
10  WST 7844 1456
18
50  NSC 7620 617
30  NSC 7872 589
10  WST 7996 1370
19
50  NSC 6697 573
30  NSC 7000 584
10  WST 7150 1461
20
50  NSC 5459 586
30  NSC 5678 661
10  WST 5963 1380
21
50  NSC 3888 634
30  NSC 4450 651
10  NSC 4558 575
22
50  WST 3468 1423
30  NSC 4485 644
10  WST 4919 1405
23
50  NSC 2553 643
30  WST 2557 1389
10  NSC 2566 665
24
50  WST 2217 1421
30  NSC 2825 606
10  NSC 3006 578
25
50  WST 2062 1393
30  NSC 2138 638
10  NSC 2170 666
26
50  NSC 2112 627
30  WST 2282 1392
10  NSC 2384 677
27
50  NSC 3566 660
30  WST 4415 1391
10  WST 4528 1410
28
50  NSC 4747 642
30  NSC 5616 613
10  WST 6243 1412
29
50  WST 3400 1401
30  NSC 3691 612
10  WST 3975 1387
30
50  NSC 4118 592
30  NSC 4137 617
10  WST 4352 1376
31
80  NSC 3358 664
40  NSC 3612 594
0  WST 3713 1461
32
80  NSC 2969 586
40  NSC 3428 569
0  NSC 3500 605
33
80  WST 2529 1411
40  WST 2560 1389
0  NSC 2650 665
34
80  WST 2022 1421
40  NSC 2619 606
0  WST 4708 1372
35
50  WST 1716 1393
30  NSC 2060 640
10  WST 2115 1396
36
50  NSC 2269 631
30  NSC 2356 633
10  NSC 2844 568
37
50  NSC 3546 660
30  NSC 4490 576
10  WST 4690 1448
38
50  WST 4603 1444
30  NSC 5213 671
10  WST 6015 1412
39
50  WST 3694 1387
30  NSC 3901 656
10  WST 4081 1456
40
50  NSC 3934 601
30  NSC 3941 592
10  NSC 4331 570
41
50  NSC 3315 573
30  NSC 3440 567
10  NSC 3545 584
42
50  WST 2927 1380
30  NSC 2939 661
10  NSC 3104 591
43
50  WST 2528 1411
30  NSC 2800 672
10  WST 3299 1455
44
50  NSC 2832 621
30  WST 3463 1421
10  WST 3545 1388
45
50  WST 2255 1445
30  WST 2335 1396
10  WST 2484 1379
46
50  NSC 2409 632
30  NSC 2559 622
10  WST 2591 1392
47
50  WST 4922 1409
30  WST 5107 1402
10  NSC 5122 593
48
50  WST 4406 1444
30  NSC 5044 671
10  NSC 5400 613
49
50  NSC 4059 612
30  WST 4372 1456
10  NSC 4425 625
50
50  NSC 3590 595
30  NSC 4453 592
10  WST 5246 1460
51
50  NSC 3763 664
30  NSC 4044 567
10  NSC 4137 594
52
50  NSC 3544 661
30  NSC 3844 569
10  WST 4178 1463
53
50  NSC 15700 1685
30  WST 18453 1763
54
50  WST 8588 1752
30  NSC 9860 1672
55
50  WST 16994 1755
30  NSC 20914 1675
56
50  NSC 17615 1677
57
50  WST 15310 1758
30  NSC 15450 1679
59
50  WST 13947 1760
30  NSC 14494 1682
60
50  NSC 12959 1683
30  WST 14387 1761
61
50  NSC 12194 1684
30  WST 15394 1762
SCORE:NSC,WST,3250,2160,109.0
