NSC-FO
1
50  NSC 10734 638
30  FO 10771 2035
10  NSC 10903 666
2
50  FO 10637 2042
30  NSC 10994 632
10  FO 11528 2114
3
50  NSC 7928 660
30  FO 8237 2055
10  NSC 9897 673
4
50  FO 8422 2127
30  FO 9837 2079
10  NSC 10388 671
5
50  NSC 7594 612
30  FO 8487 2036
10  NSC 9172 625
6
50  NSC 7116 595
30  FO 8478 2053
10  NSC 8581 601
7
50  NSC 7146 664
30  FO 7744 2061
10  NSC 7884 584
8
50  NSC 6128 586
30  FO 6400 2077
10  FO 6997 2094
9
50  NSC 2872 634
30  NSC 3075 651
10  FO 3181 2050
10
50  FO 2470 2128
30  FO 2776 2049
10  NSC 3440 644
11
50  FO 2071 2043
30  FO 2090 2078
10  NSC 2137 672
12
50  FO 1906 2065
30  NSC 2081 606
10  FO 2293 2107
13
50  NSC 4031 640
30  NSC 4131 638
10  FO 4515 2110
14
50  NSC 3841 627
30  FO 4140 2042
10  NSC 4163 677
15
50  NSC 3797 635
30  NSC 3807 576
10  NSC 3847 593
16
50  FO 3571 2066
30  NSC 3888 642
10  FO 3901 2100
17
50  FO 7118 2036
30  NSC 7472 656
10  FO 7692 2071
18
50  FO 7319 2121
30  FO 7333 2053
10  NSC 7620 617
19
50  NSC 6697 573
30  FO 6721 2061
10  NSC 7000 584
20
50  NSC 5459 586
30  NSC 5678 661
10  FO 5738 2077
21
50  FO 3857 2050
30  NSC 3888 634
10  NSC 4450 651
22
50  FO 2925 2128
30  FO 3814 2049
10  NSC 4485 644
23
50  NSC 2553 643
30  NSC 2566 665
10  FO 2619 2139
24
50  FO 2552 2065
30  NSC 2825 606
10  FO 2965 2090
25
50  NSC 2138 638
30  NSC 2170 666
10  FO 2372 2074
26
50  NSC 2112 627
30  FO 2225 2048
10  FO 2312 2114
27
50  NSC 3566 660
30  FO 3759 2055
10  FO 4467 2109
28
50  FO 4134 2127
30  NSC 4747 642
10  FO 4991 2079
29
50  NSC 3691 612
30  NSC 4012 656
10  FO 4128 2067
30
50  NSC 4118 592
30  NSC 4137 617
10  FO 4253 2121
31
80  NSC 3358 664
40  NSC 3612 594
0  NSC 3720 573
32
80  NSC 2969 586
40  FO 3047 2077
0  FO 3414 2076
33
80  FO 2181 2139
40  FO 2381 2078
0  NSC 2650 665
34
80  NSC 2619 606
40  FO 3806 2120
35
50  NSC 2060 640
30  FO 2208 2035
10  NSC 2512 618
36
50  FO 2122 2104
30  FO 2222 2048
10  NSC 2269 631
37
50  NSC 3546 660
30  NSC 4490 576
10  FO 4659 2109
38
50  FO 4043 2127
30  NSC 5213 671
10  FO 5475 2079
39
50  FO 3744 2036
30  NSC 3901 656
10  FO 3968 2060
40
50  FO 3906 2053
30  NSC 3934 601
10  NSC 3941 592
41
50  NSC 3315 573
30  NSC 3440 567
10  FO 3459 2061
42
50  FO 2884 2094
30  NSC 2939 661
10  NSC 3104 591
43
50  FO 2740 2139
30  NSC 2800 672
10  NSC 3390 626
44
50  NSC 2832 621
30  NSC 4644 614
45
50  NSC 2497 640
30  NSC 2538 666
10  NSC 2752 610
46
50  NSC 2409 632
30  FO 2462 2104
10  FO 2484 2130
47
50  FO 4008 2055
30  NSC 5122 593
10  NSC 5138 572
48
50  FO 4576 2066
30  NSC 5044 671
10  NSC 5400 613
49
50  NSC 4059 612
30  NSC 4425 625
10  FO 4431 2092
50
50  NSC 3590 595
30  FO 4110 2053
10  NSC 4453 592
51
50  NSC 3763 664
30  FO 3932 2061
10  NSC 4044 567
52
50  FO 3541 2077
30  NSC 3544 661
10  FO 3725 2094
53
50  FO 14008 1854
30  NSC 15700 1685
54
50  FO 9738 1838
30  NSC 9860 1672
55
50  FO 19576 1843
30  NSC 20914 1675
56
50  NSC 17615 1677
30  FO 18719 1846
57
50  FO 15307 1849
30  NSC 15450 1679
58
50  FO 14984 1850
59
50  NSC 14494 1682
30  FO 15100 1853
60
50  NSC 12959 1683
61
50  NSC 12194 1684
SCORE:NSC,FO,3030,2390,64.0
