NSC-WM
1
50  NSC 10734 638
30  NSC 10903 666
10  WM 11381 409
2
50  WM 9257 442
30  WM 10290 397
10  NSC 10994 632
3
50  NSC 7928 660
30  WM 9647 413
10  NSC 9897 673
4
50  WM 8102 420
30  NSC 10388 671
10  WM 10572 426
5
50  NSC 7594 612
30  WM 7746 354
10  WM 8813 396
6
50  NSC 7116 595
30  NSC 8581 601
10  NSC 8669 589
7
50  NSC 7146 664
30  WM 7315 362
10  WM 7745 395
8
50  NSC 6128 586
30  WM 6781 429
10  NSC 7101 569
9
50  WM 2723 424
30  NSC 2872 634
10  NSC 3075 651
10
50  WM 2822 399
30  NSC 3440 644
10  WM 3653 438
11
50  NSC 2137 672
30  NSC 2175 643
10  WM 2259 410
12
50  WM 1872 422
30  WM 2007 398
10  NSC 2081 606
13
50  NSC 4031 640
30  WM 4088 368
10  NSC 4131 638
14
50  WM 3604 344
30  WM 3605 370
10  WM 3615 442
15
50  WM 3354 413
30  WM 3712 392
10  WM 3790 421
16
50  WM 3172 419
30  WM 3212 420
10  WM 3678 376
17
50  WM 6889 447
30  NSC 7472 656
10  WM 7740 444
18
50  WM 6745 449
30  NSC 7620 617
10  WM 7763 417
19
50  WM 6491 362
30  NSC 6697 573
10  WM 6744 395
20
50  NSC 5459 586
30  NSC 5678 661
10  WM 6571 418
21
50  WM 3807 424
30  NSC 3888 634
10  WM 4444 369
22
50  WM 3663 399
30  WM 3854 438
10  NSC 4485 644
23
50  NSC 2553 643
30  NSC 2566 665
10  NSC 2839 648
24
50  WM 2235 422
30  WM 2456 398
10  NSC 2825 606
25
50  NSC 2138 638
30  NSC 2170 666
10  WM 2297 368
26
50  WM 1956 357
30  WM 2032 442
10  NSC 2112 627
27
50  NSC 3566 660
30  WM 4469 421
10  NSC 4984 649
28
50  WM 3978 419
30  WM 4551 426
10  NSC 4747 642
29
50  WM 3591 447
30  WM 3647 354
10  NSC 3691 612
30
50  WM 3774 449
30  NSC 4118 592
10  NSC 4137 617
31
80  WM 3342 362
40  NSC 3358 664
0  NSC 3612 594
32
80  NSC 2969 586
40  NSC 3428 569
0  NSC 3500 605
33
80  NSC 2650 665
40  NSC 2703 672
0  NSC 2825 603
34
80  WM 2535 422
40  NSC 2619 606
0  WM 3318 434
35
50  NSC 2060 640
30  WM 2172 368
10  WM 2301 435
36
50  WM 1782 370
30  WM 1856 344
10  NSC 2269 631
37
50  NSC 3546 660
30  WM 3887 413
10  NSC 4490 576
38
50  WM 3441 419
30  WM 5119 426
10  NSC 5213 671
39
50  WM 3809 447
30  NSC 3901 656
10  WM 3952 428
40
50  NSC 3934 601
30  NSC 3941 592
10  NSC 4331 570
41
50  NSC 3315 573
30  NSC 3440 567
10  NSC 3545 584
42
50  WM 2804 429
30  NSC 2939 661
10  WM 3032 418
43
50  NSC 2800 672
30  WM 2913 410
10  NSC 3390 626
44
50  NSC 2832 621
30  WM 3271 398
10  WM 3397 373
45
50  NSC 2497 640
30  NSC 2538 666
10  WM 2656 425
46
50  WM 2401 397
30  NSC 2409 632
10  WM 2450 361
47
50  NSC 5122 593
30  NSC 5138 572
10  NSC 5259 673
48
50  WM 4140 420
30  NSC 5044 671
10  NSC 5400 613
49
50  WM 3902 354
30  NSC 4059 612
10  WM 4207 396
50
50  NSC 3590 595
30  WM 4287 449
10  NSC 4453 592
51
50  NSC 3763 664
30  NSC 4044 567
10  NSC 4137 594
52
50  NSC 3544 661
30  WM 3656 429
10  NSC 3844 569
53
50  NSC 15700 1685
30  WM 18189 1662
54
50  NSC 9860 1672
30  WM 11382 1658
55
50  NSC 20914 1675
56
50  NSC 17615 1677
57
50  NSC 15450 1679
59
50  WM 14150 1660
30  NSC 14494 1682
60
50  NSC 12959 1683
61
50  NSC 12194 1684
30  WM 14309 1661
SCORE:NSC,WM,2830,2490,34.0
