NSC-TVT
1
50  NSC 10734 638
30  NSC 10903 666
10  TVT 11250 1868
2
50  TVT 9773 1951
30  TVT 10577 1856
10  NSC 10994 632
3
50  TVT 7662 1866
30  NSC 7928 660
10  TVT 8557 1845
4
50  TVT 9433 1917
30  NSC 10388 671
10  TVT 11734 1880
5
50  TVT 7571 1867
30  NSC 7594 612
10  NSC 9172 625
6
50  NSC 7116 595
30  TVT 7397 1888
10  TVT 7590 1911
7
50  NSC 7146 664
30  NSC 7884 584
10  TVT 9332 1900
8
50  NSC 6128 586
30  TVT 6297 1874
10  NSC 7101 569
9
50  NSC 2872 634
30  NSC 3075 651
10  NSC 3385 674
10
50  TVT 3245 1950
30  TVT 3347 1908
10  NSC 3440 644
11
50  NSC 2137 672
30  NSC 2175 643
10  TVT 2259 1952
12
50  TVT 2033 1946
30  NSC 2081 606
10  TVT 2513 1903
13
50  NSC 4031 640
30  TVT 4097 1868
10  NSC 4131 638
14
50  NSC 3841 627
30  TVT 3875 1951
10  TVT 4012 1879
15
50  TVT 3063 1866
30  TVT 3357 1845
10  NSC 3797 635
16
50  NSC 3888 642
30  TVT 4169 1880
10  NSC 4300 613
17
50  TVT 6991 1867
30  TVT 7376 1910
10  NSC 7472 656
18
50  TVT 6400 1911
30  TVT 6771 1888
10  NSC 7620 617
19
50  NSC 6697 573
30  NSC 7000 584
10  TVT 8321 1900
20
50  TVT 5377 1899
30  NSC 5459 586
10  NSC 5678 661
21
50  NSC 3888 634
30  NSC 4450 651
10  NSC 4558 575
22
50  TVT 3774 1908
30  TVT 4170 1950
10  NSC 4485 644
23
50  NSC 2553 643
30  NSC 2566 665
10  TVT 2634 1892
24
50  TVT 2567 1946
30  NSC 2825 606
10  NSC 3006 578
25
50  NSC 2138 638
30  NSC 2170 666
10  NSC 2409 616
26
50  NSC 2112 627
30  NSC 2384 677
10  TVT 2397 1898
27
50  NSC 3566 660
30  TVT 4013 1845
10  TVT 4915 1859
28
50  NSC 4747 642
30  TVT 5289 1880
10  NSC 5616 613
29
50  NSC 3691 612
30  TVT 3845 1910
10  NSC 4012 656
30
50  TVT 3535 1888
30  TVT 3733 1911
10  NSC 4118 592
31
80  NSC 3358 664
40  NSC 3612 594
0  NSC 3720 573
32
80  TVT 2849 1899
40  NSC 2969 586
0  NSC 3428 569
33
80  NSC 2650 665
40  NSC 2703 672
0  NSC 2825 603
34
80  NSC 2619 606
40  TVT 2670 1946
0  TVT 3389 1896
35
50  NSC 2060 640
30  TVT 2166 1868
10  NSC 2512 618
36
50  TVT 2050 1856
30  TVT 2078 1951
10  NSC 2269 631
37
50  TVT 3427 1866
30  NSC 3546 660
10  TVT 4109 1913
38
50  TVT 4381 1917
30  NSC 5213 671
10  TVT 7064 1848
39
50  TVT 3496 1867
30  NSC 3901 656
10  NSC 4338 669
40
50  TVT 3217 1888
30  NSC 3934 601
10  NSC 3941 592
41
50  NSC 3315 573
30  NSC 3440 567
10  NSC 3545 584
42
50  TVT 2764 1899
30  TVT 2776 1874
10  NSC 2939 661
43
50  NSC 2800 672
30  TVT 3133 1952
10  TVT 3244 1892
44
50  TVT 2528 1946
30  NSC 2832 621
10  TVT 3303 1896
45
50  NSC 2497 640
30  NSC 2538 666
10  NSC 2752 610
46
50  NSC 2409 632
30  NSC 2559 622
10  TVT 2600 1856
47
50  TVT 4616 1913
30  TVT 4678 1916
10  NSC 5122 593
48
50  TVT 5013 1917
30  NSC 5044 671
10  NSC 5400 613
49
50  NSC 4059 612
30  TVT 4377 1910
10  NSC 4425 625
50
50  NSC 3590 595
30  TVT 3877 1911
10  NSC 4453 592
51
50  NSC 3763 664
30  NSC 4044 567
10  NSC 4137 594
52
50  TVT 3306 1874
30  NSC 3544 661
10  NSC 3844 569
53
50  NSC 15700 1685
30  TVT 16803 1828
54
50  NSC 9860 1672
30  TVT 12231 1815
55
50  TVT 19785 1818
30  NSC 20914 1675
56
50  TVT 17443 1820
30  NSC 17615 1677
57
50  TVT 14320 1822
30  NSC 15450 1679
58
50  TVT 17419 1825
59
50  NSC 14494 1682
30  TVT 15096 1826
60
50  NSC 12959 1683
61
50  NSC 12194 1684
30  TVT 13181 1827
SCORE:NSC,TVT,3040,2420,62.0
