NSC-SL
1
50  NSC 10734 638
30  NSC 10903 666
10  SL 11744 2907
2
50  SL 8346 2877
30  SL 8361 2923
10  NSC 10994 632
3
50  NSC 7928 660
30  SL 8950 2918
10  SL 9075 2884
4
50  SL 9534 2909
30  NSC 10388 671
5
50  SL 7340 2901
30  SL 7391 2928
10  NSC 7594 612
6
50  NSC 7116 595
30  SL 7120 2921
10  SL 7529 2886
7
50  NSC 7146 664
30  NSC 7884 584
8
50  NSC 6128 586
30  NSC 7101 569
10  SL 7163 2917
9
50  NSC 2872 634
30  NSC 3075 651
10  NSC 3385 674
10
50  NSC 3440 644
30  NSC 3666 630
10  SL 4113 2913
11
50  SL 1652 2876
30  SL 1699 2908
10  SL 1840 2885
12
50  SL 1650 2874
30  NSC 2081 606
10  SL 2522 2922
13
50  NSC 4031 640
30  NSC 4131 638
10  NSC 4587 618
14
50  SL 3409 2923
30  NSC 3841 627
10  NSC 4163 677
15
50  SL 3377 2884
30  SL 3550 2920
10  SL 3600 2918
16
50  SL 3384 2909
30  SL 3680 2880
10  NSC 3888 642
17
50  SL 6280 2928
30  SL 6354 2901
10  NSC 7472 656
18
50  SL 6249 2921
30  SL 6403 2883
10  SL 7270 2932
19
50  NSC 6697 573
30  NSC 7000 584
10  NSC 8369 663
20
50  NSC 5459 586
30  NSC 5678 661
10  SL 5976 2917
21
50  NSC 3888 634
30  NSC 4450 651
10  NSC 4558 575
22
50  NSC 4485 644
30  NSC 5784 654
23
50  SL 1968 2876
30  SL 2090 2908
10  SL 2282 2885
24
50  SL 2070 2874
30  NSC 2825 606
10  NSC 3006 578
25
50  NSC 2138 638
30  NSC 2170 666
10  NSC 2409 616
26
50  SL 1912 2877
30  SL 2043 2899
10  NSC 2112 627
27
50  NSC 3566 660
30  SL 4425 2918
10  SL 4534 2897
28
50  SL 4029 2909
30  NSC 4747 642
10  SL 5410 2880
29
50  SL 3388 2928
30  NSC 3691 612
10  NSC 4012 656
30
50  SL 3439 2883
30  NSC 4118 592
10  NSC 4137 617
31
80  NSC 3358 664
40  NSC 3612 594
0  NSC 3720 573
32
80  NSC 2969 586
40  SL 3410 2917
0  NSC 3428 569
33
80  SL 1860 2876
40  SL 2121 2908
0  SL 2362 2885
34
80  SL 2033 2874
40  NSC 2619 606
35
50  NSC 2060 640
30  SL 2492 2907
10  NSC 2512 618
36
50  SL 1757 2877
30  SL 2149 2899
10  NSC 2269 631
37
50  NSC 3546 660
30  SL 4031 2920
10  NSC 4490 576
38
50  SL 4922 2909
30  NSC 5213 671
10  SL 5777 2880
39
50  SL 3265 2928
30  SL 3427 2901
10  NSC 3901 656
40
50  NSC 3934 601
30  NSC 3941 592
10  NSC 4331 570
41
50  NSC 3315 573
30  NSC 3440 567
10  NSC 3545 584
42
50  SL 2859 2917
30  NSC 2939 661
10  NSC 3104 591
43
50  SL 2284 2876
30  SL 2790 2885
10  NSC 2800 672
44
50  SL 2286 2874
30  NSC 2832 621
10  NSC 4644 614
45
50  NSC 2497 640
30  NSC 2538 666
10  NSC 2752 610
46
50  SL 1938 2923
30  NSC 2409 632
10  SL 2446 2899
47
50  SL 4651 2912
30  SL 4742 2918
10  NSC 5122 593
48
50  NSC 5044 671
30  NSC 5400 613
10  NSC 5731 642
49
50  SL 3903 2901
30  NSC 4059 612
10  SL 4117 2916
50
50  SL 3447 2921
30  NSC 3590 595
10  SL 3884 2904
51
50  NSC 3763 664
30  NSC 4044 567
10  NSC 4137 594
52
50  NSC 3544 661
30  NSC 3844 569
10  NSC 4475 591
53
50  NSC 15700 1685
30  SL 23862 1969
54
50  NSC 9860 1672
30  SL 11727 1961
55
50  SL 20788 1963
30  NSC 20914 1675
56
50  SL 15044 1965
30  NSC 17615 1677
57
50  NSC 15450 1679
30  SL 15791 1966
59
50  NSC 14494 1682
30  SL 15156 1967
60
50  SL 12371 1968
30  NSC 12959 1683
61
50  NSC 12194 1684
SCORE:NSC,SL,2860,2520,34.0
