NSC-SPL
1
50  SPL 8802 1687
30  NSC 10734 638
10  NSC 10903 666
2
50  SPL 8844 1719
30  NSC 10994 632
10  NSC 11871 607
3
50  NSC 7928 660
30  SPL 8969 1739
10  NSC 9897 673
4
50  SPL 9290 1705
30  SPL 9620 1671
10  NSC 10388 671
5
50  NSC 7594 612
30  SPL 7969 1720
10  NSC 9172 625
6
50  NSC 7116 595
30  SPL 7284 1689
10  NSC 8581 601
7
50  NSC 7146 664
30  SPL 7357 1698
10  SPL 7863 1697
8
50  NSC 6128 586
30  NSC 7101 569
10  NSC 7756 624
9
50  NSC 2872 634
30  NSC 3075 651
10  NSC 3385 674
10
50  SPL 3256 1677
30  NSC 3440 644
10  NSC 3666 630
11
50  SPL 1950 1672
30  SPL 2012 1708
10  NSC 2137 672
12
50  NSC 2081 606
30  SPL 2437 1691
10  NSC 2541 657
13
50  SPL 3444 1687
30  NSC 4031 640
10  NSC 4131 638
14
50  SPL 3591 1719
30  SPL 3692 1670
10  NSC 3841 627
15
50  SPL 3532 1739
30  NSC 3797 635
10  NSC 3807 576
16
50  SPL 3479 1665
30  NSC 3888 642
10  SPL 4002 1679
17
50  SPL 6478 1718
30  NSC 7472 656
10  NSC 8125 669
18
50  SPL 6409 1689
30  NSC 7620 617
10  NSC 7872 589
19
50  SPL 6384 1698
30  NSC 6697 573
10  NSC 7000 584
20
50  NSC 5459 586
30  NSC 5678 661
10  NSC 6572 605
21
50  NSC 3888 634
30  SPL 4433 1722
10  NSC 4450 651
22
50  NSC 4485 644
30  SPL 5737 1677
10  NSC 5784 654
23
50  NSC 2553 643
30  SPL 2555 1708
10  NSC 2566 665
24
50  SPL 2646 1726
30  NSC 2825 606
10  NSC 3006 578
25
50  NSC 2138 638
30  NSC 2170 666
10  NSC 2409 616
26
50  SPL 1913 1719
30  NSC 2112 627
10  NSC 2384 677
27
50  NSC 3566 660
30  SPL 4400 1709
10  NSC 4984 649
28
50  NSC 4747 642
30  SPL 5351 1669
10  NSC 5616 613
29
50  NSC 3691 612
30  NSC 4012 656
10  NSC 4510 667
30
50  SPL 3484 1689
30  SPL 3934 1666
10  NSC 4118 592
31
80  NSC 3358 664
40  SPL 3483 1698
0  NSC 3612 594
32
80  NSC 2969 586
40  NSC 3428 569
0  NSC 3500 605
33
80  NSC 2650 665
40  NSC 2703 672
0  NSC 2825 603
34
80  NSC 2619 606
35
50  NSC 2060 640
30  SPL 2331 1690
10  SPL 2492 1713
36
50  SPL 1860 1670
30  NSC 2269 631
10  NSC 2356 633
37
50  NSC 3546 660
30  SPL 4055 1739
10  NSC 4490 576
38
50  SPL 3981 1705
30  SPL 4577 1671
10  SPL 4672 1679
39
50  SPL 3246 1718
30  SPL 3531 1720
10  NSC 3901 656
40
50  NSC 3934 601
30  NSC 3941 592
10  SPL 4193 1727
41
50  NSC 3315 573
30  SPL 3366 1697
10  NSC 3440 567
42
50  NSC 2939 661
30  NSC 3104 591
10  NSC 3250 624
43
50  SPL 2652 1672
30  NSC 2800 672
10  SPL 3321 1715
44
50  NSC 2832 621
30  SPL 3371 1699
10  SPL 3403 1726
45
50  SPL 2033 1687
30  NSC 2497 640
10  NSC 2538 666
46
50  NSC 2409 632
30  SPL 2422 1653
10  NSC 2559 622
47
50  SPL 5018 1652
30  NSC 5122 593
10  NSC 5138 572
48
50  NSC 5044 671
30  NSC 5400 613
10  SPL 5462 1700
49
50  NSC 4059 612
30  NSC 4425 625
10  NSC 4694 667
50
50  NSC 3590 595
30  NSC 4453 592
10  SPL 4475 1666
51
50  NSC 3763 664
30  NSC 4044 567
10  NSC 4137 594
52
50  NSC 3544 661
30  NSC 3844 569
10  NSC 4475 591
53
50  NSC 15700 1685
30  SPL 18907 1804
54
50  SPL 9289 1796
30  NSC 9860 1672
55
50  SPL 20778 1798
30  NSC 20914 1675
56
50  NSC 17615 1677
57
50  NSC 15450 1679
30  SPL 17312 1800
58
50  SPL 15425 1801
59
50  SPL 13914 1802
30  NSC 14494 1682
60
50  NSC 12959 1683
61
50  NSC 12194 1684
30  SPL 13256 1803
SCORE:NSC,SPL,3290,2100,119.0
