NSC-NC
1
50  NC 9537 1485
30  NSC 10734 638
10  NSC 10903 666
2
50  NC 10859 1532
30  NSC 10994 632
10  NSC 11871 607
3
50  NC 7906 1477
30  NSC 7928 660
10  NC 9235 1504
4
50  NC 8479 1533
30  NC 9094 1471
10  NSC 10388 671
5
50  NSC 7594 612
30  NC 8092 1476
10  NC 9066 1506
6
50  NSC 7116 595
30  NSC 8581 601
10  NSC 8669 589
7
50  NSC 7146 664
30  NSC 7884 584
10  NC 8569 1497
8
50  NSC 6128 586
30  NSC 7101 569
10  NC 7103 1483
9
50  NSC 2872 634
30  NC 2950 1526
10  NSC 3075 651
10
50  NSC 3440 644
30  NSC 3666 630
10  NSC 4779 654
11
50  NC 2056 1515
30  NSC 2137 672
10  NSC 2175 643
12
50  NSC 2081 606
30  NC 2144 1487
10  NC 2181 1530
13
50  NSC 4031 640
30  NSC 4131 638
10  NC 4184 1474
14
50  NSC 3841 627
30  NSC 4163 677
10  NC 4309 1528
15
50  NC 3160 1477
30  NC 3698 1522
10  NSC 3797 635
16
50  NC 3250 1517
30  NC 3447 1533
10  NSC 3888 642
17
50  NC 7388 1470
30  NSC 7472 656
10  NSC 8125 669
18
50  NSC 7620 617
30  NC 7797 1537
10  NSC 7872 589
19
50  NSC 6697 573
30  NSC 7000 584
10  NC 7391 1497
20
50  NSC 5459 586
30  NSC 5678 661
10  NC 6181 1483
21
50  NSC 3888 634
30  NC 4007 1526
10  NSC 4450 651
22
50  NSC 4485 644
30  NSC 5784 654
23
50  NSC 2553 643
30  NSC 2566 665
10  NC 2606 1516
24
50  NC 2572 1487
30  NSC 2825 606
10  NSC 3006 578
25
50  NC 1994 1485
30  NSC 2138 638
10  NSC 2170 666
26
50  NSC 2112 627
30  NSC 2384 677
10  NC 2422 1525
27
50  NSC 3566 660
30  NC 3567 1477
10  NC 4549 1504
28
50  NC 4119 1533
30  NC 4179 1471
10  NSC 4747 642
29
50  NSC 3691 612
30  NC 3790 1470
10  NSC 4012 656
30
50  NSC 4118 592
30  NSC 4137 617
10  NSC 4447 589
31
80  NSC 3358 664
40  NSC 3612 594
0  NSC 3720 573
32
80  NSC 2969 586
40  NC 3181 1492
0  NSC 3428 569
33
80  NSC 2650 665
40  NSC 2703 672
0  NSC 2825 603
34
80  NSC 2619 606
40  NC 2659 1530
0  NC 3803 1487
35
50  NC 1873 1485
30  NSC 2060 640
10  NC 2172 1472
36
50  NSC 2269 631
30  NC 2300 1525
10  NSC 2356 633
37
50  NSC 3546 660
30  NC 4296 1519
10  NC 4328 1504
38
50  NC 3571 1517
30  NC 4003 1471
10  NSC 5213 671
39
50  NC 3541 1470
30  NC 3618 1476
10  NC 3825 1506
40
50  NSC 3934 601
30  NSC 3941 592
10  NC 4068 1537
41
50  NSC 3315 573
30  NSC 3440 567
10  NSC 3545 584
42
50  NSC 2939 661
30  NC 2993 1483
10  NSC 3104 591
43
50  NSC 2800 672
30  NC 3047 1516
10  NSC 3390 626
44
50  NSC 2832 621
30  NC 2992 1494
10  NC 3066 1489
45
50  NC 2462 1474
30  NSC 2497 640
10  NSC 2538 666
46
50  NSC 2409 632
30  NC 2525 1532
10  NSC 2559 622
47
50  NC 4322 1477
30  NC 4701 1519
10  NC 4796 1522
48
50  NC 4507 1517
30  NSC 5044 671
10  NC 5165 1502
49
50  NSC 4059 612
30  NC 4160 1476
10  NSC 4425 625
50
50  NSC 3590 595
30  NC 4410 1524
10  NSC 4453 592
51
50  NSC 3763 664
30  NSC 4044 567
10  NSC 4137 594
52
50  NSC 3544 661
30  NC 3615 1483
10  NC 3750 1492
53
50  NSC 15700 1685
54
50  NC 9591 1764
30  NSC 9860 1672
55
50  NC 18144 1766
30  NSC 20914 1675
56
50  NSC 17615 1677
30  NC 18106 1768
57
50  NC 15191 1770
30  NSC 15450 1679
58
50  NC 14393 1772
59
50  NC 14019 1773
30  NSC 14494 1682
60
50  NSC 12959 1683
30  NC 14844 1774
61
50  NSC 12194 1684
30  NC 14235 1775
SCORE:NSC,NC,3290,2160,113.0
