NSC-HP
1
50  HP 9165 260
30  NSC 10734 638
10  NSC 10903 666
2
50  HP 9344 328
30  HP 9725 237
10  NSC 10994 632
3
50  HP 7550 269
30  NSC 7928 660
10  HP 9669 332
4
50  HP 7934 236
30  NSC 10388 671
10  HP 11247 225
5
50  HP 7225 290
30  NSC 7594 612
10  HP 8263 234
6
50  NSC 7116 595
30  HP 7203 256
10  HP 8175 244
7
50  NSC 7146 664
30  HP 7603 220
10  NSC 7884 584
8
50  NSC 6128 586
30  NSC 7101 569
10  HP 7391 303
9
50  NSC 2872 634
30  NSC 3075 651
10  NSC 3385 674
10
50  HP 3084 255
30  NSC 3440 644
10  NSC 3666 630
11
50  NSC 2137 672
30  HP 2162 338
10  NSC 2175 643
12
50  NSC 2081 606
30  HP 2334 331
10  HP 2456 300
13
50  HP 3703 211
30  NSC 4031 640
10  NSC 4131 638
14
50  HP 3725 237
30  NSC 3841 627
10  HP 4106 283
15
50  HP 3207 330
30  HP 3650 335
10  HP 3719 332
16
50  HP 3135 236
30  HP 3422 254
10  NSC 3888 642
17
50  HP 6384 290
30  NSC 7472 656
10  HP 8007 235
18
50  NSC 7620 617
30  HP 7653 241
10  NSC 7872 589
19
50  NSC 6697 573
30  NSC 7000 584
10  NSC 8369 663
20
50  NSC 5459 586
30  HP 5659 308
10  NSC 5678 661
21
50  NSC 3888 634
30  NSC 4450 651
10  NSC 4558 575
22
50  HP 2850 227
30  HP 3722 255
10  NSC 4485 644
23
50  NSC 2553 643
30  NSC 2566 665
10  HP 2685 229
24
50  HP 2787 331
30  NSC 2825 606
10  HP 2850 227
25
50  HP 1963 260
30  NSC 2138 638
10  NSC 2170 666
26
50  NSC 2112 627
30  NSC 2384 677
10  NSC 2456 622
27
50  NSC 3566 660
30  HP 3568 269
10  HP 3894 330
28
50  HP 4231 254
30  NSC 4747 642
10  HP 5281 225
29
50  NSC 3691 612
30  HP 3984 235
10  NSC 4012 656
30
50  HP 3275 268
30  HP 4110 288
10  NSC 4118 592
31
80  NSC 3358 664
40  NSC 3612 594
0  HP 3625 220
32
80  HP 2865 308
40  NSC 2969 586
0  NSC 3428 569
33
80  HP 2600 338
40  HP 2612 214
0  NSC 2650 665
34
80  NSC 2619 606
40  HP 2722 227
0  HP 3031 331
35
50  HP 1863 260
30  HP 1960 211
10  NSC 2060 640
36
50  HP 1747 328
30  HP 2134 283
10  NSC 2269 631
37
50  HP 3265 269
30  NSC 3546 660
10  HP 4228 332
38
50  HP 3428 236
30  NSC 5213 671
10  HP 6200 317
39
50  HP 3072 290
30  HP 3618 234
10  HP 3833 316
40
50  HP 3075 256
30  HP 3638 244
10  HP 3778 241
41
50  NSC 3315 573
30  NSC 3440 567
10  NSC 3545 584
42
50  HP 2698 308
30  NSC 2939 661
10  HP 3059 303
43
50  NSC 2800 672
30  HP 2884 229
10  NSC 3390 626
44
50  NSC 2832 621
30  HP 3416 227
10  HP 3853 261
45
50  HP 2439 211
30  NSC 2497 640
10  NSC 2538 666
46
50  NSC 2409 632
30  NSC 2559 622
10  HP 2560 282
47
50  HP 4525 330
30  HP 4844 335
10  HP 4938 213
48
50  NSC 5044 671
30  HP 5325 276
10  HP 5327 254
49
50  NSC 4059 612
30  NSC 4425 625
10  HP 4641 234
50
50  NSC 3590 595
30  HP 3669 268
10  HP 4369 288
51
50  NSC 3763 664
30  HP 3997 220
10  NSC 4044 567
52
50  NSC 3544 661
30  HP 3687 312
10  HP 3715 289
53
50  NSC 15700 1685
30  HP 18604 1656
54
50  NSC 9860 1672
30  HP 10553 1642
55
50  HP 18650 1644
30  NSC 20914 1675
56
50  HP 15963 1646
30  NSC 17615 1677
57
50  NSC 15450 1679
30  HP 17031 1647
58
50  HP 17835 1649
59
50  NSC 14494 1682
30  HP 15187 1650
60
50  HP 12150 1651
30  NSC 12959 1683
61
50  NSC 12194 1684
30  HP 13259 1653
SCORE:NSC,HP,2680,2810,-13.0
