NSC-SH
1
50  SH 10278 2639
30  NSC 10734 638
10  NSC 10903 666
2
50  NSC 10994 632
30  NSC 11871 607
10  NSC 15677 668
3
50  NSC 7928 660
30  SH 8498 2619
10  SH 9564 2612
4
50  SH 9948 2647
30  NSC 10388 671
10  SH 12226 2625
5
50  NSC 7594 612
30  SH 7836 2618
10  SH 8931 2640
6
50  NSC 7116 595
30  NSC 8581 601
10  NSC 8669 589
7
50  NSC 7146 664
30  NSC 7884 584
10  SH 9090 2631
8
50  NSC 6128 586
30  SH 6485 2605
10  SH 7027 2613
9
50  NSC 2872 634
30  NSC 3075 651
10  NSC 3385 674
10
50  NSC 3440 644
30  NSC 3666 630
10  NSC 4779 654
11
50  SH 2056 2629
30  NSC 2137 672
10  NSC 2175 643
12
50  SH 2009 2642
30  NSC 2081 606
10  NSC 2541 657
13
50  SH 3852 2639
30  NSC 4031 640
10  NSC 4131 638
14
50  NSC 3841 627
30  NSC 4163 677
10  NSC 4425 622
15
50  SH 3463 2619
30  NSC 3797 635
10  NSC 3807 576
16
50  NSC 3888 642
30  SH 3946 2630
10  SH 4097 2636
17
50  SH 6858 2618
30  NSC 7472 656
10  SH 8035 2641
18
50  NSC 7620 617
30  NSC 7872 589
10  NSC 8006 570
19
50  NSC 6697 573
30  NSC 7000 584
10  SH 8136 2631
20
50  NSC 5459 586
30  NSC 5678 661
10  SH 5747 2605
21
50  NSC 3888 634
30  NSC 4450 651
10  NSC 4558 575
22
50  NSC 4485 644
30  NSC 5784 654
23
50  SH 2543 2629
30  NSC 2553 643
10  NSC 2566 665
24
50  NSC 2825 606
30  SH 2892 2642
10  NSC 3006 578
25
50  NSC 2138 638
30  NSC 2170 666
10  NSC 2409 616
26
50  NSC 2112 627
30  NSC 2384 677
10  NSC 2456 622
27
50  NSC 3566 660
30  SH 4434 2612
10  SH 4963 2608
28
50  SH 4732 2630
30  NSC 4747 642
10  SH 5383 2625
29
50  NSC 3691 612
30  SH 3769 2618
10  NSC 4012 656
30
50  NSC 4118 592
30  NSC 4137 617
10  NSC 4447 589
31
80  NSC 3358 664
40  NSC 3612 594
0  NSC 3720 573
32
80  NSC 2969 586
40  SH 3178 2605
0  NSC 3428 569
33
80  SH 2598 2629
40  NSC 2650 665
0  NSC 2703 672
34
80  NSC 2619 606
40  SH 2623 2642
35
50  NSC 2060 640
30  SH 2202 2638
10  SH 2288 2607
36
50  NSC 2269 631
30  NSC 2356 633
10  NSC 2844 568
37
50  NSC 3546 660
30  SH 3979 2619
10  NSC 4490 576
38
50  NSC 5213 671
30  SH 5382 2636
10  SH 5677 2625
39
50  SH 3807 2640
30  NSC 3901 656
10  SH 3932 2641
40
50  NSC 3934 601
30  NSC 3941 592
10  NSC 4331 570
41
50  NSC 3315 573
30  NSC 3440 567
10  NSC 3545 584
42
50  NSC 2939 661
30  SH 2953 2605
10  NSC 3104 591
43
50  NSC 2800 672
30  SH 2875 2629
10  NSC 3390 626
44
50  NSC 2832 621
30  SH 2983 2642
10  SH 3532 2644
45
50  SH 2408 2639
30  SH 2480 2603
10  NSC 2497 640
46
50  NSC 2409 632
30  NSC 2559 622
10  NSC 2878 607
47
50  SH 4632 2619
30  NSC 5122 593
10  NSC 5138 572
48
50  NSC 5044 671
30  NSC 5400 613
10  NSC 5731 642
49
50  NSC 4059 612
30  NSC 4425 625
10  SH 4600 2640
50
50  NSC 3590 595
30  NSC 4453 592
51
50  NSC 3763 664
30  NSC 4044 567
10  NSC 4137 594
52
50  SH 3350 2613
30  NSC 3544 661
10  NSC 3844 569
53
50  NSC 15700 1685
54
50  NSC 9860 1672
30  SH 11370 1919
55
50  SH 19413 1921
30  NSC 20914 1675
56
50  NSC 17615 1677
57
50  NSC 15450 1679
58
50  SH 19108 1923
59
50  SH 13886 1924
30  NSC 14494 1682
60
50  NSC 12959 1683
61
50  NSC 12194 1684
SCORE:NSC,SH,3750,1570,218.0
