NSC-SHC
1
50  SHC 8773 492
30  SHC 10263 463
10  SHC 10669 513
2
50  SHC 10517 475
30  SHC 10644 539
10  NSC 10994 632
3
50  NSC 7928 660
30  SHC 8951 533
10  SHC 9627 514
4
50  SHC 7872 552
30  NSC 10388 671
5
50  NSC 7594 612
30  SHC 8052 501
10  NSC 9172 625
6
50  SHC 6757 549
30  NSC 7116 595
10  NSC 8581 601
7
50  NSC 7146 664
30  SHC 7710 459
10  SHC 7723 479
8
50  NSC 6128 586
30  NSC 7101 569
10  SHC 7306 502
9
50  NSC 2872 634
30  NSC 3075 651
10  NSC 3385 674
10
50  SHC 3037 565
30  NSC 3440 644
10  SHC 3619 471
11
50  NSC 2137 672
30  SHC 2143 564
10  NSC 2175 643
12
50  NSC 2081 606
30  NSC 2541 657
10  NSC 2725 578
13
50  SHC 3514 492
30  SHC 3799 547
10  SHC 3929 522
14
50  NSC 3841 627
30  NSC 4163 677
10  SHC 4207 537
15
50  SHC 3479 533
30  SHC 3687 514
10  NSC 3797 635
16
50  SHC 3036 552
30  NSC 3888 642
10  SHC 3941 542
17
50  SHC 7129 546
30  NSC 7472 656
10  SHC 7729 478
18
50  SHC 7143 493
30  NSC 7620 617
10  NSC 7872 589
19
50  SHC 6655 479
30  NSC 6697 573
10  SHC 6933 459
20
50  NSC 5459 586
30  NSC 5678 661
10  SHC 5949 490
21
50  SHC 2812 540
30  SHC 3757 481
10  NSC 3888 634
22
50  SHC 3253 565
30  SHC 3894 471
10  NSC 4485 644
23
50  SHC 2502 564
30  NSC 2553 643
10  NSC 2566 665
24
50  NSC 2825 606
30  SHC 2900 464
10  NSC 3006 578
25
50  SHC 2013 550
30  SHC 2044 513
10  NSC 2138 638
26
50  NSC 2112 627
30  NSC 2384 677
10  NSC 2456 622
27
50  NSC 3566 660
30  SHC 4386 533
10  SHC 4756 487
28
50  NSC 4747 642
30  SHC 4765 451
10  SHC 5445 525
29
50  SHC 3509 546
30  NSC 3691 612
10  NSC 4012 656
30
50  NSC 4118 592
30  NSC 4137 617
10  SHC 4305 493
31
80  NSC 3358 664
40  NSC 3612 594
0  SHC 3706 558
32
80  NSC 2969 586
40  SHC 3169 502
0  NSC 3428 569
33
80  NSC 2650 665
40  NSC 2703 672
0  NSC 2825 603
34
80  NSC 2619 606
40  SHC 3849 511
35
50  SHC 1906 463
30  NSC 2060 640
10  SHC 2377 524
36
50  SHC 2075 537
30  SHC 2173 539
10  NSC 2269 631
37
50  NSC 3546 660
30  SHC 4158 514
10  NSC 4490 576
38
50  SHC 3333 552
30  SHC 4793 525
10  NSC 5213 671
39
50  SHC 3290 501
30  SHC 3653 546
10  NSC 3901 656
40
50  SHC 2951 549
30  SHC 3667 493
10  NSC 3934 601
41
50  NSC 3315 573
30  SHC 3356 459
10  NSC 3440 567
42
50  SHC 2906 490
30  NSC 2939 661
10  SHC 3016 502
43
50  NSC 2800 672
30  SHC 3154 553
10  SHC 3207 469
44
50  NSC 2832 621
30  SHC 3788 464
10  NSC 4644 614
45
50  SHC 2141 550
30  NSC 2497 640
10  SHC 2513 522
46
50  SHC 2295 475
30  NSC 2409 632
10  SHC 2475 539
47
50  NSC 5122 593
30  NSC 5138 572
10  NSC 5259 673
48
50  NSC 5044 671
30  SHC 5134 542
10  NSC 5400 613
49
50  NSC 4059 612
30  NSC 4425 625
10  SHC 4671 478
50
50  SHC 3461 549
30  NSC 3590 595
10  NSC 4453 592
51
50  NSC 3763 664
30  NSC 4044 567
10  SHC 4114 458
52
50  NSC 3544 661
30  SHC 3760 490
10  SHC 3804 497
53
50  NSC 15700 1685
30  SHC 16298 1670
54
50  NSC 9860 1672
55
50  SHC 14927 1665
30  NSC 20914 1675
56
50  NSC 17615 1677
30  SHC 18851 1666
57
50  NSC 15450 1679
30  SHC 18766 1667
59
50  NSC 14494 1682
60
50  NSC 12959 1683
61
50  NSC 12194 1684
SCORE:NSC,SHC,2900,2410,49.0
