NSC-WCSC
1
50  WCSC 8690 844
30  WCSC 9353 884
10  NSC 10734 638
2
50  WCSC 10839 784
30  NSC 10994 632
10  NSC 11871 607
3
50  NSC 7928 660
30  WCSC 7943 800
10  WCSC 8633 883
4
50  WCSC 8409 810
30  WCSC 9688 775
10  NSC 10388 671
5
50  NSC 7594 612
30  WCSC 7784 895
10  NSC 9172 625
6
50  NSC 7116 595
30  WCSC 7896 776
10  NSC 8581 601
7
50  NSC 7146 664
30  NSC 7884 584
10  WCSC 8963 860
8
50  NSC 6128 586
30  NSC 7101 569
10  WCSC 7650 843
9
50  NSC 2872 634
30  NSC 3075 651
10  WCSC 3175 869
10
50  NSC 3440 644
30  WCSC 3536 830
10  NSC 3666 630
11
50  WCSC 1889 855
30  WCSC 2129 826
10  NSC 2137 672
12
50  WCSC 1740 870
30  WCSC 1904 877
10  NSC 2081 606
13
50  WCSC 3738 871
30  WCSC 3787 884
10  NSC 4031 640
14
50  NSC 3841 627
30  WCSC 4129 831
10  NSC 4163 677
15
50  WCSC 3219 896
30  WCSC 3312 840
10  WCSC 3557 883
16
50  WCSC 3434 775
30  WCSC 3517 863
10  WCSC 3730 847
17
50  WCSC 7082 859
30  WCSC 7348 845
10  NSC 7472 656
18
50  WCSC 6674 798
30  WCSC 6843 776
10  WCSC 7480 821
19
50  NSC 6697 573
30  NSC 7000 584
10  WCSC 7938 860
20
50  NSC 5459 586
30  NSC 5678 661
10  WCSC 6297 843
21
50  WCSC 3090 869
30  NSC 3888 634
10  WCSC 4438 872
22
50  NSC 4485 644
30  WCSC 4634 830
10  WCSC 5263 777
23
50  WCSC 2098 817
30  NSC 2553 643
10  NSC 2566 665
24
50  WCSC 1929 801
30  WCSC 2358 877
10  WCSC 2809 857
25
50  WCSC 2043 816
30  NSC 2138 638
10  NSC 2170 666
26
50  WCSC 2111 784
30  NSC 2112 627
10  NSC 2384 677
27
50  NSC 3566 660
30  WCSC 3813 800
10  NSC 4984 649
28
50  WCSC 4178 810
30  NSC 4747 642
10  WCSC 5603 847
29
50  WCSC 3500 895
30  NSC 3691 612
10  NSC 4012 656
30
50  WCSC 3909 821
30  NSC 4118 592
10  NSC 4137 617
31
80  NSC 3358 664
40  NSC 3612 594
0  NSC 3720 573
32
80  NSC 2969 586
40  NSC 3428 569
0  NSC 3500 605
33
80  WCSC 2225 826
40  WCSC 2500 817
0  NSC 2650 665
34
80  WCSC 2223 877
40  NSC 2619 606
0  WCSC 2855 857
35
50  WCSC 1938 871
30  NSC 2060 640
10  WCSC 2327 816
36
50  WCSC 2122 876
30  NSC 2269 631
10  NSC 2356 633
37
50  NSC 3546 660
30  WCSC 3982 840
10  NSC 4490 576
38
50  WCSC 4317 863
30  WCSC 4653 775
10  NSC 5213 671
39
50  WCSC 3434 859
30  NSC 3901 656
10  WCSC 4315 828
40
50  WCSC 3463 798
30  NSC 3934 601
10  NSC 3941 592
41
50  NSC 3315 573
30  NSC 3440 567
10  NSC 3545 584
42
50  NSC 2939 661
30  NSC 3104 591
10  WCSC 3134 787
43
50  WCSC 2682 855
30  NSC 2800 672
10  WCSC 3027 826
44
50  WCSC 2112 801
30  WCSC 2583 870
10  NSC 2832 621
45
50  WCSC 2151 844
30  NSC 2497 640
10  NSC 2538 666
46
50  WCSC 2403 831
30  NSC 2409 632
10  NSC 2559 622
47
50  WCSC 4162 896
30  NSC 5122 593
10  NSC 5138 572
48
50  WCSC 4555 810
30  NSC 5044 671
10  NSC 5400 613
49
50  NSC 4059 612
30  NSC 4425 625
10  WCSC 4656 845
50
50  NSC 3590 595
30  WCSC 4113 776
10  NSC 4453 592
51
50  NSC 3763 664
30  NSC 4044 567
10  NSC 4137 594
52
50  NSC 3544 661
30  NSC 3844 569
10  WCSC 3963 864
53
50  NSC 15700 1685
30  WCSC 16033 1707
54
50  WCSC 7650 1692
30  NSC 9860 1672
55
50  WCSC 16081 1695
30  NSC 20914 1675
56
50  NSC 17615 1677
30  WCSC 17798 1697
57
50  WCSC 13322 1699
30  NSC 15450 1679
58
50  WCSC 18199 1702
59
50  WCSC 13190 1703
30  NSC 14494 1682
60
50  NSC 12959 1683
30  WCSC 15089 1704
61
50  NSC 12194 1684
30  WCSC 12596 1705
SCORE:NSC,WCSC,2650,2840,-19.0
