NSC-WW
1
50  WW 9347 1645
30  NSC 10734 638
10  NSC 10903 666
2
50  NSC 10994 632
30  WW 11716 1597
10  NSC 11871 607
3
50  NSC 7928 660
30  WW 9519 1584
10  WW 9887 1634
4
50  NSC 10388 671
30  WW 10807 1577
10  WW 11487 1587
5
50  NSC 7594 612
30  WW 8091 1544
10  WW 8587 1626
6
50  NSC 7116 595
30  WW 7547 1643
10  NSC 8581 601
7
50  NSC 7146 664
30  WW 7781 1616
10  NSC 7884 584
8
50  NSC 6128 586
30  WW 6700 1585
10  NSC 7101 569
9
50  NSC 2872 634
30  NSC 3075 651
10  NSC 3385 674
10
50  WW 2803 1591
30  NSC 3440 644
10  NSC 3666 630
11
50  WW 1959 1580
30  WW 2100 1573
10  NSC 2137 672
12
50  NSC 2081 606
30  WW 2186 1619
10  WW 2438 1561
13
50  WW 3890 1589
30  NSC 4031 640
10  NSC 4131 638
14
50  NSC 3841 627
30  WW 4059 1552
10  NSC 4163 677
15
50  WW 3228 1625
30  WW 3729 1584
10  NSC 3797 635
16
50  WW 3762 1605
30  NSC 3888 642
10  WW 4147 1587
17
50  WW 6844 1581
30  WW 6869 1618
10  NSC 7472 656
18
50  WW 7106 1583
30  NSC 7620 617
10  NSC 7872 589
19
50  WW 6303 1551
30  NSC 6697 573
10  NSC 7000 584
20
50  NSC 5459 586
30  NSC 5678 661
10  WW 6309 1582
21
50  NSC 3888 634
30  WW 4309 1555
10  NSC 4450 651
22
50  NSC 4485 644
30  WW 5181 1591
10  WW 5769 1615
23
50  WW 2472 1580
30  NSC 2553 643
10  NSC 2566 665
24
50  NSC 2825 606
30  NSC 3006 578
10  NSC 3125 614
25
50  WW 2100 1645
30  NSC 2138 638
10  NSC 2170 666
26
50  NSC 2112 627
30  NSC 2384 677
10  WW 2428 1569
27
50  NSC 3566 660
30  WW 4756 1634
10  NSC 4984 649
28
50  WW 4644 1605
30  NSC 4747 642
10  WW 5342 1577
29
50  WW 3622 1618
30  NSC 3691 612
10  WW 3709 1595
30
50  WW 3488 1643
30  WW 3675 1583
10  NSC 4118 592
31
80  NSC 3358 664
40  WW 3531 1551
0  WW 3584 1616
32
80  NSC 2969 586
40  WW 3043 1585
0  NSC 3428 569
33
80  WW 2604 1573
40  NSC 2650 665
0  NSC 2703 672
34
80  NSC 2619 606
40  WW 3675 1635
35
50  WW 1864 1645
30  NSC 2060 640
10  NSC 2512 618
36
50  NSC 2269 631
30  NSC 2356 633
10  WW 2463 1639
37
50  NSC 3546 660
30  WW 3816 1625
10  WW 3966 1572
38
50  WW 4303 1636
30  NSC 5213 671
10  WW 5550 1577
39
50  WW 3473 1618
30  WW 3593 1581
10  WW 3706 1595
40
50  WW 3459 1643
30  NSC 3934 601
10  NSC 3941 592
41
50  NSC 3315 573
30  WW 3331 1616
10  NSC 3440 567
42
50  WW 2879 1585
30  NSC 2939 661
10  NSC 3104 591
43
50  WW 2591 1573
30  NSC 2800 672
10  WW 3260 1601
44
50  NSC 2832 621
30  WW 3581 1620
10  NSC 4644 614
45
50  WW 2350 1589
30  WW 2469 1638
10  NSC 2497 640
46
50  NSC 2409 632
30  NSC 2559 622
10  WW 2640 1552
47
50  WW 4207 1625
30  WW 4327 1572
10  WW 4363 1584
48
50  WW 4466 1636
30  NSC 5044 671
10  NSC 5400 613
49
50  WW 3978 1544
30  NSC 4059 612
10  WW 4063 1581
50
50  NSC 3590 595
30  WW 4181 1583
10  NSC 4453 592
51
50  NSC 3763 664
30  WW 3768 1551
10  NSC 4044 567
52
50  NSC 3544 661
30  WW 3665 1608
10  WW 3700 1582
53
50  WW 11534 1795
30  NSC 15700 1685
54
50  WW 9416 1776
30  NSC 9860 1672
55
50  WW 17160 1779
30  NSC 20914 1675
56
50  NSC 17615 1677
30  WW 18144 1782
57
50  WW 14228 1784
30  NSC 15450 1679
58
50  WW 20981 1788
59
50  WW 12400 1789
30  NSC 14494 1682
60
50  NSC 12959 1683
30  WW 13835 1791
61
50  WW 11479 1792
30  NSC 12194 1684
SCORE:NSC,WW,2740,2750,-1.0
