NSC-CVST
1
50  NSC 10734 638
30  NSC 10903 666
10  CVST 11587 2418
2
50  NSC 10994 632
30  NSC 11871 607
10  CVST 12734 2437
3
50  NSC 7928 660
30  NSC 9897 673
10  CVST 10802 2463
4
50  CVST 9787 2472
30  NSC 10388 671
10  CVST 10762 2415
5
50  NSC 7594 612
30  CVST 8095 2417
10  NSC 9172 625
6
50  NSC 7116 595
30  NSC 8581 601
10  NSC 8669 589
7
50  NSC 7146 664
30  NSC 7884 584
10  CVST 8300 2486
8
50  NSC 6128 586
30  NSC 7101 569
10  CVST 7131 2460
9
50  NSC 2872 634
30  NSC 3075 651
10  NSC 3385 674
10
50  NSC 3440 644
30  NSC 3666 630
10  CVST 4087 2450
11
50  CVST 2134 2473
30  NSC 2137 672
10  NSC 2175 643
12
50  CVST 2072 2430
30  NSC 2081 606
10  CVST 2494 2479
13
50  NSC 4031 640
30  NSC 4131 638
10  CVST 4397 2469
14
50  NSC 3841 627
30  NSC 4163 677
10  CVST 4356 2416
15
50  NSC 3797 635
30  NSC 3807 576
10  NSC 3847 593
16
50  NSC 3888 642
30  CVST 3974 2415
10  CVST 3988 2483
17
50  CVST 7332 2417
30  NSC 7472 656
10  NSC 8125 669
18
50  NSC 7620 617
30  NSC 7872 589
10  NSC 8006 570
19
50  NSC 6697 573
30  NSC 7000 584
10  CVST 7231 2447
20
50  NSC 5459 586
30  NSC 5678 661
10  CVST 6471 2460
21
50  NSC 3888 634
30  NSC 4450 651
10  NSC 4558 575
22
50  NSC 4485 644
30  NSC 5784 654
10  CVST 7122 2450
23
50  CVST 2512 2473
30  NSC 2553 643
10  NSC 2566 665
24
50  CVST 2544 2430
30  NSC 2825 606
10  NSC 3006 578
25
50  NSC 2138 638
30  NSC 2170 666
10  NSC 2409 616
26
50  NSC 2112 627
30  NSC 2384 677
10  CVST 2446 2466
27
50  NSC 3566 660
30  NSC 4984 649
10  CVST 4985 2448
28
50  NSC 4747 642
30  CVST 4787 2472
10  CVST 5099 2408
29
50  NSC 3691 612
30  NSC 4012 656
10  CVST 4394 2454
30
50  NSC 4118 592
30  NSC 4137 617
10  NSC 4447 589
31
80  NSC 3358 664
40  NSC 3612 594
0  NSC 3720 573
32
80  NSC 2969 586
40  NSC 3428 569
0  NSC 3500 605
33
80  CVST 2497 2473
40  NSC 2650 665
0  NSC 2703 672
34
80  NSC 2619 606
40  CVST 2670 2430
35
50  NSC 2060 640
30  CVST 2464 2418
10  NSC 2512 618
36
50  NSC 2269 631
30  NSC 2356 633
10  CVST 2475 2413
37
50  NSC 3546 660
30  NSC 4490 576
10  NSC 4800 673
38
50  NSC 5213 671
30  CVST 5369 2472
10  CVST 5604 2415
39
50  CVST 3459 2417
30  NSC 3901 656
10  NSC 4338 669
40
50  NSC 3934 601
30  NSC 3941 592
10  NSC 4331 570
41
50  NSC 3315 573
30  NSC 3440 567
10  NSC 3545 584
42
50  NSC 2939 661
30  NSC 3104 591
10  NSC 3250 624
43
50  NSC 2800 672
30  CVST 3090 2433
10  CVST 3214 2414
44
50  NSC 2832 621
30  CVST 3410 2429
10  NSC 4644 614
45
50  NSC 2497 640
30  NSC 2538 666
10  NSC 2752 610
46
50  NSC 2409 632
30  NSC 2559 622
10  CVST 2589 2437
47
50  NSC 5122 593
30  NSC 5138 572
10  NSC 5259 673
48
50  NSC 5044 671
30  CVST 5286 2408
10  NSC 5400 613
49
50  NSC 4059 612
30  CVST 4415 2417
10  NSC 4425 625
50
50  NSC 3590 595
30  NSC 4453 592
10  CVST 4978 2480
51
50  NSC 3763 664
30  NSC 4044 567
10  NSC 4137 594
52
50  CVST 3446 2460
30  NSC 3544 661
10  NSC 3844 569
53
50  NSC 15700 1685
54
50  CVST 9359 1890
30  NSC 9860 1672
55
50  CVST 19053 1892
30  NSC 20914 1675
56
50  NSC 17615 1677
30  CVST 18637 1894
57
50  NSC 15450 1679
30  CVST 17503 1896
58
50  CVST 17620 1898
59
50  NSC 14494 1682
30  CVST 17112 1900
60
50  NSC 12959 1683
30  CVST 15547 1901
61
50  NSC 12194 1684
30  CVST 12697 1902
SCORE:NSC,CVST,4140,1320,282.0
