NSC-FR
1
50  FR 9756 1771
30  NSC 10734 638
10  NSC 10903 666
2
50  NSC 10994 632
30  NSC 11871 607
10  FR 14198 1805
3
50  NSC 7928 660
30  FR 9077 1829
10  FR 9742 1797
4
50  FR 7209 1825
30  FR 10057 1800
10  NSC 10388 671
5
50  NSC 7594 612
30  FR 7641 1767
10  NSC 9172 625
6
50  NSC 7116 595
30  NSC 8581 601
10  NSC 8669 589
7
50  NSC 7146 664
30  NSC 7884 584
10  FR 8011 1828
8
50  NSC 6128 586
30  NSC 7101 569
10  NSC 7756 624
9
50  NSC 2872 634
30  NSC 3075 651
10  NSC 3385 674
10
50  NSC 3440 644
30  NSC 3666 630
10  NSC 4779 654
11
50  FR 2003 1815
30  NSC 2137 672
10  NSC 2175 643
12
50  FR 2009 1740
30  FR 2057 1770
10  NSC 2081 606
13
50  NSC 4031 640
30  NSC 4131 638
10  FR 4397 1757
14
50  NSC 3841 627
30  NSC 4163 677
10  NSC 4425 622
15
50  FR 3487 1785
30  FR 3761 1797
10  NSC 3797 635
16
50  FR 2909 1825
30  FR 3730 1826
10  NSC 3888 642
17
50  NSC 7472 656
30  NSC 8125 669
10  FR 8153 1833
18
50  NSC 7620 617
30  FR 7796 1831
10  NSC 7872 589
19
50  NSC 6697 573
30  FR 6978 1828
10  NSC 7000 584
20
50  NSC 5459 586
30  NSC 5678 661
10  NSC 6572 605
21
50  NSC 3888 634
30  NSC 4450 651
10  NSC 4558 575
22
50  NSC 4485 644
30  FR 5597 1775
10  NSC 5784 654
23
50  FR 2359 1815
30  NSC 2553 643
10  NSC 2566 665
24
50  FR 2369 1740
30  NSC 2825 606
10  NSC 3006 578
25
50  FR 2137 1771
30  NSC 2138 638
10  NSC 2170 666
26
50  NSC 2112 627
30  NSC 2384 677
10  NSC 2456 622
27
50  NSC 3566 660
30  FR 4456 1785
10  FR 4617 1797
28
50  FR 4469 1826
30  NSC 4747 642
10  FR 4849 1784
29
50  FR 3559 1767
30  NSC 3691 612
10  NSC 4012 656
30
50  FR 4107 1781
30  NSC 4118 592
10  NSC 4137 617
31
80  NSC 3358 664
40  FR 3485 1765
0  NSC 3612 594
32
80  NSC 2969 586
40  NSC 3428 569
0  NSC 3500 605
33
80  FR 2371 1815
40  NSC 2650 665
0  FR 2673 1820
34
80  FR 2468 1740
40  FR 2562 1770
0  NSC 2619 606
35
50  FR 2038 1771
30  NSC 2060 640
10  FR 2295 1786
36
50  NSC 2269 631
30  NSC 2356 633
10  NSC 2844 568
37
50  NSC 3546 660
30  FR 4082 1785
10  NSC 4490 576
38
50  FR 3378 1825
30  FR 4474 1784
10  NSC 5213 671
39
50  FR 3359 1767
30  NSC 3901 656
10  NSC 4338 669
40
50  FR 3883 1781
30  NSC 3934 601
10  NSC 3941 592
41
50  FR 3181 1765
30  NSC 3315 573
10  NSC 3440 567
42
50  NSC 2939 661
30  NSC 3104 591
10  NSC 3250 624
43
50  NSC 2800 672
30  FR 3201 1778
10  NSC 3390 626
44
50  FR 2806 1770
30  NSC 2832 621
10  FR 4503 1746
45
50  FR 2412 1771
30  NSC 2497 640
10  NSC 2538 666
46
50  NSC 2409 632
30  NSC 2559 622
10  NSC 2878 607
47
50  FR 4369 1829
30  NSC 5122 593
10  NSC 5138 572
48
50  FR 3828 1825
30  FR 5026 1800
10  NSC 5044 671
49
50  NSC 4059 612
30  FR 4196 1767
10  NSC 4425 625
50
50  NSC 3590 595
30  FR 4141 1781
10  NSC 4453 592
51
50  FR 3700 1765
30  NSC 3763 664
10  NSC 4044 567
52
50  NSC 3544 661
30  NSC 3844 569
10  FR 4293 1748
53
50  NSC 15700 1685
30  FR 30704 1814
54
50  NSC 9860 1672
30  FR 11241 1805
55
50  NSC 20914 1675
30  FR 23538 1808
56
50  NSC 17615 1677
30  FR 25100 1809
57
50  FR 15370 1811
30  NSC 15450 1679
58
50  FR 15968 1812
59
50  NSC 14494 1682
60
50  NSC 12959 1683
61
50  FR 12000 1813
30  NSC 12194 1684
SCORE:NSC,FR,3240,2190,105.0
