NSC-ALT
1
50  NSC 10734 638
30  NSC 10903 666
10  NSC 12257 610
2
50  NSC 10994 632
30  NSC 11871 607
10  NSC 15677 668
3
50  NSC 7928 660
30  NSC 9897 673
10  NSC 12072 655
4
50  NSC 10388 671
5
50  NSC 7594 612
30  NSC 9172 625
6
50  NSC 7116 595
30  NSC 8581 601
10  NSC 8669 589
7
50  NSC 7146 664
30  NSC 7884 584
8
50  NSC 6128 586
30  NSC 7101 569
10  NSC 7756 624
9
50  NSC 2872 634
30  NSC 3075 651
10  NSC 3385 674
10
50  NSC 3440 644
30  NSC 3666 630
10  NSC 4779 654
11
50  NSC 2137 672
30  NSC 2175 643
10  NSC 2285 611
12
50  NSC 2081 606
30  NSC 2541 657
10  NSC 2725 578
13
50  NSC 4031 640
30  NSC 4131 638
10  NSC 4587 618
14
50  NSC 3841 627
30  NSC 4163 677
10  NSC 4425 622
15
50  NSC 3797 635
30  NSC 3807 576
10  NSC 3847 593
16
50  NSC 3888 642
30  NSC 4300 613
10  NSC 4559 639
17
50  NSC 7472 656
30  NSC 8125 669
10  NSC 8218 604
18
50  NSC 7620 617
30  NSC 7872 589
10  NSC 8006 570
19
50  NSC 6697 573
30  NSC 7000 584
10  NSC 8369 663
20
50  NSC 5459 586
30  NSC 5678 661
10  NSC 6572 605
21
50  NSC 3888 634
30  NSC 4450 651
10  NSC 4558 575
22
50  NSC 4485 644
30  NSC 5784 654
23
50  NSC 2553 643
30  NSC 2566 665
10  NSC 2839 648
24
50  NSC 2825 606
30  NSC 3006 578
10  NSC 3125 614
25
50  NSC 2138 638
30  NSC 2170 666
10  NSC 2409 616
26
50  NSC 2112 627
30  NSC 2384 677
10  NSC 2456 622
27
50  NSC 3566 660
30  NSC 4984 649
10  NSC 5536 641
28
50  NSC 4747 642
30  NSC 5616 613
10  NSC 6914 639
29
50  NSC 3691 612
30  NSC 4012 656
10  NSC 4510 667
30
50  NSC 4118 592
30  NSC 4137 617
10  NSC 4447 589
31
80  NSC 3358 664
40  NSC 3612 594
0  NSC 3720 573
32
80  NSC 2969 586
40  NSC 3428 569
0  NSC 3500 605
33
80  NSC 2650 665
40  NSC 2703 672
0  NSC 2825 603
34
80  NSC 2619 606
35
50  NSC 2060 640
30  NSC 2512 618
10  NSC 2552 616
36
50  NSC 2269 631
30  NSC 2356 633
10  NSC 2844 568
37
50  NSC 3546 660
30  NSC 4490 576
10  NSC 4800 673
38
50  NSC 5213 671
39
50  NSC 3901 656
30  NSC 4338 669
10  NSC 4578 604
40
50  NSC 3934 601
30  NSC 3941 592
10  NSC 4331 570
41
50  NSC 3315 573
30  NSC 3440 567
10  NSC 3545 584
42
50  NSC 2939 661
30  NSC 3104 591
10  NSC 3250 624
43
50  NSC 2800 672
30  NSC 3390 626
10  NSC 3700 648
44
50  NSC 2832 621
30  NSC 4644 614
45
50  NSC 2497 640
30  NSC 2538 666
10  NSC 2752 610
46
50  NSC 2409 632
30  NSC 2559 622
10  NSC 2878 607
47
50  NSC 5122 593
30  NSC 5138 572
10  NSC 5259 673
48
50  NSC 5044 671
30  NSC 5400 613
10  NSC 5731 642
49
50  NSC 4059 612
30  NSC 4425 625
10  NSC 4694 667
50
50  NSC 3590 595
30  NSC 4453 592
51
50  NSC 3763 664
30  NSC 4044 567
10  NSC 4137 594
52
50  NSC 3544 661
30  NSC 3844 569
10  NSC 4475 591
53
50  NSC 15700 1685
54
50  NSC 9860 1672
55
50  NSC 20914 1675
56
50  NSC 17615 1677
57
50  NSC 15450 1679
59
50  NSC 14494 1682
60
50  NSC 12959 1683
61
50  NSC 12194 1684
SCORE:NSC,ALT,5030,0,503.0
