NSC-ML
1
50  ML 7733 3026
30  ML 8827 3040
10  NSC 10734 638
2
50  NSC 10994 632
30  NSC 11871 607
10  NSC 15677 668
3
50  ML 7653 3039
30  NSC 7928 660
10  ML 8387 3030
4
50  NSC 10388 671
5
50  NSC 7594 612
30  ML 7646 2976
10  NSC 9172 625
6
50  NSC 7116 595
30  NSC 8581 601
10  ML 8587 3042
7
50  NSC 7146 664
30  NSC 7884 584
8
50  NSC 6128 586
30  ML 6856 3009
10  NSC 7101 569
9
50  ML 2362 3027
30  NSC 2872 634
10  NSC 3075 651
10
50  NSC 3440 644
30  NSC 3666 630
10  ML 3708 3055
11
50  ML 1763 3018
30  NSC 2137 672
10  ML 2138 2990
12
50  ML 1841 3057
30  ML 2006 3058
10  NSC 2081 606
13
50  NSC 4031 640
30  ML 4123 2974
10  NSC 4131 638
14
50  ML 3347 3007
30  NSC 3841 627
10  ML 3845 3052
15
50  ML 3038 3039
30  ML 3094 2983
10  ML 3537 2977
16
50  ML 3797 3008
30  NSC 3888 642
10  NSC 4300 613
17
50  ML 6728 3025
30  ML 7035 2976
10  NSC 7472 656
18
50  ML 7318 3042
30  NSC 7620 617
10  ML 7769 3041
19
50  NSC 6697 573
30  NSC 7000 584
10  NSC 8369 663
20
50  NSC 5459 586
30  NSC 5678 661
10  ML 5822 3009
21
50  ML 3140 3027
30  NSC 3888 634
10  ML 4009 2975
22
50  NSC 4485 644
30  ML 5102 3004
10  NSC 5784 654
23
50  ML 2434 2968
30  ML 2446 3018
10  NSC 2553 643
24
50  ML 2428 3058
30  ML 2614 3057
10  ML 2625 3016
25
50  NSC 2138 638
30  NSC 2170 666
10  ML 2282 2979
26
50  ML 1775 3007
30  NSC 2112 627
10  ML 2128 3052
27
50  ML 3468 3028
30  NSC 3566 660
10  ML 3828 3030
28
50  NSC 4747 642
30  ML 5208 3053
10  ML 5515 2971
29
50  ML 3495 3025
30  NSC 3691 612
10  ML 3766 2976
30
50  NSC 4118 592
30  NSC 4137 617
10  NSC 4447 589
31
80  NSC 3358 664
40  NSC 3612 594
0  NSC 3720 573
32
80  NSC 2969 586
40  ML 3295 3009
0  NSC 3428 569
33
80  NSC 2650 665
40  NSC 2703 672
0  NSC 2825 603
34
80  NSC 2619 606
35
50  ML 1494 3026
30  ML 1822 3040
10  NSC 2060 640
36
50  ML 1976 3007
30  ML 2253 3017
10  NSC 2269 631
37
50  ML 3107 3028
30  ML 3506 3039
10  NSC 3546 660
38
50  ML 4734 3008
30  NSC 5213 671
10  ML 5303 3053
39
50  ML 3244 2976
30  ML 3546 3025
10  NSC 3901 656
40
50  NSC 3934 601
30  NSC 3941 592
10  NSC 4331 570
41
50  NSC 3315 573
30  NSC 3440 567
10  NSC 3545 584
42
50  ML 2864 3009
30  NSC 2939 661
10  NSC 3104 591
43
50  ML 2798 3018
30  NSC 2800 672
10  ML 2884 2968
44
50  NSC 2832 621
30  ML 2996 2998
10  NSC 4644 614
45
50  ML 1895 3026
30  ML 2352 3040
10  NSC 2497 640
46
50  NSC 2409 632
30  NSC 2559 622
10  NSC 2878 607
47
50  ML 3656 3028
30  ML 4203 2983
10  ML 4350 2999
48
50  ML 4858 3008
30  NSC 5044 671
10  NSC 5400 613
49
50  NSC 4059 612
30  ML 4165 3025
10  NSC 4425 625
50
50  NSC 3590 595
30  ML 4115 3023
10  ML 4447 3041
51
50  NSC 3763 664
30  NSC 4044 567
10  NSC 4137 594
52
50  NSC 3544 661
30  NSC 3844 569
10  NSC 4475 591
53
50  NSC 15700 1685
30  ML 16500 1973
54
50  ML 9222 1974
30  NSC 9860 1672
55
50  ML 16363 1977
30  NSC 20914 1675
56
50  NSC 17615 1677
30  ML 18044 1978
57
50  ML 12776 1980
30  NSC 15450 1679
59
50  NSC 14494 1682
60
50  NSC 12959 1683
30  ML 14843 1981
61
50  NSC 12194 1684
SCORE:NSC,ML,2920,2370,55.0
