NSC-HSC
1
50  NSC 10734 638
30  NSC 10903 666
10  NSC 12257 610
2
50  NSC 10994 632
30  NSC 11871 607
10  HSC 13133 3465
3
50  NSC 7928 660
30  NSC 9897 673
10  HSC 10519 3445
4
50  HSC 8441 3463
30  NSC 10388 671
5
50  NSC 7594 612
30  HSC 7740 3466
10  HSC 7854 3424
6
50  NSC 7116 595
30  HSC 7907 3446
10  HSC 8508 3458
7
50  NSC 7146 664
30  NSC 7884 584
10  HSC 8442 3457
8
50  NSC 6128 586
30  HSC 6592 3462
10  NSC 7101 569
9
50  NSC 2872 634
30  NSC 3075 651
10  NSC 3385 674
10
50  NSC 3440 644
30  NSC 3666 630
10  HSC 3999 3459
11
50  HSC 1977 3430
30  HSC 2019 3464
10  NSC 2137 672
12
50  NSC 2081 606
30  NSC 2541 657
10  NSC 2725 578
13
50  NSC 4031 640
30  NSC 4131 638
10  HSC 4509 3422
14
50  NSC 3841 627
30  HSC 4084 3420
10  NSC 4163 677
15
50  NSC 3797 635
30  NSC 3807 576
10  NSC 3847 593
16
50  HSC 3251 3453
30  HSC 3253 3463
10  HSC 3521 3421
17
50  HSC 6734 3466
30  HSC 6821 3424
10  HSC 7172 3444
18
50  HSC 6803 3423
30  HSC 7347 3458
10  NSC 7620 617
19
50  NSC 6697 573
30  NSC 7000 584
10  HSC 7373 3448
20
50  NSC 5459 586
30  HSC 5558 3462
10  NSC 5678 661
21
50  NSC 3888 634
30  NSC 4450 651
10  NSC 4558 575
22
50  NSC 4485 644
30  NSC 5784 654
10  HSC 8421 3459
23
50  NSC 2553 643
30  NSC 2566 665
10  NSC 2839 648
24
50  NSC 2825 606
30  NSC 3006 578
10  NSC 3125 614
25
50  NSC 2138 638
30  NSC 2170 666
10  NSC 2409 616
26
50  NSC 2112 627
30  NSC 2384 677
10  NSC 2456 622
27
50  NSC 3566 660
30  NSC 4984 649
10  NSC 5536 641
28
50  HSC 4294 3421
30  HSC 4380 3453
10  NSC 4747 642
29
50  NSC 3691 612
30  HSC 3789 3444
10  NSC 4012 656
30
50  HSC 3802 3446
30  HSC 3893 3423
10  NSC 4118 592
31
80  NSC 3358 664
40  NSC 3612 594
0  NSC 3720 573
32
80  NSC 2969 586
40  NSC 3428 569
0  NSC 3500 605
33
80  NSC 2650 665
40  NSC 2703 672
0  NSC 2825 603
34
80  NSC 2619 606
35
50  NSC 2060 640
30  NSC 2512 618
10  NSC 2552 616
36
50  NSC 2269 631
30  NSC 2356 633
10  NSC 2844 568
37
50  NSC 3546 660
30  NSC 4490 576
10  NSC 4800 673
38
50  HSC 4317 3453
30  NSC 5213 671
39
50  HSC 3635 3424
30  HSC 3875 3444
10  NSC 3901 656
40
50  HSC 3304 3446
30  HSC 3927 3423
10  NSC 3934 601
41
50  HSC 3312 3457
30  NSC 3315 573
10  NSC 3440 567
42
50  HSC 2639 3462
30  HSC 2925 3460
10  NSC 2939 661
43
50  NSC 2800 672
30  HSC 2932 3430
10  HSC 3033 3464
44
50  NSC 2832 621
30  NSC 4644 614
45
50  NSC 2497 640
30  NSC 2538 666
10  NSC 2752 610
46
50  NSC 2409 632
30  NSC 2559 622
10  NSC 2878 607
47
50  NSC 5122 593
30  NSC 5138 572
10  NSC 5259 673
48
50  HSC 4691 3463
30  NSC 5044 671
10  HSC 5188 3435
49
50  NSC 4059 612
30  HSC 4065 3466
10  NSC 4425 625
50
50  NSC 3590 595
30  HSC 4279 3423
10  NSC 4453 592
51
50  NSC 3763 664
30  NSC 4044 567
10  NSC 4137 594
52
50  HSC 3407 3460
30  NSC 3544 661
10  NSC 3844 569
53
50  NSC 15700 1685
54
50  NSC 9860 1672
55
50  NSC 20914 1675
56
50  NSC 17615 1677
30  HSC 19928 2040
57
50  NSC 15450 1679
58
50  HSC 15277 2041
59
50  HSC 12869 2042
30  NSC 14494 1682
60
50  HSC 12747 2043
30  NSC 12959 1683
61
50  HSC 12104 2044
30  NSC 12194 1684
SCORE:NSC,HSC,3700,1600,210.0
