NSC-SCSC
1
50  SCSC 9422 83
30  SCSC 9644 126
10  NSC 10734 638
2
50  SCSC 10856 129
30  NSC 10994 632
10  SCSC 11107 196
3
50  NSC 7928 660
30  SCSC 8177 125
10  SCSC 8218 208
4
50  SCSC 8071 200
30  SCSC 9385 128
10  NSC 10388 671
5
50  NSC 7594 612
30  SCSC 7622 107
10  SCSC 8989 165
6
50  SCSC 6832 178
30  NSC 7116 595
10  SCSC 7156 151
7
50  NSC 7146 664
30  NSC 7884 584
10  SCSC 8853 117
8
50  NSC 6128 586
30  SCSC 6738 176
10  NSC 7101 569
9
50  NSC 2872 634
30  NSC 3075 651
10  SCSC 3301 182
10
50  SCSC 2637 185
30  NSC 3440 644
10  NSC 3666 630
11
50  SCSC 2091 172
30  SCSC 2114 191
10  NSC 2137 672
12
50  SCSC 1919 154
30  NSC 2081 606
10  SCSC 2425 195
13
50  SCSC 3635 126
30  SCSC 3641 83
10  SCSC 3885 146
14
50  NSC 3841 627
30  SCSC 3983 80
10  NSC 4163 677
15
50  SCSC 2862 159
30  SCSC 3194 208
10  SCSC 3463 166
16
50  SCSC 3125 200
30  SCSC 3216 82
10  SCSC 3457 128
17
50  SCSC 6237 199
30  NSC 7472 656
10  SCSC 7682 177
18
50  SCSC 6556 133
30  SCSC 6657 192
10  SCSC 7412 127
19
50  SCSC 6151 108
30  NSC 6697 573
10  NSC 7000 584
20
50  NSC 5459 586
30  SCSC 5587 156
10  NSC 5678 661
21
50  NSC 3888 634
30  NSC 4450 651
10  NSC 4558 575
22
50  NSC 4485 644
30  SCSC 4701 173
10  SCSC 5191 123
23
50  NSC 2553 643
30  NSC 2566 665
10  NSC 2839 648
24
50  SCSC 2425 154
30  NSC 2825 606
10  NSC 3006 578
25
50  SCSC 2089 126
30  NSC 2138 638
10  NSC 2170 666
26
50  NSC 2112 627
30  SCSC 2220 196
10  SCSC 2271 168
27
50  SCSC 3313 159
30  NSC 3566 660
10  SCSC 3831 208
28
50  SCSC 3633 200
30  SCSC 4544 144
10  SCSC 4628 128
29
50  NSC 3691 612
30  NSC 4012 656
10  SCSC 4034 114
30
50  SCSC 3432 120
30  SCSC 3545 178
10  NSC 4118 592
31
80  SCSC 3306 108
40  NSC 3358 664
0  NSC 3612 594
32
80  NSC 2969 586
40  NSC 3428 569
0  SCSC 3432 176
33
80  SCSC 2565 105
40  NSC 2650 665
0  NSC 2703 672
34
80  NSC 2619 606
40  SCSC 3219 147
0  SCSC 3240 160
35
50  SCSC 1728 83
30  SCSC 1995 146
10  NSC 2060 640
36
50  NSC 2269 631
30  NSC 2356 633
10  SCSC 2366 164
37
50  NSC 3546 660
30  SCSC 3894 166
10  NSC 4490 576
38
50  SCSC 4764 144
30  SCSC 4775 109
10  SCSC 5003 202
39
50  SCSC 3078 199
30  NSC 3901 656
10  SCSC 4022 114
40
50  SCSC 3012 151
30  SCSC 3447 192
10  SCSC 3459 120
41
50  NSC 3315 573
30  NSC 3440 567
10  NSC 3545 584
42
50  SCSC 2747 156
30  SCSC 2783 201
10  NSC 2939 661
43
50  NSC 2800 672
30  SCSC 3153 172
10  SCSC 3250 95
44
50  NSC 2832 621
30  SCSC 2935 160
10  SCSC 3825 137
45
50  NSC 2497 640
30  SCSC 2507 184
10  NSC 2538 666
46
50  NSC 2409 632
30  NSC 2559 622
10  SCSC 2757 88
47
50  SCSC 4256 125
30  NSC 5122 593
10  NSC 5138 572
48
50  SCSC 4256 82
30  SCSC 4665 169
10  NSC 5044 671
49
50  SCSC 3997 107
30  NSC 4059 612
10  SCSC 4313 165
50
50  SCSC 3432 178
30  NSC 3590 595
10  SCSC 3800 133
51
50  NSC 3763 664
30  NSC 4044 567
10  NSC 4137 594
52
50  SCSC 3234 156
30  SCSC 3339 201
10  NSC 3544 661
53
50  NSC 15700 1685
30  SCSC 16759 1641
54
50  SCSC 9056 1633
30  NSC 9860 1672
55
50  SCSC 19565 1634
30  NSC 20914 1675
56
50  NSC 17615 1677
30  SCSC 18470 1635
57
50  SCSC 13178 1636
30  NSC 15450 1679
58
50  SCSC 14856 1637
59
50  SCSC 13296 1638
30  NSC 14494 1682
60
50  SCSC 12758 1639
30  NSC 12959 1683
61
50  SCSC 11516 1640
30  NSC 12194 1684
SCORE:NSC,SCSC,2440,3050,-61.0
