NSC-CCC
1
50  CCC 9365 2014
30  NSC 10734 638
10  NSC 10903 666
2
50  CCC 10441 2005
30  NSC 10994 632
10  CCC 11056 2019
3
50  NSC 7928 660
30  CCC 9715 1991
10  NSC 9897 673
4
50  CCC 8866 2012
30  CCC 9346 2027
10  NSC 10388 671
5
50  CCC 7445 2031
30  NSC 7594 612
10  CCC 8137 2030
6
50  NSC 7116 595
30  NSC 8581 601
10  NSC 8669 589
7
50  NSC 7146 664
30  CCC 7696 1992
10  NSC 7884 584
8
50  NSC 6128 586
30  NSC 7101 569
10  CCC 7524 2002
9
50  NSC 2872 634
30  NSC 3075 651
10  NSC 3385 674
10
50  NSC 3440 644
30  NSC 3666 630
10  NSC 4779 654
11
50  CCC 2076 2026
30  NSC 2137 672
10  NSC 2175 643
12
50  CCC 1634 2020
30  NSC 2081 606
10  NSC 2541 657
13
50  NSC 4031 640
30  NSC 4131 638
10  CCC 4404 1995
14
50  NSC 3841 627
30  CCC 4125 2019
10  NSC 4163 677
15
50  CCC 3750 1991
30  NSC 3797 635
10  NSC 3807 576
16
50  CCC 3407 2012
30  NSC 3888 642
10  CCC 4175 1993
17
50  NSC 7472 656
30  NSC 8125 669
10  NSC 8218 604
18
50  NSC 7620 617
30  NSC 7872 589
10  NSC 8006 570
19
50  NSC 6697 573
30  NSC 7000 584
10  CCC 7116 1992
20
50  NSC 5459 586
30  NSC 5678 661
10  NSC 6572 605
21
50  NSC 3888 634
30  CCC 4272 1996
10  NSC 4450 651
22
50  NSC 4485 644
30  NSC 5784 654
23
50  NSC 2553 643
30  NSC 2566 665
10  CCC 2706 2023
24
50  NSC 2825 606
30  NSC 3006 578
10  NSC 3125 614
25
50  NSC 2138 638
30  NSC 2170 666
10  NSC 2409 616
26
50  CCC 1947 2005
30  NSC 2112 627
10  NSC 2384 677
27
50  NSC 3566 660
30  NSC 4984 649
10  NSC 5536 641
28
50  CCC 4247 2012
30  NSC 4747 642
10  NSC 5616 613
29
50  NSC 3691 612
30  CCC 3810 2030
10  NSC 4012 656
30
50  NSC 4118 592
30  NSC 4137 617
10  NSC 4447 589
31
80  NSC 3358 664
40  NSC 3612 594
0  CCC 3662 1992
32
80  NSC 2969 586
40  NSC 3428 569
0  NSC 3500 605
33
80  CCC 2228 2026
40  NSC 2650 665
0  NSC 2703 672
34
80  NSC 2619 606
35
50  CCC 1819 2014
30  NSC 2060 640
10  NSC 2512 618
36
50  CCC 1891 2005
30  NSC 2269 631
10  NSC 2356 633
37
50  NSC 3546 660
30  CCC 4146 1991
10  NSC 4490 576
38
50  CCC 4041 2027
30  CCC 4268 2012
10  NSC 5213 671
39
50  CCC 3515 2031
30  CCC 3572 2030
10  NSC 3901 656
40
50  NSC 3934 601
30  NSC 3941 592
10  NSC 4331 570
41
50  NSC 3315 573
30  CCC 3413 1992
10  NSC 3440 567
42
50  NSC 2939 661
30  NSC 3104 591
10  NSC 3250 624
43
50  NSC 2800 672
30  NSC 3390 626
10  CCC 3622 2024
44
50  NSC 2832 621
30  NSC 4644 614
45
50  CCC 2209 2014
30  NSC 2497 640
10  NSC 2538 666
46
50  NSC 2409 632
30  NSC 2559 622
10  NSC 2878 607
47
50  CCC 5041 1991
30  NSC 5122 593
10  NSC 5138 572
48
50  NSC 5044 671
30  CCC 5066 2027
10  NSC 5400 613
49
50  CCC 3880 2031
30  NSC 4059 612
10  NSC 4425 625
50
50  NSC 3590 595
30  NSC 4453 592
51
50  NSC 3763 664
30  NSC 4044 567
10  NSC 4137 594
52
50  NSC 3544 661
30  NSC 3844 569
10  NSC 4475 591
53
50  NSC 15700 1685
54
50  NSC 9860 1672
30  CCC 11834 1834
55
50  CCC 19756 1835
30  NSC 20914 1675
56
50  NSC 17615 1677
30  CCC 20399 1836
57
50  NSC 15450 1679
59
50  NSC 14494 1682
60
50  NSC 12959 1683
61
50  NSC 12194 1684
SCORE:NSC,CCC,3770,1450,232.0
