OMST-SH
1
50  SH 10278 2639
30  SH 11089 2607
10  SH 11656 2638
2
50  OMST 8160 3253
30  OMST 11720 3256
3
50  OMST 8244 3275
30  SH 8498 2619
10  SH 9564 2612
4
50  SH 9948 2647
30  SH 12226 2625
10  OMST 12479 3247
5
50  SH 7836 2618
30  OMST 7843 3258
10  SH 8931 2640
6
50  OMST 8919 3263
7
50  OMST 7093 3269
30  OMST 7725 3285
10  SH 9090 2631
8
50  OMST 6319 3274
30  SH 6485 2605
10  SH 7027 2613
9
50  OMST 4425 3259
30  SH 4522 2646
10
50  SH 5726 2645
30  OMST 6597 3248
10  OMST 7467 3252
11
50  SH 2056 2629
30  SH 2378 2626
10  SH 2460 2627
12
50  SH 2009 2642
30  OMST 2603 3284
10  SH 2814 2644
13
50  SH 3852 2639
30  SH 4190 2603
10  SH 4442 2607
14
50  OMST 3975 3261
30  OMST 4353 3256
10  SH 5275 2599
15
50  SH 3463 2619
30  OMST 3544 3279
10  SH 4058 2612
16
50  OMST 3447 3266
30  SH 3946 2630
10  SH 4097 2636
17
50  SH 6858 2618
30  SH 8035 2641
10  OMST 8269 3271
18
50  OMST 7259 3257
30  OMST 9822 3273
19
50  OMST 6744 3285
30  SH 8136 2631
20
50  SH 5747 2605
30  SH 6437 2613
10  OMST 7432 3288
21
50  OMST 4632 3259
23
50  SH 2543 2629
30  OMST 3056 3286
10  SH 3060 2626
24
50  SH 2892 2642
30  OMST 3206 3284
10  SH 5471 2623
25
50  OMST 2406 3251
30  SH 2416 2639
10  SH 2471 2643
26
50  OMST 1790 3253
30  OMST 2566 3261
10  SH 2762 2599
27
50  OMST 3878 3275
30  SH 4434 2612
10  OMST 4726 3279
28
50  SH 4732 2630
30  SH 5383 2625
10  SH 5544 2636
29
50  OMST 3722 3258
30  SH 3769 2618
10  SH 4517 2637
30
50  OMST 4116 3263
30  OMST 5097 3273
31
80  OMST 3750 3285
32
80  SH 3178 2605
40  OMST 4363 3288
0  OMST 6905 3267
33
80  SH 2598 2629
40  SH 3369 2626
0  SH 3657 2627
34
80  SH 2623 2642
35
50  SH 2202 2638
30  SH 2288 2607
10  SH 2381 2603
36
50  OMST 1563 3253
30  OMST 2553 3256
10  SH 3525 2614
37
50  SH 3979 2619
30  OMST 4713 3279
10  OMST 5228 3262
38
50  SH 5382 2636
30  SH 5677 2625
10  OMST 6100 3283
39
50  OMST 3721 3258
30  SH 3807 2640
10  SH 3932 2641
40
50  OMST 3669 3257
41
50  OMST 3053 3269
42
50  OMST 2766 3274
30  SH 2953 2605
10  SH 3161 2613
43
50  SH 2875 2629
30  OMST 4881 3260
10  OMST 7537 3264
44
50  SH 2983 2642
30  OMST 3195 3284
10  SH 3532 2644
45
50  SH 2408 2639
30  SH 2480 2603
10  SH 2784 2635
46
50  OMST 2777 3246
30  SH 2964 2617
47
50  OMST 4560 3275
30  SH 4632 2619
10  SH 5171 2612
48
50  OMST 4907 3266
30  OMST 5397 3249
10  OMST 6220 3247
49
50  SH 4600 2640
30  OMST 5025 3265
10  OMST 5644 3254
50
50  OMST 6900 3273
51
50  OMST 3703 3269
30  SH 4738 2631
52
50  SH 3350 2613
30  OMST 3415 3274
54
50  SH 11370 1919
30  OMST 12837 2003
55
50  SH 19413 1921
30  OMST 27406 2004
56
50  OMST 16499 2005
58
50  OMST 17262 2007
30  SH 19108 1923
59
50  SH 13886 1924
30  OMST 15246 2008
61
50  OMST 12078 2009
SCORE:OMST,SH,2330,2440,-11.0
