OMST-CR
1
50  CR 11712 3318
30  OMST 11741 3251
10  CR 12022 3334
2
50  OMST 8160 3253
30  OMST 11720 3256
10  CR 13265 3320
3
50  OMST 8244 3275
30  CR 9232 3319
4
50  CR 8600 3475
30  CR 10240 3470
10  CR 10744 3315
5
50  OMST 7843 3258
30  CR 8527 3299
10  CR 9890 3341
6
50  OMST 8919 3263
7
50  OMST 7093 3269
30  OMST 7725 3285
10  CR 9051 3476
8
50  OMST 6319 3274
30  CR 6896 3314
10  CR 7457 3298
9
50  CR 2966 3340
30  CR 2986 3297
10  CR 3035 3342
10
50  CR 3769 3292
30  CR 4727 3291
10  CR 5039 3468
11
50  CR 2470 3325
30  OMST 2477 3286
10  CR 2591 3332
12
50  CR 2227 3313
30  OMST 2603 3284
10  CR 3017 3316
13
50  CR 4676 3318
30  CR 4850 3321
10  CR 5027 3309
14
50  OMST 3975 3261
30  OMST 4353 3256
10  CR 4819 3320
15
50  CR 3501 3319
30  OMST 3544 3279
10  OMST 4501 3262
16
50  CR 3247 3475
30  OMST 3447 3266
10  CR 3667 3315
17
50  CR 7574 3299
30  OMST 8269 3271
10  CR 9432 3341
18
50  OMST 7259 3257
30  OMST 9822 3273
19
50  OMST 6744 3285
30  CR 8297 3476
20
50  CR 6211 3314
30  CR 6259 3298
10  OMST 7432 3288
21
50  CR 3135 3340
30  CR 3330 3342
10  CR 3584 3297
23
50  CR 2932 3302
30  OMST 3056 3286
10  CR 3135 3340
24
50  CR 2928 3313
30  OMST 3206 3284
10  CR 4290 3322
25
50  CR 2378 3334
30  OMST 2406 3251
10  CR 2545 3321
26
50  OMST 1790 3253
30  OMST 2566 3261
10  CR 2584 3337
27
50  OMST 3878 3275
30  CR 4382 3319
10  OMST 4726 3279
28
50  CR 3958 3475
30  CR 4915 3315
10  CR 5541 3294
29
50  OMST 3722 3258
30  CR 3934 3299
10  OMST 4518 3271
30
50  OMST 4116 3263
30  OMST 5097 3273
31
80  OMST 3750 3285
40  CR 4231 3476
32
80  CR 3125 3314
40  OMST 4363 3288
0  OMST 6905 3267
33
80  CR 3483 3332
40  OMST 4259 3289
0  CR 5117 3325
34
80  CR 3214 3313
35
50  CR 2349 3321
30  CR 2500 3334
10  OMST 2550 3251
36
50  OMST 1563 3253
30  OMST 2553 3256
37
50  OMST 4713 3279
30  OMST 5228 3262
38
50  CR 3709 3475
30  CR 4460 3470
10  CR 5271 3315
39
50  OMST 3721 3258
30  CR 4012 3299
10  OMST 4880 3271
40
50  OMST 3669 3257
41
50  OMST 3053 3269
30  CR 3916 3476
42
50  OMST 2766 3274
30  CR 3003 3298
10  OMST 4310 3288
43
50  CR 3545 3332
30  CR 4834 3302
10  OMST 4881 3260
44
50  OMST 3195 3284
45
50  CR 2738 3321
30  CR 3376 3318
46
50  CR 2711 3301
30  OMST 2777 3246
47
50  OMST 4560 3275
30  CR 4747 3319
48
50  OMST 4907 3266
30  OMST 5397 3249
10  CR 6163 3312
49
50  OMST 5025 3265
30  CR 5183 3305
10  CR 5388 3300
50
50  OMST 6900 3273
51
50  OMST 3703 3269
52
50  OMST 3415 3274
30  CR 3675 3314
10  CR 3995 3298
54
50  CR 12468 2010
30  OMST 12837 2003
55
50  OMST 27406 2004
56
50  OMST 16499 2005
58
50  CR 15619 2063
30  OMST 17262 2007
59
50  OMST 15246 2008
30  CR 17846 2014
61
50  OMST 12078 2009
SCORE:OMST,CR,2370,2390,-2.0
