OMST-RW
1
50  RW 10009 718
30  RW 11222 768
10  OMST 11741 3251
2
50  OMST 8160 3253
30  RW 8968 753
10  RW 9600 762
3
50  OMST 8244 3275
30  RW 8982 725
10  RW 10153 686
4
50  RW 10600 736
30  OMST 12479 3247
5
50  OMST 7843 3258
30  RW 7908 773
10  RW 8319 735
6
50  RW 7729 752
30  OMST 8919 3263
7
50  OMST 7093 3269
30  RW 7459 772
10  OMST 7725 3285
8
50  OMST 6319 3274
30  RW 6948 733
10  RW 7027 763
9
50  RW 2557 688
30  RW 4166 684
10  RW 4424 744
10
50  RW 3534 751
30  RW 4054 720
10  RW 4172 695
11
50  RW 1975 771
30  OMST 2477 3286
10  RW 2544 703
12
50  RW 1829 726
30  RW 2055 696
10  RW 2206 761
13
50  RW 3735 718
30  RW 3906 701
10  RW 4695 760
14
50  RW 3905 762
30  OMST 3975 3261
10  OMST 4353 3256
15
50  RW 3539 727
30  OMST 3544 3279
10  RW 3832 725
16
50  RW 3402 724
30  OMST 3447 3266
10  RW 3930 736
17
50  RW 7229 735
30  OMST 8269 3271
10  RW 8526 767
18
50  RW 6623 752
30  OMST 7259 3257
10  OMST 9822 3273
19
50  RW 6387 772
30  OMST 6744 3285
20
50  RW 5551 716
30  RW 5951 763
10  RW 6060 733
21
50  RW 3450 688
30  OMST 4632 3259
10  RW 4716 684
22
50  RW 4079 695
30  RW 4291 751
10  RW 6353 717
23
50  OMST 3056 3286
30  RW 3624 703
10  RW 3778 709
24
50  RW 2427 726
30  RW 2718 737
10  RW 2770 747
25
50  RW 1989 701
30  RW 2244 715
10  OMST 2406 3251
26
50  OMST 1790 3253
30  RW 1908 753
10  RW 2256 749
27
50  OMST 3878 3275
30  RW 4563 743
10  OMST 4726 3279
28
50  RW 4728 724
30  RW 4906 766
10  OMST 5844 3283
29
50  RW 3721 735
30  OMST 3722 3258
10  RW 4257 754
30
50  OMST 4116 3263
30  OMST 5097 3273
10  RW 5444 691
31
80  OMST 3750 3285
40  RW 3927 722
32
80  RW 3041 716
40  RW 3259 742
0  RW 3425 690
33
80  RW 2497 771
40  RW 2947 740
0  RW 3059 750
34
80  RW 2609 696
40  RW 2669 747
0  RW 3215 748
35
50  RW 1973 718
30  RW 2525 758
10  OMST 2550 3251
36
50  OMST 1563 3253
30  RW 1899 762
10  OMST 2553 3256
37
50  RW 4372 686
30  OMST 4713 3279
10  RW 4780 689
38
50  RW 4420 736
30  RW 4496 766
10  OMST 6100 3283
39
50  RW 3435 773
30  OMST 3721 3258
10  RW 4221 767
40
50  OMST 3669 3257
30  RW 5377 769
41
50  OMST 3053 3269
30  RW 3266 772
10  RW 4106 722
42
50  RW 2739 716
30  OMST 2766 3274
10  RW 2939 733
43
50  RW 2462 771
30  OMST 4881 3260
10  OMST 7537 3264
44
50  RW 2621 726
30  OMST 3195 3284
10  RW 3435 748
45
50  RW 2351 701
30  RW 3161 715
10  RW 3240 693
46
50  RW 2123 753
30  OMST 2777 3246
10  RW 2953 749
47
50  RW 4334 725
30  OMST 4560 3275
10  RW 4809 727
48
50  OMST 4907 3266
30  OMST 5397 3249
10  RW 5496 766
49
50  RW 3988 773
30  RW 4944 754
10  OMST 5025 3265
50
50  RW 4049 752
30  RW 5058 691
10  RW 6481 769
51
50  OMST 3703 3269
30  RW 4707 722
52
50  OMST 3415 3274
30  RW 3837 763
10  RW 4031 710
53
50  RW 17717 1691
54
50  RW 10673 1686
30  OMST 12837 2003
55
50  RW 18245 1687
30  OMST 27406 2004
56
50  OMST 16499 2005
30  RW 19983 1688
57
50  RW 15355 1689
58
50  OMST 17262 2007
59
50  OMST 15246 2008
61
50  OMST 12078 2009
SCORE:OMST,RW,1810,3430,-162.0
