OMST-SCSC
1
50  SCSC 9422 83
30  SCSC 9644 126
10  OMST 11741 3251
2
50  OMST 8160 3253
30  SCSC 10856 129
10  SCSC 11107 196
3
50  SCSC 8177 125
30  SCSC 8218 208
10  OMST 8244 3275
4
50  SCSC 8071 200
30  SCSC 9385 128
10  OMST 12479 3247
5
50  SCSC 7622 107
30  OMST 7843 3258
10  SCSC 8989 165
6
50  SCSC 6832 178
30  SCSC 7156 151
10  SCSC 7837 192
7
50  OMST 7093 3269
30  OMST 7725 3285
10  SCSC 8853 117
8
50  OMST 6319 3274
30  SCSC 6738 176
10  SCSC 8626 142
9
50  SCSC 3301 182
30  SCSC 3619 94
10  SCSC 3926 97
10
50  SCSC 2637 185
30  SCSC 4081 123
10  SCSC 5639 173
11
50  SCSC 2091 172
30  SCSC 2114 191
10  OMST 2477 3286
12
50  SCSC 1919 154
30  SCSC 2425 195
10  OMST 2603 3284
13
50  SCSC 3635 126
30  SCSC 3641 83
10  SCSC 3885 146
14
50  OMST 3975 3261
30  SCSC 3983 80
10  SCSC 4257 168
15
50  SCSC 2862 159
30  SCSC 3194 208
10  SCSC 3463 166
16
50  SCSC 3125 200
30  SCSC 3216 82
10  OMST 3447 3266
17
50  SCSC 6237 199
30  SCSC 7682 177
10  SCSC 8159 198
18
50  SCSC 6556 133
30  SCSC 6657 192
10  OMST 7259 3257
19
50  SCSC 6151 108
30  OMST 6744 3285
10  SCSC 8854 135
20
50  SCSC 5587 156
30  OMST 7432 3288
10  SCSC 7509 142
21
50  SCSC 4619 182
30  OMST 4632 3259
10  SCSC 5152 183
22
50  SCSC 4701 173
30  SCSC 5191 123
10  SCSC 5756 167
23
50  SCSC 2875 191
30  OMST 3056 3286
10  SCSC 3672 153
24
50  SCSC 2425 154
30  SCSC 3058 147
10  OMST 3206 3284
25
50  SCSC 2089 126
30  OMST 2406 3251
10  SCSC 2469 78
26
50  OMST 1790 3253
30  SCSC 2220 196
10  SCSC 2271 168
27
50  SCSC 3313 159
30  SCSC 3831 208
10  OMST 3878 3275
28
50  SCSC 3633 200
30  SCSC 4544 144
10  SCSC 4628 128
29
50  OMST 3722 3258
30  SCSC 4034 114
10  SCSC 4203 198
30
50  SCSC 3432 120
30  SCSC 3545 178
10  OMST 4116 3263
31
80  SCSC 3306 108
40  OMST 3750 3285
0  SCSC 4070 121
32
80  SCSC 3432 176
40  SCSC 3878 142
0  OMST 4363 3288
33
80  SCSC 2565 105
40  SCSC 3100 191
0  SCSC 3621 77
34
80  SCSC 3219 147
40  SCSC 3240 160
0  SCSC 5418 145
35
50  SCSC 1728 83
30  SCSC 1995 146
10  OMST 2550 3251
36
50  OMST 1563 3253
30  SCSC 2366 164
10  SCSC 2500 134
37
50  SCSC 3894 166
30  SCSC 4683 118
10  OMST 4713 3279
38
50  SCSC 4764 144
30  SCSC 4775 109
10  SCSC 5003 202
39
50  SCSC 3078 199
30  OMST 3721 3258
10  SCSC 4022 114
40
50  SCSC 3012 151
30  SCSC 3447 192
10  SCSC 3459 120
41
50  OMST 3053 3269
30  SCSC 4072 117
42
50  SCSC 2747 156
30  OMST 2766 3274
10  SCSC 2783 201
43
50  SCSC 3153 172
30  SCSC 3250 95
10  SCSC 3331 105
44
50  SCSC 2935 160
30  OMST 3195 3284
10  SCSC 3825 137
45
50  SCSC 2507 184
30  SCSC 2697 171
10  SCSC 2766 96
46
50  SCSC 2757 88
30  OMST 2777 3246
10  SCSC 2904 136
47
50  SCSC 4256 125
30  OMST 4560 3275
10  SCSC 5194 100
48
50  SCSC 4256 82
30  SCSC 4665 169
10  OMST 4907 3266
49
50  SCSC 3997 107
30  SCSC 4313 165
10  SCSC 4750 155
50
50  SCSC 3432 178
30  SCSC 3800 133
10  SCSC 3982 151
51
50  OMST 3703 3269
30  SCSC 4337 117
10  SCSC 5038 121
52
50  SCSC 3234 156
30  SCSC 3339 201
10  OMST 3415 3274
53
50  SCSC 16759 1641
54
50  SCSC 9056 1633
30  OMST 12837 2003
55
50  SCSC 19565 1634
30  OMST 27406 2004
56
50  OMST 16499 2005
30  SCSC 18470 1635
57
50  SCSC 13178 1636
58
50  SCSC 14856 1637
30  OMST 17262 2007
59
50  SCSC 13296 1638
30  OMST 15246 2008
60
50  SCSC 12758 1639
61
50  SCSC 11516 1640
30  OMST 12078 2009
SCORE:OMST,SCSC,1190,4230,-304.0
