OMST-NSC
1
50  NSC 10734 638
30  NSC 10903 666
10  OMST 11741 3251
2
50  OMST 8160 3253
30  NSC 10994 632
10  OMST 11720 3256
3
50  NSC 7928 660
30  OMST 8244 3275
10  NSC 9897 673
4
50  NSC 10388 671
30  OMST 12479 3247
5
50  NSC 7594 612
30  OMST 7843 3258
10  NSC 9172 625
6
50  NSC 7116 595
30  NSC 8581 601
10  NSC 8669 589
7
50  OMST 7093 3269
30  NSC 7146 664
10  OMST 7725 3285
8
50  NSC 6128 586
30  OMST 6319 3274
10  NSC 7101 569
9
50  NSC 2872 634
30  NSC 3075 651
10  NSC 3385 674
10
50  NSC 3440 644
30  NSC 3666 630
10  NSC 4779 654
11
50  NSC 2137 672
30  NSC 2175 643
10  NSC 2285 611
12
50  NSC 2081 606
30  NSC 2541 657
10  OMST 2603 3284
13
50  NSC 4031 640
30  NSC 4131 638
10  NSC 4587 618
14
50  NSC 3841 627
30  OMST 3975 3261
10  NSC 4163 677
15
50  OMST 3544 3279
30  NSC 3797 635
10  NSC 3807 576
16
50  OMST 3447 3266
30  NSC 3888 642
10  OMST 4120 3283
17
50  NSC 7472 656
30  NSC 8125 669
10  NSC 8218 604
18
50  OMST 7259 3257
30  NSC 7620 617
10  NSC 7872 589
19
50  NSC 6697 573
30  OMST 6744 3285
10  NSC 7000 584
20
50  NSC 5459 586
30  NSC 5678 661
10  NSC 6572 605
21
50  NSC 3888 634
30  NSC 4450 651
10  NSC 4558 575
22
50  NSC 4485 644
30  NSC 5784 654
23
50  NSC 2553 643
30  NSC 2566 665
10  NSC 2839 648
24
50  NSC 2825 606
30  NSC 3006 578
10  NSC 3125 614
25
50  NSC 2138 638
30  NSC 2170 666
10  OMST 2406 3251
26
50  OMST 1790 3253
30  NSC 2112 627
10  NSC 2384 677
27
50  NSC 3566 660
30  OMST 3878 3275
10  OMST 4726 3279
28
50  NSC 4747 642
30  NSC 5616 613
10  OMST 5844 3283
29
50  NSC 3691 612
30  OMST 3722 3258
10  NSC 4012 656
30
50  OMST 4116 3263
30  NSC 4118 592
10  NSC 4137 617
31
80  NSC 3358 664
40  NSC 3612 594
0  NSC 3720 573
32
80  NSC 2969 586
40  NSC 3428 569
0  NSC 3500 605
33
80  NSC 2650 665
40  NSC 2703 672
0  NSC 2825 603
34
80  NSC 2619 606
35
50  NSC 2060 640
30  NSC 2512 618
10  OMST 2550 3251
36
50  OMST 1563 3253
30  NSC 2269 631
10  NSC 2356 633
37
50  NSC 3546 660
30  NSC 4490 576
10  OMST 4713 3279
38
50  NSC 5213 671
30  OMST 6100 3283
10  OMST 7372 3247
39
50  OMST 3721 3258
30  NSC 3901 656
10  NSC 4338 669
40
50  OMST 3669 3257
30  NSC 3934 601
10  NSC 3941 592
41
50  OMST 3053 3269
30  NSC 3315 573
10  NSC 3440 567
42
50  OMST 2766 3274
30  NSC 2939 661
10  NSC 3104 591
43
50  NSC 2800 672
30  NSC 3390 626
10  NSC 3700 648
44
50  NSC 2832 621
30  OMST 3195 3284
10  NSC 4644 614
45
50  NSC 2497 640
30  NSC 2538 666
10  NSC 2752 610
46
50  NSC 2409 632
30  NSC 2559 622
10  OMST 2777 3246
47
50  OMST 4560 3275
30  NSC 5122 593
10  NSC 5138 572
48
50  OMST 4907 3266
30  NSC 5044 671
10  OMST 5397 3249
49
50  NSC 4059 612
30  NSC 4425 625
10  NSC 4694 667
50
50  NSC 3590 595
30  NSC 4453 592
10  OMST 6900 3273
51
50  OMST 3703 3269
30  NSC 3763 664
10  NSC 4044 567
52
50  OMST 3415 3274
30  NSC 3544 661
10  NSC 3844 569
53
50  NSC 15700 1685
54
50  NSC 9860 1672
30  OMST 12837 2003
55
50  NSC 20914 1675
30  OMST 27406 2004
56
50  OMST 16499 2005
30  NSC 17615 1677
57
50  NSC 15450 1679
58
50  OMST 17262 2007
59
50  NSC 14494 1682
30  OMST 15246 2008
60
50  NSC 12959 1683
61
50  OMST 12078 2009
30  NSC 12194 1684
SCORE:OMST,NSC,1480,3860,-238.0
