OMST-CCC
1
50  CCC 9365 2014
30  OMST 11741 3251
2
50  OMST 8160 3253
30  CCC 10441 2005
10  CCC 11056 2019
3
50  OMST 8244 3275
30  CCC 9715 1991
4
50  CCC 8866 2012
30  CCC 9346 2027
10  OMST 12479 3247
5
50  CCC 7445 2031
30  OMST 7843 3258
10  CCC 8137 2030
6
50  OMST 8919 3263
7
50  OMST 7093 3269
30  CCC 7696 1992
10  OMST 7725 3285
8
50  OMST 6319 3274
30  CCC 7524 2002
9
50  CCC 3709 1996
30  CCC 3804 2009
10  OMST 4425 3259
10
50  OMST 6597 3248
30  OMST 7467 3252
11
50  CCC 2076 2026
30  CCC 2303 2010
10  OMST 2477 3286
12
50  CCC 1634 2020
30  OMST 2603 3284
10  CCC 2770 2032
13
50  CCC 4404 1995
30  CCC 4490 2006
10  CCC 5167 2021
14
50  OMST 3975 3261
30  CCC 4125 2019
10  OMST 4353 3256
15
50  OMST 3544 3279
30  CCC 3750 1991
10  OMST 4501 3262
16
50  CCC 3407 2012
30  OMST 3447 3266
10  OMST 4120 3283
17
50  OMST 8269 3271
30  CCC 8815 2029
10  CCC 9053 2018
18
50  OMST 7259 3257
30  OMST 9822 3273
10  CCC 12918 2015
19
50  OMST 6744 3285
30  CCC 7116 1992
10  CCC 7469 2028
20
50  CCC 6632 2002
30  OMST 7432 3288
21
50  CCC 4272 1996
30  OMST 4632 3259
10  CCC 6403 2016
23
50  CCC 2706 2023
30  CCC 2868 2026
10  OMST 3056 3286
24
50  OMST 3206 3284
30  CCC 4210 2000
10  CCC 4712 2032
25
50  OMST 2406 3251
30  CCC 2734 1995
10  OMST 2784 3268
26
50  OMST 1790 3253
30  CCC 1947 2005
10  CCC 2432 2025
27
50  OMST 3878 3275
30  OMST 4726 3279
10  OMST 4800 3262
28
50  CCC 4247 2012
30  OMST 5844 3283
10  OMST 6204 3249
29
50  OMST 3722 3258
30  CCC 3810 2030
10  CCC 4488 2018
30
50  OMST 4116 3263
30  OMST 5097 3273
31
80  CCC 3662 1992
40  OMST 3750 3285
0  CCC 3813 1998
32
80  OMST 4363 3288
40  OMST 6905 3267
33
80  CCC 2228 2026
40  CCC 3034 2024
0  OMST 4259 3289
35
50  CCC 1819 2014
30  OMST 2550 3251
10  OMST 3109 3268
36
50  OMST 1563 3253
30  CCC 1891 2005
10  OMST 2553 3256
37
50  CCC 4146 1991
30  OMST 4713 3279
10  OMST 5228 3262
38
50  CCC 4041 2027
30  CCC 4268 2012
10  OMST 6100 3283
39
50  CCC 3515 2031
30  CCC 3572 2030
10  OMST 3721 3258
40
50  OMST 3669 3257
41
50  OMST 3053 3269
30  CCC 3413 1992
10  CCC 3736 2028
42
50  OMST 2766 3274
30  OMST 4310 3288
43
50  CCC 3622 2024
30  CCC 3755 2010
10  OMST 4881 3260
44
50  OMST 3195 3284
45
50  CCC 2209 2014
30  CCC 2592 1995
10  CCC 2700 2006
46
50  OMST 2777 3246
30  CCC 3109 1997
10  CCC 3432 2008
47
50  OMST 4560 3275
30  CCC 5041 1991
48
50  OMST 4907 3266
30  CCC 5066 2027
10  OMST 5397 3249
49
50  CCC 3880 2031
30  CCC 4603 2029
10  OMST 5025 3265
50
50  OMST 6900 3273
51
50  OMST 3703 3269
30  CCC 4305 2028
10  CCC 4529 2013
52
50  OMST 3415 3274
54
50  CCC 11834 1834
30  OMST 12837 2003
55
50  CCC 19756 1835
30  OMST 27406 2004
56
50  OMST 16499 2005
30  CCC 20399 1836
58
50  OMST 17262 2007
59
50  OMST 15246 2008
61
50  OMST 12078 2009
SCORE:OMST,CCC,2430,2270,16.0
