OMST-SPD
1
50  SPD 10483 2543
30  OMST 11741 3251
10  SPD 13000 2541
2
50  OMST 8160 3253
30  SPD 8459 2533
10  SPD 9968 2525
3
50  OMST 8244 3275
30  SPD 10200 2513
10  SPD 10800 2550
4
50  SPD 10001 2510
30  SPD 10160 2549
10  SPD 10875 2509
5
50  OMST 7843 3258
30  SPD 7938 2532
10  SPD 8957 2503
6
50  SPD 8395 2544
30  OMST 8919 3263
10  SPD 11019 2502
7
50  OMST 7093 3269
30  OMST 7725 3285
10  SPD 10866 2557
8
50  OMST 6319 3274
30  SPD 8953 2540
9
50  SPD 3385 2489
30  SPD 4118 2490
10  OMST 4425 3259
10
50  OMST 6597 3248
30  SPD 7354 2554
10  OMST 7467 3252
11
50  OMST 2477 3286
30  SPD 2582 2526
10  OMST 2692 3260
12
50  OMST 2603 3284
30  SPD 3370 2496
10  OMST 3575 3245
13
50  SPD 4588 2541
30  OMST 5372 3268
10  SPD 5603 2497
14
50  SPD 3450 2533
30  OMST 3975 3261
10  OMST 4353 3256
15
50  OMST 3544 3279
30  SPD 3909 2511
10  SPD 3928 2531
16
50  OMST 3447 3266
30  SPD 3708 2553
10  SPD 3714 2510
17
50  SPD 6896 2532
30  OMST 8269 3271
10  SPD 8813 2548
18
50  SPD 7106 2544
30  OMST 7259 3257
10  SPD 8412 2551
19
50  OMST 6744 3285
30  SPD 8300 2539
10  SPD 11350 2494
20
50  SPD 7422 2552
30  OMST 7432 3288
21
50  SPD 3859 2489
30  SPD 3863 2490
10  OMST 4632 3259
22
50  SPD 5433 2536
30  SPD 7209 2554
23
50  OMST 3056 3286
30  SPD 3184 2515
10  SPD 3613 2517
24
50  OMST 3206 3284
30  SPD 4159 2496
10  SPD 9429 2491
25
50  SPD 2138 2543
30  OMST 2406 3251
10  SPD 2449 2512
26
50  OMST 1790 3253
30  SPD 1891 2533
10  SPD 2140 2525
27
50  OMST 3878 3275
30  SPD 4615 2511
10  OMST 4726 3279
28
50  SPD 4881 2509
30  SPD 5303 2549
10  SPD 5803 2514
29
50  OMST 3722 3258
30  SPD 4043 2518
10  OMST 4518 3271
30
50  OMST 4116 3263
30  SPD 4387 2508
10  SPD 4707 2542
31
80  OMST 3750 3285
40  SPD 4170 2539
0  SPD 4820 2516
32
80  SPD 4063 2552
40  OMST 4363 3288
0  OMST 6905 3267
33
80  OMST 4259 3289
40  SPD 4375 2534
35
50  SPD 2403 2543
30  SPD 2406 2541
10  SPD 2426 2512
36
50  OMST 1563 3253
30  SPD 2102 2525
10  OMST 2553 3256
37
50  SPD 4592 2550
30  OMST 4713 3279
10  SPD 4819 2511
38
50  SPD 4631 2553
30  SPD 4950 2549
10  SPD 5247 2493
39
50  SPD 3639 2532
30  OMST 3721 3258
10  SPD 3788 2503
40
50  OMST 3669 3257
30  SPD 3814 2544
10  SPD 6559 2502
41
50  OMST 3053 3269
30  SPD 4227 2539
10  SPD 4878 2557
42
50  OMST 2766 3274
30  OMST 4310 3288
43
50  SPD 3899 2526
30  SPD 3971 2534
10  OMST 4881 3260
44
50  OMST 3195 3284
45
50  SPD 2703 2512
30  SPD 3088 2505
46
50  SPD 2083 2533
30  SPD 2428 2525
10  OMST 2777 3246
47
50  OMST 4560 3275
30  SPD 4937 2513
10  SPD 5538 2523
48
50  OMST 4907 3266
30  SPD 5052 2510
10  OMST 5397 3249
49
50  SPD 4663 2547
30  SPD 4725 2503
10  SPD 4888 2522
50
50  SPD 4334 2551
30  SPD 4456 2502
10  SPD 5021 2508
51
50  OMST 3703 3269
30  SPD 5278 2516
10  SPD 5333 2557
52
50  OMST 3415 3274
30  SPD 4607 2540
10  SPD 4683 2552
53
50  SPD 27334 1912
54
50  OMST 12837 2003
30  SPD 15415 1904
55
50  SPD 18900 1906
30  OMST 27406 2004
56
50  OMST 16499 2005
57
50  SPD 16523 1907
58
50  SPD 15638 1908
30  OMST 17262 2007
59
50  SPD 13778 1909
30  OMST 15246 2008
60
50  SPD 14566 1910
61
50  OMST 12078 2009
30  SPD 17680 1911
SCORE:OMST,SPD,2220,2970,-75.0
