OMST-SHC
1
50  SHC 8773 492
30  SHC 10263 463
10  SHC 10669 513
2
50  OMST 8160 3253
30  SHC 10517 475
10  SHC 10644 539
3
50  OMST 8244 3275
30  SHC 8951 533
10  SHC 9627 514
4
50  SHC 7872 552
30  OMST 12479 3247
5
50  OMST 7843 3258
30  SHC 8052 501
6
50  SHC 6757 549
30  OMST 8919 3263
10  SHC 11721 476
7
50  OMST 7093 3269
30  SHC 7710 459
10  SHC 7723 479
8
50  OMST 6319 3274
30  SHC 7306 502
10  SHC 7419 497
9
50  SHC 3479 481
30  SHC 3513 528
10  SHC 3803 486
10
50  SHC 3037 565
30  SHC 3619 471
10  SHC 3666 534
11
50  SHC 2143 564
30  SHC 2346 491
10  SHC 2353 541
12
50  OMST 2603 3284
30  SHC 2783 535
10  SHC 2872 512
13
50  SHC 3514 492
30  SHC 3799 547
10  SHC 3929 522
14
50  OMST 3975 3261
30  SHC 4207 537
10  OMST 4353 3256
15
50  SHC 3479 533
30  OMST 3544 3279
10  SHC 3687 514
16
50  SHC 3036 552
30  OMST 3447 3266
10  SHC 3941 542
17
50  SHC 7129 546
30  SHC 7729 478
10  OMST 8269 3271
18
50  SHC 7143 493
30  OMST 7259 3257
10  SHC 8607 488
19
50  SHC 6655 479
30  OMST 6744 3285
10  SHC 6933 459
20
50  SHC 5949 490
30  SHC 6294 497
10  SHC 6959 450
21
50  SHC 2812 540
30  SHC 3757 481
10  SHC 4366 528
22
50  SHC 3253 565
30  SHC 3894 471
10  SHC 4737 534
23
50  SHC 2502 564
30  SHC 2827 554
10  SHC 2833 553
24
50  SHC 2900 464
30  OMST 3206 3284
10  SHC 3818 512
25
50  SHC 2013 550
30  SHC 2044 513
10  SHC 2203 547
26
50  OMST 1790 3253
30  OMST 2566 3261
10  SHC 2653 457
27
50  OMST 3878 3275
30  SHC 4386 533
10  OMST 4726 3279
28
50  SHC 4765 451
30  SHC 5445 525
10  OMST 5844 3283
29
50  SHC 3509 546
30  OMST 3722 3258
10  OMST 4518 3271
30
50  OMST 4116 3263
30  SHC 4305 493
10  SHC 4891 488
31
80  SHC 3706 558
40  OMST 3750 3285
0  SHC 3828 458
32
80  SHC 3169 502
40  SHC 3619 526
0  OMST 4363 3288
33
80  SHC 2923 554
40  SHC 2977 491
0  SHC 2997 540
34
80  SHC 3849 511
35
50  SHC 1906 463
30  SHC 2377 524
10  OMST 2550 3251
36
50  OMST 1563 3253
30  SHC 2075 537
10  SHC 2173 539
37
50  SHC 4158 514
30  SHC 4610 487
10  OMST 4713 3279
38
50  SHC 3333 552
30  SHC 4793 525
10  OMST 6100 3283
39
50  SHC 3290 501
30  SHC 3653 546
10  OMST 3721 3258
40
50  SHC 2951 549
30  SHC 3667 493
10  OMST 3669 3257
41
50  OMST 3053 3269
30  SHC 3356 459
10  SHC 3443 479
42
50  OMST 2766 3274
30  SHC 2906 490
10  SHC 3016 502
43
50  SHC 3154 553
30  SHC 3207 469
10  SHC 3212 491
44
50  OMST 3195 3284
30  SHC 3788 464
45
50  SHC 2141 550
30  SHC 2513 522
10  SHC 2620 524
46
50  SHC 2295 475
30  SHC 2475 539
10  OMST 2777 3246
47
50  OMST 4560 3275
30  SHC 5463 482
10  SHC 5543 515
48
50  OMST 4907 3266
30  SHC 5134 542
10  OMST 5397 3249
49
50  SHC 4671 478
30  OMST 5025 3265
10  OMST 5644 3254
50
50  SHC 3461 549
30  SHC 5967 476
10  OMST 6900 3273
51
50  OMST 3703 3269
30  SHC 4114 458
10  SHC 4837 489
52
50  OMST 3415 3274
30  SHC 3760 490
10  SHC 3804 497
53
50  SHC 16298 1670
54
50  OMST 12837 2003
55
50  SHC 14927 1665
30  OMST 27406 2004
56
50  OMST 16499 2005
30  SHC 18851 1666
57
50  SHC 18766 1667
58
50  OMST 17262 2007
59
50  OMST 15246 2008
61
50  OMST 12078 2009
SCORE:OMST,SHC,1660,3530,-187.0
