OMST-BJCCS
1
50  OMST 11741 3251
2
50  BJCCS 7311 1954
30  OMST 8160 3253
10  BJCCS 9619 1983
3
50  OMST 8244 3275
30  BJCCS 9831 1977
4
50  BJCCS 8868 1970
30  BJCCS 8910 1964
10  OMST 12479 3247
5
50  BJCCS 7494 1958
30  OMST 7843 3258
10  BJCCS 9193 1972
6
50  BJCCS 7580 1985
30  BJCCS 8634 1960
10  OMST 8919 3263
7
50  OMST 7093 3269
30  BJCCS 7577 1975
10  OMST 7725 3285
8
50  OMST 6319 3274
30  BJCCS 6444 1974
10  BJCCS 6544 1984
9
50  BJCCS 2399 1956
30  BJCCS 3603 1978
10  BJCCS 4022 1963
10
50  OMST 6597 3248
30  OMST 7467 3252
11
50  BJCCS 2100 1973
30  OMST 2477 3286
10  BJCCS 2530 1957
12
50  BJCCS 1892 1955
30  BJCCS 2070 1981
10  OMST 2603 3284
13
50  OMST 5372 3268
30  BJCCS 6250 1959
10  BJCCS 6475 1979
14
50  BJCCS 2934 1954
30  OMST 3975 3261
10  OMST 4353 3256
15
50  OMST 3544 3279
30  BJCCS 4347 1976
10  OMST 4501 3262
16
50  OMST 3447 3266
30  BJCCS 3568 1964
10  BJCCS 3666 1970
17
50  BJCCS 7103 1958
30  BJCCS 7806 1972
10  OMST 8269 3271
18
50  BJCCS 6120 1966
30  OMST 7259 3257
10  BJCCS 7762 1960
19
50  BJCCS 6706 1975
30  OMST 6744 3285
10  BJCCS 7454 1986
20
50  BJCCS 5725 1974
30  BJCCS 6940 1962
10  BJCCS 7134 1982
21
50  BJCCS 2962 1956
30  BJCCS 3903 1989
10  OMST 4632 3259
23
50  BJCCS 2553 1973
30  BJCCS 3003 1957
10  OMST 3056 3286
24
50  BJCCS 2342 1955
30  BJCCS 2669 1981
10  OMST 3206 3284
25
50  OMST 2406 3251
30  OMST 2784 3268
10  OMST 3173 3277
26
50  OMST 1790 3253
30  BJCCS 2019 1983
10  BJCCS 2356 1988
27
50  OMST 3878 3275
30  OMST 4726 3279
10  OMST 4800 3262
28
50  BJCCS 4400 1970
30  BJCCS 5672 1987
10  OMST 5844 3283
29
50  OMST 3722 3258
30  BJCCS 3747 1958
10  BJCCS 4150 1972
30
50  BJCCS 3247 1966
30  BJCCS 3419 1985
10  OMST 4116 3263
31
80  BJCCS 3610 1986
40  OMST 3750 3285
32
80  BJCCS 2989 1984
40  BJCCS 3687 1962
0  BJCCS 4237 1982
33
80  BJCCS 2559 1973
40  BJCCS 3103 1956
0  OMST 4259 3289
34
80  BJCCS 2165 1981
35
50  OMST 2550 3251
30  OMST 3109 3268
36
50  OMST 1563 3253
30  BJCCS 1770 1983
10  BJCCS 2356 1988
37
50  OMST 4713 3279
30  BJCCS 4916 1977
10  OMST 5228 3262
38
50  BJCCS 4031 1970
30  BJCCS 4178 1964
10  BJCCS 4825 1987
39
50  OMST 3721 3258
30  BJCCS 4225 1972
10  OMST 4880 3271
40
50  BJCCS 3145 1966
30  OMST 3669 3257
10  BJCCS 4636 1980
41
50  OMST 3053 3269
42
50  OMST 2766 3274
30  BJCCS 3000 1974
10  BJCCS 3739 1962
43
50  BJCCS 4025 1957
30  BJCCS 4197 1956
10  OMST 4881 3260
44
50  BJCCS 3022 1955
30  OMST 3195 3284
46
50  BJCCS 1744 1954
30  OMST 2777 3246
10  BJCCS 3508 1953
47
50  OMST 4560 3275
30  BJCCS 5529 1977
10  BJCCS 5931 1976
48
50  BJCCS 4834 1964
30  OMST 4907 3266
10  OMST 5397 3249
49
50  BJCCS 3875 1958
30  OMST 5025 3265
10  OMST 5644 3254
50
50  BJCCS 4163 1985
30  BJCCS 4372 1960
10  OMST 6900 3273
51
50  OMST 3703 3269
52
50  OMST 3415 3274
30  BJCCS 3897 1984
10  BJCCS 4203 1982
54
50  BJCCS 9233 1830
30  OMST 12837 2003
55
50  OMST 27406 2004
56
50  BJCCS 15437 1831
30  OMST 16499 2005
58
50  OMST 17262 2007
59
50  OMST 15246 2008
60
50  BJCCS 12532 1832
61
50  BJCCS 12031 1833
30  OMST 12078 2009
SCORE:OMST,BJCCS,1980,2880,-90.0
