OMST-NJST
1
50  NJST 10050 3229
30  OMST 11741 3251
2
50  OMST 8160 3253
30  OMST 11720 3256
10  NJST 11875 3221
3
50  NJST 7090 3206
30  NJST 7422 3238
10  NJST 8059 3224
4
50  NJST 10567 3243
30  OMST 12479 3247
5
50  OMST 7843 3258
30  NJST 8025 3231
6
50  OMST 8919 3263
7
50  OMST 7093 3269
30  NJST 7619 3234
10  OMST 7725 3285
8
50  OMST 6319 3274
30  NJST 7947 3230
9
50  NJST 2247 3222
30  NJST 3979 3235
10  OMST 4425 3259
10
50  OMST 6597 3248
30  OMST 7467 3252
11
50  NJST 1965 3197
30  NJST 2321 3215
10  NJST 2350 3219
12
50  NJST 2010 3225
30  OMST 2603 3284
10  NJST 3113 3205
13
50  NJST 4263 3229
30  NJST 4753 3212
10  NJST 4789 3196
14
50  OMST 3975 3261
30  NJST 4209 3226
10  OMST 4353 3256
15
50  NJST 2836 3206
30  NJST 2929 3238
10  NJST 3194 3191
16
50  NJST 3353 3236
30  OMST 3447 3266
10  NJST 3959 3243
17
50  OMST 8269 3271
30  OMST 9440 3281
10  OMST 9734 3254
18
50  OMST 7259 3257
30  OMST 9822 3273
19
50  NJST 6731 3234
30  OMST 6744 3285
10  NJST 7723 3240
20
50  OMST 7432 3288
21
50  NJST 2794 3222
30  OMST 4632 3259
10  NJST 5043 3235
23
50  NJST 2604 3197
30  NJST 2613 3215
10  NJST 2963 3219
24
50  NJST 2287 3225
30  OMST 3206 3284
10  NJST 3470 3192
25
50  NJST 2256 3212
30  NJST 2372 3196
10  OMST 2406 3251
26
50  OMST 1790 3253
30  NJST 2381 3221
10  NJST 2413 3226
27
50  NJST 3425 3213
30  NJST 3872 3191
10  OMST 3878 3275
28
50  NJST 4575 3236
30  NJST 5369 3214
10  NJST 5659 3243
29
50  OMST 3722 3258
30  NJST 3852 3231
10  OMST 4518 3271
30
50  OMST 4116 3263
30  OMST 5097 3273
31
80  OMST 3750 3285
40  NJST 3781 3234
0  NJST 4162 3211
32
80  NJST 3987 3230
40  OMST 4363 3288
0  OMST 6905 3267
33
80  NJST 3345 3197
40  OMST 4259 3289
35
50  NJST 2103 3229
30  NJST 2528 3196
10  OMST 2550 3251
36
50  OMST 1563 3253
30  NJST 2091 3226
10  OMST 2553 3256
37
50  NJST 3407 3206
30  NJST 3522 3238
10  NJST 3778 3224
38
50  OMST 6100 3283
30  OMST 7372 3247
39
50  NJST 3557 3231
30  OMST 3721 3258
10  OMST 4880 3271
40
50  OMST 3669 3257
41
50  OMST 3053 3269
30  NJST 3315 3234
10  NJST 4063 3240
42
50  OMST 2766 3274
30  NJST 3604 3230
10  OMST 4310 3288
43
50  NJST 3128 3219
30  NJST 3909 3233
10  OMST 4881 3260
44
50  OMST 3195 3284
30  NJST 3275 3225
10  NJST 4603 3205
45
50  NJST 2662 3194
46
50  OMST 2777 3246
30  NJST 3038 3221
47
50  NJST 4290 3224
30  OMST 4560 3275
10  NJST 5129 3232
48
50  OMST 4907 3266
30  NJST 5291 3214
10  OMST 5397 3249
49
50  NJST 4193 3231
30  OMST 5025 3265
10  OMST 5644 3254
50
50  OMST 6900 3273
51
50  OMST 3703 3269
30  NJST 4359 3211
10  NJST 4675 3240
52
50  OMST 3415 3274
30  NJST 3787 3230
54
50  NJST 10675 1997
30  OMST 12837 2003
55
50  NJST 19643 1998
30  OMST 27406 2004
56
50  OMST 16499 2005
30  NJST 22728 1999
57
50  NJST 12482 2000
58
50  OMST 17262 2007
30  NJST 18127 2002
59
50  OMST 15246 2008
61
50  OMST 12078 2009
SCORE:OMST,NJST,2240,2520,-28.0
