OMST-AND
1
50  AND 9931 1090
30  AND 10053 1040
10  AND 10600 1107
2
50  OMST 8160 3253
30  OMST 11720 3256
10  AND 15182 1134
3
50  OMST 8244 3275
30  AND 8533 1041
10  AND 9628 1059
4
50  AND 8178 1089
30  AND 8422 1120
10  OMST 12479 3247
5
50  AND 7363 1095
30  OMST 7843 3258
10  AND 9390 1124
6
50  AND 8681 1127
30  AND 8847 1045
10  OMST 8919 3263
7
50  OMST 7093 3269
30  OMST 7725 3285
10  AND 7909 1094
8
50  OMST 6319 3274
30  AND 8629 1101
9
50  AND 4037 1072
30  AND 4153 1046
10  OMST 4425 3259
10
50  AND 3468 1139
30  AND 4798 1146
10  AND 5266 1143
11
50  AND 2150 1034
30  AND 2224 1105
10  OMST 2477 3286
12
50  AND 2387 1066
30  OMST 2603 3284
10  AND 2886 1070
13
50  AND 3820 1054
30  AND 3843 1107
10  AND 4206 1171
14
50  OMST 3975 3261
30  AND 4141 1080
10  OMST 4353 3256
15
50  AND 3380 1122
30  AND 3537 1059
10  OMST 3544 3279
16
50  OMST 3447 3266
30  AND 3513 1079
10  AND 3896 1053
17
50  AND 6284 1121
30  AND 6286 1095
10  AND 7659 1161
18
50  OMST 7259 3257
30  AND 7423 1127
10  AND 8120 1100
19
50  OMST 6744 3285
30  AND 7168 1108
10  AND 7177 1137
20
50  AND 5943 1125
30  AND 7119 1116
10  AND 7226 1118
21
50  OMST 4632 3259
30  AND 4686 1072
10  AND 4868 1174
22
50  AND 4911 1139
30  AND 4974 1143
10  AND 6090 1146
23
50  AND 2751 1034
30  OMST 3056 3286
10  AND 3269 1109
24
50  AND 2843 1066
30  OMST 3206 3284
10  AND 3783 1070
25
50  AND 2055 1044
30  AND 2282 1171
10  AND 2349 1073
26
50  OMST 1790 3253
30  OMST 2566 3261
10  AND 2596 1035
27
50  AND 3713 1122
30  OMST 3878 3275
10  AND 4077 1041
28
50  AND 3865 1120
30  AND 4801 1053
10  OMST 5844 3283
29
50  OMST 3722 3258
30  AND 3901 1068
10  AND 4043 1124
30
50  OMST 4116 3263
30  AND 4322 1127
10  AND 4348 1100
31
80  OMST 3750 3285
40  AND 3907 1108
0  AND 4229 1113
32
80  AND 3183 1125
40  AND 3636 1118
0  OMST 4363 3288
33
80  AND 3553 1105
40  OMST 4259 3289
35
50  AND 1935 1090
30  AND 1953 1040
10  AND 2132 1054
36
50  OMST 1563 3253
30  AND 2289 1035
10  OMST 2553 3256
37
50  AND 3932 1122
30  AND 3956 1059
10  OMST 4713 3279
38
50  AND 3591 1089
30  AND 3613 1120
10  OMST 6100 3283
39
50  AND 3193 1121
30  AND 3229 1095
10  OMST 3721 3258
40
50  OMST 3669 3257
30  AND 3823 1045
10  AND 4450 1100
41
50  OMST 3053 3269
30  AND 3548 1137
10  AND 4334 1162
42
50  OMST 2766 3274
30  AND 3808 1116
10  OMST 4310 3288
43
50  AND 3225 1034
30  AND 3423 1071
10  AND 3657 1109
44
50  OMST 3195 3284
45
50  AND 2051 1044
30  AND 2537 1054
10  AND 2609 1171
46
50  AND 2599 1077
30  OMST 2777 3246
10  AND 3350 1134
47
50  AND 4259 1041
30  OMST 4560 3275
10  AND 5474 1126
48
50  AND 4420 1089
30  OMST 4907 3266
10  AND 5038 1079
49
50  AND 4009 1121
30  AND 4613 1124
10  AND 4620 1068
50
50  AND 4404 1081
30  AND 4473 1045
10  OMST 6900 3273
51
50  OMST 3703 3269
30  AND 4211 1094
10  AND 4288 1108
52
50  OMST 3415 3274
30  AND 4413 1101
54
50  AND 11193 1724
30  OMST 12837 2003
55
50  AND 16214 1726
30  OMST 27406 2004
56
50  OMST 16499 2005
30  AND 19643 1728
57
50  AND 20541 1729
58
50  OMST 17262 2007
59
50  AND 14394 1731
30  OMST 15246 2008
61
50  OMST 12078 2009
30  AND 12242 1732
SCORE:OMST,AND,1770,3350,-158.0
