OMST-WW
1
50  WW 9347 1645
30  OMST 11741 3251
10  WW 13828 1598
2
50  OMST 8160 3253
30  WW 11716 1597
10  OMST 11720 3256
3
50  OMST 8244 3275
30  WW 9519 1584
10  WW 9887 1634
4
50  WW 10807 1577
30  WW 11487 1587
10  WW 11850 1604
5
50  OMST 7843 3258
30  WW 8091 1544
10  WW 8587 1626
6
50  WW 7547 1643
30  OMST 8919 3263
10  WW 9959 1576
7
50  OMST 7093 3269
30  OMST 7725 3285
10  WW 7781 1616
8
50  OMST 6319 3274
30  WW 6700 1585
10  WW 7888 1550
9
50  WW 3607 1555
30  OMST 4425 3259
10
50  WW 2803 1591
30  WW 4153 1615
10  WW 4281 1593
11
50  WW 1959 1580
30  WW 2100 1573
10  WW 2471 1644
12
50  WW 2186 1619
30  WW 2438 1561
10  WW 2463 1635
13
50  WW 3890 1589
30  WW 4283 1638
10  WW 4853 1546
14
50  OMST 3975 3261
30  WW 4059 1552
10  OMST 4353 3256
15
50  WW 3228 1625
30  OMST 3544 3279
10  WW 3729 1584
16
50  OMST 3447 3266
30  WW 3762 1605
10  OMST 4120 3283
17
50  WW 6844 1581
30  WW 6869 1618
10  OMST 8269 3271
18
50  WW 7106 1583
30  OMST 7259 3257
10  WW 9689 1607
19
50  WW 6303 1551
30  OMST 6744 3285
10  WW 7506 1562
20
50  WW 6309 1582
30  WW 6444 1565
10  WW 7222 1627
21
50  WW 4309 1555
30  OMST 4632 3259
22
50  WW 5181 1591
30  WW 5769 1615
10  WW 6866 1593
23
50  WW 2472 1580
30  OMST 3056 3286
10  WW 3306 1539
24
50  WW 3006 1635
30  OMST 3206 3284
10  WW 3325 1619
25
50  WW 2100 1645
30  OMST 2406 3251
10  WW 2475 1589
26
50  OMST 1790 3253
30  WW 2428 1569
10  OMST 2566 3261
27
50  OMST 3878 3275
30  OMST 4726 3279
10  WW 4756 1634
28
50  WW 4644 1605
30  WW 5342 1577
10  WW 5388 1564
29
50  WW 3622 1618
30  WW 3709 1595
10  OMST 3722 3258
30
50  WW 3488 1643
30  WW 3675 1583
10  OMST 4116 3263
31
80  WW 3531 1551
40  WW 3584 1616
0  OMST 3750 3285
32
80  WW 3043 1585
40  WW 3605 1582
0  WW 3766 1565
33
80  WW 2604 1573
40  WW 3637 1621
0  WW 4053 1614
34
80  WW 3675 1635
35
50  WW 1864 1645
30  WW 2529 1638
10  OMST 2550 3251
36
50  OMST 1563 3253
30  WW 2463 1639
10  OMST 2553 3256
37
50  WW 3816 1625
30  WW 3966 1572
10  WW 4694 1543
38
50  WW 4303 1636
30  WW 5550 1577
10  OMST 6100 3283
39
50  WW 3473 1618
30  WW 3593 1581
10  WW 3706 1595
40
50  WW 3459 1643
30  OMST 3669 3257
10  WW 4190 1576
41
50  OMST 3053 3269
30  WW 3331 1616
10  WW 3788 1640
42
50  OMST 2766 3274
30  WW 2879 1585
10  WW 3316 1565
43
50  WW 2591 1573
30  WW 3260 1601
10  WW 3675 1621
44
50  OMST 3195 3284
30  WW 3581 1620
10  WW 7800 1593
45
50  WW 2350 1589
30  WW 2469 1638
10  WW 2637 1542
46
50  WW 2640 1552
30  WW 2721 1629
10  OMST 2777 3246
47
50  WW 4207 1625
30  WW 4327 1572
10  WW 4363 1584
48
50  WW 4466 1636
30  OMST 4907 3266
10  OMST 5397 3249
49
50  WW 3978 1544
30  WW 4063 1581
10  WW 4550 1637
50
50  WW 4181 1583
30  OMST 6900 3273
51
50  OMST 3703 3269
30  WW 3768 1551
10  WW 4440 1596
52
50  OMST 3415 3274
30  WW 3665 1608
10  WW 3700 1582
53
50  WW 11534 1795
54
50  WW 9416 1776
30  OMST 12837 2003
55
50  WW 17160 1779
30  OMST 27406 2004
56
50  OMST 16499 2005
30  WW 18144 1782
57
50  WW 14228 1784
58
50  OMST 17262 2007
30  WW 20981 1788
59
50  WW 12400 1789
30  OMST 15246 2008
60
50  WW 13835 1791
61
50  WW 11479 1792
30  OMST 12078 2009
SCORE:OMST,WW,1540,3820,-228.0
