OMST-HSC
1
50  OMST 11741 3251
30  HSC 12582 3422
2
50  OMST 8160 3253
30  OMST 11720 3256
10  HSC 13133 3465
3
50  OMST 8244 3275
30  HSC 10519 3445
4
50  HSC 8441 3463
30  OMST 12479 3247
5
50  HSC 7740 3466
30  OMST 7843 3258
10  HSC 7854 3424
6
50  HSC 7907 3446
30  HSC 8508 3458
10  OMST 8919 3263
7
50  OMST 7093 3269
30  OMST 7725 3285
10  HSC 8442 3457
8
50  OMST 6319 3274
30  HSC 6592 3462
10  HSC 7912 3461
9
50  OMST 4425 3259
30  HSC 5143 3442
10  HSC 5829 3441
10
50  HSC 3999 3459
30  OMST 6597 3248
10  OMST 7467 3252
11
50  HSC 1977 3430
30  HSC 2019 3464
10  OMST 2477 3286
12
50  OMST 2603 3284
30  OMST 3575 3245
10  HSC 3999 3459
13
50  HSC 4509 3422
30  HSC 4704 3467
10  OMST 5372 3268
14
50  OMST 3975 3261
30  HSC 4084 3420
10  OMST 4353 3256
15
50  OMST 3544 3279
30  HSC 3963 3445
10  OMST 4501 3262
16
50  HSC 3251 3453
30  HSC 3253 3463
10  OMST 3447 3266
17
50  HSC 6734 3466
30  HSC 6821 3424
10  HSC 7172 3444
18
50  HSC 6803 3423
30  OMST 7259 3257
10  HSC 7347 3458
19
50  OMST 6744 3285
30  HSC 7373 3448
10  HSC 7776 3447
20
50  HSC 5558 3462
30  HSC 5947 3460
10  HSC 6588 3454
21
50  OMST 4632 3259
30  HSC 5788 3441
10  HSC 7357 3442
22
50  HSC 8421 3459
23
50  HSC 2976 3430
30  OMST 3056 3286
10  HSC 3307 3456
24
50  OMST 3206 3284
30  HSC 4538 3452
10  HSC 8421 3459
25
50  OMST 2406 3251
30  HSC 2488 3422
10  OMST 2784 3268
26
50  OMST 1790 3253
30  OMST 2566 3261
10  OMST 2765 3246
27
50  OMST 3878 3275
30  OMST 4726 3279
10  OMST 4800 3262
28
50  HSC 4294 3421
30  HSC 4380 3453
10  HSC 4906 3435
29
50  OMST 3722 3258
30  HSC 3789 3444
10  OMST 4518 3271
30
50  HSC 3802 3446
30  HSC 3893 3423
10  OMST 4116 3263
31
80  OMST 3750 3285
40  HSC 3913 3448
0  HSC 4225 3447
32
80  HSC 3721 3461
40  HSC 4294 3454
0  OMST 4363 3288
33
80  OMST 4259 3289
35
50  OMST 2550 3251
30  OMST 3109 3268
36
50  OMST 1563 3253
30  OMST 2553 3256
10  HSC 3654 3436
37
50  OMST 4713 3279
30  HSC 4920 3445
10  OMST 5228 3262
38
50  HSC 4317 3453
30  OMST 6100 3283
10  OMST 7372 3247
39
50  HSC 3635 3424
30  OMST 3721 3258
10  HSC 3875 3444
40
50  HSC 3304 3446
30  OMST 3669 3257
10  HSC 3927 3423
41
50  OMST 3053 3269
30  HSC 3312 3457
10  HSC 4225 3448
42
50  HSC 2639 3462
30  OMST 2766 3274
10  HSC 2925 3460
43
50  HSC 2932 3430
30  HSC 3033 3464
10  HSC 3675 3431
44
50  OMST 3195 3284
45
50  HSC 3075 3440
46
50  OMST 2777 3246
30  HSC 3058 3420
10  HSC 3123 3436
47
50  OMST 4560 3275
30  HSC 6262 3445
48
50  HSC 4691 3463
30  OMST 4907 3266
10  HSC 5188 3435
49
50  HSC 4065 3466
30  HSC 4831 3429
10  OMST 5025 3265
50
50  HSC 4279 3423
30  HSC 4618 3432
10  HSC 5319 3458
51
50  OMST 3703 3269
30  HSC 4470 3448
10  HSC 4532 3457
52
50  HSC 3407 3460
30  OMST 3415 3274
10  HSC 3845 3454
54
50  OMST 12837 2003
55
50  OMST 27406 2004
56
50  OMST 16499 2005
30  HSC 19928 2040
58
50  HSC 15277 2041
30  OMST 17262 2007
59
50  HSC 12869 2042
30  OMST 15246 2008
60
50  HSC 12747 2043
61
50  OMST 12078 2009
30  HSC 12104 2044
SCORE:OMST,HSC,2310,2630,-32.0
