OMST-CH
1
50  CH 9387 3108
30  CH 9994 3070
10  CH 10944 3066
2
50  OMST 8160 3253
30  OMST 11720 3256
10  CH 13943 3123
3
50  CH 8038 3083
30  OMST 8244 3275
10  CH 10602 3088
4
50  CH 10107 3111
30  CH 10791 3081
10  OMST 12479 3247
5
50  OMST 7843 3258
30  CH 8338 3086
10  CH 10478 3114
6
50  CH 8290 3085
30  OMST 8919 3263
10  CH 9969 3095
7
50  OMST 7093 3269
30  OMST 7725 3285
8
50  OMST 6319 3274
30  CH 9731 3107
10  CH 9974 3102
9
50  CH 2656 3080
30  CH 3053 3062
10  CH 3434 3118
10
50  CH 2587 3076
30  CH 3566 3067
10  CH 3896 3117
11
50  CH 2405 3069
30  CH 2406 3120
10  OMST 2477 3286
12
50  CH 2153 3119
30  OMST 2603 3284
10  CH 3169 3110
13
50  CH 3818 3108
30  CH 3875 3070
10  CH 4100 3066
14
50  OMST 3975 3261
30  OMST 4353 3256
10  CH 5110 3074
15
50  CH 3274 3083
30  OMST 3544 3279
10  CH 4234 3088
16
50  OMST 3447 3266
30  CH 4012 3111
10  CH 4029 3081
17
50  CH 7585 3086
30  OMST 8269 3271
10  OMST 9440 3281
18
50  CH 7168 3085
30  OMST 7259 3257
10  CH 9206 3095
19
50  OMST 6744 3285
20
50  OMST 7432 3288
30  CH 8722 3107
10  CH 9150 3102
21
50  CH 3358 3062
30  CH 3632 3080
10  CH 4530 3118
22
50  CH 4122 3076
30  CH 5985 3117
10  CH 6728 3109
23
50  CH 2922 3120
30  OMST 3056 3286
10  CH 3278 3093
24
50  CH 3088 3119
30  OMST 3206 3284
10  CH 3578 3110
25
50  CH 2178 3108
30  CH 2381 3121
10  OMST 2406 3251
26
50  OMST 1790 3253
30  CH 2538 3087
10  OMST 2566 3261
27
50  OMST 3878 3275
30  CH 3922 3083
10  OMST 4726 3279
28
50  CH 4947 3073
30  CH 4950 3111
10  CH 5001 3081
29
50  CH 3618 3086
30  OMST 3722 3258
10  OMST 4518 3271
30
50  OMST 4116 3263
30  OMST 5097 3273
10  CH 5310 3071
31
80  OMST 3750 3285
32
80  OMST 4363 3288
40  CH 5087 3107
0  CH 5308 3102
33
80  CH 3087 3069
40  OMST 4259 3289
0  CH 4651 3077
34
80  CH 2778 3119
35
50  CH 1913 3066
30  CH 1999 3108
10  CH 2381 3121
36
50  OMST 1563 3253
30  OMST 2553 3256
10  CH 3640 3123
37
50  CH 3868 3083
30  OMST 4713 3279
10  CH 4818 3088
38
50  CH 5581 3111
30  OMST 6100 3283
10  CH 6155 3060
39
50  CH 3546 3086
30  OMST 3721 3258
10  OMST 4880 3271
40
50  OMST 3669 3257
30  CH 4072 3085
41
50  OMST 3053 3269
42
50  OMST 2766 3274
30  OMST 4310 3288
10  CH 4947 3107
43
50  CH 3694 3120
30  CH 4434 3090
10  CH 4721 3104
44
50  OMST 3195 3284
30  CH 4025 3119
45
50  CH 2458 3070
30  CH 2618 3089
10  CH 2705 3082
46
50  OMST 2777 3246
47
50  OMST 4560 3275
30  CH 5384 3068
10  CH 5616 3098
48
50  OMST 4907 3266
30  OMST 5397 3249
10  OMST 6220 3247
49
50  OMST 5025 3265
30  CH 5574 3114
10  OMST 5644 3254
50
50  CH 5263 3095
30  OMST 6900 3273
10  CH 7240 3059
51
50  OMST 3703 3269
52
50  OMST 3415 3274
30  CH 4908 3102
53
50  CH 14214 1989
54
50  OMST 12837 2003
30  CH 12912 1982
55
50  CH 17409 1984
30  OMST 27406 2004
56
50  OMST 16499 2005
30  CH 25353 1985
57
50  CH 18681 1986
58
50  OMST 17262 2007
30  CH 21965 1987
59
50  OMST 15246 2008
60
50  CH 15906 1988
61
50  OMST 12078 2009
SCORE:OMST,CH,2280,2810,-53.0
