OMST-WH
1
50  WH 9640 1193
30  OMST 11741 3251
10  WH 11865 1245
2
50  OMST 8160 3253
30  WH 10577 1271
10  WH 10928 1228
3
50  OMST 8244 3275
30  WH 8247 1194
10  WH 9784 1222
4
50  WH 9193 1192
30  WH 11040 1221
10  WH 12297 1177
5
50  OMST 7843 3258
30  WH 7892 1191
10  WH 9129 1190
6
50  OMST 8919 3263
30  WH 10114 1226
10  WH 10162 1274
7
50  OMST 7093 3269
30  OMST 7725 3285
10  WH 8651 1276
8
50  OMST 6319 3274
30  WH 8286 1280
10  WH 8650 1198
9
50  WH 3735 1229
30  OMST 4425 3259
10
50  WH 4124 1181
30  WH 4823 1257
10  WH 5578 1265
11
50  WH 2018 1188
30  WH 2124 1236
10  OMST 2477 3286
12
50  WH 2443 1211
30  OMST 2603 3284
10  WH 2872 1258
13
50  WH 4773 1288
30  WH 4802 1239
10  WH 5114 1287
14
50  OMST 3975 3261
30  WH 4037 1228
10  OMST 4353 3256
15
50  WH 3344 1194
30  OMST 3544 3279
10  WH 3856 1222
16
50  OMST 3447 3266
30  WH 3582 1197
10  WH 3814 1205
17
50  WH 7845 1178
30  WH 8026 1224
10  OMST 8269 3271
18
50  WH 6598 1277
30  OMST 7259 3257
10  WH 8628 1206
19
50  OMST 6744 3285
30  WH 6868 1187
10  WH 7183 1240
20
50  WH 6743 1246
30  WH 7183 1247
10  OMST 7432 3288
21
50  OMST 4632 3259
30  WH 5483 1229
23
50  WH 2603 1188
30  WH 2802 1236
10  WH 2865 1234
24
50  OMST 3206 3284
30  WH 3673 1256
10  WH 4091 1211
25
50  WH 2213 1193
30  WH 2308 1245
10  OMST 2406 3251
26
50  OMST 1790 3253
30  WH 2321 1271
10  OMST 2566 3261
27
50  OMST 3878 3275
30  WH 3950 1194
10  OMST 4726 3279
28
50  WH 4251 1192
30  WH 4716 1197
10  WH 5074 1205
29
50  WH 3513 1191
30  OMST 3722 3258
10  WH 4098 1178
30
50  WH 3788 1277
30  OMST 4116 3263
10  WH 4543 1226
31
80  WH 3613 1240
40  OMST 3750 3285
0  WH 3877 1187
32
80  WH 3597 1247
40  WH 3989 1183
0  WH 4195 1198
33
80  OMST 4259 3289
35
50  WH 2132 1245
30  OMST 2550 3251
10  WH 2897 1281
36
50  OMST 1563 3253
30  WH 1815 1189
10  WH 2148 1228
37
50  OMST 4713 3279
30  WH 4920 1176
10  OMST 5228 3262
38
50  WH 4260 1192
30  WH 4851 1221
10  WH 4959 1186
39
50  WH 3611 1191
30  OMST 3721 3258
10  OMST 4880 3271
40
50  OMST 3669 3257
30  WH 4022 1274
41
50  OMST 3053 3269
30  WH 3517 1187
10  WH 3852 1276
42
50  OMST 2766 3274
30  WH 3502 1280
10  WH 3724 1198
43
50  WH 3268 1188
30  WH 3453 1279
10  WH 3673 1234
44
50  OMST 3195 3284
45
50  WH 2335 1193
30  WH 2814 1281
10  WH 3157 1239
46
50  WH 2147 1271
30  WH 2444 1189
10  OMST 2777 3246
47
50  OMST 4560 3275
30  WH 5269 1195
10  WH 5319 1176
48
50  OMST 4907 3266
30  OMST 5397 3249
10  WH 5403 1197
49
50  WH 4345 1220
30  WH 4565 1178
10  WH 4685 1241
50
50  WH 3827 1277
30  WH 4859 1206
10  WH 5274 1261
51
50  OMST 3703 3269
30  WH 4341 1240
10  WH 4961 1196
52
50  OMST 3415 3274
30  WH 4106 1280
10  WH 4311 1247
53
50  WH 24955 1733
54
50  WH 11963 1734
30  OMST 12837 2003
55
50  OMST 27406 2004
30  WH 28845 1735
56
50  OMST 16499 2005
30  WH 27833 1736
57
50  WH 23321 1737
58
50  OMST 17262 2007
30  WH 21021 1738
59
50  OMST 15246 2008
61
50  OMST 12078 2009
30  WH 15727 1739
SCORE:OMST,WH,1980,3050,-107.0
