OMST-SD
1
50  SD 10430 3496
30  OMST 11741 3251
10  SD 12639 3479
2
50  OMST 8160 3253
30  OMST 11720 3256
10  SD 13250 3516
3
50  OMST 8244 3275
30  SD 9045 3497
10  SD 11452 3488
4
50  SD 10282 3500
30  SD 12127 3483
10  OMST 12479 3247
5
50  OMST 7843 3258
30  SD 9879 3521
10  SD 9928 3487
6
50  SD 7475 3498
30  OMST 8919 3263
10  SD 9590 3480
7
50  OMST 7093 3269
30  OMST 7725 3285
10  SD 9537 3481
8
50  OMST 6319 3274
30  SD 8732 3501
10  SD 10220 3495
9
50  SD 3290 3514
30  SD 3633 3515
10  SD 4007 3491
10
50  SD 2538 3513
30  SD 3182 3519
10  SD 3209 3512
11
50  OMST 2477 3286
30  OMST 2692 3260
10  OMST 2700 3255
12
50  SD 1883 3478
30  SD 2227 3499
10  SD 2453 3502
13
50  SD 4896 3508
30  OMST 5372 3268
10  OMST 6491 3277
14
50  OMST 3975 3261
30  OMST 4353 3256
10  SD 4775 3504
15
50  OMST 3544 3279
30  OMST 4501 3262
10  SD 4625 3488
16
50  OMST 3447 3266
30  OMST 4120 3283
10  OMST 4575 3249
17
50  OMST 8269 3271
30  SD 8478 3521
10  OMST 9440 3281
18
50  SD 6208 3498
30  OMST 7259 3257
10  OMST 9822 3273
19
50  OMST 6744 3285
20
50  OMST 7432 3288
30  SD 8545 3495
21
50  SD 3746 3506
30  SD 3990 3515
10  SD 4595 3491
22
50  SD 3064 3513
30  SD 3569 3519
10  SD 4264 3512
23
50  OMST 3056 3286
30  SD 3746 3506
10  SD 3990 3515
24
50  SD 2452 3478
30  SD 2613 3499
10  SD 2721 3509
25
50  SD 2087 3496
30  OMST 2406 3251
10  OMST 2784 3268
26
50  OMST 1790 3253
30  OMST 2566 3261
10  SD 2570 3503
27
50  OMST 3878 3275
30  SD 4000 3497
10  OMST 4726 3279
28
50  SD 4532 3500
30  OMST 5844 3283
10  SD 5972 3483
29
50  OMST 3722 3258
30  SD 4327 3521
10  OMST 4518 3271
30
50  OMST 4116 3263
30  SD 4615 3480
10  OMST 5097 3273
31
80  OMST 3750 3285
40  SD 4613 3481
32
80  OMST 4363 3288
40  SD 4585 3501
0  SD 5383 3495
33
80  OMST 4259 3289
34
80  SD 2528 3478
40  SD 2935 3499
0  SD 3640 3509
35
50  SD 2064 3496
30  OMST 2550 3251
10  SD 2643 3479
36
50  OMST 1563 3253
30  SD 2477 3516
10  OMST 2553 3256
37
50  SD 4327 3497
30  OMST 4713 3279
10  OMST 5228 3262
38
50  SD 5521 3500
30  OMST 6100 3283
10  OMST 7372 3247
39
50  OMST 3721 3258
30  OMST 4880 3271
10  SD 5118 3487
40
50  OMST 3669 3257
30  SD 4488 3480
41
50  OMST 3053 3269
30  SD 4363 3481
42
50  OMST 2766 3274
30  SD 3970 3501
10  OMST 4310 3288
43
50  SD 4865 3505
30  OMST 4881 3260
10  OMST 7537 3264
44
50  SD 2788 3478
30  SD 3101 3499
10  OMST 3195 3284
45
50  SD 2541 3479
30  SD 2955 3508
10  SD 3545 3493
46
50  OMST 2777 3246
30  SD 3234 3510
47
50  OMST 4560 3275
30  SD 4700 3497
10  SD 6295 3488
48
50  OMST 4907 3266
30  SD 5057 3500
10  OMST 5397 3249
49
50  SD 4806 3487
30  OMST 5025 3265
10  OMST 5644 3254
50
50  SD 5284 3480
30  OMST 6900 3273
51
50  OMST 3703 3269
30  SD 5034 3481
52
50  OMST 3415 3274
30  SD 4000 3501
10  SD 4808 3495
53
50  SD 15585 2067
54
50  SD 12488 2064
30  OMST 12837 2003
55
50  SD 21624 2065
30  OMST 27406 2004
56
50  OMST 16499 2005
30  SD 19897 2066
58
50  OMST 17262 2007
59
50  OMST 15246 2008
61
50  OMST 12078 2009
SCORE:OMST,SD,2630,2470,16.0
