OMST-FR
1
50  FR 9756 1771
30  FR 11123 1757
10  OMST 11741 3251
2
50  OMST 8160 3253
30  OMST 11720 3256
10  FR 14198 1805
3
50  OMST 8244 3275
30  FR 9077 1829
10  FR 9742 1797
4
50  FR 7209 1825
30  FR 10057 1800
10  FR 10463 1784
5
50  FR 7641 1767
30  OMST 7843 3258
10  FR 9555 1833
6
50  FR 8712 1781
30  OMST 8919 3263
10  FR 9324 1756
7
50  OMST 7093 3269
30  OMST 7725 3285
10  FR 8011 1828
8
50  OMST 6319 3274
30  FR 7819 1749
9
50  FR 4226 1823
30  OMST 4425 3259
10  FR 5019 1798
10
50  FR 6518 1775
30  OMST 6597 3248
10  OMST 7467 3252
11
50  FR 2003 1815
30  FR 2238 1778
10  FR 2335 1820
12
50  FR 2009 1740
30  FR 2057 1770
10  OMST 2603 3284
13
50  FR 4397 1757
30  FR 4501 1786
10  FR 4539 1741
14
50  OMST 3975 3261
30  OMST 4353 3256
10  FR 5036 1794
15
50  FR 3487 1785
30  OMST 3544 3279
10  FR 3761 1797
16
50  FR 2909 1825
30  OMST 3447 3266
10  FR 3730 1826
17
50  FR 8153 1833
30  OMST 8269 3271
10  FR 8839 1772
18
50  OMST 7259 3257
30  FR 7796 1831
10  FR 7883 1756
19
50  OMST 6744 3285
30  FR 6978 1828
10  FR 8397 1769
20
50  FR 7289 1748
30  OMST 7432 3288
21
50  OMST 4632 3259
30  FR 4902 1798
10  FR 6624 1823
22
50  FR 5597 1775
23
50  FR 2359 1815
30  FR 2628 1778
10  FR 2794 1820
24
50  FR 2369 1740
30  OMST 3206 3284
10  FR 3435 1746
25
50  FR 2137 1771
30  OMST 2406 3251
10  FR 2467 1799
26
50  OMST 1790 3253
30  FR 2488 1837
10  OMST 2566 3261
27
50  OMST 3878 3275
30  FR 4456 1785
10  FR 4617 1797
28
50  FR 4469 1826
30  FR 4849 1784
10  FR 5253 1780
29
50  FR 3559 1767
30  OMST 3722 3258
10  FR 4101 1833
30
50  FR 4107 1781
30  OMST 4116 3263
10  FR 4263 1831
31
80  FR 3485 1765
40  OMST 3750 3285
0  FR 4595 1835
32
80  FR 3537 1749
40  FR 3950 1748
0  OMST 4363 3288
33
80  FR 2371 1815
40  FR 2673 1820
0  FR 3068 1778
34
80  FR 2468 1740
40  FR 2562 1770
0  FR 4457 1789
35
50  FR 2038 1771
30  FR 2295 1786
10  FR 2337 1757
36
50  OMST 1563 3253
30  OMST 2553 3256
37
50  FR 4082 1785
30  FR 4656 1829
10  OMST 4713 3279
38
50  FR 3378 1825
30  FR 4474 1784
10  FR 5282 1800
39
50  FR 3359 1767
30  OMST 3721 3258
10  FR 4532 1783
40
50  OMST 3669 3257
30  FR 3883 1781
10  FR 3989 1756
41
50  OMST 3053 3269
30  FR 3181 1765
10  FR 3494 1828
42
50  OMST 2766 3274
30  FR 3447 1749
10  OMST 4310 3288
43
50  FR 3201 1778
30  FR 3810 1820
10  OMST 4881 3260
44
50  FR 2806 1770
30  OMST 3195 3284
10  FR 4503 1746
45
50  FR 2412 1771
30  FR 2652 1741
10  FR 2765 1757
46
50  OMST 2777 3246
30  FR 2884 1794
10  FR 2992 1805
47
50  FR 4369 1829
30  OMST 4560 3275
10  FR 5456 1821
48
50  FR 3828 1825
30  OMST 4907 3266
10  FR 5026 1800
49
50  FR 4196 1767
30  FR 4599 1833
10  FR 4828 1783
50
50  FR 4141 1781
30  FR 5093 1756
10  OMST 6900 3273
51
50  FR 3700 1765
30  OMST 3703 3269
10  FR 4614 1769
52
50  OMST 3415 3274
30  FR 4293 1748
53
50  FR 30704 1814
54
50  FR 11241 1805
30  OMST 12837 2003
55
50  FR 23538 1808
30  OMST 27406 2004
56
50  OMST 16499 2005
30  FR 25100 1809
57
50  FR 15370 1811
58
50  FR 15968 1812
30  OMST 17262 2007
59
50  OMST 15246 2008
61
50  FR 12000 1813
30  OMST 12078 2009
SCORE:OMST,FR,1770,3500,-173.0
