OMST-WST
1
50  WST 9560 1393
30  WST 10214 1445
10  WST 10894 1396
2
50  OMST 8160 3253
30  WST 10409 1384
10  OMST 11720 3256
3
50  OMST 8244 3275
30  WST 9201 1410
10  WST 9728 1391
4
50  WST 8631 1444
30  OMST 12479 3247
10  WST 13321 1412
5
50  WST 7806 1401
30  OMST 7843 3258
10  WST 8877 1387
6
50  OMST 8919 3263
30  WST 9363 1376
10  WST 9634 1370
7
50  OMST 7093 3269
30  OMST 7725 3285
10  WST 9084 1399
8
50  OMST 6319 3274
30  WST 6800 1380
10  WST 8740 1463
9
50  OMST 4425 3259
30  WST 5891 1427
10
50  WST 3581 1423
30  WST 3746 1405
10  WST 3935 1442
11
50  WST 1954 1411
30  WST 2237 1389
10  WST 2277 1455
12
50  WST 1846 1421
30  WST 2390 1388
10  WST 2517 1372
13
50  WST 4119 1445
30  WST 4175 1366
10  WST 4283 1386
14
50  WST 3938 1384
30  OMST 3975 3261
10  WST 4257 1392
15
50  OMST 3544 3279
30  WST 3622 1448
10  WST 3751 1410
16
50  WST 3387 1444
30  OMST 3447 3266
10  OMST 4120 3283
17
50  WST 7747 1425
30  WST 7844 1456
10  WST 8190 1436
18
50  OMST 7259 3257
30  WST 7996 1370
10  WST 8036 1460
19
50  OMST 6744 3285
30  WST 7150 1461
10  WST 7878 1399
20
50  WST 5963 1380
30  OMST 7432 3288
21
50  OMST 4632 3259
22
50  WST 3468 1423
30  WST 4919 1405
10  WST 7531 1442
23
50  WST 2557 1389
30  WST 2771 1404
10  OMST 3056 3286
24
50  WST 2217 1421
30  WST 3152 1415
10  WST 3157 1388
25
50  WST 2062 1393
30  WST 2282 1366
10  WST 2344 1379
26
50  OMST 1790 3253
30  WST 2282 1392
10  OMST 2566 3261
27
50  OMST 3878 3275
30  WST 4415 1391
10  WST 4528 1410
28
50  OMST 5844 3283
30  OMST 6204 3249
10  WST 6243 1412
29
50  WST 3400 1401
30  OMST 3722 3258
10  WST 3975 1387
30
50  OMST 4116 3263
30  WST 4352 1376
10  WST 4367 1369
31
80  WST 3713 1461
40  OMST 3750 3285
0  WST 4152 1399
32
80  WST 4072 1463
40  OMST 4363 3288
0  OMST 6905 3267
33
80  WST 2529 1411
40  WST 2560 1389
0  WST 2919 1455
34
80  WST 2022 1421
40  WST 4708 1372
0  WST 4744 1408
35
50  WST 1716 1393
30  WST 2115 1396
10  WST 2315 1386
36
50  OMST 1563 3253
30  OMST 2553 3256
10  WST 2963 1378
37
50  WST 4690 1448
30  OMST 4713 3279
10  WST 4878 1375
38
50  WST 4603 1444
30  WST 6015 1412
10  OMST 6100 3283
39
50  WST 3694 1387
30  OMST 3721 3258
10  WST 4081 1456
40
50  OMST 3669 3257
30  WST 4535 1370
10  WST 4549 1369
41
50  OMST 3053 3269
30  WST 3744 1461
10  WST 4652 1454
42
50  OMST 2766 3274
30  WST 2927 1380
10  OMST 4310 3288
43
50  WST 2528 1411
30  WST 3299 1455
10  WST 4266 1389
44
50  OMST 3195 3284
30  WST 3463 1421
10  WST 3545 1388
45
50  WST 2255 1445
30  WST 2335 1396
10  WST 2484 1379
46
50  WST 2591 1392
30  OMST 2777 3246
10  WST 2789 1458
47
50  OMST 4560 3275
30  WST 4922 1409
10  WST 5107 1402
48
50  WST 4406 1444
30  OMST 4907 3266
10  OMST 5397 3249
49
50  WST 4372 1456
30  WST 4502 1401
10  OMST 5025 3265
50
50  WST 5246 1460
30  WST 5342 1369
10  OMST 6900 3273
51
50  OMST 3703 3269
30  WST 4490 1399
52
50  OMST 3415 3274
30  WST 4178 1463
53
50  WST 18453 1763
54
50  WST 8588 1752
30  OMST 12837 2003
55
50  WST 16994 1755
30  OMST 27406 2004
56
50  OMST 16499 2005
57
50  WST 15310 1758
58
50  OMST 17262 2007
59
50  WST 13947 1760
30  OMST 15246 2008
60
50  WST 14387 1761
61
50  OMST 12078 2009
30  WST 15394 1762
SCORE:OMST,WST,1900,3390,-149.0
