OMST-LCC
1
50  OMST 11741 3251
30  LCC 12900 2855
2
50  OMST 8160 3253
30  OMST 11720 3256
3
50  LCC 7247 2844
30  OMST 8244 3275
10  LCC 9800 2860
4
50  LCC 7346 2868
30  OMST 12479 3247
5
50  LCC 7149 2861
30  LCC 7241 2846
10  OMST 7843 3258
6
50  LCC 8146 2867
30  OMST 8919 3263
7
50  LCC 6395 2845
30  OMST 7093 3269
10  OMST 7725 3285
8
50  OMST 6319 3274
30  LCC 6350 2871
10  LCC 6572 2836
9
50  OMST 4425 3259
30  LCC 5246 2841
10  LCC 7384 2842
10
50  OMST 6597 3248
30  OMST 7467 3252
11
50  LCC 2278 2859
30  LCC 2345 2832
10  OMST 2477 3286
12
50  OMST 2603 3284
30  LCC 2865 2837
10  OMST 3575 3245
13
50  LCC 3277 2869
30  LCC 4483 2855
10  OMST 5372 3268
14
50  OMST 3975 3261
30  OMST 4353 3256
10  LCC 5203 2831
15
50  OMST 3544 3279
30  LCC 4085 2864
10  OMST 4501 3262
16
50  LCC 2821 2868
30  OMST 3447 3266
10  OMST 4120 3283
17
50  LCC 6550 2862
30  LCC 8026 2829
10  OMST 8269 3271
18
50  OMST 7259 3257
30  LCC 7280 2867
10  LCC 9017 2847
19
50  OMST 6744 3285
20
50  LCC 5634 2836
30  LCC 5829 2835
10  LCC 6720 2870
21
50  OMST 4632 3259
30  LCC 4821 2842
10  LCC 6763 2841
23
50  LCC 2705 2832
30  LCC 3055 2859
10  OMST 3056 3286
24
50  OMST 3206 3284
30  LCC 3932 2837
25
50  LCC 1880 2869
30  OMST 2406 3251
10  OMST 2784 3268
26
50  OMST 1790 3253
30  OMST 2566 3261
10  OMST 2765 3246
27
50  LCC 3373 2844
30  OMST 3878 3275
10  OMST 4726 3279
28
50  OMST 5844 3283
30  OMST 6204 3249
29
50  LCC 3544 2862
30  OMST 3722 3258
10  OMST 4518 3271
30
50  OMST 4116 3263
30  LCC 4645 2847
10  OMST 5097 3273
31
80  OMST 3750 3285
40  LCC 3887 2858
0  LCC 5175 2865
32
80  LCC 2945 2871
40  LCC 3756 2834
0  LCC 4034 2833
33
80  LCC 4011 2859
40  OMST 4259 3289
35
50  OMST 2550 3251
30  OMST 3109 3268
10  LCC 3666 2855
36
50  OMST 1563 3253
30  OMST 2553 3256
37
50  LCC 3470 2844
30  OMST 4713 3279
10  OMST 5228 3262
38
50  OMST 6100 3283
30  OMST 7372 3247
39
50  LCC 3019 2861
30  LCC 3026 2846
10  LCC 3614 2862
40
50  OMST 3669 3257
30  LCC 3952 2867
41
50  LCC 2770 2845
30  OMST 3053 3269
10  LCC 3963 2858
42
50  LCC 2625 2871
30  OMST 2766 3274
10  LCC 3019 2835
43
50  OMST 4881 3260
30  OMST 7537 3264
44
50  OMST 3195 3284
45
50  LCC 5274 2854
46
50  LCC 2716 2831
30  OMST 2777 3246
47
50  OMST 4560 3275
30  LCC 5133 2860
10  LCC 6635 2864
48
50  OMST 4907 3266
30  OMST 5397 3249
10  OMST 6220 3247
49
50  LCC 3773 2861
30  LCC 3821 2846
10  OMST 5025 3265
50
50  OMST 6900 3273
51
50  LCC 3654 2845
30  OMST 3703 3269
52
50  OMST 3415 3274
30  LCC 3518 2836
10  LCC 3734 2851
54
50  OMST 12837 2003
55
50  LCC 20217 1954
30  OMST 27406 2004
56
50  OMST 16499 2005
57
50  LCC 16435 1955
58
50  OMST 17262 2007
59
50  LCC 11929 1956
30  OMST 15246 2008
60
50  LCC 17576 1957
61
50  LCC 11533 1959
30  OMST 12078 2009
SCORE:OMST,LCC,2470,2320,15.0
