OMST-HH
1
50  HH 10833 2255
30  HH 10937 2250
10  HH 11558 2276
2
50  OMST 8160 3253
30  HH 11531 2218
10  OMST 11720 3256
3
50  OMST 8244 3275
30  HH 8407 2211
10  HH 9578 2285
4
50  HH 11712 2279
30  HH 11944 2266
10  HH 12150 2241
5
50  HH 7706 2236
30  HH 7812 2240
10  OMST 7843 3258
6
50  HH 8663 2233
30  OMST 8919 3263
10  HH 9413 2227
7
50  OMST 7093 3269
30  OMST 7725 3285
10  HH 7733 2237
8
50  OMST 6319 3274
30  HH 7209 2235
10  HH 8647 2270
9
50  HH 4109 2220
30  OMST 4425 3259
10  HH 5221 2214
10
50  HH 3377 2222
30  HH 3744 2225
10  HH 6128 2290
11
50  HH 2287 2212
30  HH 2390 2230
10  OMST 2477 3286
12
50  HH 2565 2260
30  HH 2600 2219
10  OMST 2603 3284
13
50  HH 4202 2249
30  HH 4503 2255
10  HH 4897 2287
14
50  OMST 3975 3261
30  OMST 4353 3256
10  HH 4512 2221
15
50  HH 3227 2211
30  OMST 3544 3279
10  HH 3926 2286
16
50  OMST 3447 3266
30  HH 3967 2266
10  OMST 4120 3283
17
50  HH 6947 2240
30  HH 7712 2223
10  HH 7895 2253
18
50  OMST 7259 3257
30  HH 8103 2227
10  OMST 9822 3273
19
50  OMST 6744 3285
30  HH 6752 2237
10  HH 7974 2206
20
50  HH 6551 2234
30  OMST 7432 3288
10  HH 7927 2270
21
50  OMST 4632 3259
30  HH 5075 2214
10  HH 5333 2220
22
50  HH 5363 2225
30  HH 5694 2222
10  HH 7483 2290
23
50  HH 3027 2289
30  OMST 3056 3286
10  HH 3149 2230
24
50  OMST 3206 3284
30  HH 4215 2274
10  HH 4388 2283
25
50  HH 2290 2255
30  HH 2331 2249
10  OMST 2406 3251
26
50  OMST 1790 3253
30  OMST 2566 3261
10  OMST 2765 3246
27
50  OMST 3878 3275
30  OMST 4726 3279
10  OMST 4800 3262
28
50  HH 4889 2248
30  HH 5064 2266
10  HH 5677 2241
29
50  HH 3628 2236
30  OMST 3722 3258
10  HH 3878 2223
30
50  OMST 4116 3263
30  HH 4996 2269
10  HH 5063 2227
31
80  HH 3649 2237
40  OMST 3750 3285
0  HH 4100 2246
32
80  HH 3688 2235
40  HH 4219 2270
0  OMST 4363 3288
33
80  HH 3238 2212
40  HH 3519 2230
0  HH 3922 2289
34
80  HH 4222 2260
40  HH 5513 2239
35
50  HH 1913 2263
30  HH 2028 2249
10  HH 2307 2250
36
50  OMST 1563 3253
30  HH 2421 2218
10  OMST 2553 3256
37
50  HH 3806 2211
30  OMST 4713 3279
10  HH 4734 2285
38
50  HH 5450 2268
30  HH 5463 2248
10  HH 5563 2279
39
50  HH 3508 2240
30  HH 3614 2224
10  HH 3709 2223
40
50  OMST 3669 3257
30  HH 4760 2269
10  HH 5189 2204
41
50  OMST 3053 3269
30  HH 3301 2237
10  HH 3977 2246
42
50  OMST 2766 3274
30  HH 3522 2234
10  HH 3852 2270
43
50  HH 4070 2198
30  HH 4343 2291
10  HH 4749 2265
44
50  OMST 3195 3284
45
50  HH 2358 2250
30  HH 2470 2263
10  HH 2633 2276
46
50  OMST 2777 3246
30  HH 2822 2218
10  HH 3170 2273
47
50  OMST 4560 3275
30  HH 4890 2285
10  HH 5928 2197
48
50  OMST 4907 3266
30  OMST 5397 3249
10  OMST 6220 3247
49
50  HH 3832 2236
30  HH 4790 2278
10  HH 4977 2280
50
50  HH 5039 2271
30  HH 6403 2201
10  OMST 6900 3273
51
50  OMST 3703 3269
30  HH 4534 2246
10  HH 6394 2199
52
50  OMST 3415 3274
30  HH 3701 2234
10  HH 3822 2235
53
50  HH 18253 1874
54
50  HH 11083 1862
30  OMST 12837 2003
55
50  HH 17450 1864
30  OMST 27406 2004
56
50  OMST 16499 2005
30  HH 20332 1866
57
50  HH 15031 1868
58
50  OMST 17262 2007
30  HH 18633 1869
59
50  HH 13502 1870
30  OMST 15246 2008
61
50  OMST 12078 2009
30  HH 12364 1873
SCORE:OMST,HH,1910,3430,-152.0
