PO-CASC
1
50  PO 9340 2358
30  CASC 10350 2559
10  PO 10953 2304
2
50  PO 10430 2359
30  PO 12613 2389
10  PO 13970 2307
3
50  CASC 8249 2560
30  CASC 9192 2568
10  PO 9899 2336
4
50  PO 9149 2391
30  CASC 9625 2570
10  CASC 9843 2565
5
50  PO 9593 2388
30  PO 9719 2312
10  PO 12799 2318
6
50  PO 7628 2297
30  PO 7677 2366
10  PO 9113 2315
7
50  CASC 7566 2596
30  PO 8925 2320
10  PO 8952 2319
8
50  CASC 6676 2589
30  CASC 7000 2582
10  PO 7191 2298
9
50  PO 2428 2293
30  PO 3240 2374
10  PO 3401 2365
10
50  PO 2596 2346
30  PO 3253 2322
10  PO 3576 2305
11
50  PO 2096 2364
30  PO 2269 2351
10  PO 2293 2335
12
50  CASC 1967 2569
30  PO 2075 2402
10  PO 2097 2292
13
50  PO 3834 2317
30  PO 4408 2304
10  PO 5027 2321
14
50  CASC 3920 2567
30  PO 4212 2359
10  PO 4251 2389
15
50  CASC 3326 2560
30  CASC 3459 2595
10  CASC 3795 2576
16
50  CASC 3723 2565
30  PO 3749 2349
10  CASC 3791 2570
17
50  PO 8416 2312
30  PO 9539 2370
10  PO 10894 2373
18
50  PO 7672 2315
30  PO 8137 2331
10  PO 9958 2302
19
50  PO 7177 2353
30  CASC 7263 2581
10  PO 7887 2356
20
50  CASC 5976 2589
30  CASC 6106 2585
10  CASC 6517 2593
21
50  PO 3271 2378
30  PO 3409 2293
10  PO 3913 2303
22
50  PO 3458 2346
30  PO 3540 2322
10  PO 4746 2305
23
50  PO 2579 2351
30  PO 2611 2330
10  PO 2634 2335
24
50  CASC 2707 2569
30  PO 2745 2345
10  CASC 2839 2571
25
50  PO 2181 2317
30  CASC 2255 2559
10  PO 2479 2321
26
50  CASC 2159 2567
30  CASC 2461 2561
10  CASC 2643 2564
27
50  CASC 4156 2595
30  CASC 4365 2568
10  CASC 4599 2580
28
50  CASC 5026 2573
30  PO 5190 2396
10  CASC 5736 2584
29
50  PO 4596 2361
30  PO 4737 2388
10  PO 5000 2370
30
50  PO 3426 2297
30  PO 3614 2366
10  PO 5113 2302
31
80  CASC 3307 2596
40  CASC 3897 2581
0  PO 4090 2319
32
80  CASC 3368 2582
40  CASC 3454 2593
0  CASC 3535 2585
33
80  PO 2769 2364
40  PO 3434 2330
0  PO 3845 2293
34
80  PO 2833 2345
40  PO 2866 2402
0  PO 2975 2355
35
50  PO 1754 2358
30  PO 1951 2317
10  CASC 2100 2559
36
50  PO 2003 2359
30  PO 2400 2400
10  CASC 2600 2561
37
50  CASC 3762 2560
30  CASC 4798 2580
10  PO 5814 2403
38
50  PO 4129 2391
30  PO 5443 2334
10  PO 6021 2383
39
50  PO 4303 2361
30  PO 4482 2312
10  PO 4835 2342
40
50  PO 3357 2297
30  PO 3587 2366
10  PO 4567 2331
41
50  CASC 3334 2596
30  PO 3582 2353
10  PO 4020 2356
42
50  CASC 3113 2593
30  CASC 3183 2585
10  PO 3243 2298
43
50  PO 3567 2390
30  CASC 4173 2590
10  PO 4302 2299
44
50  CASC 2689 2569
30  PO 3713 2355
45
50  PO 2282 2358
30  CASC 2417 2559
10  PO 2802 2333
46
50  CASC 2299 2567
30  PO 2697 2400
10  CASC 2747 2592
47
50  CASC 4506 2568
30  CASC 4766 2595
10  PO 4839 2336
48
50  CASC 4834 2565
30  PO 5239 2391
10  PO 5258 2349
49
50  PO 4732 2342
30  PO 5150 2388
10  PO 5301 2361
50
50  PO 4740 2331
30  PO 4829 2315
10  PO 6469 2369
51
50  PO 4338 2320
30  CASC 4516 2594
10  CASC 4555 2581
52
50  CASC 3417 2589
30  CASC 3541 2585
10  CASC 3601 2593
53
50  PO 12839 1888
54
50  PO 9464 1876
30  CASC 12204 1913
55
50  PO 17012 1877
56
50  CASC 18359 1914
30  PO 19939 1879
57
50  CASC 14158 1915
30  PO 19083 1881
58
50  CASC 16135 1917
30  PO 16272 1882
59
50  PO 15543 1884
60
50  PO 13909 1886
61
50  CASC 12488 1918
30  PO 12619 1887
SCORE:PO,CASC,3280,2110,117.0
