PO-DUL
1
50  PO 9340 2358
30  DUL 10606 1303
10  PO 10953 2304
2
50  PO 10430 2359
30  PO 12613 2389
10  PO 13970 2307
3
50  DUL 9243 1320
30  PO 9899 2336
10  PO 10541 2295
4
50  PO 9149 2391
30  DUL 10659 1300
5
50  DUL 9208 1347
30  PO 9593 2388
10  PO 9719 2312
6
50  PO 7628 2297
30  PO 7677 2366
10  PO 9113 2315
7
50  DUL 8048 1349
30  DUL 8394 1296
10  DUL 8832 1357
8
50  PO 7191 2298
30  DUL 7197 1305
10  DUL 7268 1295
9
50  PO 2428 2293
30  PO 3240 2374
10  PO 3401 2365
10
50  PO 2596 2346
30  PO 3253 2322
10  DUL 3298 1361
11
50  PO 2096 2364
30  DUL 2237 1318
10  PO 2269 2351
12
50  PO 2075 2402
30  PO 2097 2292
10  DUL 2127 1297
13
50  PO 3834 2317
30  DUL 4160 1303
10  DUL 4350 1338
14
50  PO 4212 2359
30  PO 4251 2389
10  PO 4348 2400
15
50  PO 3896 2336
30  PO 4000 2295
10  DUL 4062 1323
16
50  PO 3749 2349
30  PO 4409 2396
10  PO 4594 2383
17
50  PO 8416 2312
30  PO 9539 2370
10  DUL 10604 1345
18
50  PO 7672 2315
30  PO 8137 2331
10  PO 9958 2302
19
50  PO 7177 2353
30  PO 7887 2356
10  PO 8106 2320
20
50  DUL 6944 1299
30  PO 7108 2298
10  DUL 7277 1305
21
50  PO 3271 2378
30  PO 3409 2293
10  PO 3913 2303
22
50  PO 3458 2346
30  PO 3540 2322
10  DUL 4059 1361
23
50  PO 2579 2351
30  PO 2611 2330
10  PO 2634 2335
24
50  PO 2745 2345
30  PO 2847 2292
10  PO 2897 2367
25
50  DUL 2093 1303
30  PO 2181 2317
10  DUL 2238 1304
26
50  PO 2667 2307
30  DUL 2906 1293
10  PO 2954 2341
27
50  DUL 4920 1294
30  DUL 5019 1334
10  DUL 5039 1324
28
50  PO 5190 2396
30  DUL 5527 1300
10  PO 7019 2399
29
50  DUL 4352 1347
30  DUL 4490 1319
10  PO 4596 2361
30
50  PO 3426 2297
30  PO 3614 2366
10  PO 5113 2302
31
80  DUL 3909 1349
40  DUL 4014 1296
0  PO 4090 2319
32
80  DUL 3673 1305
40  DUL 3886 1299
0  PO 4094 2300
33
80  DUL 2739 1337
40  PO 2769 2364
0  PO 3434 2330
34
80  PO 2833 2345
40  PO 2866 2402
0  PO 2975 2355
35
50  PO 1754 2358
30  DUL 1873 1303
10  PO 1951 2317
36
50  PO 2003 2359
30  PO 2400 2400
10  DUL 3350 1315
37
50  DUL 4325 1320
30  DUL 4438 1294
10  PO 5814 2403
38
50  PO 4129 2391
30  DUL 4950 1300
10  PO 5443 2334
39
50  DUL 3977 1347
30  PO 4303 2361
10  DUL 4454 1319
40
50  PO 3357 2297
30  PO 3587 2366
10  PO 4567 2331
41
50  DUL 3374 1349
30  PO 3582 2353
10  DUL 3887 1296
42
50  DUL 3122 1305
30  PO 3243 2298
10  PO 3741 2340
43
50  DUL 2877 1322
30  DUL 3127 1337
10  PO 3567 2390
44
50  PO 3713 2355
45
50  PO 2282 2358
30  DUL 2291 1307
10  DUL 2775 1331
46
50  PO 2697 2400
30  DUL 2757 1293
10  PO 3027 2296
47
50  PO 4839 2336
30  DUL 5163 1320
10  DUL 5656 1294
48
50  PO 5239 2391
30  PO 5258 2349
10  DUL 5469 1300
49
50  PO 4732 2342
30  PO 5150 2388
10  PO 5301 2361
50
50  PO 4740 2331
30  PO 4829 2315
10  PO 6469 2369
51
50  DUL 4042 1296
30  DUL 4289 1349
10  DUL 4327 1357
52
50  DUL 3484 1295
30  DUL 3871 1299
10  PO 4268 2300
53
50  PO 12839 1888
30  DUL 18537 1749
54
50  PO 9464 1876
30  DUL 12181 1742
55
50  PO 17012 1877
30  DUL 24027 1744
56
50  PO 19939 1879
57
50  DUL 16909 1746
30  PO 19083 1881
58
50  PO 16272 1882
59
50  PO 15543 1884
60
50  PO 13909 1886
61
50  PO 12619 1887
30  DUL 13150 1748
SCORE:PO,DUL,3410,1940,147.0
