PO-FV
1
50  PO 9340 2358
30  FV 10025 3349
10  PO 10953 2304
2
50  PO 10430 2359
30  FV 10634 3383
10  PO 12613 2389
3
50  FV 8790 3380
30  FV 9695 3377
10  PO 9899 2336
4
50  PO 9149 2391
30  FV 11027 3350
10  FV 11813 3356
5
50  FV 8295 3351
30  FV 8941 3381
10  PO 9593 2388
6
50  PO 7628 2297
30  PO 7677 2366
10  PO 9113 2315
7
50  PO 8925 2320
30  PO 8952 2319
10  PO 9119 2356
8
50  FV 7139 3384
30  PO 7191 2298
10  FV 7577 3364
9
50  PO 2428 2293
30  FV 3222 3343
10  PO 3240 2374
10
50  PO 2596 2346
30  PO 3253 2322
10  FV 3344 3360
11
50  PO 2096 2364
30  FV 2181 3382
10  FV 2232 3344
12
50  PO 2075 2402
30  PO 2097 2292
10  PO 2218 2345
13
50  PO 3834 2317
30  PO 4408 2304
10  FV 4412 3375
14
50  PO 4212 2359
30  PO 4251 2389
10  PO 4348 2400
15
50  FV 3525 3380
30  PO 3896 2336
10  FV 3960 3377
16
50  PO 3749 2349
30  FV 3762 3359
10  FV 3785 3379
17
50  FV 7303 3351
30  FV 7582 3352
10  PO 8416 2312
18
50  PO 7672 2315
30  PO 8137 2331
10  PO 9958 2302
19
50  PO 7177 2353
30  PO 7887 2356
10  PO 8106 2320
20
50  FV 6359 3384
30  FV 6653 3355
10  FV 6853 3358
21
50  PO 3271 2378
30  PO 3409 2293
10  PO 3913 2303
22
50  PO 3458 2346
30  PO 3540 2322
10  PO 4746 2305
23
50  PO 2579 2351
30  PO 2611 2330
10  PO 2634 2335
24
50  PO 2745 2345
30  PO 2847 2292
10  PO 2897 2367
25
50  FV 2089 3349
30  PO 2181 2317
10  PO 2479 2321
26
50  FV 2464 3369
30  PO 2667 2307
10  FV 2878 3366
27
50  FV 4028 3380
30  FV 4595 3377
10  FV 4784 3362
28
50  FV 4766 3359
30  PO 5190 2396
10  FV 5353 3379
29
50  FV 3738 3351
30  FV 4328 3357
10  PO 4596 2361
30
50  PO 3426 2297
30  PO 3614 2366
10  FV 5003 3367
31
80  PO 4090 2319
40  PO 4220 2320
0  PO 4824 2301
32
80  FV 3475 3364
40  FV 3512 3384
0  FV 3645 3355
33
80  PO 2769 2364
40  PO 3434 2330
0  FV 3532 3344
34
80  PO 2833 2345
40  PO 2866 2402
0  PO 2975 2355
35
50  PO 1754 2358
30  FV 1908 3349
10  PO 1951 2317
36
50  PO 2003 2359
30  FV 2340 3383
10  PO 2400 2400
37
50  FV 4444 3380
30  FV 4509 3362
10  FV 4872 3371
38
50  PO 4129 2391
30  FV 5006 3359
10  PO 5443 2334
39
50  FV 3577 3351
30  FV 3887 3352
10  FV 4240 3381
40
50  PO 3357 2297
30  PO 3587 2366
10  PO 4567 2331
41
50  PO 3582 2353
30  PO 4020 2356
10  PO 4687 2301
42
50  FV 3234 3384
30  PO 3243 2298
10  FV 3381 3358
43
50  PO 3567 2390
30  FV 3579 3382
10  PO 4302 2299
44
50  PO 3713 2355
30  FV 3925 3368
45
50  PO 2282 2358
30  PO 2802 2333
10  FV 3062 3348
46
50  FV 2665 3383
30  PO 2697 2400
10  FV 2806 3363
47
50  PO 4839 2336
30  FV 5371 3377
10  PO 6139 2403
48
50  PO 5239 2391
30  PO 5258 2349
10  FV 5718 3350
49
50  FV 4203 3352
30  PO 4732 2342
10  FV 4771 3381
50
50  PO 4740 2331
30  PO 4829 2315
10  FV 5175 3367
51
50  PO 4338 2320
30  PO 4744 2319
10  PO 5273 2301
52
50  PO 4268 2300
30  FV 4388 3355
10  FV 4463 3364
53
50  PO 12839 1888
54
50  PO 9464 1876
30  FV 11293 2015
55
50  PO 17012 1877
30  FV 20352 2016
56
50  FV 19896 2017
30  PO 19939 1879
57
50  FV 17397 2018
30  PO 19083 1881
58
50  PO 16272 1882
30  FV 17403 2019
59
50  PO 15543 1884
30  FV 16759 2020
60
50  PO 13909 1886
61
50  PO 12619 1887
SCORE:PO,FV,3440,1980,146.0
