PO-GBP
1
50  PO 9340 2358
30  PO 10953 2304
10  GBP 11741 3412
2
50  GBP 9298 3408
30  GBP 9322 3416
10  PO 10430 2359
3
50  PO 9899 2336
30  PO 10541 2295
10  GBP 11009 3417
4
50  PO 9149 2391
30  GBP 10451 3407
5
50  PO 9593 2388
30  PO 9719 2312
10  PO 12799 2318
6
50  GBP 7190 3414
30  PO 7628 2297
10  PO 7677 2366
7
50  GBP 7477 3415
30  PO 8925 2320
10  PO 8952 2319
8
50  PO 7191 2298
30  GBP 8403 3393
10  PO 8889 2300
9
50  PO 2428 2293
30  GBP 2550 3410
10  PO 3240 2374
10
50  PO 2596 2346
30  PO 3253 2322
10  PO 3576 2305
11
50  GBP 2046 3413
30  PO 2096 2364
10  PO 2269 2351
12
50  GBP 1853 3388
30  PO 2075 2402
10  PO 2097 2292
13
50  PO 3834 2317
30  GBP 3943 3412
10  PO 4408 2304
14
50  GBP 3432 3408
30  PO 4212 2359
10  PO 4251 2389
15
50  PO 3896 2336
30  PO 4000 2295
10  GBP 4221 3417
16
50  PO 3749 2349
30  GBP 3813 3407
10  PO 4409 2396
17
50  PO 8416 2312
30  PO 9539 2370
10  PO 10894 2373
18
50  PO 7672 2315
30  GBP 8007 3399
10  PO 8137 2331
19
50  GBP 6648 3415
30  PO 7177 2353
10  GBP 7221 3418
20
50  GBP 7038 3392
30  PO 7108 2298
10  PO 7330 2340
21
50  PO 3271 2378
30  PO 3409 2293
10  GBP 3449 3404
22
50  PO 3458 2346
30  PO 3540 2322
10  PO 4746 2305
23
50  PO 2579 2351
30  PO 2611 2330
10  PO 2634 2335
24
50  GBP 2508 3388
30  GBP 2585 3395
10  PO 2745 2345
25
50  PO 2181 2317
30  GBP 2384 3412
10  PO 2479 2321
26
50  GBP 1909 3416
30  PO 2667 2307
10  GBP 2772 3411
27
50  GBP 5013 3417
30  PO 5895 2403
10  PO 5904 2294
28
50  PO 5190 2396
30  GBP 5637 3407
10  PO 7019 2399
29
50  PO 4596 2361
30  PO 4737 2388
10  PO 5000 2370
30
50  GBP 3294 3414
30  PO 3426 2297
10  PO 3614 2366
31
80  PO 4090 2319
40  PO 4220 2320
0  PO 4824 2301
32
80  GBP 4038 3393
40  PO 4094 2300
0  PO 4133 2340
33
80  GBP 2384 3413
40  PO 2769 2364
0  PO 3434 2330
34
80  GBP 2772 3388
40  PO 2833 2345
0  PO 2866 2402
35
50  PO 1754 2358
30  PO 1951 2317
10  PO 2282 2304
36
50  GBP 1660 3408
30  PO 2003 2359
10  PO 2400 2400
37
50  GBP 5136 3417
30  PO 5814 2403
10  PO 7468 2363
38
50  PO 4129 2391
30  PO 5443 2334
10  PO 6021 2383
39
50  PO 4303 2361
30  PO 4482 2312
10  PO 4835 2342
40
50  GBP 3096 3414
30  PO 3357 2297
10  PO 3587 2366
41
50  PO 3582 2353
30  PO 4020 2356
10  PO 4687 2301
42
50  PO 3243 2298
30  PO 3741 2340
10  GBP 3747 3392
43
50  GBP 3213 3413
30  PO 3567 2390
10  PO 4302 2299
44
50  GBP 3047 3403
30  GBP 3172 3388
10  PO 3713 2355
45
50  PO 2282 2358
30  PO 2802 2333
10  PO 3133 2377
46
50  GBP 2090 3416
30  GBP 2550 3406
10  PO 2697 2400
47
50  PO 4839 2336
30  PO 6139 2403
10  PO 6288 2380
48
50  PO 5239 2391
30  PO 5258 2349
10  PO 7009 2383
49
50  PO 4732 2342
30  PO 5150 2388
10  PO 5301 2361
50
50  GBP 4584 3400
30  PO 4740 2331
10  PO 4829 2315
51
50  GBP 4132 3418
30  PO 4338 2320
10  PO 4744 2319
52
50  GBP 3738 3393
30  GBP 4054 3392
10  PO 4268 2300
53
50  PO 12839 1888
54
50  PO 9464 1876
30  GBP 9875 2033
55
50  PO 17012 1877
56
50  GBP 16283 2035
30  PO 19939 1879
57
50  PO 19083 1881
58
50  PO 16272 1882
59
50  PO 15543 1884
60
50  GBP 13453 2036
30  PO 13909 1886
61
50  PO 12619 1887
SCORE:PO,GBP,3450,1880,157.0
