PO-HH
1
50  PO 9340 2358
30  HH 10833 2255
10  HH 10937 2250
2
50  PO 10430 2359
30  HH 11531 2218
10  PO 12613 2389
3
50  HH 8407 2211
30  HH 9578 2285
10  PO 9899 2336
4
50  PO 9149 2391
30  HH 11712 2279
10  HH 11944 2266
5
50  HH 7706 2236
30  HH 7812 2240
10  HH 8182 2224
6
50  PO 7628 2297
30  PO 7677 2366
10  HH 8663 2233
7
50  HH 7733 2237
30  PO 8925 2320
10  HH 8933 2246
8
50  PO 7191 2298
30  HH 7209 2235
10  HH 8647 2270
9
50  PO 2428 2293
30  PO 3240 2374
10  PO 3401 2365
10
50  PO 2596 2346
30  PO 3253 2322
10  HH 3377 2222
11
50  PO 2096 2364
30  PO 2269 2351
10  HH 2287 2212
12
50  PO 2075 2402
30  PO 2097 2292
10  PO 2218 2345
13
50  PO 3834 2317
30  HH 4202 2249
10  PO 4408 2304
14
50  PO 4212 2359
30  PO 4251 2389
10  PO 4348 2400
15
50  HH 3227 2211
30  PO 3896 2336
10  HH 3926 2286
16
50  PO 3749 2349
30  HH 3967 2266
10  HH 4259 2248
17
50  HH 6947 2240
30  HH 7712 2223
10  HH 7895 2253
18
50  PO 7672 2315
30  HH 8103 2227
10  PO 8137 2331
19
50  HH 6752 2237
30  PO 7177 2353
10  PO 7887 2356
20
50  HH 6551 2234
30  PO 7108 2298
10  PO 7330 2340
21
50  PO 3271 2378
30  PO 3409 2293
10  PO 3913 2303
22
50  PO 3458 2346
30  PO 3540 2322
10  PO 4746 2305
23
50  PO 2579 2351
30  PO 2611 2330
10  PO 2634 2335
24
50  PO 2745 2345
30  PO 2847 2292
10  PO 2897 2367
25
50  PO 2181 2317
30  HH 2290 2255
10  HH 2331 2249
26
50  PO 2667 2307
30  PO 2954 2341
10  HH 2983 2259
27
50  HH 5237 2209
30  HH 5608 2257
10  PO 5895 2403
28
50  HH 4889 2248
30  HH 5064 2266
10  PO 5190 2396
29
50  HH 3628 2236
30  HH 3878 2223
10  HH 3909 2224
30
50  PO 3426 2297
30  PO 3614 2366
10  HH 4996 2269
31
80  HH 3649 2237
40  PO 4090 2319
0  HH 4100 2246
32
80  HH 3688 2235
40  PO 4094 2300
0  PO 4133 2340
33
80  PO 2769 2364
40  HH 3238 2212
0  PO 3434 2330
34
80  PO 2833 2345
40  PO 2866 2402
0  PO 2975 2355
35
50  PO 1754 2358
30  HH 1913 2263
10  PO 1951 2317
36
50  PO 2003 2359
30  PO 2400 2400
10  HH 2421 2218
37
50  HH 3806 2211
30  HH 4734 2285
10  HH 4809 2286
38
50  PO 4129 2391
30  PO 5443 2334
10  HH 5450 2268
39
50  HH 3508 2240
30  HH 3614 2224
10  HH 3709 2223
40
50  PO 3357 2297
30  PO 3587 2366
10  PO 4567 2331
41
50  HH 3301 2237
30  PO 3582 2353
10  HH 3977 2246
42
50  PO 3243 2298
30  HH 3522 2234
10  PO 3741 2340
43
50  PO 3567 2390
30  HH 4070 2198
10  PO 4302 2299
44
50  PO 3713 2355
45
50  PO 2282 2358
30  HH 2358 2250
10  HH 2470 2263
46
50  PO 2697 2400
30  HH 2822 2218
10  PO 3027 2296
47
50  PO 4839 2336
30  HH 4890 2285
10  HH 5928 2197
48
50  PO 5239 2391
30  PO 5258 2349
10  PO 7009 2383
49
50  HH 3832 2236
30  PO 4732 2342
10  HH 4790 2278
50
50  PO 4740 2331
30  PO 4829 2315
10  HH 5039 2271
51
50  PO 4338 2320
30  HH 4534 2246
10  PO 4744 2319
52
50  HH 3701 2234
30  HH 3822 2235
10  PO 4268 2300
53
50  PO 12839 1888
30  HH 18253 1874
54
50  PO 9464 1876
30  HH 11083 1862
55
50  PO 17012 1877
30  HH 17450 1864
56
50  PO 19939 1879
30  HH 20332 1866
57
50  HH 15031 1868
30  PO 19083 1881
58
50  PO 16272 1882
30  HH 18633 1869
59
50  HH 13502 1870
30  PO 15543 1884
60
50  PO 13909 1886
61
50  HH 12364 1873
30  PO 12619 1887
SCORE:PO,HH,3240,2210,103.0
