PO-HP
1
50  HP 9165 260
30  PO 9340 2358
10  PO 10953 2304
2
50  HP 9344 328
30  HP 9725 237
10  PO 10430 2359
3
50  HP 7550 269
30  HP 9669 332
10  PO 9899 2336
4
50  HP 7934 236
30  PO 9149 2391
10  HP 11247 225
5
50  HP 7225 290
30  HP 8263 234
10  HP 8982 316
6
50  HP 7203 256
30  PO 7628 2297
10  PO 7677 2366
7
50  HP 7603 220
30  PO 8925 2320
10  PO 8952 2319
8
50  PO 7191 2298
30  HP 7391 303
10  HP 7437 312
9
50  PO 2428 2293
30  PO 3240 2374
10  PO 3401 2365
10
50  PO 2596 2346
30  HP 3084 255
10  PO 3253 2322
11
50  PO 2096 2364
30  HP 2162 338
10  PO 2269 2351
12
50  PO 2075 2402
30  PO 2097 2292
10  PO 2218 2345
13
50  HP 3703 211
30  PO 3834 2317
10  HP 4381 226
14
50  HP 3725 237
30  HP 4106 283
10  PO 4212 2359
15
50  HP 3207 330
30  HP 3650 335
10  HP 3719 332
16
50  HP 3135 236
30  HP 3422 254
10  PO 3749 2349
17
50  HP 6384 290
30  HP 8007 235
10  PO 8416 2312
18
50  HP 7653 241
30  PO 7672 2315
10  HP 8009 304
19
50  PO 7177 2353
30  PO 7887 2356
10  PO 8106 2320
20
50  HP 5659 308
30  HP 6313 312
10  HP 6659 319
21
50  PO 3271 2378
30  PO 3409 2293
10  PO 3913 2303
22
50  HP 2850 227
30  PO 3458 2346
10  PO 3540 2322
23
50  PO 2579 2351
30  PO 2611 2330
10  PO 2634 2335
24
50  PO 2745 2345
30  HP 2787 331
10  PO 2847 2292
25
50  HP 1963 260
30  PO 2181 2317
10  HP 2303 233
26
50  HP 2563 246
30  PO 2667 2307
10  HP 2939 329
27
50  HP 3568 269
30  HP 3894 330
10  HP 4756 232
28
50  HP 4231 254
30  PO 5190 2396
10  HP 5281 225
29
50  HP 3984 235
30  PO 4596 2361
10  PO 4737 2388
30
50  HP 3275 268
30  PO 3426 2297
10  PO 3614 2366
31
80  HP 3625 220
40  PO 4090 2319
0  PO 4220 2320
32
80  HP 2865 308
40  HP 3557 289
0  HP 3884 310
33
80  HP 2600 338
40  HP 2612 214
0  PO 2769 2364
34
80  HP 2722 227
40  PO 2833 2345
0  PO 2866 2402
35
50  PO 1754 2358
30  HP 1863 260
10  PO 1951 2317
36
50  HP 1747 328
30  PO 2003 2359
10  HP 2134 283
37
50  HP 3265 269
30  HP 4228 332
10  PO 5814 2403
38
50  HP 3428 236
30  PO 4129 2391
10  PO 5443 2334
39
50  HP 3072 290
30  HP 3618 234
10  HP 3833 316
40
50  HP 3075 256
30  PO 3357 2297
10  PO 3587 2366
41
50  PO 3582 2353
30  PO 4020 2356
10  HP 4053 291
42
50  HP 2698 308
30  HP 3059 303
10  HP 3184 314
43
50  HP 2884 229
30  PO 3567 2390
10  PO 4302 2299
44
50  HP 3416 227
30  PO 3713 2355
10  HP 3853 261
45
50  PO 2282 2358
30  HP 2439 211
10  HP 2795 215
46
50  HP 2560 282
30  PO 2697 2400
10  HP 2988 271
47
50  HP 4525 330
30  PO 4839 2336
10  HP 4844 335
48
50  PO 5239 2391
30  PO 5258 2349
10  HP 5325 276
49
50  HP 4641 234
30  PO 4732 2342
10  PO 5150 2388
50
50  HP 3669 268
30  HP 4369 288
10  PO 4740 2331
51
50  HP 3997 220
30  PO 4338 2320
10  PO 4744 2319
52
50  HP 3687 312
30  HP 3715 289
10  HP 3973 314
53
50  PO 12839 1888
30  HP 18604 1656
54
50  PO 9464 1876
30  HP 10553 1642
55
50  PO 17012 1877
30  HP 18650 1644
56
50  HP 15963 1646
30  PO 19939 1879
57
50  HP 17031 1647
30  PO 19083 1881
58
50  PO 16272 1882
30  HP 17835 1649
59
50  HP 15187 1650
30  PO 15543 1884
60
50  HP 12150 1651
30  PO 13909 1886
61
50  PO 12619 1887
30  HP 13259 1653
SCORE:PO,HP,2210,3310,-110.0
