PO-LCC
1
50  PO 9340 2358
30  PO 10953 2304
10  PO 12622 2333
2
50  PO 10430 2359
30  PO 12613 2389
10  PO 13970 2307
3
50  LCC 7247 2844
30  LCC 9800 2860
10  PO 9899 2336
4
50  LCC 7346 2868
30  PO 9149 2391
5
50  LCC 7149 2861
30  LCC 7241 2846
10  LCC 9158 2829
6
50  PO 7628 2297
30  PO 7677 2366
10  LCC 8146 2867
7
50  LCC 6395 2845
30  LCC 8620 2858
10  PO 8925 2320
8
50  LCC 6350 2871
30  LCC 6572 2836
10  PO 7191 2298
9
50  PO 2428 2293
30  PO 3240 2374
10  PO 3401 2365
10
50  PO 2596 2346
30  PO 3253 2322
10  PO 3576 2305
11
50  PO 2096 2364
30  PO 2269 2351
10  LCC 2278 2859
12
50  PO 2075 2402
30  PO 2097 2292
10  PO 2218 2345
13
50  LCC 3277 2869
30  PO 3834 2317
10  PO 4408 2304
14
50  PO 4212 2359
30  PO 4251 2389
10  PO 4348 2400
15
50  PO 3896 2336
30  PO 4000 2295
10  LCC 4085 2864
16
50  LCC 2821 2868
30  PO 3749 2349
10  PO 4409 2396
17
50  LCC 6550 2862
30  LCC 8026 2829
10  PO 8416 2312
18
50  LCC 7280 2867
30  PO 7672 2315
10  PO 8137 2331
19
50  PO 7177 2353
30  PO 7887 2356
10  PO 8106 2320
20
50  LCC 5634 2836
30  LCC 5829 2835
10  LCC 6720 2870
21
50  PO 3271 2378
30  PO 3409 2293
10  PO 3913 2303
22
50  PO 3458 2346
30  PO 3540 2322
10  PO 4746 2305
23
50  PO 2579 2351
30  PO 2611 2330
10  PO 2634 2335
24
50  PO 2745 2345
30  PO 2847 2292
10  PO 2897 2367
25
50  LCC 1880 2869
30  PO 2181 2317
10  PO 2479 2321
26
50  PO 2667 2307
30  LCC 2887 2831
10  PO 2954 2341
27
50  LCC 3373 2844
30  LCC 5359 2864
10  PO 5895 2403
28
50  PO 5190 2396
30  PO 7019 2399
29
50  LCC 3544 2862
30  LCC 4528 2829
10  PO 4596 2361
30
50  PO 3426 2297
30  PO 3614 2366
10  LCC 4645 2847
31
80  LCC 3887 2858
40  PO 4090 2319
0  PO 4220 2320
32
80  LCC 2945 2871
40  LCC 3756 2834
0  LCC 4034 2833
33
80  PO 2769 2364
40  PO 3434 2330
0  PO 3845 2293
34
80  PO 2833 2345
40  PO 2866 2402
0  PO 2975 2355
35
50  PO 1754 2358
30  PO 1951 2317
10  PO 2282 2304
36
50  PO 2003 2359
30  PO 2400 2400
10  PO 5197 2360
37
50  LCC 3470 2844
30  LCC 5231 2860
10  PO 5814 2403
38
50  PO 4129 2391
30  PO 5443 2334
10  PO 6021 2383
39
50  LCC 3019 2861
30  LCC 3026 2846
10  LCC 3614 2862
40
50  PO 3357 2297
30  PO 3587 2366
10  LCC 3952 2867
41
50  LCC 2770 2845
30  PO 3582 2353
10  LCC 3963 2858
42
50  LCC 2625 2871
30  LCC 3019 2835
10  LCC 3132 2851
43
50  PO 3567 2390
30  PO 4302 2299
44
50  PO 3713 2355
45
50  PO 2282 2358
30  PO 2802 2333
10  PO 3133 2377
46
50  PO 2697 2400
30  LCC 2716 2831
10  PO 3027 2296
47
50  PO 4839 2336
30  LCC 5133 2860
10  PO 6139 2403
48
50  PO 5239 2391
30  PO 5258 2349
10  PO 7009 2383
49
50  LCC 3773 2861
30  LCC 3821 2846
10  PO 4732 2342
50
50  PO 4740 2331
30  PO 4829 2315
10  PO 6469 2369
51
50  LCC 3654 2845
30  PO 4338 2320
10  PO 4744 2319
52
50  LCC 3518 2836
30  LCC 3734 2851
10  LCC 3784 2835
53
50  PO 12839 1888
54
50  PO 9464 1876
55
50  PO 17012 1877
30  LCC 20217 1954
56
50  PO 19939 1879
57
50  LCC 16435 1955
30  PO 19083 1881
58
50  PO 16272 1882
59
50  LCC 11929 1956
30  PO 15543 1884
60
50  PO 13909 1886
30  LCC 17576 1957
61
50  LCC 11533 1959
30  PO 12619 1887
SCORE:PO,LCC,3330,2000,133.0
