PO-ML
1
50  ML 7733 3026
30  ML 8827 3040
10  PO 9340 2358
2
50  PO 10430 2359
30  PO 12613 2389
10  PO 13970 2307
3
50  ML 7653 3039
30  ML 8387 3030
10  ML 8627 3021
4
50  PO 9149 2391
5
50  ML 7646 2976
30  PO 9593 2388
10  PO 9719 2312
6
50  PO 7628 2297
30  PO 7677 2366
10  ML 8587 3042
7
50  PO 8925 2320
30  PO 8952 2319
10  PO 9119 2356
8
50  ML 6856 3009
30  PO 7191 2298
10  PO 8889 2300
9
50  ML 2362 3027
30  PO 2428 2293
10  PO 3240 2374
10
50  PO 2596 2346
30  PO 3253 2322
10  PO 3576 2305
11
50  ML 1763 3018
30  PO 2096 2364
10  ML 2138 2990
12
50  ML 1841 3057
30  ML 2006 3058
10  PO 2075 2402
13
50  PO 3834 2317
30  ML 4123 2974
10  PO 4408 2304
14
50  ML 3347 3007
30  ML 3845 3052
10  ML 4152 3017
15
50  ML 3038 3039
30  ML 3094 2983
10  ML 3537 2977
16
50  PO 3749 2349
30  ML 3797 3008
10  ML 4314 3053
17
50  ML 6728 3025
30  ML 7035 2976
10  PO 8416 2312
18
50  ML 7318 3042
30  PO 7672 2315
10  ML 7769 3041
19
50  PO 7177 2353
30  PO 7887 2356
10  PO 8106 2320
20
50  ML 5822 3009
30  PO 7108 2298
10  PO 7330 2340
21
50  ML 3140 3027
30  PO 3271 2378
10  PO 3409 2293
22
50  PO 3458 2346
30  PO 3540 2322
10  PO 4746 2305
23
50  ML 2434 2968
30  ML 2446 3018
10  PO 2579 2351
24
50  ML 2428 3058
30  ML 2614 3057
10  ML 2625 3016
25
50  PO 2181 2317
30  ML 2282 2979
10  ML 2409 2974
26
50  ML 1775 3007
30  ML 2128 3052
10  ML 2400 3017
27
50  ML 3468 3028
30  ML 3828 3030
10  ML 4069 3021
28
50  PO 5190 2396
30  ML 5208 3053
10  ML 5515 2971
29
50  ML 3495 3025
30  ML 3766 2976
10  PO 4596 2361
30
50  PO 3426 2297
30  PO 3614 2366
10  ML 4514 3006
31
80  PO 4090 2319
40  PO 4220 2320
0  PO 4824 2301
32
80  ML 3295 3009
40  PO 4094 2300
0  PO 4133 2340
33
80  PO 2769 2364
40  PO 3434 2330
0  PO 3845 2293
34
80  PO 2833 2345
40  PO 2866 2402
0  PO 2975 2355
35
50  ML 1494 3026
30  PO 1754 2358
10  ML 1822 3040
36
50  ML 1976 3007
30  PO 2003 2359
10  ML 2253 3017
37
50  ML 3107 3028
30  ML 3506 3039
10  ML 3809 3030
38
50  PO 4129 2391
30  ML 4734 3008
10  ML 5303 3053
39
50  ML 3244 2976
30  ML 3546 3025
10  PO 4303 2361
40
50  PO 3357 2297
30  PO 3587 2366
10  PO 4567 2331
41
50  PO 3582 2353
30  PO 4020 2356
10  PO 4687 2301
42
50  ML 2864 3009
30  PO 3243 2298
10  PO 3741 2340
43
50  ML 2798 3018
30  ML 2884 2968
10  PO 3567 2390
44
50  ML 2996 2998
30  PO 3713 2355
45
50  ML 1895 3026
30  PO 2282 2358
10  ML 2352 3040
46
50  PO 2697 2400
30  ML 2939 3031
10  PO 3027 2296
47
50  ML 3656 3028
30  ML 4203 2983
10  ML 4350 2999
48
50  ML 4858 3008
30  PO 5239 2391
10  PO 5258 2349
49
50  ML 4165 3025
30  PO 4732 2342
10  PO 5150 2388
50
50  ML 4115 3023
30  ML 4447 3041
10  ML 4591 3042
51
50  PO 4338 2320
30  PO 4744 2319
10  PO 5273 2301
52
50  PO 4268 2300
53
50  PO 12839 1888
30  ML 16500 1973
54
50  ML 9222 1974
30  PO 9464 1876
55
50  ML 16363 1977
30  PO 17012 1877
56
50  ML 18044 1978
30  PO 19939 1879
57
50  ML 12776 1980
30  PO 19083 1881
58
50  PO 16272 1882
59
50  PO 15543 1884
60
50  PO 13909 1886
30  ML 14843 1981
61
50  PO 12619 1887
SCORE:PO,ML,2640,2700,-6.0
