PO-NSC
1
50  PO 9340 2358
30  NSC 10734 638
10  NSC 10903 666
2
50  PO 10430 2359
30  NSC 10994 632
10  NSC 11871 607
3
50  NSC 7928 660
30  NSC 9897 673
10  PO 9899 2336
4
50  PO 9149 2391
30  NSC 10388 671
5
50  NSC 7594 612
30  NSC 9172 625
10  PO 9593 2388
6
50  NSC 7116 595
30  PO 7628 2297
10  PO 7677 2366
7
50  NSC 7146 664
30  NSC 7884 584
10  PO 8925 2320
8
50  NSC 6128 586
30  NSC 7101 569
10  PO 7191 2298
9
50  PO 2428 2293
30  NSC 2872 634
10  NSC 3075 651
10
50  PO 2596 2346
30  PO 3253 2322
10  NSC 3440 644
11
50  PO 2096 2364
30  NSC 2137 672
10  NSC 2175 643
12
50  PO 2075 2402
30  NSC 2081 606
10  PO 2097 2292
13
50  PO 3834 2317
30  NSC 4031 640
10  NSC 4131 638
14
50  NSC 3841 627
30  NSC 4163 677
10  PO 4212 2359
15
50  NSC 3797 635
30  NSC 3807 576
10  NSC 3847 593
16
50  PO 3749 2349
30  NSC 3888 642
10  NSC 4300 613
17
50  NSC 7472 656
30  NSC 8125 669
10  NSC 8218 604
18
50  NSC 7620 617
30  PO 7672 2315
10  NSC 7872 589
19
50  NSC 6697 573
30  NSC 7000 584
10  PO 7177 2353
20
50  NSC 5459 586
30  NSC 5678 661
10  NSC 6572 605
21
50  PO 3271 2378
30  PO 3409 2293
10  NSC 3888 634
22
50  PO 3458 2346
30  PO 3540 2322
10  NSC 4485 644
23
50  NSC 2553 643
30  NSC 2566 665
10  PO 2579 2351
24
50  PO 2745 2345
30  NSC 2825 606
10  PO 2847 2292
25
50  NSC 2138 638
30  NSC 2170 666
10  PO 2181 2317
26
50  NSC 2112 627
30  NSC 2384 677
10  NSC 2456 622
27
50  NSC 3566 660
30  NSC 4984 649
10  NSC 5536 641
28
50  NSC 4747 642
30  PO 5190 2396
10  NSC 5616 613
29
50  NSC 3691 612
30  NSC 4012 656
10  NSC 4510 667
30
50  PO 3426 2297
30  PO 3614 2366
10  NSC 4118 592
31
80  NSC 3358 664
40  NSC 3612 594
0  NSC 3720 573
32
80  NSC 2969 586
40  NSC 3428 569
0  NSC 3500 605
33
80  NSC 2650 665
40  NSC 2703 672
0  PO 2769 2364
34
80  NSC 2619 606
40  PO 2833 2345
0  PO 2866 2402
35
50  PO 1754 2358
30  PO 1951 2317
10  NSC 2060 640
36
50  PO 2003 2359
30  NSC 2269 631
10  NSC 2356 633
37
50  NSC 3546 660
30  NSC 4490 576
10  NSC 4800 673
38
50  PO 4129 2391
30  NSC 5213 671
10  PO 5443 2334
39
50  NSC 3901 656
30  PO 4303 2361
10  NSC 4338 669
40
50  PO 3357 2297
30  PO 3587 2366
10  NSC 3934 601
41
50  NSC 3315 573
30  NSC 3440 567
10  NSC 3545 584
42
50  NSC 2939 661
30  NSC 3104 591
10  PO 3243 2298
43
50  NSC 2800 672
30  NSC 3390 626
10  PO 3567 2390
44
50  NSC 2832 621
30  PO 3713 2355
10  NSC 4644 614
45
50  PO 2282 2358
30  NSC 2497 640
10  NSC 2538 666
46
50  NSC 2409 632
30  NSC 2559 622
10  PO 2697 2400
47
50  PO 4839 2336
30  NSC 5122 593
10  NSC 5138 572
48
50  NSC 5044 671
30  PO 5239 2391
10  PO 5258 2349
49
50  NSC 4059 612
30  NSC 4425 625
10  NSC 4694 667
50
50  NSC 3590 595
30  NSC 4453 592
10  PO 4740 2331
51
50  NSC 3763 664
30  NSC 4044 567
10  NSC 4137 594
52
50  NSC 3544 661
30  NSC 3844 569
10  PO 4268 2300
53
50  PO 12839 1888
30  NSC 15700 1685
54
50  PO 9464 1876
30  NSC 9860 1672
55
50  PO 17012 1877
30  NSC 20914 1675
56
50  NSC 17615 1677
30  PO 19939 1879
57
50  NSC 15450 1679
30  PO 19083 1881
58
50  PO 16272 1882
59
50  NSC 14494 1682
30  PO 15543 1884
60
50  NSC 12959 1683
30  PO 13909 1886
61
50  NSC 12194 1684
30  PO 12619 1887
SCORE:PO,NSC,1880,3600,-172.0
