PO-OMST
1
50  PO 9340 2358
30  PO 10953 2304
10  OMST 11741 3251
2
50  OMST 8160 3253
30  PO 10430 2359
10  OMST 11720 3256
3
50  OMST 8244 3275
30  PO 9899 2336
10  PO 10541 2295
4
50  PO 9149 2391
30  OMST 12479 3247
5
50  OMST 7843 3258
30  PO 9593 2388
10  PO 9719 2312
6
50  PO 7628 2297
30  PO 7677 2366
10  OMST 8919 3263
7
50  OMST 7093 3269
30  OMST 7725 3285
10  PO 8925 2320
8
50  OMST 6319 3274
30  PO 7191 2298
10  PO 8889 2300
9
50  PO 2428 2293
30  PO 3240 2374
10  PO 3401 2365
10
50  PO 2596 2346
30  PO 3253 2322
10  PO 3576 2305
11
50  PO 2096 2364
30  PO 2269 2351
10  PO 2293 2335
12
50  PO 2075 2402
30  PO 2097 2292
10  PO 2218 2345
13
50  PO 3834 2317
30  PO 4408 2304
10  PO 5027 2321
14
50  OMST 3975 3261
30  PO 4212 2359
10  PO 4251 2389
15
50  OMST 3544 3279
30  PO 3896 2336
10  PO 4000 2295
16
50  OMST 3447 3266
30  PO 3749 2349
10  OMST 4120 3283
17
50  OMST 8269 3271
30  PO 8416 2312
10  OMST 9440 3281
18
50  OMST 7259 3257
30  PO 7672 2315
10  PO 8137 2331
19
50  OMST 6744 3285
30  PO 7177 2353
10  PO 7887 2356
20
50  PO 7108 2298
30  PO 7330 2340
10  OMST 7432 3288
21
50  PO 3271 2378
30  PO 3409 2293
10  PO 3913 2303
22
50  PO 3458 2346
30  PO 3540 2322
10  PO 4746 2305
23
50  PO 2579 2351
30  PO 2611 2330
10  PO 2634 2335
24
50  PO 2745 2345
30  PO 2847 2292
10  PO 2897 2367
25
50  PO 2181 2317
30  OMST 2406 3251
10  PO 2479 2321
26
50  OMST 1790 3253
30  OMST 2566 3261
10  PO 2667 2307
27
50  OMST 3878 3275
30  OMST 4726 3279
10  OMST 4800 3262
28
50  PO 5190 2396
30  OMST 5844 3283
10  OMST 6204 3249
29
50  OMST 3722 3258
30  OMST 4518 3271
10  PO 4596 2361
30
50  PO 3426 2297
30  PO 3614 2366
10  OMST 4116 3263
31
80  OMST 3750 3285
40  PO 4090 2319
0  PO 4220 2320
32
80  PO 4094 2300
40  PO 4133 2340
0  OMST 4363 3288
33
80  PO 2769 2364
40  PO 3434 2330
0  PO 3845 2293
34
80  PO 2833 2345
40  PO 2866 2402
0  PO 2975 2355
35
50  PO 1754 2358
30  PO 1951 2317
10  PO 2282 2304
36
50  OMST 1563 3253
30  PO 2003 2359
10  PO 2400 2400
37
50  OMST 4713 3279
30  OMST 5228 3262
10  PO 5814 2403
38
50  PO 4129 2391
30  PO 5443 2334
10  PO 6021 2383
39
50  OMST 3721 3258
30  PO 4303 2361
10  PO 4482 2312
40
50  PO 3357 2297
30  PO 3587 2366
10  OMST 3669 3257
41
50  OMST 3053 3269
30  PO 3582 2353
10  PO 4020 2356
42
50  OMST 2766 3274
30  PO 3243 2298
10  PO 3741 2340
43
50  PO 3567 2390
30  PO 4302 2299
10  OMST 4881 3260
44
50  OMST 3195 3284
30  PO 3713 2355
45
50  PO 2282 2358
30  PO 2802 2333
10  PO 3133 2377
46
50  PO 2697 2400
30  OMST 2777 3246
10  PO 3027 2296
47
50  OMST 4560 3275
30  PO 4839 2336
10  PO 6139 2403
48
50  OMST 4907 3266
30  PO 5239 2391
10  PO 5258 2349
49
50  PO 4732 2342
30  OMST 5025 3265
10  PO 5150 2388
50
50  PO 4740 2331
30  PO 4829 2315
10  PO 6469 2369
51
50  OMST 3703 3269
30  PO 4338 2320
10  PO 4744 2319
52
50  OMST 3415 3274
30  PO 4268 2300
53
50  PO 12839 1888
54
50  PO 9464 1876
30  OMST 12837 2003
55
50  PO 17012 1877
30  OMST 27406 2004
56
50  OMST 16499 2005
30  PO 19939 1879
57
50  PO 19083 1881
58
50  PO 16272 1882
30  OMST 17262 2007
59
50  OMST 15246 2008
30  PO 15543 1884
60
50  PO 13909 1886
61
50  OMST 12078 2009
30  PO 12619 1887
SCORE:PO,OMST,3470,1930,154.0
