PO-RW
1
50  PO 9340 2358
30  RW 10009 718
10  PO 10953 2304
2
50  RW 8968 753
30  RW 9600 762
10  PO 10430 2359
3
50  RW 8982 725
30  PO 9899 2336
10  RW 10153 686
4
50  PO 9149 2391
30  RW 10600 736
5
50  RW 7908 773
30  RW 8319 735
10  RW 9284 767
6
50  PO 7628 2297
30  PO 7677 2366
10  RW 7729 752
7
50  RW 7459 772
30  PO 8925 2320
10  PO 8952 2319
8
50  RW 6948 733
30  RW 7027 763
10  PO 7191 2298
9
50  PO 2428 2293
30  RW 2557 688
10  PO 3240 2374
10
50  PO 2596 2346
30  PO 3253 2322
10  RW 3534 751
11
50  RW 1975 771
30  PO 2096 2364
10  PO 2269 2351
12
50  RW 1829 726
30  RW 2055 696
10  PO 2075 2402
13
50  RW 3735 718
30  PO 3834 2317
10  RW 3906 701
14
50  RW 3905 762
30  PO 4212 2359
10  PO 4251 2389
15
50  RW 3539 727
30  RW 3832 725
10  PO 3896 2336
16
50  RW 3402 724
30  PO 3749 2349
10  RW 3930 736
17
50  RW 7229 735
30  PO 8416 2312
10  RW 8526 767
18
50  RW 6623 752
30  PO 7672 2315
10  PO 8137 2331
19
50  RW 6387 772
30  PO 7177 2353
10  PO 7887 2356
20
50  RW 5551 716
30  RW 5951 763
10  RW 6060 733
21
50  PO 3271 2378
30  PO 3409 2293
10  RW 3450 688
22
50  PO 3458 2346
30  PO 3540 2322
10  RW 4079 695
23
50  PO 2579 2351
30  PO 2611 2330
10  PO 2634 2335
24
50  RW 2427 726
30  RW 2718 737
10  PO 2745 2345
25
50  RW 1989 701
30  PO 2181 2317
10  RW 2244 715
26
50  RW 1908 753
30  RW 2256 749
10  RW 2521 730
27
50  RW 4563 743
30  RW 4912 729
10  PO 5895 2403
28
50  RW 4728 724
30  RW 4906 766
10  PO 5190 2396
29
50  RW 3721 735
30  RW 4257 754
10  PO 4596 2361
30
50  PO 3426 2297
30  PO 3614 2366
10  PO 5113 2302
31
80  RW 3927 722
40  PO 4090 2319
0  PO 4220 2320
32
80  RW 3041 716
40  RW 3259 742
0  RW 3425 690
33
80  RW 2497 771
40  PO 2769 2364
0  RW 2947 740
34
80  RW 2609 696
40  RW 2669 747
0  PO 2833 2345
35
50  PO 1754 2358
30  PO 1951 2317
10  RW 1973 718
36
50  RW 1899 762
30  PO 2003 2359
10  PO 2400 2400
37
50  RW 4372 686
30  RW 4780 689
10  RW 4900 764
38
50  PO 4129 2391
30  RW 4420 736
10  RW 4496 766
39
50  RW 3435 773
30  RW 4221 767
10  PO 4303 2361
40
50  PO 3357 2297
30  PO 3587 2366
10  PO 4567 2331
41
50  RW 3266 772
30  PO 3582 2353
10  PO 4020 2356
42
50  RW 2739 716
30  RW 2939 733
10  RW 3106 742
43
50  RW 2462 771
30  PO 3567 2390
10  PO 4302 2299
44
50  RW 2621 726
30  RW 3435 748
10  PO 3713 2355
45
50  PO 2282 2358
30  RW 2351 701
10  PO 2802 2333
46
50  RW 2123 753
30  PO 2697 2400
10  RW 2953 749
47
50  RW 4334 725
30  RW 4809 727
10  PO 4839 2336
48
50  PO 5239 2391
30  PO 5258 2349
10  RW 5496 766
49
50  RW 3988 773
30  PO 4732 2342
10  RW 4944 754
50
50  RW 4049 752
30  PO 4740 2331
10  PO 4829 2315
51
50  PO 4338 2320
30  RW 4707 722
10  PO 4744 2319
52
50  RW 3837 763
30  RW 4031 710
10  PO 4268 2300
53
50  PO 12839 1888
30  RW 17717 1691
54
50  PO 9464 1876
30  RW 10673 1686
55
50  PO 17012 1877
30  RW 18245 1687
56
50  PO 19939 1879
30  RW 19983 1688
57
50  RW 15355 1689
30  PO 19083 1881
58
50  PO 16272 1882
59
50  PO 15543 1884
60
50  PO 13909 1886
61
50  PO 12619 1887
SCORE:PO,RW,2290,3100,-81.0
