PO-ROR
1
50  PO 9340 2358
30  ROR 9794 13
10  ROR 10469 56
2
50  ROR 10266 6
30  PO 10430 2359
10  PO 12613 2389
3
50  ROR 7756 33
30  ROR 8009 14
10  PO 9899 2336
4
50  ROR 7966 7
30  PO 9149 2391
10  ROR 9978 43
5
50  ROR 7441 10
30  PO 9593 2388
10  PO 9719 2312
6
50  ROR 7169 27
30  PO 7628 2297
10  PO 7677 2366
7
50  ROR 7410 35
30  PO 8925 2320
10  PO 8952 2319
8
50  ROR 6656 68
30  PO 7191 2298
10  PO 8889 2300
9
50  PO 2428 2293
30  ROR 2537 63
10  ROR 3150 31
10
50  PO 2596 2346
30  PO 3253 2322
10  ROR 3291 67
11
50  ROR 1994 48
30  PO 2096 2364
10  PO 2269 2351
12
50  PO 2075 2402
30  ROR 2081 32
10  PO 2097 2292
13
50  PO 3834 2317
30  ROR 3966 15
10  ROR 3968 56
14
50  PO 4212 2359
30  PO 4251 2389
10  ROR 4316 20
15
50  ROR 3890 42
30  PO 3896 2336
10  PO 4000 2295
16
50  ROR 3175 36
30  PO 3749 2349
10  ROR 4041 59
17
50  ROR 6372 47
30  ROR 7128 57
10  ROR 7938 18
18
50  ROR 6254 28
30  ROR 6944 64
10  PO 7672 2315
19
50  ROR 6487 35
30  PO 7177 2353
10  ROR 7791 24
20
50  ROR 5890 68
30  PO 7108 2298
10  PO 7330 2340
21
50  ROR 2909 63
30  PO 3271 2378
10  PO 3409 2293
22
50  PO 3458 2346
30  PO 3540 2322
10  ROR 3997 67
23
50  PO 2579 2351
30  PO 2611 2330
10  PO 2634 2335
24
50  ROR 2470 5
30  ROR 2659 49
10  PO 2745 2345
25
50  ROR 2044 56
30  PO 2181 2317
10  ROR 2278 15
26
50  ROR 2088 26
30  PO 2667 2307
10  ROR 2765 12
27
50  ROR 3778 16
30  PO 5895 2403
10  PO 5904 2294
28
50  ROR 3850 36
30  ROR 4956 59
10  PO 5190 2396
29
50  ROR 3806 57
30  ROR 4128 69
10  ROR 4562 60
30
50  PO 3426 2297
30  PO 3614 2366
10  ROR 3847 25
31
80  ROR 3550 35
40  ROR 3828 24
0  PO 4090 2319
32
80  PO 4094 2300
40  PO 4133 2340
33
80  ROR 2116 34
40  ROR 2636 48
0  PO 2769 2364
34
80  ROR 2250 38
40  ROR 2288 5
0  PO 2833 2345
35
50  PO 1754 2358
30  ROR 1889 61
10  PO 1951 2317
36
50  ROR 1883 6
30  PO 2003 2359
10  ROR 2194 26
37
50  ROR 3327 33
30  ROR 3482 14
10  PO 5814 2403
38
50  ROR 3441 7
30  PO 4129 2391
10  ROR 5214 44
39
50  ROR 3241 10
30  ROR 3500 18
10  ROR 3513 57
40
50  ROR 3207 28
30  PO 3357 2297
10  PO 3587 2366
41
50  PO 3582 2353
30  ROR 3589 23
10  ROR 3606 24
42
50  PO 3243 2298
30  PO 3741 2340
43
50  ROR 2875 34
30  PO 3567 2390
10  PO 4302 2299
44
50  ROR 2753 38
30  ROR 3152 55
10  ROR 3333 32
45
50  PO 2282 2358
30  ROR 2326 61
10  PO 2802 2333
46
50  ROR 2672 20
30  PO 2697 2400
10  ROR 2881 17
47
50  PO 4839 2336
30  ROR 5050 16
10  ROR 5462 42
48
50  ROR 5233 43
30  PO 5239 2391
10  PO 5258 2349
49
50  ROR 3527 47
30  ROR 4453 22
10  PO 4732 2342
50
50  ROR 3632 27
30  PO 4740 2331
10  PO 4829 2315
51
50  PO 4338 2320
30  PO 4744 2319
10  ROR 5203 23
52
50  ROR 3534 68
30  PO 4268 2300
53
50  PO 12839 1888
54
50  ROR 9445 1624
30  PO 9464 1876
55
50  PO 17012 1877
30  ROR 18003 1627
56
50  ROR 16518 1628
30  PO 19939 1879
57
50  ROR 13885 1629
30  PO 19083 1881
58
50  ROR 14409 1630
30  PO 16272 1882
59
50  ROR 12591 1631
30  PO 15543 1884
60
50  ROR 12175 1632
30  PO 13909 1886
61
50  PO 12619 1887
SCORE:PO,ROR,2340,3100,-76.0
