PO-SL
1
50  PO 9340 2358
30  PO 10953 2304
10  SL 11744 2907
2
50  SL 8346 2877
30  SL 8361 2923
10  PO 10430 2359
3
50  SL 8950 2918
30  SL 9075 2884
10  SL 9347 2920
4
50  PO 9149 2391
30  SL 9534 2909
5
50  SL 7340 2901
30  SL 7391 2928
10  SL 9206 2915
6
50  SL 7120 2921
30  SL 7529 2886
10  SL 7588 2883
7
50  PO 8925 2320
30  PO 8952 2319
10  PO 9119 2356
8
50  SL 7163 2917
30  PO 7191 2298
10  PO 8889 2300
9
50  PO 2428 2293
30  PO 3240 2374
10  PO 3401 2365
10
50  PO 2596 2346
30  PO 3253 2322
10  PO 3576 2305
11
50  SL 1652 2876
30  SL 1699 2908
10  SL 1840 2885
12
50  SL 1650 2874
30  PO 2075 2402
10  PO 2097 2292
13
50  PO 3834 2317
30  PO 4408 2304
10  SL 4839 2905
14
50  SL 3409 2923
30  PO 4212 2359
10  PO 4251 2389
15
50  SL 3377 2884
30  SL 3550 2920
10  SL 3600 2918
16
50  SL 3384 2909
30  SL 3680 2880
10  PO 3749 2349
17
50  SL 6280 2928
30  SL 6354 2901
10  SL 8231 2915
18
50  SL 6249 2921
30  SL 6403 2883
10  SL 7270 2932
19
50  PO 7177 2353
30  PO 7887 2356
10  PO 8106 2320
20
50  SL 5976 2917
30  PO 7108 2298
10  PO 7330 2340
21
50  PO 3271 2378
30  PO 3409 2293
10  PO 3913 2303
22
50  PO 3458 2346
30  PO 3540 2322
10  PO 4746 2305
23
50  SL 1968 2876
30  SL 2090 2908
10  SL 2282 2885
24
50  SL 2070 2874
30  PO 2745 2345
10  PO 2847 2292
25
50  PO 2181 2317
30  SL 2450 2907
10  PO 2479 2321
26
50  SL 1912 2877
30  SL 2043 2899
10  SL 2310 2894
27
50  SL 4425 2918
30  SL 4534 2897
10  SL 4710 2912
28
50  SL 4029 2909
30  PO 5190 2396
10  SL 5410 2880
29
50  SL 3388 2928
30  PO 4596 2361
10  PO 4737 2388
30
50  PO 3426 2297
30  SL 3439 2883
10  PO 3614 2366
31
80  PO 4090 2319
40  PO 4220 2320
0  PO 4824 2301
32
80  SL 3410 2917
40  PO 4094 2300
0  PO 4133 2340
33
80  SL 1860 2876
40  SL 2121 2908
0  SL 2362 2885
34
80  SL 2033 2874
40  PO 2833 2345
0  PO 2866 2402
35
50  PO 1754 2358
30  PO 1951 2317
10  PO 2282 2304
36
50  SL 1757 2877
30  PO 2003 2359
10  SL 2149 2899
37
50  SL 4031 2920
30  SL 5065 2897
10  PO 5814 2403
38
50  PO 4129 2391
30  SL 4922 2909
10  PO 5443 2334
39
50  SL 3265 2928
30  SL 3427 2901
10  SL 4104 2915
40
50  PO 3357 2297
30  PO 3587 2366
10  SL 4456 2932
41
50  PO 3582 2353
30  PO 4020 2356
10  PO 4687 2301
42
50  SL 2859 2917
30  PO 3243 2298
10  PO 3741 2340
43
50  SL 2284 2876
30  SL 2790 2885
10  PO 3567 2390
44
50  SL 2286 2874
30  PO 3713 2355
45
50  PO 2282 2358
30  PO 2802 2333
10  SL 2892 2907
46
50  SL 1938 2923
30  SL 2446 2899
10  PO 2697 2400
47
50  SL 4651 2912
30  SL 4742 2918
10  PO 4839 2336
48
50  PO 5239 2391
30  PO 5258 2349
10  SL 6701 2931
49
50  SL 3903 2901
30  SL 4117 2916
10  SL 4626 2902
50
50  SL 3447 2921
30  SL 3884 2904
10  PO 4740 2331
51
50  PO 4338 2320
30  PO 4744 2319
10  PO 5273 2301
52
50  PO 4268 2300
53
50  PO 12839 1888
30  SL 23862 1969
54
50  PO 9464 1876
30  SL 11727 1961
55
50  PO 17012 1877
30  SL 20788 1963
56
50  SL 15044 1965
30  PO 19939 1879
57
50  SL 15791 1966
30  PO 19083 1881
58
50  PO 16272 1882
59
50  SL 15156 1967
30  PO 15543 1884
60
50  SL 12371 1968
30  PO 13909 1886
61
50  PO 12619 1887
SCORE:PO,SL,2500,2900,-40.0
