PO-SH
1
50  PO 9340 2358
30  SH 10278 2639
10  PO 10953 2304
2
50  PO 10430 2359
30  PO 12613 2389
10  PO 13970 2307
3
50  SH 8498 2619
30  SH 9564 2612
10  PO 9899 2336
4
50  PO 9149 2391
30  SH 9948 2647
10  SH 12226 2625
5
50  SH 7836 2618
30  SH 8931 2640
10  SH 8961 2641
6
50  PO 7628 2297
30  PO 7677 2366
10  PO 9113 2315
7
50  PO 8925 2320
30  PO 8952 2319
10  SH 9090 2631
8
50  SH 6485 2605
30  SH 7027 2613
10  PO 7191 2298
9
50  PO 2428 2293
30  PO 3240 2374
10  PO 3401 2365
10
50  PO 2596 2346
30  PO 3253 2322
10  PO 3576 2305
11
50  SH 2056 2629
30  PO 2096 2364
10  PO 2269 2351
12
50  SH 2009 2642
30  PO 2075 2402
10  PO 2097 2292
13
50  PO 3834 2317
30  SH 3852 2639
10  SH 4190 2603
14
50  PO 4212 2359
30  PO 4251 2389
10  PO 4348 2400
15
50  SH 3463 2619
30  PO 3896 2336
10  PO 4000 2295
16
50  PO 3749 2349
30  SH 3946 2630
10  SH 4097 2636
17
50  SH 6858 2618
30  SH 8035 2641
10  PO 8416 2312
18
50  PO 7672 2315
30  PO 8137 2331
10  PO 9958 2302
19
50  PO 7177 2353
30  PO 7887 2356
10  PO 8106 2320
20
50  SH 5747 2605
30  SH 6437 2613
10  PO 7108 2298
21
50  PO 3271 2378
30  PO 3409 2293
10  PO 3913 2303
22
50  PO 3458 2346
30  PO 3540 2322
10  PO 4746 2305
23
50  SH 2543 2629
30  PO 2579 2351
10  PO 2611 2330
24
50  PO 2745 2345
30  PO 2847 2292
10  SH 2892 2642
25
50  PO 2181 2317
30  SH 2416 2639
10  SH 2471 2643
26
50  PO 2667 2307
30  SH 2762 2599
10  PO 2954 2341
27
50  SH 4434 2612
30  SH 4963 2608
10  PO 5895 2403
28
50  SH 4732 2630
30  PO 5190 2396
10  SH 5383 2625
29
50  SH 3769 2618
30  SH 4517 2637
10  PO 4596 2361
30
50  PO 3426 2297
30  PO 3614 2366
10  PO 5113 2302
31
80  PO 4090 2319
40  PO 4220 2320
0  PO 4824 2301
32
80  SH 3178 2605
40  PO 4094 2300
0  PO 4133 2340
33
80  SH 2598 2629
40  PO 2769 2364
0  SH 3369 2626
34
80  SH 2623 2642
40  PO 2833 2345
0  PO 2866 2402
35
50  PO 1754 2358
30  PO 1951 2317
10  SH 2202 2638
36
50  PO 2003 2359
30  PO 2400 2400
10  SH 3525 2614
37
50  SH 3979 2619
30  SH 5428 2608
10  PO 5814 2403
38
50  PO 4129 2391
30  SH 5382 2636
10  PO 5443 2334
39
50  SH 3807 2640
30  SH 3932 2641
10  PO 4303 2361
40
50  PO 3357 2297
30  PO 3587 2366
10  PO 4567 2331
41
50  PO 3582 2353
30  PO 4020 2356
10  PO 4687 2301
42
50  SH 2953 2605
30  SH 3161 2613
10  PO 3243 2298
43
50  SH 2875 2629
30  PO 3567 2390
10  PO 4302 2299
44
50  SH 2983 2642
30  SH 3532 2644
10  PO 3713 2355
45
50  PO 2282 2358
30  SH 2408 2639
10  SH 2480 2603
46
50  PO 2697 2400
30  SH 2964 2617
10  PO 3027 2296
47
50  SH 4632 2619
30  PO 4839 2336
10  SH 5171 2612
48
50  PO 5239 2391
30  PO 5258 2349
10  SH 6956 2597
49
50  SH 4600 2640
30  PO 4732 2342
10  PO 5150 2388
50
50  PO 4740 2331
30  PO 4829 2315
10  PO 6469 2369
51
50  PO 4338 2320
30  SH 4738 2631
10  PO 4744 2319
52
50  SH 3350 2613
30  PO 4268 2300
53
50  PO 12839 1888
54
50  PO 9464 1876
30  SH 11370 1919
55
50  PO 17012 1877
30  SH 19413 1921
56
50  PO 19939 1879
57
50  PO 19083 1881
58
50  PO 16272 1882
30  SH 19108 1923
59
50  SH 13886 1924
30  PO 15543 1884
60
50  PO 13909 1886
61
50  PO 12619 1887
SCORE:PO,SH,3220,2140,108.0
