PO-SD
1
50  PO 9340 2358
30  SD 10430 3496
10  PO 10953 2304
2
50  PO 10430 2359
30  PO 12613 2389
10  SD 13250 3516
3
50  SD 9045 3497
30  PO 9899 2336
10  PO 10541 2295
4
50  PO 9149 2391
30  SD 10282 3500
10  SD 12127 3483
5
50  PO 9593 2388
30  PO 9719 2312
10  SD 9879 3521
6
50  SD 7475 3498
30  PO 7628 2297
10  PO 7677 2366
7
50  PO 8925 2320
30  PO 8952 2319
10  PO 9119 2356
8
50  PO 7191 2298
30  SD 8732 3501
10  PO 8889 2300
9
50  PO 2428 2293
30  PO 3240 2374
10  SD 3290 3514
10
50  SD 2538 3513
30  PO 2596 2346
10  SD 3182 3519
11
50  PO 2096 2364
30  PO 2269 2351
10  PO 2293 2335
12
50  SD 1883 3478
30  PO 2075 2402
10  PO 2097 2292
13
50  PO 3834 2317
30  PO 4408 2304
10  SD 4896 3508
14
50  PO 4212 2359
30  PO 4251 2389
10  PO 4348 2400
15
50  PO 3896 2336
30  PO 4000 2295
10  PO 4459 2380
16
50  PO 3749 2349
30  PO 4409 2396
10  PO 4594 2383
17
50  PO 8416 2312
30  SD 8478 3521
10  PO 9539 2370
18
50  SD 6208 3498
30  PO 7672 2315
10  PO 8137 2331
19
50  PO 7177 2353
30  PO 7887 2356
10  PO 8106 2320
20
50  PO 7108 2298
30  PO 7330 2340
10  PO 8231 2300
21
50  PO 3271 2378
30  PO 3409 2293
10  SD 3746 3506
22
50  SD 3064 3513
30  PO 3458 2346
10  PO 3540 2322
23
50  PO 2579 2351
30  PO 2611 2330
10  PO 2634 2335
24
50  SD 2452 3478
30  SD 2613 3499
10  SD 2721 3509
25
50  SD 2087 3496
30  PO 2181 2317
10  PO 2479 2321
26
50  SD 2570 3503
30  SD 2651 3510
10  PO 2667 2307
27
50  SD 4000 3497
30  SD 5826 3488
10  PO 5895 2403
28
50  SD 4532 3500
30  PO 5190 2396
10  SD 5972 3483
29
50  SD 4327 3521
30  PO 4596 2361
10  SD 4726 3487
30
50  PO 3426 2297
30  PO 3614 2366
10  SD 4615 3480
31
80  PO 4090 2319
40  PO 4220 2320
0  SD 4613 3481
32
80  PO 4094 2300
40  PO 4133 2340
0  SD 4585 3501
33
80  PO 2769 2364
40  PO 3434 2330
0  PO 3845 2293
34
80  SD 2528 3478
40  PO 2833 2345
0  PO 2866 2402
35
50  PO 1754 2358
30  PO 1951 2317
10  SD 2064 3496
36
50  PO 2003 2359
30  PO 2400 2400
10  SD 2477 3516
37
50  SD 4327 3497
30  PO 5814 2403
10  SD 6970 3511
38
50  PO 4129 2391
30  PO 5443 2334
10  SD 5521 3500
39
50  PO 4303 2361
30  PO 4482 2312
10  PO 4835 2342
40
50  PO 3357 2297
30  PO 3587 2366
10  SD 4488 3480
41
50  PO 3582 2353
30  PO 4020 2356
10  SD 4363 3481
42
50  PO 3243 2298
30  PO 3741 2340
10  SD 3970 3501
43
50  PO 3567 2390
30  PO 4302 2299
10  SD 4865 3505
44
50  SD 2788 3478
30  SD 3101 3499
10  SD 3502 3509
45
50  PO 2282 2358
30  SD 2541 3479
10  PO 2802 2333
46
50  PO 2697 2400
30  PO 3027 2296
10  SD 3234 3510
47
50  SD 4700 3497
30  PO 4839 2336
10  PO 6139 2403
48
50  SD 5057 3500
30  PO 5239 2391
10  PO 5258 2349
49
50  PO 4732 2342
30  SD 4806 3487
10  PO 5150 2388
50
50  PO 4740 2331
30  PO 4829 2315
10  SD 5284 3480
51
50  PO 4338 2320
30  PO 4744 2319
10  SD 5034 3481
52
50  SD 4000 3501
30  PO 4268 2300
10  SD 4808 3495
53
50  PO 12839 1888
30  SD 15585 2067
54
50  PO 9464 1876
30  SD 12488 2064
55
50  PO 17012 1877
30  SD 21624 2065
56
50  SD 19897 2066
30  PO 19939 1879
57
50  PO 19083 1881
58
50  PO 16272 1882
59
50  PO 15543 1884
60
50  PO 13909 1886
61
50  PO 12619 1887
SCORE:PO,SD,3760,1610,215.0
