PO-TVT
1
50  PO 9340 2358
30  PO 10953 2304
10  TVT 11250 1868
2
50  TVT 9773 1951
30  PO 10430 2359
10  TVT 10577 1856
3
50  TVT 7662 1866
30  TVT 8557 1845
10  TVT 9372 1913
4
50  PO 9149 2391
30  TVT 9433 1917
10  TVT 11734 1880
5
50  TVT 7571 1867
30  PO 9593 2388
10  PO 9719 2312
6
50  TVT 7397 1888
30  TVT 7590 1911
10  PO 7628 2297
7
50  PO 8925 2320
30  PO 8952 2319
10  PO 9119 2356
8
50  TVT 6297 1874
30  PO 7191 2298
10  TVT 8188 1860
9
50  PO 2428 2293
30  PO 3240 2374
10  PO 3401 2365
10
50  PO 2596 2346
30  TVT 3245 1950
10  PO 3253 2322
11
50  PO 2096 2364
30  TVT 2259 1952
10  PO 2269 2351
12
50  TVT 2033 1946
30  PO 2075 2402
10  PO 2097 2292
13
50  PO 3834 2317
30  TVT 4097 1868
10  PO 4408 2304
14
50  TVT 3875 1951
30  TVT 4012 1879
10  PO 4212 2359
15
50  TVT 3063 1866
30  TVT 3357 1845
10  PO 3896 2336
16
50  PO 3749 2349
30  TVT 4169 1880
10  PO 4409 2396
17
50  TVT 6991 1867
30  TVT 7376 1910
10  PO 8416 2312
18
50  TVT 6400 1911
30  TVT 6771 1888
10  PO 7672 2315
19
50  PO 7177 2353
30  PO 7887 2356
10  PO 8106 2320
20
50  TVT 5377 1899
30  TVT 5753 1874
10  PO 7108 2298
21
50  PO 3271 2378
30  PO 3409 2293
10  PO 3913 2303
22
50  PO 3458 2346
30  PO 3540 2322
10  TVT 3774 1908
23
50  PO 2579 2351
30  PO 2611 2330
10  PO 2634 2335
24
50  TVT 2567 1946
30  PO 2745 2345
10  PO 2847 2292
25
50  PO 2181 2317
30  PO 2479 2321
10  PO 2544 2368
26
50  TVT 2397 1898
30  TVT 2513 1907
10  PO 2667 2307
27
50  TVT 4013 1845
30  TVT 4915 1859
10  TVT 5325 1878
28
50  PO 5190 2396
30  TVT 5289 1880
10  PO 7019 2399
29
50  TVT 3845 1910
30  PO 4596 2361
10  PO 4737 2388
30
50  PO 3426 2297
30  TVT 3535 1888
10  PO 3614 2366
31
80  TVT 4059 1900
40  PO 4090 2319
0  PO 4220 2320
32
80  TVT 2849 1899
40  TVT 3656 1860
0  TVT 4069 1947
33
80  PO 2769 2364
40  TVT 2840 1952
0  PO 3434 2330
34
80  TVT 2670 1946
40  PO 2833 2345
0  PO 2866 2402
35
50  PO 1754 2358
30  PO 1951 2317
10  TVT 2166 1868
36
50  PO 2003 2359
30  TVT 2050 1856
10  TVT 2078 1951
37
50  TVT 3427 1866
30  TVT 4109 1913
10  TVT 4780 1916
38
50  PO 4129 2391
30  TVT 4381 1917
10  PO 5443 2334
39
50  TVT 3496 1867
30  PO 4303 2361
10  PO 4482 2312
40
50  TVT 3217 1888
30  PO 3357 2297
10  PO 3587 2366
41
50  PO 3582 2353
30  PO 4020 2356
10  PO 4687 2301
42
50  TVT 2764 1899
30  TVT 2776 1874
10  PO 3243 2298
43
50  TVT 3133 1952
30  TVT 3244 1892
10  PO 3567 2390
44
50  TVT 2528 1946
30  TVT 3303 1896
10  TVT 3571 1903
45
50  PO 2282 2358
30  TVT 2798 1853
10  PO 2802 2333
46
50  TVT 2600 1856
30  TVT 2637 1907
10  TVT 2667 1879
47
50  TVT 4616 1913
30  TVT 4678 1916
10  PO 4839 2336
48
50  TVT 5013 1917
30  PO 5239 2391
10  PO 5258 2349
49
50  TVT 4377 1910
30  PO 4732 2342
10  PO 5150 2388
50
50  TVT 3877 1911
30  PO 4740 2331
10  PO 4829 2315
51
50  PO 4338 2320
30  PO 4744 2319
10  TVT 4934 1885
52
50  TVT 3306 1874
30  TVT 3969 1860
10  PO 4268 2300
53
50  TVT 16803 1828
54
50  PO 9464 1876
30  TVT 12231 1815
55
50  PO 17012 1877
30  TVT 19785 1818
56
50  TVT 17443 1820
30  PO 19939 1879
57
50  TVT 14320 1822
30  PO 19083 1881
58
50  PO 16272 1882
30  TVT 17419 1825
59
50  TVT 15096 1826
30  PO 15543 1884
60
50  PO 13909 1886
61
50  PO 12619 1887
30  TVT 13181 1827
SCORE:PO,TVT,2560,2900,-34.0
