PO-WCSC
1
50  WCSC 8690 844
30  PO 9340 2358
10  WCSC 9353 884
2
50  PO 10430 2359
30  WCSC 10839 784
10  PO 12613 2389
3
50  WCSC 7943 800
30  WCSC 8633 883
10  PO 9899 2336
4
50  WCSC 8409 810
30  PO 9149 2391
10  WCSC 9688 775
5
50  WCSC 7784 895
30  PO 9593 2388
10  PO 9719 2312
6
50  PO 7628 2297
30  PO 7677 2366
10  WCSC 7896 776
7
50  PO 8925 2320
30  PO 8952 2319
10  WCSC 8963 860
8
50  PO 7191 2298
30  WCSC 7650 843
10  WCSC 7728 787
9
50  PO 2428 2293
30  WCSC 3175 869
10  PO 3240 2374
10
50  PO 2596 2346
30  PO 3253 2322
10  WCSC 3536 830
11
50  WCSC 1889 855
30  PO 2096 2364
10  WCSC 2129 826
12
50  WCSC 1740 870
30  WCSC 1904 877
10  PO 2075 2402
13
50  WCSC 3738 871
30  WCSC 3787 884
10  PO 3834 2317
14
50  WCSC 4129 831
30  PO 4212 2359
10  PO 4251 2389
15
50  WCSC 3219 896
30  WCSC 3312 840
10  WCSC 3557 883
16
50  WCSC 3434 775
30  WCSC 3517 863
10  WCSC 3730 847
17
50  WCSC 7082 859
30  WCSC 7348 845
10  PO 8416 2312
18
50  WCSC 6674 798
30  WCSC 6843 776
10  WCSC 7480 821
19
50  PO 7177 2353
30  PO 7887 2356
10  WCSC 7938 860
20
50  WCSC 6297 843
30  PO 7108 2298
10  WCSC 7173 864
21
50  WCSC 3090 869
30  PO 3271 2378
10  PO 3409 2293
22
50  PO 3458 2346
30  PO 3540 2322
10  WCSC 4634 830
23
50  WCSC 2098 817
30  PO 2579 2351
10  PO 2611 2330
24
50  WCSC 1929 801
30  WCSC 2358 877
10  PO 2745 2345
25
50  WCSC 2043 816
30  PO 2181 2317
10  WCSC 2299 839
26
50  WCSC 2111 784
30  WCSC 2634 868
10  WCSC 2657 829
27
50  WCSC 3813 800
30  WCSC 5066 820
10  WCSC 5137 825
28
50  WCSC 4178 810
30  PO 5190 2396
10  WCSC 5603 847
29
50  WCSC 3500 895
30  PO 4596 2361
10  WCSC 4621 858
30
50  PO 3426 2297
30  PO 3614 2366
10  WCSC 3909 821
31
80  WCSC 3840 803
40  PO 4090 2319
0  PO 4220 2320
32
80  WCSC 3606 864
40  PO 4094 2300
0  PO 4133 2340
33
80  WCSC 2225 826
40  WCSC 2500 817
0  PO 2769 2364
34
80  WCSC 2223 877
40  PO 2833 2345
0  WCSC 2855 857
35
50  PO 1754 2358
30  WCSC 1938 871
10  PO 1951 2317
36
50  PO 2003 2359
30  WCSC 2122 876
10  PO 2400 2400
37
50  WCSC 3982 840
30  PO 5814 2403
10  WCSC 6183 793
38
50  PO 4129 2391
30  WCSC 4317 863
10  WCSC 4653 775
39
50  WCSC 3434 859
30  PO 4303 2361
10  WCSC 4315 828
40
50  PO 3357 2297
30  WCSC 3463 798
10  PO 3587 2366
41
50  PO 3582 2353
30  WCSC 3803 803
10  WCSC 3928 900
42
50  WCSC 3134 787
30  PO 3243 2298
10  WCSC 3376 790
43
50  WCSC 2682 855
30  WCSC 3027 826
10  PO 3567 2390
44
50  WCSC 2112 801
30  WCSC 2583 870
10  PO 3713 2355
45
50  WCSC 2151 844
30  PO 2282 2358
10  PO 2802 2333
46
50  WCSC 2403 831
30  PO 2697 2400
10  PO 3027 2296
47
50  WCSC 4162 896
30  PO 4839 2336
10  WCSC 5534 799
48
50  WCSC 4555 810
30  PO 5239 2391
10  PO 5258 2349
49
50  WCSC 4656 845
30  PO 4732 2342
10  PO 5150 2388
50
50  WCSC 4113 776
30  WCSC 4549 798
10  PO 4740 2331
51
50  PO 4338 2320
30  WCSC 4467 860
10  PO 4744 2319
52
50  WCSC 3963 864
30  PO 4268 2300
53
50  PO 12839 1888
30  WCSC 16033 1707
54
50  WCSC 7650 1692
30  PO 9464 1876
55
50  WCSC 16081 1695
30  PO 17012 1877
56
50  WCSC 17798 1697
30  PO 19939 1879
57
50  WCSC 13322 1699
30  PO 19083 1881
58
50  PO 16272 1882
30  WCSC 18199 1702
59
50  WCSC 13190 1703
30  PO 15543 1884
60
50  PO 13909 1886
30  WCSC 15089 1704
61
50  WCSC 12596 1705
30  PO 12619 1887
SCORE:PO,WCSC,2200,3310,-111.0
