PO-WST
1
50  PO 9340 2358
30  WST 9560 1393
10  WST 10214 1445
2
50  WST 10409 1384
30  PO 10430 2359
10  PO 12613 2389
3
50  WST 9201 1410
30  WST 9728 1391
10  PO 9899 2336
4
50  WST 8631 1444
30  PO 9149 2391
10  WST 13321 1412
5
50  WST 7806 1401
30  WST 8877 1387
10  WST 9115 1456
6
50  PO 7628 2297
30  PO 7677 2366
10  PO 9113 2315
7
50  PO 8925 2320
30  PO 8952 2319
10  WST 9084 1399
8
50  WST 6800 1380
30  PO 7191 2298
10  WST 8740 1463
9
50  PO 2428 2293
30  PO 3240 2374
10  PO 3401 2365
10
50  PO 2596 2346
30  PO 3253 2322
10  PO 3576 2305
11
50  WST 1954 1411
30  PO 2096 2364
10  WST 2237 1389
12
50  WST 1846 1421
30  PO 2075 2402
10  PO 2097 2292
13
50  PO 3834 2317
30  WST 4119 1445
10  WST 4175 1366
14
50  WST 3938 1384
30  PO 4212 2359
10  PO 4251 2389
15
50  WST 3622 1448
30  WST 3751 1410
10  WST 3823 1391
16
50  WST 3387 1444
30  PO 3749 2349
10  PO 4409 2396
17
50  WST 7747 1425
30  WST 7844 1456
10  WST 8190 1436
18
50  PO 7672 2315
30  WST 7996 1370
10  WST 8036 1460
19
50  WST 7150 1461
30  PO 7177 2353
10  WST 7878 1399
20
50  WST 5963 1380
30  PO 7108 2298
10  PO 7330 2340
21
50  PO 3271 2378
30  PO 3409 2293
10  PO 3913 2303
22
50  PO 3458 2346
30  WST 3468 1423
10  PO 3540 2322
23
50  WST 2557 1389
30  PO 2579 2351
10  PO 2611 2330
24
50  WST 2217 1421
30  PO 2745 2345
10  PO 2847 2292
25
50  WST 2062 1393
30  PO 2181 2317
10  WST 2282 1366
26
50  WST 2282 1392
30  PO 2667 2307
10  WST 2797 1417
27
50  WST 4415 1391
30  WST 4528 1410
10  WST 4606 1375
28
50  PO 5190 2396
30  WST 6243 1412
10  PO 7019 2399
29
50  WST 3400 1401
30  WST 3975 1387
10  WST 4552 1436
30
50  PO 3426 2297
30  PO 3614 2366
10  WST 4352 1376
31
80  WST 3713 1461
40  PO 4090 2319
0  WST 4152 1399
32
80  WST 4072 1463
40  PO 4094 2300
0  PO 4133 2340
33
80  WST 2529 1411
40  WST 2560 1389
0  PO 2769 2364
34
80  WST 2022 1421
40  PO 2833 2345
0  PO 2866 2402
35
50  WST 1716 1393
30  PO 1754 2358
10  PO 1951 2317
36
50  PO 2003 2359
30  PO 2400 2400
10  WST 2963 1378
37
50  WST 4690 1448
30  WST 4878 1375
10  WST 5105 1402
38
50  PO 4129 2391
30  WST 4603 1444
10  PO 5443 2334
39
50  WST 3694 1387
30  WST 4081 1456
10  PO 4303 2361
40
50  PO 3357 2297
30  PO 3587 2366
10  WST 4535 1370
41
50  PO 3582 2353
30  WST 3744 1461
10  PO 4020 2356
42
50  WST 2927 1380
30  PO 3243 2298
10  PO 3741 2340
43
50  WST 2528 1411
30  WST 3299 1455
10  PO 3567 2390
44
50  WST 3463 1421
30  WST 3545 1388
10  PO 3713 2355
45
50  WST 2255 1445
30  PO 2282 2358
10  WST 2335 1396
46
50  WST 2591 1392
30  PO 2697 2400
10  WST 2789 1458
47
50  PO 4839 2336
30  WST 4922 1409
10  WST 5107 1402
48
50  WST 4406 1444
30  PO 5239 2391
10  PO 5258 2349
49
50  WST 4372 1456
30  WST 4502 1401
10  PO 4732 2342
50
50  PO 4740 2331
30  PO 4829 2315
10  WST 5246 1460
51
50  PO 4338 2320
30  WST 4490 1399
10  PO 4744 2319
52
50  WST 4178 1463
30  PO 4268 2300
53
50  PO 12839 1888
30  WST 18453 1763
54
50  WST 8588 1752
30  PO 9464 1876
55
50  WST 16994 1755
30  PO 17012 1877
56
50  PO 19939 1879
57
50  WST 15310 1758
30  PO 19083 1881
58
50  PO 16272 1882
59
50  WST 13947 1760
30  PO 15543 1884
60
50  PO 13909 1886
30  WST 14387 1761
61
50  PO 12619 1887
30  WST 15394 1762
SCORE:PO,WST,2470,2980,-51.0
