PO-WAW
1
50  WAW 9200 1022
30  PO 9340 2358
10  PO 10953 2304
2
50  WAW 8528 1033
30  PO 10430 2359
10  WAW 10693 964
3
50  WAW 9045 931
30  WAW 9818 950
10  PO 9899 2336
4
50  WAW 7781 940
30  PO 9149 2391
5
50  WAW 7833 908
30  WAW 8719 1004
10  WAW 9249 991
6
50  WAW 6684 904
30  WAW 7572 1032
10  PO 7628 2297
7
50  WAW 7606 975
30  PO 8925 2320
10  PO 8952 2319
8
50  WAW 6267 1012
30  PO 7191 2298
10  WAW 7387 1026
9
50  PO 2428 2293
30  WAW 2516 959
10  PO 3240 2374
10
50  WAW 2569 916
30  PO 2596 2346
10  PO 3253 2322
11
50  WAW 1876 1021
30  PO 2096 2364
10  PO 2269 2351
12
50  WAW 2056 961
30  PO 2075 2402
10  PO 2097 2292
13
50  WAW 3626 939
30  PO 3834 2317
10  PO 4408 2304
14
50  WAW 3897 964
30  WAW 4081 996
10  PO 4212 2359
15
50  WAW 3166 938
30  PO 3896 2336
10  PO 4000 2295
16
50  PO 3749 2349
30  WAW 4262 998
10  PO 4409 2396
17
50  WAW 7038 929
30  WAW 7763 909
10  WAW 8048 1023
18
50  WAW 6524 1030
30  PO 7672 2315
10  WAW 7990 943
19
50  WAW 7012 975
30  PO 7177 2353
10  PO 7887 2356
20
50  WAW 6546 1026
30  PO 7108 2298
10  WAW 7147 948
21
50  PO 3271 2378
30  WAW 3312 959
10  PO 3409 2293
22
50  WAW 3255 916
30  PO 3458 2346
10  PO 3540 2322
23
50  WAW 2516 1021
30  PO 2579 2351
10  PO 2611 2330
24
50  WAW 2659 902
30  PO 2745 2345
10  PO 2847 2292
25
50  PO 2181 2317
30  WAW 2369 906
10  PO 2479 2321
26
50  WAW 1809 915
30  WAW 2300 996
10  WAW 2371 926
27
50  WAW 4452 918
30  WAW 5397 1013
10  WAW 5547 1029
28
50  WAW 3533 940
30  PO 5190 2396
10  PO 7019 2399
29
50  WAW 3721 929
30  PO 4596 2361
10  PO 4737 2388
30
50  PO 3426 2297
30  WAW 3430 1030
10  PO 3614 2366
31
80  PO 4090 2319
40  PO 4220 2320
0  PO 4824 2301
32
80  WAW 3298 976
40  WAW 3409 948
0  WAW 3836 937
33
80  PO 2769 2364
40  PO 3434 2330
0  PO 3845 2293
34
80  PO 2833 2345
40  PO 2866 2402
0  PO 2975 2355
35
50  PO 1754 2358
30  PO 1951 2317
10  PO 2282 2304
36
50  WAW 1765 915
30  PO 2003 2359
10  PO 2400 2400
37
50  WAW 3497 938
30  WAW 4319 970
10  PO 5814 2403
38
50  WAW 3681 940
30  PO 4129 2391
10  PO 5443 2334
39
50  WAW 3972 1004
30  PO 4303 2361
10  WAW 4388 991
40
50  WAW 2938 904
30  PO 3357 2297
10  PO 3587 2366
41
50  PO 3582 2353
30  PO 4020 2356
10  PO 4687 2301
42
50  WAW 2976 976
30  PO 3243 2298
10  WAW 3246 1026
43
50  WAW 2456 1021
30  PO 3567 2390
10  WAW 3985 925
44
50  WAW 3223 902
30  PO 3713 2355
10  WAW 4112 945
45
50  WAW 2035 1022
30  WAW 2119 939
10  PO 2282 2358
46
50  WAW 1937 1033
30  WAW 2572 912
10  PO 2697 2400
47
50  WAW 4628 931
30  PO 4839 2336
10  WAW 4840 950
48
50  PO 5239 2391
30  PO 5258 2349
10  WAW 5776 998
49
50  WAW 4032 908
30  WAW 4501 909
10  WAW 4536 1023
50
50  WAW 3637 1032
30  PO 4740 2331
10  PO 4829 2315
51
50  WAW 3975 971
30  PO 4338 2320
10  PO 4744 2319
52
50  WAW 3347 1012
30  WAW 3827 948
10  PO 4268 2300
53
50  PO 12839 1888
30  WAW 14403 1722
54
50  PO 9464 1876
30  WAW 9827 1709
55
50  WAW 16351 1711
30  PO 17012 1877
56
50  WAW 15537 1713
30  PO 19939 1879
57
50  WAW 14803 1715
30  PO 19083 1881
58
50  PO 16272 1882
30  WAW 30791 1717
59
50  WAW 13606 1718
30  PO 15543 1884
60
50  WAW 11946 1720
30  PO 13909 1886
61
50  WAW 11575 1721
30  PO 12619 1887
SCORE:PO,WAW,2340,3170,-83.0
