PO-WV
1
50  PO 9340 2358
30  WV 9634 3126
10  WV 10830 3164
2
50  WV 9582 3183
30  PO 10430 2359
10  WV 10834 3137
3
50  WV 8547 3175
30  PO 9899 2336
10  PO 10541 2295
4
50  WV 9062 3187
30  PO 9149 2391
10  WV 10928 3153
5
50  WV 8203 3127
30  WV 9550 3188
10  PO 9593 2388
6
50  PO 7628 2297
30  PO 7677 2366
10  WV 8053 3169
7
50  WV 7778 3180
30  WV 8888 3143
10  PO 8925 2320
8
50  PO 7191 2298
30  WV 8844 3162
10  PO 8889 2300
9
50  PO 2428 2293
30  WV 2925 3155
10  PO 3240 2374
10
50  PO 2596 2346
30  PO 3253 2322
10  PO 3576 2305
11
50  WV 1953 3125
30  PO 2096 2364
10  PO 2269 2351
12
50  PO 2075 2402
30  PO 2097 2292
10  WV 2122 3186
13
50  WV 3669 3126
30  PO 3834 2317
10  WV 4250 3154
14
50  WV 3866 3137
30  WV 4043 3183
10  WV 4197 3128
15
50  WV 3300 3175
30  PO 3896 2336
10  PO 4000 2295
16
50  PO 3749 2349
30  PO 4409 2396
10  WV 4490 3153
17
50  PO 8416 2312
30  WV 8916 3188
10  WV 9272 3174
18
50  WV 7144 3169
30  PO 7672 2315
10  PO 8137 2331
19
50  WV 6813 3180
30  PO 7177 2353
10  PO 7887 2356
20
50  PO 7108 2298
30  PO 7330 2340
10  WV 7485 3178
21
50  PO 3271 2378
30  PO 3409 2293
10  PO 3913 2303
22
50  PO 3458 2346
30  PO 3540 2322
10  PO 4746 2305
23
50  WV 2531 3125
30  PO 2579 2351
10  PO 2611 2330
24
50  PO 2745 2345
30  PO 2847 2292
10  WV 2869 3157
25
50  PO 2181 2317
30  PO 2479 2321
10  WV 2540 3173
26
50  WV 2374 3128
30  WV 2384 3137
10  WV 2531 3135
27
50  WV 3719 3175
30  WV 5863 3151
10  PO 5895 2403
28
50  PO 5190 2396
30  PO 7019 2399
10  WV 7090 3150
29
50  WV 3922 3127
30  PO 4596 2361
10  PO 4737 2388
30
50  PO 3426 2297
30  PO 3614 2366
10  PO 5113 2302
31
80  PO 4090 2319
40  PO 4220 2320
0  WV 4296 3143
32
80  PO 4094 2300
40  PO 4133 2340
0  WV 4203 3178
33
80  PO 2769 2364
40  WV 2975 3179
0  PO 3434 2330
34
80  PO 2833 2345
40  PO 2866 2402
0  PO 2975 2355
35
50  PO 1754 2358
30  PO 1951 2317
10  WV 2047 3126
36
50  PO 2003 2359
30  PO 2400 2400
10  WV 2541 3135
37
50  WV 5409 3151
30  WV 5656 3159
10  PO 5814 2403
38
50  PO 4129 2391
30  PO 5443 2334
10  WV 5762 3153
39
50  WV 3641 3127
30  PO 4303 2361
10  WV 4318 3188
40
50  PO 3357 2297
30  PO 3587 2366
10  WV 3619 3169
41
50  PO 3582 2353
30  PO 4020 2356
10  WV 4306 3163
42
50  PO 3243 2298
30  PO 3741 2340
10  WV 3808 3162
43
50  WV 3034 3125
30  WV 3416 3184
10  PO 3567 2390
44
50  WV 2947 3186
30  PO 3713 2355
10  WV 4212 3168
45
50  PO 2282 2358
30  WV 2325 3173
10  WV 2512 3154
46
50  PO 2697 2400
30  WV 2850 3138
10  PO 3027 2296
47
50  WV 4675 3175
30  PO 4839 2336
10  WV 5353 3151
48
50  PO 5239 2391
30  PO 5258 2349
10  WV 5571 3153
49
50  WV 4422 3127
30  WV 4728 3188
10  PO 4732 2342
50
50  WV 4337 3169
30  PO 4740 2331
10  PO 4829 2315
51
50  WV 4218 3180
30  PO 4338 2320
10  WV 4663 3143
52
50  PO 4268 2300
30  WV 4388 3178
10  WV 4837 3134
53
50  PO 12839 1888
30  WV 28353 1996
54
50  WV 9372 1991
30  PO 9464 1876
55
50  WV 16756 1993
30  PO 17012 1877
56
50  WV 16555 1994
30  PO 19939 1879
57
50  PO 19083 1881
58
50  PO 16272 1882
59
50  PO 15543 1884
60
50  PO 13909 1886
61
50  PO 12619 1887
30  WV 13737 1995
SCORE:PO,WV,3280,2120,116.0
