PO-WW
1
50  PO 9340 2358
30  WW 9347 1645
10  PO 10953 2304
2
50  PO 10430 2359
30  WW 11716 1597
10  PO 12613 2389
3
50  WW 9519 1584
30  WW 9887 1634
10  PO 9899 2336
4
50  PO 9149 2391
30  WW 10807 1577
10  WW 11487 1587
5
50  WW 8091 1544
30  WW 8587 1626
10  WW 8612 1595
6
50  WW 7547 1643
30  PO 7628 2297
10  PO 7677 2366
7
50  WW 7781 1616
30  PO 8925 2320
10  PO 8952 2319
8
50  WW 6700 1585
30  PO 7191 2298
10  WW 7888 1550
9
50  PO 2428 2293
30  PO 3240 2374
10  PO 3401 2365
10
50  PO 2596 2346
30  WW 2803 1591
10  PO 3253 2322
11
50  WW 1959 1580
30  PO 2096 2364
10  WW 2100 1573
12
50  PO 2075 2402
30  PO 2097 2292
10  WW 2186 1619
13
50  PO 3834 2317
30  WW 3890 1589
10  WW 4283 1638
14
50  WW 4059 1552
30  PO 4212 2359
10  PO 4251 2389
15
50  WW 3228 1625
30  WW 3729 1584
10  PO 3896 2336
16
50  PO 3749 2349
30  WW 3762 1605
10  WW 4147 1587
17
50  WW 6844 1581
30  WW 6869 1618
10  PO 8416 2312
18
50  WW 7106 1583
30  PO 7672 2315
10  PO 8137 2331
19
50  WW 6303 1551
30  PO 7177 2353
10  WW 7506 1562
20
50  WW 6309 1582
30  WW 6444 1565
10  PO 7108 2298
21
50  PO 3271 2378
30  PO 3409 2293
10  PO 3913 2303
22
50  PO 3458 2346
30  PO 3540 2322
10  PO 4746 2305
23
50  WW 2472 1580
30  PO 2579 2351
10  PO 2611 2330
24
50  PO 2745 2345
30  PO 2847 2292
10  PO 2897 2367
25
50  WW 2100 1645
30  PO 2181 2317
10  WW 2475 1589
26
50  WW 2428 1569
30  WW 2609 1623
10  WW 2644 1592
27
50  WW 4756 1634
30  WW 5269 1578
10  WW 5391 1632
28
50  WW 4644 1605
30  PO 5190 2396
10  WW 5342 1577
29
50  WW 3622 1618
30  WW 3709 1595
10  WW 3993 1553
30
50  PO 3426 2297
30  WW 3488 1643
10  PO 3614 2366
31
80  WW 3531 1551
40  WW 3584 1616
0  WW 4031 1640
32
80  WW 3043 1585
40  WW 3605 1582
0  WW 3766 1565
33
80  WW 2604 1573
40  PO 2769 2364
0  PO 3434 2330
34
80  PO 2833 2345
40  PO 2866 2402
0  PO 2975 2355
35
50  PO 1754 2358
30  WW 1864 1645
10  PO 1951 2317
36
50  PO 2003 2359
30  PO 2400 2400
10  WW 2463 1639
37
50  WW 3816 1625
30  WW 3966 1572
10  WW 4694 1543
38
50  PO 4129 2391
30  WW 4303 1636
10  PO 5443 2334
39
50  WW 3473 1618
30  WW 3593 1581
10  WW 3706 1595
40
50  PO 3357 2297
30  WW 3459 1643
10  PO 3587 2366
41
50  WW 3331 1616
30  PO 3582 2353
10  WW 3788 1640
42
50  WW 2879 1585
30  PO 3243 2298
10  WW 3316 1565
43
50  WW 2591 1573
30  WW 3260 1601
10  PO 3567 2390
44
50  WW 3581 1620
30  PO 3713 2355
10  WW 7800 1593
45
50  PO 2282 2358
30  WW 2350 1589
10  WW 2469 1638
46
50  WW 2640 1552
30  PO 2697 2400
10  WW 2721 1629
47
50  WW 4207 1625
30  WW 4327 1572
10  WW 4363 1584
48
50  WW 4466 1636
30  PO 5239 2391
10  PO 5258 2349
49
50  WW 3978 1544
30  WW 4063 1581
10  WW 4550 1637
50
50  WW 4181 1583
30  PO 4740 2331
10  PO 4829 2315
51
50  WW 3768 1551
30  PO 4338 2320
10  WW 4440 1596
52
50  WW 3665 1608
30  WW 3700 1582
10  WW 3838 1550
53
50  WW 11534 1795
30  PO 12839 1888
54
50  WW 9416 1776
30  PO 9464 1876
55
50  PO 17012 1877
30  WW 17160 1779
56
50  WW 18144 1782
30  PO 19939 1879
57
50  WW 14228 1784
30  PO 19083 1881
58
50  PO 16272 1882
30  WW 20981 1788
59
50  WW 12400 1789
30  PO 15543 1884
60
50  WW 13835 1791
30  PO 13909 1886
61
50  WW 11479 1792
30  PO 12619 1887
SCORE:PO,WW,2240,3280,-104.0
