RMR-WRST
1
50  RMR 2853 1180
30  WRST 2988 1108
10  RMR 3037 1597
2
50  WRST 3089 1112
30  RMR 3130 2820(Y) 1188
10  WRST 3225 1629
3
50  RMR 2897 2610(Y) 1254
30  WRST 2898 2611(Y) 1097
10  WRST 3226 1149
4
50  RMR 3152 2840(Y) 1231
30  RMR 3186 2871(Y) 1241
10  RMR 3459 1173
5
50  WRST 3410 1636
30  RMR 3426 3087(Y) 1237
10  WRST 3454 1143
6
50  RMR 3281 1219
30  WRST 3481 1628
10  RMR 3499 3153(Y) 1586
7
50  WRST 1718 1092
30  RMR 1731 1220
10  RMR 1737 1184
8
50  RMR 1768 1174
30  RMR 1844 1263
10  RMR 1862 1678(Y) 1240
9
50  RMR 1730 1559(Y) 1221
30  WRST 2105 1897(Y) 1137
10  WRST 2114 1160
10
50  WRST 1849 1666(Y) 1075
30  RMR 2022 1206
10  RMR 2029 1828(Y) 1228
11
50  RMR 2806 1176
30  WRST 3009 1074
10  RMR 3228 1194
12
50  RMR 2675 1175
30  RMR 3015 1236
10  RMR 3372 1243
13
50  RMR 7365 1593
30  RMR 7497 1180
10  WRST 7694 1108
14
50  WRST 7266 1111
30  RMR 8643 1227
10  RMR 8687 1168
15
50  WRST 7416 1097
30  RMR 7475 1254
10  RMR 8232 1596
16
50  RMR 8169 1185
30  RMR 8497 1241
10  RMR 8566 1231
17
50  WRST 9282 1636
30  RMR 9555 1573
10  RMR 9831 1237
18
50  RMR 8106 7303(Y) 1219
30  RMR 8813 7940(Y) 1224
10  WRST 9518 1634
19
50  WRST 10718 1092
30  RMR 10847 1221
10  RMR 10856 1577
20
50  RMR 10406 1263
30  RMR 10882 1174
10  WRST 10958 1075
21
50  RMR 3702 3336(Y) 1195
30  RMR 3728 1593
10  RMR 3872 1180
22
50  WRST 3837 1111
30  RMR 4297 1168
10  WRST 4459 1629
23
50  RMR 3645 3284(Y) 1596
30  RMR 3862 1254
10  WRST 4500 1149
24
50  RMR 4242 3822(Y) 1241
30  RMR 4577 1268
10  RMR 4754 1270
25
50  RMR 4158 3746(Y) 1573
30  RMR 4715 1197
10  WRST 4766 1636
26
50  RMR 4129 3720(Y) 1219
30  RMR 4302 3876(Y) 1224
10  RMR 4690 1190
27
50  RMR 2454 1220
30  RMR 2535 2284(Y) 1258
10  RMR 2781 1590
28
50  RMR 2353 1263
30  RMR 2446 1189
10  RMR 2553 1192
29
50  RMR 2657 1221
30  WRST 3131 1091
10  WRST 4337 1157
30
50  WRST 2631 2371(Y) 1075
30  RMR 2684 1242
10  RMR 3212 1228
31
80  WRST 13206 1449
40  RMR 13841 1996
32
80  RMR 16901 1425
40  WRST 17725 1600
33
80  RMR 8831 2000
40  WRST 10004 1455
34
80  RMR 10597 1249
40  WRST 10989 1236
35
50  WRST 3348 3017(Y) 1108
30  RMR 3620 1597
10  RMR 3669 1257
36
50  WRST 3444 1112
30  WRST 3456 1111
10  WRST 3782 1629
37
50  RMR 3603 1254
30  RMR 4219 1203
10  RMR 4240 1272
38
50  RMR 3621 1185
30  RMR 3935 1241
10  RMR 4018 1268
39
50  WRST 4384 1143
30  RMR 4500 1197
10  RMR 4644 1588
40
50  RMR 3922 1219
30  RMR 4179 3765(Y) 1262
10  RMR 4187 1224
41
50  WRST 2160 1092
30  RMR 2175 1184
10  WRST 2241 1089
42
50  RMR 2194 1174
30  RMR 2318 1679
10  RMR 2367 1240
43
50  RMR 2247 1221
30  WRST 2715 2446(Y) 1141
10  WRST 2834 1160
44
50  RMR 2288 1206
30  RMR 2390 1228
10  WRST 2489 2243(Y) 1075
45
50  WRST 3393 3057(Y) 1635
30  RMR 3519 1176
10  WRST 3791 1155
46
50  RMR 2984 1236
30  RMR 3125 1175
10  RMR 3469 1243
47
50  RMR 6314 5689(Y) 1180
30  RMR 6322 1593
10  WRST 6675 1108
48
50  WRST 6540 1112
30  WRST 7344 1629
10  RMR 7432 1188
49
50  WRST 6372 1097
30  WRST 7828 1104
10  RMR 7975 1203
50
50  RMR 7025 1185
30  RMR 7159 1231
10  RMR 8106 1268
51
50  WRST 7784 1636
30  RMR 7897 7115(Y) 1237
10  WRST 7934 1143
52
50  RMR 7907 7124(Y) 1224
30  WRST 7978 1634
10  WRST 8161 7353(Y) 1622
53
50  WRST 3882 3498(Y) 1092
30  RMR 3894 1184
10  WRST 3896 1089
54
50  RMR 4122 1174
30  RMR 4266 1263
10  RMR 4359 1252
55
50  WRST 5140 1160
30  WRST 5343 1137
10  WRST 5738 1141
56
50  RMR 4605 4149(Y) 1228
30  RMR 4643 1206
10  RMR 4763 4291(Y) 1242
57
50  RMR 3327 1593
30  RMR 3369 1195
10  WRST 3484 1145
58
50  WRST 3243 1111
30  RMR 3843 1188
10  RMR 3869 1186
59
50  WRST 3177 2863(Y) 1097
30  RMR 3406 1596
10  WRST 4349 1104
60
50  RMR 3559 1185
30  RMR 3980 1268
10  RMR 3993 1231
61
50  RMR 4062 3660(Y) 1237
30  WRST 4103 1638
10  RMR 4162 1197
62
50  WRST 4114 1628
30  RMR 4385 1190
10  WRST 4394 1634
63
50  RMR 1978 1184
30  RMR 2096 1220
10  WRST 2295 1623
64
50  RMR 2531 1235
30  RMR 2659 1240
10  RMR 2750 1189
65
50  WRST 2713 2445(Y) 1091
30  RMR 3753 1176
66
50  RMR 2340 2109(Y) 1242
30  WRST 3087 1156
10  WRST 3225 1114
67
80  RMR 13393 1591
40  WRST 13472 1860
68
80  RMR 14112 1708
40  WRST 14732 1609
SCORE:RMR,WRST,4130,2160,197.0
