RMR-SR-MD
1
50  SR-MD 2730 359
30  SR-MD 2784 1658
10  RMR 2853 1180
2
50  SR-MD 2973 2679(Y) 354
30  RMR 3130 2820(Y) 1188
10  SR-MD 3447 360
3
50  RMR 2897 2610(Y) 1254
30  SR-MD 2958 362
10  RMR 3228 1596
4
50  SR-MD 3087 355
30  RMR 3152 2840(Y) 1231
10  SR-MD 3173 325
5
50  SR-MD 3231 361
30  SR-MD 3323 2994(Y) 308
10  RMR 3426 3087(Y) 1237
6
50  SR-MD 3237 2917(Y) 316
30  RMR 3281 1219
10  RMR 3499 3153(Y) 1586
7
50  RMR 1731 1220
30  RMR 1737 1184
10  RMR 1788 1590
8
50  SR-MD 1648 1485(Y) 387
30  SR-MD 1686 1519(Y) 392
10  RMR 1768 1174
9
50  RMR 1730 1559(Y) 1221
30  SR-MD 1870 1685(Y) 307
10  SR-MD 1916 1727(Y) 375
10
50  SR-MD 1973 1778(Y) 323
30  RMR 2022 1206
10  RMR 2029 1828(Y) 1228
11
50  RMR 2806 1176
30  RMR 3228 1194
10  RMR 3519 1266
12
50  RMR 2675 1175
30  RMR 3015 1236
10  RMR 3372 1243
13
50  SR-MD 6677 6016(Y) 1658
30  SR-MD 7169 359
10  RMR 7365 1593
14
50  SR-MD 7813 354
30  SR-MD 8490 398
10  RMR 8643 1227
15
50  RMR 7475 1254
30  SR-MD 8124 362
10  RMR 8232 1596
16
50  SR-MD 7992 325
30  RMR 8169 1185
10  SR-MD 8193 399
17
50  SR-MD 8661 7803(Y) 377
30  RMR 9555 1573
10  SR-MD 9799 308
18
50  RMR 8106 7303(Y) 1219
30  SR-MD 8122 316
10  RMR 8813 7940(Y) 1224
19
50  RMR 10847 1221
30  RMR 10856 1577
10  RMR 10928 1220
20
50  SR-MD 9875 8897(Y) 353
30  SR-MD 10331 9308(Y) 335
10  RMR 10406 1263
21
50  RMR 3702 3336(Y) 1195
30  SR-MD 3704 359
10  RMR 3728 1593
22
50  RMR 4297 1168
30  SR-MD 4518 398
10  RMR 4562 1227
23
50  RMR 3645 3284(Y) 1596
30  RMR 3862 1254
10  SR-MD 3950 3559(Y) 314
24
50  RMR 4242 3822(Y) 1241
30  SR-MD 4358 3927(Y) 399
10  SR-MD 4500 325
25
50  RMR 4158 3746(Y) 1573
30  SR-MD 4479 4036(Y) 308
10  RMR 4715 1197
26
50  RMR 4129 3720(Y) 1219
30  SR-MD 4183 3769(Y) 316
10  RMR 4302 3876(Y) 1224
27
50  RMR 2454 1220
30  RMR 2535 2284(Y) 1258
10  SR-MD 2577 397
28
50  SR-MD 2241 2019(Y) 353
30  RMR 2353 1263
10  RMR 2446 1189
29
50  SR-MD 2609 2351(Y) 307
30  RMR 2657 1221
10  SR-MD 2810 357
30
50  SR-MD 2598 2341(Y) 373
30  RMR 2684 1242
10  RMR 3212 1228
31
80  SR-MD 13766 1954
40  RMR 13841 1996
32
80  SR-MD 16459 1513
40  RMR 16901 1425
33
80  RMR 8831 2000
40  SR-MD 8916 1723
34
80  SR-MD 10391 1519
40  RMR 10597 1249
35
50  SR-MD 3044 2743(Y) 1658
30  SR-MD 3341 3010(Y) 315
10  SR-MD 3413 359
36
50  SR-MD 3384 354
30  SR-MD 3985 360
10  RMR 4016 1168
37
50  RMR 3603 1254
30  SR-MD 3765 362
10  RMR 4219 1203
38
50  RMR 3621 1185
30  SR-MD 3625 325
10  SR-MD 3747 355
39
50  SR-MD 4105 3699(Y) 377
30  SR-MD 4321 3893(Y) 308
10  RMR 4500 1197
40
50  RMR 3922 1219
30  SR-MD 4062 316
10  SR-MD 4170 3757(Y) 322
41
50  RMR 2175 1184
30  RMR 2265 1577
10  RMR 2316 2087(Y) 1258
42
50  SR-MD 1976 1781(Y) 387
30  SR-MD 2168 1954(Y) 368
10  RMR 2194 1174
43
50  SR-MD 2204 1986(Y) 307
30  RMR 2247 1221
10  SR-MD 2446 2204(Y) 375
44
50  RMR 2288 1206
30  RMR 2390 1228
10  SR-MD 2396 2159(Y) 323
45
50  RMR 3519 1176
30  SR-MD 3749 349
10  RMR 4185 1250
46
50  RMR 2984 1236
30  RMR 3125 1175
10  RMR 3469 1243
47
50  SR-MD 6045 1658
30  RMR 6314 5689(Y) 1180
10  RMR 6322 1593
48
50  SR-MD 6965 354
30  RMR 7432 1188
10  SR-MD 7625 398
49
50  SR-MD 6688 362
30  SR-MD 7888 314
10  RMR 7975 1203
50
50  SR-MD 6818 355
30  RMR 7025 1185
10  RMR 7159 1231
51
50  SR-MD 7549 361
30  SR-MD 7853 377
10  RMR 7897 7115(Y) 1237
52
50  SR-MD 7773 7003(Y) 322
30  RMR 7907 7124(Y) 1224
10  SR-MD 7930 7145(Y) 352
53
50  RMR 3894 1184
30  RMR 3928 1220
10  RMR 4050 1577
54
50  SR-MD 3722 387
30  SR-MD 3978 3584(Y) 353
10  SR-MD 3997 3601(Y) 392
55
50  SR-MD 4353 3922(Y) 375
30  SR-MD 4780 4307(Y) 328
10  SR-MD 4971 306
56
50  SR-MD 4532 323
30  RMR 4605 4149(Y) 1228
10  RMR 4643 1206
57
50  RMR 3216 1180
30  RMR 3327 1593
10  RMR 3369 1195
58
50  RMR 3843 1188
30  SR-MD 3863 398
10  RMR 3869 1186
59
50  RMR 3406 1596
30  SR-MD 3913 390
10  RMR 4397 1203
60
50  SR-MD 3484 355
30  RMR 3559 1185
10  SR-MD 3600 3244(Y) 399
61
50  SR-MD 3872 361
30  RMR 4062 3660(Y) 1237
10  RMR 4162 1197
62
50  SR-MD 4051 3650(Y) 400
30  SR-MD 4113 3706(Y) 322
10  RMR 4385 1190
63
50  RMR 1978 1184
30  RMR 2462 1577
10  RMR 2537 1258
64
50  SR-MD 1875 1690(Y) 387
30  SR-MD 1974 1779(Y) 335
10  SR-MD 2025 1825(Y) 368
65
50  SR-MD 2261 2037(Y) 307
30  SR-MD 2835 375
10  SR-MD 3247 306
66
50  SR-MD 2317 2088(Y) 323
30  SR-MD 2318 2089(Y) 373
10  RMR 2340 2109(Y) 1242
67
80  RMR 13393 1591
40  SR-MD 13818 1964
68
80  SR-MD 13772 1300
40  RMR 14112 1708
SCORE:RMR,SR-MD,2950,3350,-40.0
