RMR-HC11
1
50  RMR 2853 1180
30  RMR 3037 1597
10  RMR 3082 1594
2
50  RMR 3130 2820(Y) 1188
30  RMR 3547 1199
10  RMR 3566 1227
3
50  RMR 2897 2610(Y) 1254
30  RMR 3228 1596
10  RMR 3434 1581
4
50  RMR 3152 2840(Y) 1231
30  RMR 3186 2871(Y) 1241
10  RMR 3459 1173
5
50  RMR 3426 3087(Y) 1237
30  RMR 3628 3269(Y) 1573
10  RMR 3654 1197
6
50  RMR 3281 1219
30  RMR 3499 3153(Y) 1586
10  RMR 3647 1224
7
50  RMR 1731 1220
30  RMR 1737 1184
10  RMR 1788 1590
8
50  RMR 1768 1174
30  RMR 1844 1263
10  RMR 1862 1678(Y) 1240
9
50  RMR 1730 1559(Y) 1221
30  RMR 2641 1680
10  RMR 3015 1166
10
50  RMR 2022 1206
30  RMR 2029 1828(Y) 1228
10  RMR 2087 1242
11
50  RMR 2806 1176
30  RMR 3228 1194
10  RMR 3519 1266
12
50  RMR 2675 1175
30  RMR 3015 1236
10  RMR 3372 1243
13
50  RMR 7365 1593
30  RMR 7497 1180
10  RMR 8070 1195
14
50  RMR 8643 1227
30  RMR 8687 1168
10  RMR 8872 1188
15
50  RMR 7475 1254
30  RMR 8232 1596
10  RMR 9600 1203
16
50  RMR 8169 1185
30  RMR 8497 1241
10  RMR 8566 1231
17
50  RMR 9555 1573
30  RMR 9831 1237
10  RMR 10028 1197
18
50  RMR 8106 7303(Y) 1219
30  RMR 8813 7940(Y) 1224
10  RMR 9740 1190
19
50  RMR 10847 1221
30  RMR 10856 1577
10  RMR 10928 1220
20
50  RMR 10406 1263
30  RMR 10882 1174
10  RMR 12029 1235
21
50  RMR 3702 3336(Y) 1195
30  RMR 3728 1593
10  RMR 3872 1180
22
50  RMR 4297 1168
30  RMR 4562 1227
10  RMR 4803 1191
23
50  RMR 3645 3284(Y) 1596
30  RMR 3862 1254
10  RMR 5007 1272
24
50  RMR 4242 3822(Y) 1241
30  RMR 4577 1268
10  RMR 4754 1270
25
50  RMR 4158 3746(Y) 1573
30  RMR 4715 1197
10  RMR 5128 1237
26
50  RMR 4129 3720(Y) 1219
30  RMR 4302 3876(Y) 1224
10  RMR 4690 1190
27
50  RMR 2454 1220
30  RMR 2535 2284(Y) 1258
10  RMR 2781 1590
28
50  RMR 2353 1263
30  RMR 2446 1189
10  RMR 2553 1192
29
50  RMR 2657 1221
30
50  RMR 2684 1242
30  RMR 3212 1228
10  RMR 4175 1210
31
80  RMR 13841 1996
32
80  RMR 16901 1425
33
80  RMR 8831 2000
34
80  RMR 10597 1249
35
50  RMR 3620 1597
30  RMR 3669 1257
10  RMR 3693 1594
36
50  RMR 4016 1168
30  RMR 4056 1227
10  RMR 4084 1188
37
50  RMR 3603 1254
30  RMR 4219 1203
10  RMR 4240 1272
38
50  RMR 3621 1185
30  RMR 3935 1241
10  RMR 4018 1268
39
50  RMR 4500 1197
30  RMR 4644 1588
10  RMR 4750 1182
40
50  RMR 3922 1219
30  RMR 4179 3765(Y) 1262
10  RMR 4187 1224
41
50  RMR 2175 1184
30  RMR 2265 1577
10  RMR 2316 2087(Y) 1258
42
50  RMR 2194 1174
30  RMR 2318 1679
10  RMR 2367 1240
43
50  RMR 2247 1221
30  RMR 3731 1234
10  RMR 3947 1166
44
50  RMR 2288 1206
30  RMR 2390 1228
10  RMR 2562 2309(Y) 1598
45
50  RMR 3519 1176
30  RMR 4185 1250
10  RMR 4443 1266
46
50  RMR 2984 1236
30  RMR 3125 1175
10  RMR 3469 1243
47
50  RMR 6314 5689(Y) 1180
30  RMR 6322 1593
10  RMR 6991 1257
48
50  RMR 7432 1188
30  RMR 7988 1186
10  RMR 8119 1187
49
50  RMR 7975 1203
30  RMR 8083 1272
10  RMR 8141 1179
50
50  RMR 7025 1185
30  RMR 7159 1231
10  RMR 8106 1268
51
50  RMR 7897 7115(Y) 1237
30  RMR 8866 1573
10  RMR 9321 1212
52
50  RMR 8750 1262
30  RMR 9297 1586
10  RMR 9748 1248
53
50  RMR 3894 1184
30  RMR 3928 1220
10  RMR 4050 1577
54
50  RMR 4122 1174
30  RMR 4266 1263
10  RMR 4359 1252
55
50  RMR 6009 1680
30  RMR 6741 1176
10  RMR 6778 1166
56
50  RMR 4605 4149(Y) 1228
30  RMR 4643 1206
10  RMR 4763 4291(Y) 1242
57
50  RMR 3327 1593
30  RMR 3369 1195
10  RMR 3600 1171
58
50  RMR 3869 1186
30  RMR 4138 1168
10  RMR 4212 1187
59
50  RMR 3406 1596
30  RMR 4397 1203
10  RMR 4485 1581
60
50  RMR 3559 1185
30  RMR 3980 1268
10  RMR 3993 1231
61
50  RMR 4966 1182
30  RMR 5193 1269
62
50  RMR 4385 1190
30  RMR 4922 1262
10  RMR 5090 1248
63
50  RMR 1978 1184
30  RMR 2462 1577
10  RMR 2537 1258
64
50  RMR 2531 1235
30  RMR 2659 1240
10  RMR 2750 1189
65
50  RMR 3753 1176
66
50  RMR 2340 2109(Y) 1242
30  RMR 3241 1598
67
80  RMR 13393 1591
68
80  RMR 14112 1708
SCORE:RMR,HC11,5960,0,596.0
