RMR-LL
1
50  RMR 2853 1180
30  LL 2903 901
10  LL 2950 897
2
50  LL 3083 2778(Y) 842
30  LL 3097 869
10  RMR 3130 2820(Y) 1188
3
50  RMR 2897 2610(Y) 1254
30  RMR 3228 1596
10  LL 3266 920
4
50  RMR 3152 2840(Y) 1231
30  RMR 3186 2871(Y) 1241
10  LL 3271 2947(Y) 896
5
50  LL 3422 903
30  RMR 3426 3087(Y) 1237
10  RMR 3628 3269(Y) 1573
6
50  RMR 3281 1219
30  RMR 3499 3153(Y) 1586
10  LL 3566 3213(Y) 1675
7
50  LL 1643 888
30  LL 1730 1559(Y) 876
10  RMR 1731 1220
8
50  LL 1684 826
30  LL 1763 1551
10  RMR 1768 1174
9
50  RMR 1730 1559(Y) 1221
30  LL 2060 1856(Y) 1568
10  LL 2145 1552
10
50  RMR 2022 1206
30  RMR 2029 1828(Y) 1228
10  LL 2032 1562
11
50  LL 2626 2366(Y) 873
30  LL 2657 2394(Y) 926
10  RMR 2806 1176
12
50  RMR 2675 1175
30  RMR 3015 1236
10  LL 3131 880
13
50  RMR 7365 1593
30  RMR 7497 1180
10  LL 7788 901
14
50  LL 7582 6831(Y) 856
30  LL 8234 869
10  LL 8421 842
15
50  RMR 7475 1254
30  RMR 8232 1596
10  LL 8819 920
16
50  RMR 8169 1185
30  RMR 8497 1241
10  RMR 8566 1231
17
50  LL 9216 903
30  RMR 9555 1573
10  RMR 9831 1237
18
50  RMR 8106 7303(Y) 1219
30  RMR 8813 7940(Y) 1224
10  LL 9315 834
19
50  LL 9603 888
30  RMR 10847 1221
10  RMR 10856 1577
20
50  LL 10306 826
30  LL 10375 1551
10  RMR 10406 1263
21
50  LL 3635 3275(Y) 897
30  RMR 3702 3336(Y) 1195
10  RMR 3728 1593
22
50  LL 3815 3437(Y) 869
30  LL 3968 3575(Y) 870
10  LL 4233 3814(Y) 842
23
50  RMR 3645 3284(Y) 1596
30  RMR 3862 1254
10  LL 4479 828
24
50  RMR 4242 3822(Y) 1241
30  LL 4400 825
10  LL 4528 1557
25
50  RMR 4158 3746(Y) 1573
30  RMR 4715 1197
10  RMR 5128 1237
26
50  RMR 4129 3720(Y) 1219
30  RMR 4302 3876(Y) 1224
10  LL 4640 4181(Y) 1570
27
50  LL 2325 888
30  RMR 2454 1220
10  RMR 2535 2284(Y) 1258
28
50  RMR 2353 1263
30  RMR 2446 1189
10  LL 2506 826
29
50  RMR 2657 1221
30  LL 3006 919
10  LL 3112 1552
30
50  RMR 2684 1242
30  RMR 3212 1228
10  LL 3266 1562
31
80  RMR 13841 1996
40  LL 14223 1206
32
80  RMR 16901 1425
40  LL 18313 1415
33
80  RMR 8831 2000
40  LL 9522 1559
34
80  RMR 10597 1249
40  LL 12447 1843
35
50  RMR 3620 1597
30  RMR 3669 1257
10  RMR 3693 1594
36
50  LL 3622 856
30  LL 3828 929
10  LL 3909 842
37
50  RMR 3603 1254
30  RMR 4219 1203
10  LL 4231 920
38
50  RMR 3621 1185
30  RMR 3935 1241
10  LL 4014 3617(Y) 896
39
50  LL 4140 903
30  RMR 4500 1197
10  RMR 4644 1588
40
50  RMR 3922 1219
30  RMR 4179 3765(Y) 1262
10  RMR 4187 1224
41
50  LL 1997 888
30  RMR 2175 1184
10  LL 2234 876
42
50  LL 2093 826
30  LL 2171 1551
10  RMR 2194 1174
43
50  RMR 2247 1221
30  LL 2600 1568
10  LL 2712 2444(Y) 919
44
50  RMR 2288 1206
30  RMR 2390 1228
10  RMR 2562 2309(Y) 1598
45
50  LL 2812 2534(Y) 873
30  RMR 3519 1176
10  LL 3772 926
46
50  RMR 2984 1236
30  RMR 3125 1175
10  RMR 3469 1243
47
50  RMR 6314 5689(Y) 1180
30  RMR 6322 1593
10  LL 6559 901
48
50  LL 6663 856
30  RMR 7432 1188
10  LL 7541 869
49
50  LL 7659 920
30  RMR 7975 1203
10  LL 8072 930
50
50  RMR 7025 1185
30  RMR 7159 1231
10  LL 7349 6621(Y) 896
51
50  RMR 7897 7115(Y) 1237
30  LL 7962 903
10  RMR 8314 1197
52
50  RMR 7907 7124(Y) 1224
30  LL 8079 834
10  LL 8276 7456(Y) 1675
53
50  LL 3812 876
30  RMR 3894 1184
10  RMR 3928 1220
54
50  LL 3853 1551
30  RMR 4122 1174
10  RMR 4266 1263
55
50  LL 4878 1552
30  LL 4895 4410(Y) 919
10  LL 4994 1568
56
50  RMR 4605 4149(Y) 1228
30  RMR 4643 1206
10  LL 4691 1562
57
50  RMR 3216 1180
30  RMR 3327 1593
10  LL 3343 822
58
50  LL 3452 3110(Y) 856
30  LL 3628 929
10  RMR 3843 1188
59
50  RMR 3406 1596
30  RMR 4397 1203
10  LL 4403 828
60
50  RMR 3559 1185
30  LL 3956 896
10  RMR 3980 1268
61
50  RMR 4162 1197
30  RMR 4716 1573
10  RMR 4966 1182
62
50  LL 4071 834
30  RMR 4385 1190
10  LL 4522 1570
63
50  LL 1939 876
30  RMR 1978 1184
10  RMR 2096 1220
64
50  RMR 2072 1263
30  RMR 2257 1174
10  LL 2335 922
65
50  LL 2900 1552
30  RMR 3753 1176
66
50  RMR 2340 2109(Y) 1242
30  LL 3078 830
10  LL 3209 883
67
80  RMR 13393 1591
40  LL 13806 1845
68
80  LL 13778 1847
40  RMR 14112 1708
SCORE:RMR,LL,3750,2540,121.0
