ROR-FO
1
50  ROR 9794 13
30  ROR 10469 56
10  FO 10771 2035
2
50  ROR 10266 6
30  FO 10637 2042
10  FO 11528 2114
3
50  ROR 7756 33
30  ROR 8009 14
10  FO 8237 2055
4
50  ROR 7966 7
30  FO 8422 2127
10  FO 9837 2079
5
50  ROR 7441 10
30  FO 8487 2036
10  FO 9789 2067
6
50  ROR 7169 27
30  ROR 8022 64
10  FO 8478 2053
7
50  ROR 7410 35
30  FO 7744 2061
10  ROR 9194 23
8
50  FO 6400 2077
30  ROR 6656 68
10  FO 6997 2094
9
50  ROR 2537 63
30  ROR 3150 31
10  FO 3181 2050
10
50  FO 2470 2128
30  FO 2776 2049
10  ROR 3291 67
11
50  ROR 1994 48
30  FO 2071 2043
10  FO 2090 2078
12
50  FO 1906 2065
30  ROR 2081 32
10  ROR 2137 5
13
50  ROR 3966 15
30  ROR 3968 56
10  ROR 3978 13
14
50  FO 4140 2042
30  ROR 4316 20
10  FO 4351 2088
15
50  ROR 3890 42
30  FO 5079 2059
10  FO 5137 2091
16
50  ROR 3175 36
30  FO 3571 2066
10  FO 3901 2100
17
50  ROR 6372 47
30  FO 7118 2036
10  ROR 7128 57
18
50  ROR 6254 28
30  ROR 6944 64
10  FO 7319 2121
19
50  ROR 6487 35
30  FO 6721 2061
10  ROR 7791 24
20
50  FO 5738 2077
30  ROR 5890 68
10  FO 5938 2094
21
50  ROR 2909 63
30  FO 3857 2050
10  FO 4878 2143
22
50  FO 2925 2128
30  FO 3814 2049
10  ROR 3997 67
23
50  FO 2619 2139
30  FO 2720 2043
10  ROR 2778 21
24
50  ROR 2470 5
30  FO 2552 2065
10  ROR 2659 49
25
50  ROR 2044 56
30  ROR 2278 15
10  FO 2372 2074
26
50  ROR 2088 26
30  FO 2225 2048
10  FO 2312 2114
27
50  FO 3759 2055
30  ROR 3778 16
10  FO 4467 2109
28
50  ROR 3850 36
30  FO 4134 2127
10  FO 4747 2066
29
50  ROR 3806 57
30  ROR 4128 69
10  FO 4135 2060
30
50  ROR 3847 25
30  FO 4253 2121
10  FO 4432 2047
31
80  ROR 3550 35
40  ROR 3828 24
0  FO 4765 2039
32
80  FO 3047 2077
40  FO 3414 2076
0  FO 4132 2132
33
80  ROR 2116 34
40  FO 2181 2139
0  FO 2381 2078
34
80  ROR 2250 38
40  ROR 2288 5
0  ROR 2943 32
35
50  ROR 1889 61
30  FO 2208 2035
10  FO 2598 2122
36
50  ROR 1883 6
30  FO 2122 2104
10  ROR 2194 26
37
50  ROR 3327 33
30  ROR 3482 14
10  FO 4659 2109
38
50  ROR 3441 7
30  FO 4043 2127
10  ROR 5214 44
39
50  ROR 3241 10
30  ROR 3500 18
10  ROR 3513 57
40
50  ROR 3207 28
30  ROR 3788 25
10  FO 3906 2053
41
50  FO 3459 2061
30  ROR 3589 23
10  ROR 3606 24
42
50  FO 2884 2094
30  FO 3478 2076
10  FO 3989 2132
43
50  FO 2740 2139
30  ROR 2875 34
10  FO 3895 2097
44
50  ROR 2753 38
30  ROR 3152 55
10  ROR 3333 32
45
50  ROR 2326 61
30  ROR 2839 50
10  FO 2901 2110
46
50  FO 2462 2104
30  FO 2484 2130
10  FO 2653 2048
47
50  FO 4008 2055
30  ROR 5050 16
10  FO 5244 2109
48
50  FO 4576 2066
30  ROR 5233 43
10  ROR 5885 41
49
50  ROR 3527 47
30  FO 4431 2092
10  ROR 4453 22
50
50  ROR 3632 27
30  FO 4110 2053
10  FO 4971 2047
51
50  FO 3932 2061
30  ROR 5203 23
52
50  ROR 3534 68
30  FO 3541 2077
10  FO 3725 2094
53
50  FO 14008 1854
54
50  ROR 9445 1624
30  FO 9738 1838
55
50  ROR 18003 1627
30  FO 19576 1843
56
50  ROR 16518 1628
30  FO 18719 1846
57
50  ROR 13885 1629
30  FO 15307 1849
58
50  ROR 14409 1630
30  FO 14984 1850
59
50  ROR 12591 1631
30  FO 15100 1853
60
50  ROR 12175 1632
SCORE:ROR,FO,3170,2200,97.0
