ROR-NJST
1
50  ROR 9794 13
30  NJST 10050 3229
10  ROR 10469 56
2
50  ROR 10266 6
30  NJST 11875 3221
3
50  NJST 7090 3206
30  NJST 7422 3238
10  ROR 7756 33
4
50  ROR 7966 7
30  ROR 9978 43
10  NJST 10567 3243
5
50  ROR 7441 10
30  NJST 8025 3231
6
50  ROR 7169 27
30  ROR 8022 64
7
50  ROR 7410 35
30  NJST 7619 3234
10  NJST 8972 3211
8
50  ROR 6656 68
30  NJST 7947 3230
9
50  NJST 2247 3222
30  ROR 2537 63
10  ROR 3150 31
10
50  ROR 3291 67
30  ROR 4050 39
10  ROR 5797 9
11
50  NJST 1965 3197
30  ROR 1994 48
10  NJST 2321 3215
12
50  NJST 2010 3225
30  ROR 2081 32
10  ROR 2137 5
13
50  ROR 3966 15
30  ROR 3968 56
10  ROR 3978 13
14
50  NJST 4209 3226
30  ROR 4316 20
10  ROR 4440 40
15
50  NJST 2836 3206
30  NJST 2929 3238
10  NJST 3194 3191
16
50  ROR 3175 36
30  NJST 3353 3236
10  NJST 3959 3243
17
50  ROR 6372 47
30  ROR 7128 57
10  ROR 7938 18
18
50  ROR 6254 28
30  ROR 6944 64
19
50  ROR 6487 35
30  NJST 6731 3234
10  NJST 7723 3240
20
50  ROR 5890 68
21
50  NJST 2794 3222
30  ROR 2909 63
10  NJST 5043 3235
22
50  ROR 3997 67
30  ROR 5540 39
10  ROR 7285 9
23
50  NJST 2604 3197
30  NJST 2613 3215
10  ROR 2778 21
24
50  NJST 2287 3225
30  ROR 2470 5
10  ROR 2659 49
25
50  ROR 2044 56
30  NJST 2256 3212
10  ROR 2278 15
26
50  ROR 2088 26
30  NJST 2381 3221
10  NJST 2413 3226
27
50  NJST 3425 3213
30  ROR 3778 16
10  NJST 3872 3191
28
50  ROR 3850 36
30  NJST 4575 3236
10  ROR 4956 59
29
50  ROR 3806 57
30  NJST 3852 3231
10  ROR 4128 69
30
50  ROR 3847 25
31
80  ROR 3550 35
40  NJST 3781 3234
0  ROR 3828 24
32
80  NJST 3987 3230
33
80  ROR 2116 34
40  ROR 2636 48
0  NJST 3345 3197
34
80  ROR 2250 38
40  ROR 2288 5
0  ROR 2943 32
35
50  ROR 1889 61
30  NJST 2103 3229
10  NJST 2528 3196
36
50  ROR 1883 6
30  NJST 2091 3226
10  ROR 2194 26
37
50  ROR 3327 33
30  NJST 3407 3206
10  ROR 3482 14
38
50  ROR 3441 7
30  ROR 5214 44
10  ROR 5678 59
39
50  ROR 3241 10
30  ROR 3500 18
10  ROR 3513 57
40
50  ROR 3207 28
30  ROR 3788 25
41
50  NJST 3315 3234
30  ROR 3589 23
10  ROR 3606 24
42
50  NJST 3604 3230
43
50  ROR 2875 34
30  NJST 3128 3219
10  NJST 3909 3233
44
50  ROR 2753 38
30  ROR 3152 55
10  NJST 3275 3225
45
50  ROR 2326 61
30  NJST 2662 3194
10  ROR 2839 50
46
50  ROR 2672 20
30  ROR 2881 17
10  NJST 3038 3221
47
50  NJST 4290 3224
30  ROR 5050 16
10  NJST 5129 3232
48
50  ROR 5233 43
30  NJST 5291 3214
10  NJST 5836 3236
49
50  ROR 3527 47
30  NJST 4193 3231
10  ROR 4453 22
50
50  ROR 3632 27
51
50  NJST 4359 3211
30  NJST 4675 3240
10  ROR 5203 23
52
50  ROR 3534 68
30  NJST 3787 3230
54
50  ROR 9445 1624
30  NJST 10675 1997
55
50  ROR 18003 1627
30  NJST 19643 1998
56
50  ROR 16518 1628
30  NJST 22728 1999
57
50  NJST 12482 2000
30  ROR 13885 1629
58
50  ROR 14409 1630
30  NJST 18127 2002
59
50  ROR 12591 1631
60
50  ROR 12175 1632
SCORE:ROR,NJST,3200,1830,137.0
