ROR-SPL
1
50  SPL 8802 1687
30  ROR 9794 13
10  ROR 10469 56
2
50  SPL 8844 1719
30  ROR 10266 6
10  SPL 12689 1653
3
50  ROR 7756 33
30  ROR 8009 14
10  SPL 8969 1739
4
50  ROR 7966 7
30  SPL 9290 1705
10  SPL 9620 1671
5
50  ROR 7441 10
30  SPL 7969 1720
6
50  ROR 7169 27
30  SPL 7284 1689
10  ROR 8022 64
7
50  SPL 7357 1698
30  ROR 7410 35
10  SPL 7863 1697
8
50  ROR 6656 68
30  SPL 8085 1680
9
50  ROR 2537 63
30  ROR 3150 31
10  SPL 3863 1722
10
50  SPL 3256 1677
30  ROR 3291 67
10  ROR 4050 39
11
50  SPL 1950 1672
30  ROR 1994 48
10  SPL 2012 1708
12
50  ROR 2081 32
30  ROR 2137 5
10  ROR 2206 49
13
50  SPL 3444 1687
30  ROR 3966 15
10  ROR 3968 56
14
50  SPL 3591 1719
30  SPL 3692 1670
10  ROR 4316 20
15
50  SPL 3532 1739
30  ROR 3890 42
10  SPL 4178 1730
16
50  ROR 3175 36
30  SPL 3479 1665
10  SPL 4002 1679
17
50  ROR 6372 47
30  SPL 6478 1718
10  ROR 7128 57
18
50  ROR 6254 28
30  SPL 6409 1689
10  ROR 6944 64
19
50  SPL 6384 1698
30  ROR 6487 35
10  SPL 7006 1697
20
50  ROR 5890 68
30  SPL 7947 1688
21
50  ROR 2909 63
30  SPL 4433 1722
10  SPL 5750 1696
22
50  ROR 3997 67
30  ROR 5540 39
10  SPL 5737 1677
23
50  SPL 2555 1708
30  ROR 2778 21
10  SPL 2828 1715
24
50  ROR 2470 5
30  SPL 2646 1726
10  ROR 2659 49
25
50  ROR 2044 56
30  ROR 2278 15
10  SPL 2515 1647
26
50  SPL 1913 1719
30  ROR 2088 26
10  SPL 2665 1686
27
50  ROR 3778 16
30  SPL 4400 1709
10  SPL 6482 1650
28
50  ROR 3850 36
30  ROR 4956 59
10  SPL 5351 1669
29
50  ROR 3806 57
30  ROR 4128 69
10  ROR 4562 60
30
50  SPL 3484 1689
30  ROR 3847 25
10  SPL 3934 1666
31
80  SPL 3483 1698
40  ROR 3550 35
0  SPL 3735 1649
33
80  ROR 2116 34
40  ROR 2636 48
0  SPL 3037 1676
34
80  ROR 2250 38
40  ROR 2288 5
0  ROR 2943 32
35
50  ROR 1889 61
30  SPL 2331 1690
10  SPL 2492 1713
36
50  SPL 1860 1670
30  ROR 1883 6
10  ROR 2194 26
37
50  ROR 3327 33
30  ROR 3482 14
10  SPL 4055 1739
38
50  ROR 3441 7
30  SPL 3981 1705
10  SPL 4577 1671
39
50  ROR 3241 10
30  SPL 3246 1718
10  ROR 3500 18
40
50  ROR 3207 28
30  ROR 3788 25
10  SPL 4193 1727
41
50  SPL 3366 1697
30  ROR 3589 23
10  ROR 3606 24
42
50  SPL 3697 1680
43
50  SPL 2652 1672
30  ROR 2875 34
10  SPL 3321 1715
44
50  ROR 2753 38
30  ROR 3152 55
10  ROR 3333 32
45
50  SPL 2033 1687
30  ROR 2326 61
10  SPL 2546 1738
46
50  SPL 2422 1653
30  ROR 2672 20
10  SPL 2747 1655
47
50  SPL 5018 1652
30  ROR 5050 16
10  SPL 5207 1663
48
50  ROR 5233 43
30  SPL 5462 1700
10  ROR 5885 41
49
50  ROR 3527 47
30  ROR 4453 22
10  ROR 5015 69
50
50  ROR 3632 27
30  SPL 4475 1666
10  SPL 5344 1727
51
50  SPL 4402 1712
30  SPL 4475 1664
10  SPL 4639 1656
52
50  ROR 3534 68
30  SPL 4552 1688
53
50  SPL 18907 1804
54
50  SPL 9289 1796
30  ROR 9445 1624
55
50  ROR 18003 1627
30  SPL 20778 1798
56
50  ROR 16518 1628
57
50  ROR 13885 1629
30  SPL 17312 1800
58
50  ROR 14409 1630
30  SPL 15425 1801
59
50  ROR 12591 1631
30  SPL 13914 1802
60
50  ROR 12175 1632
61
50  SPL 13256 1803
SCORE:ROR,SPL,3010,2190,82.0
