ROR-SD
1
50  ROR 9794 13
30  SD 10430 3496
10  ROR 10469 56
2
50  ROR 10266 6
30  SD 13250 3516
10  SD 13371 3510
3
50  ROR 7756 33
30  ROR 8009 14
10  SD 9045 3497
4
50  ROR 7966 7
30  ROR 9978 43
10  SD 10282 3500
5
50  ROR 7441 10
30  SD 9879 3521
10  SD 9928 3487
6
50  ROR 7169 27
30  SD 7475 3498
10  ROR 8022 64
7
50  ROR 7410 35
30  ROR 9194 23
10  SD 9537 3481
8
50  ROR 6656 68
30  SD 8732 3501
10  SD 10220 3495
9
50  ROR 2537 63
30  ROR 3150 31
10  SD 3290 3514
10
50  SD 2538 3513
30  SD 3182 3519
10  SD 3209 3512
11
50  ROR 1994 48
30  ROR 2388 21
10  ROR 2540 58
12
50  SD 1883 3478
30  ROR 2081 32
10  ROR 2137 5
13
50  ROR 3966 15
30  ROR 3968 56
10  ROR 3978 13
14
50  ROR 4316 20
30  ROR 4440 40
10  ROR 4563 70
15
50  ROR 3890 42
30  SD 4625 3488
10  SD 5097 3511
16
50  ROR 3175 36
30  ROR 4041 59
10  ROR 4160 44
17
50  ROR 6372 47
30  ROR 7128 57
10  ROR 7938 18
18
50  SD 6208 3498
30  ROR 6254 28
10  ROR 6944 64
19
50  ROR 6487 35
30  ROR 7791 24
20
50  ROR 5890 68
30  SD 8545 3495
21
50  ROR 2909 63
30  SD 3746 3506
10  SD 3990 3515
22
50  SD 3064 3513
30  SD 3569 3519
10  ROR 3997 67
23
50  ROR 2778 21
30  ROR 3097 66
10  ROR 3225 19
24
50  SD 2452 3478
30  ROR 2470 5
10  SD 2613 3499
25
50  ROR 2044 56
30  SD 2087 3496
10  ROR 2278 15
26
50  ROR 2088 26
30  SD 2570 3503
10  SD 2651 3510
27
50  ROR 3778 16
30  SD 4000 3497
10  SD 5826 3488
28
50  ROR 3850 36
30  SD 4532 3500
10  ROR 4956 59
29
50  ROR 3806 57
30  ROR 4128 69
10  SD 4327 3521
30
50  ROR 3847 25
30  SD 4615 3480
31
80  ROR 3550 35
40  ROR 3828 24
0  SD 4613 3481
32
80  SD 4585 3501
40  SD 5383 3495
33
80  ROR 2116 34
40  ROR 2636 48
0  ROR 3409 66
34
80  ROR 2250 38
40  ROR 2288 5
0  SD 2528 3478
35
50  ROR 1889 61
30  SD 2064 3496
10  SD 2643 3479
36
50  ROR 1883 6
30  ROR 2194 26
10  ROR 2291 17
37
50  ROR 3327 33
30  ROR 3482 14
10  SD 4327 3497
38
50  ROR 3441 7
30  ROR 5214 44
10  SD 5521 3500
39
50  ROR 3241 10
30  ROR 3500 18
10  ROR 3513 57
40
50  ROR 3207 28
30  ROR 3788 25
10  SD 4488 3480
41
50  ROR 3589 23
30  ROR 3606 24
10  SD 4363 3481
42
50  SD 3970 3501
43
50  ROR 2875 34
30  SD 4865 3505
44
50  ROR 2753 38
30  SD 2788 3478
10  SD 3101 3499
45
50  ROR 2326 61
30  SD 2541 3479
10  ROR 2839 50
46
50  ROR 2672 20
30  ROR 2881 17
10  SD 3234 3510
47
50  SD 4700 3497
30  ROR 5050 16
10  ROR 5462 42
48
50  SD 5057 3500
30  ROR 5233 43
10  ROR 5885 41
49
50  ROR 3527 47
30  ROR 4453 22
10  SD 4806 3487
50
50  ROR 3632 27
30  SD 5284 3480
51
50  SD 5034 3481
30  ROR 5203 23
52
50  ROR 3534 68
30  SD 4000 3501
10  SD 4808 3495
53
50  SD 15585 2067
54
50  ROR 9445 1624
30  SD 12488 2064
55
50  ROR 18003 1627
30  SD 21624 2065
56
50  ROR 16518 1628
30  SD 19897 2066
57
50  ROR 13885 1629
58
50  ROR 14409 1630
59
50  ROR 12591 1631
60
50  ROR 12175 1632
SCORE:ROR,SD,3620,1570,205.0
