ROR-ML
1
50  ML 7733 3026
30  ML 8827 3040
10  ROR 9794 13
2
50  ROR 10266 6
3
50  ML 7653 3039
30  ROR 7756 33
10  ROR 8009 14
4
50  ROR 7966 7
30  ROR 9978 43
5
50  ROR 7441 10
30  ML 7646 2976
6
50  ROR 7169 27
30  ROR 8022 64
10  ML 8587 3042
7
50  ROR 7410 35
30  ROR 9194 23
8
50  ROR 6656 68
30  ML 6856 3009
9
50  ML 2362 3027
30  ROR 2537 63
10  ROR 3150 31
10
50  ROR 3291 67
30  ML 3708 3055
10  ROR 4050 39
11
50  ML 1763 3018
30  ROR 1994 48
10  ML 2138 2990
12
50  ML 1841 3057
30  ML 2006 3058
10  ROR 2081 32
13
50  ROR 3966 15
30  ROR 3968 56
10  ROR 3978 13
14
50  ML 3347 3007
30  ML 3845 3052
10  ML 4152 3017
15
50  ML 3038 3039
30  ML 3094 2983
10  ML 3537 2977
16
50  ROR 3175 36
30  ML 3797 3008
10  ROR 4041 59
17
50  ROR 6372 47
30  ML 6728 3025
10  ML 7035 2976
18
50  ROR 6254 28
30  ROR 6944 64
10  ML 7318 3042
19
50  ROR 6487 35
30  ROR 7791 24
20
50  ML 5822 3009
30  ROR 5890 68
21
50  ROR 2909 63
30  ML 3140 3027
10  ML 4009 2975
22
50  ROR 3997 67
30  ML 5102 3004
10  ROR 5540 39
23
50  ML 2434 2968
30  ML 2446 3018
10  ML 2706 2985
24
50  ML 2428 3058
30  ROR 2470 5
10  ML 2614 3057
25
50  ROR 2044 56
30  ROR 2278 15
10  ML 2282 2979
26
50  ML 1775 3007
30  ROR 2088 26
10  ML 2128 3052
27
50  ML 3468 3028
30  ROR 3778 16
10  ML 3828 3030
28
50  ROR 3850 36
30  ROR 4956 59
10  ML 5208 3053
29
50  ML 3495 3025
30  ML 3766 2976
10  ROR 3806 57
30
50  ROR 3847 25
30  ML 4514 3006
10  ML 4781 3000
31
80  ROR 3550 35
40  ROR 3828 24
32
80  ML 3295 3009
33
80  ROR 2116 34
40  ROR 2636 48
0  ROR 3409 66
34
80  ROR 2250 38
40  ROR 2288 5
0  ROR 2943 32
35
50  ML 1494 3026
30  ML 1822 3040
10  ROR 1889 61
36
50  ROR 1883 6
30  ML 1976 3007
10  ROR 2194 26
37
50  ML 3107 3028
30  ROR 3327 33
10  ROR 3482 14
38
50  ROR 3441 7
30  ML 4734 3008
10  ROR 5214 44
39
50  ROR 3241 10
30  ML 3244 2976
10  ROR 3500 18
40
50  ROR 3207 28
30  ROR 3788 25
10  ML 4843 3006
41
50  ROR 3589 23
30  ROR 3606 24
42
50  ML 2864 3009
43
50  ML 2798 3018
30  ROR 2875 34
10  ML 2884 2968
44
50  ROR 2753 38
30  ML 2996 2998
10  ROR 3152 55
45
50  ML 1895 3026
30  ROR 2326 61
10  ML 2352 3040
46
50  ROR 2672 20
30  ROR 2881 17
10  ML 2939 3031
47
50  ML 3656 3028
30  ML 4203 2983
10  ML 4350 2999
48
50  ML 4858 3008
30  ROR 5233 43
10  ROR 5885 41
49
50  ROR 3527 47
30  ML 4165 3025
10  ROR 4453 22
50
50  ROR 3632 27
30  ML 4115 3023
10  ML 4447 3041
51
50  ROR 5203 23
52
50  ROR 3534 68
53
50  ML 16500 1973
54
50  ML 9222 1974
30  ROR 9445 1624
55
50  ML 16363 1977
30  ROR 18003 1627
56
50  ROR 16518 1628
30  ML 18044 1978
57
50  ML 12776 1980
30  ROR 13885 1629
58
50  ROR 14409 1630
59
50  ROR 12591 1631
60
50  ROR 12175 1632
30  ML 14843 1981
SCORE:ROR,ML,2880,2200,68.0
