ROR-LCC
1
50  ROR 9794 13
30  ROR 10469 56
10  LCC 12900 2855
2
50  ROR 10266 6
3
50  LCC 7247 2844
30  ROR 7756 33
10  ROR 8009 14
4
50  LCC 7346 2868
30  ROR 7966 7
10  ROR 9978 43
5
50  LCC 7149 2861
30  LCC 7241 2846
10  ROR 7441 10
6
50  ROR 7169 27
30  ROR 8022 64
10  LCC 8146 2867
7
50  LCC 6395 2845
30  ROR 7410 35
10  LCC 8620 2858
8
50  LCC 6350 2871
30  LCC 6572 2836
10  ROR 6656 68
9
50  ROR 2537 63
30  ROR 3150 31
10  LCC 5246 2841
10
50  ROR 3291 67
30  ROR 4050 39
10  ROR 5797 9
11
50  ROR 1994 48
30  LCC 2278 2859
10  LCC 2345 2832
12
50  ROR 2081 32
30  ROR 2137 5
10  ROR 2206 49
13
50  LCC 3277 2869
30  ROR 3966 15
10  ROR 3968 56
14
50  ROR 4316 20
30  ROR 4440 40
10  ROR 4563 70
15
50  ROR 3890 42
30  LCC 4085 2864
10  LCC 5274 2853
16
50  LCC 2821 2868
30  ROR 3175 36
10  ROR 4041 59
17
50  ROR 6372 47
30  LCC 6550 2862
10  ROR 7128 57
18
50  ROR 6254 28
30  ROR 6944 64
10  LCC 7280 2867
19
50  ROR 6487 35
30  ROR 7791 24
20
50  LCC 5634 2836
30  LCC 5829 2835
10  ROR 5890 68
21
50  ROR 2909 63
30  LCC 4821 2842
10  LCC 6763 2841
22
50  ROR 3997 67
30  ROR 5540 39
10  ROR 7285 9
23
50  LCC 2705 2832
30  ROR 2778 21
10  LCC 3055 2859
24
50  ROR 2470 5
30  ROR 2659 49
10  ROR 3528 3
25
50  LCC 1880 2869
30  ROR 2044 56
10  ROR 2278 15
26
50  ROR 2088 26
30  ROR 2765 12
10  ROR 2872 29
27
50  LCC 3373 2844
30  ROR 3778 16
10  LCC 5359 2864
28
50  ROR 3850 36
30  ROR 4956 59
29
50  LCC 3544 2862
30  ROR 3806 57
10  ROR 4128 69
30
50  ROR 3847 25
30  LCC 4645 2847
10  LCC 6495 2838
31
80  ROR 3550 35
40  ROR 3828 24
0  LCC 3887 2858
32
80  LCC 2945 2871
40  LCC 3756 2834
0  LCC 4034 2833
33
80  ROR 2116 34
40  ROR 2636 48
0  ROR 3409 66
34
80  ROR 2250 38
40  ROR 2288 5
0  ROR 2943 32
35
50  ROR 1889 61
30  ROR 2712 30
10  LCC 3666 2855
36
50  ROR 1883 6
30  ROR 2194 26
10  ROR 2291 17
37
50  ROR 3327 33
30  LCC 3470 2844
10  ROR 3482 14
38
50  ROR 3441 7
30  ROR 5214 44
10  ROR 5678 59
39
50  LCC 3019 2861
30  LCC 3026 2846
10  ROR 3241 10
40
50  ROR 3207 28
30  ROR 3788 25
10  LCC 3952 2867
41
50  LCC 2770 2845
30  ROR 3589 23
10  ROR 3606 24
42
50  LCC 2625 2871
30  LCC 3019 2835
10  LCC 3132 2851
43
50  ROR 2875 34
44
50  ROR 2753 38
30  ROR 3152 55
10  ROR 3333 32
45
50  ROR 2326 61
30  ROR 2839 50
10  LCC 5274 2854
46
50  ROR 2672 20
30  LCC 2716 2831
10  ROR 2881 17
47
50  ROR 5050 16
30  LCC 5133 2860
10  ROR 5462 42
48
50  ROR 5233 43
30  ROR 5885 41
49
50  ROR 3527 47
30  LCC 3773 2861
10  LCC 3821 2846
50
50  ROR 3632 27
51
50  LCC 3654 2845
30  ROR 5203 23
52
50  LCC 3518 2836
30  ROR 3534 68
10  LCC 3734 2851
54
50  ROR 9445 1624
55
50  ROR 18003 1627
30  LCC 20217 1954
56
50  ROR 16518 1628
57
50  ROR 13885 1629
30  LCC 16435 1955
58
50  ROR 14409 1630
59
50  LCC 11929 1956
30  ROR 12591 1631
60
50  ROR 12175 1632
30  LCC 17576 1957
61
50  LCC 11533 1959
SCORE:ROR,LCC,3410,1750,166.0
