ROR-CCC
1
50  CCC 9365 2014
30  ROR 9794 13
10  ROR 10469 56
2
50  ROR 10266 6
30  CCC 10441 2005
10  CCC 11056 2019
3
50  ROR 7756 33
30  ROR 8009 14
10  CCC 9715 1991
4
50  ROR 7966 7
30  CCC 8866 2012
10  CCC 9346 2027
5
50  ROR 7441 10
30  CCC 7445 2031
10  CCC 8137 2030
6
50  ROR 7169 27
30  ROR 8022 64
7
50  ROR 7410 35
30  CCC 7696 1992
10  CCC 8435 2028
8
50  ROR 6656 68
30  CCC 7524 2002
9
50  ROR 2537 63
30  ROR 3150 31
10  CCC 3709 1996
10
50  ROR 3291 67
30  ROR 4050 39
10  ROR 5797 9
11
50  ROR 1994 48
30  CCC 2076 2026
10  CCC 2303 2010
12
50  CCC 1634 2020
30  ROR 2081 32
10  ROR 2137 5
13
50  ROR 3966 15
30  ROR 3968 56
10  ROR 3978 13
14
50  CCC 4125 2019
30  ROR 4316 20
10  ROR 4440 40
15
50  CCC 3750 1991
30  ROR 3890 42
10  CCC 5211 2011
16
50  ROR 3175 36
30  CCC 3407 2012
10  ROR 4041 59
17
50  ROR 6372 47
30  ROR 7128 57
10  ROR 7938 18
18
50  ROR 6254 28
30  ROR 6944 64
10  CCC 12918 2015
19
50  ROR 6487 35
30  CCC 7116 1992
10  CCC 7469 2028
20
50  ROR 5890 68
30  CCC 6632 2002
21
50  ROR 2909 63
30  CCC 4272 1996
10  CCC 6403 2016
22
50  ROR 3997 67
30  ROR 5540 39
10  ROR 7285 9
23
50  CCC 2706 2023
30  ROR 2778 21
10  CCC 2868 2026
24
50  ROR 2470 5
30  ROR 2659 49
10  ROR 3528 3
25
50  ROR 2044 56
30  ROR 2278 15
10  ROR 2544 30
26
50  CCC 1947 2005
30  ROR 2088 26
10  CCC 2432 2025
27
50  ROR 3778 16
30  CCC 9010 2033
28
50  ROR 3850 36
30  CCC 4247 2012
10  ROR 4956 59
29
50  ROR 3806 57
30  CCC 3810 2030
10  ROR 4128 69
30
50  ROR 3847 25
31
80  ROR 3550 35
40  CCC 3662 1992
0  CCC 3813 1998
33
80  ROR 2116 34
40  CCC 2228 2026
0  ROR 2636 48
34
80  ROR 2250 38
40  ROR 2288 5
0  ROR 2943 32
35
50  CCC 1819 2014
30  ROR 1889 61
10  ROR 2712 30
36
50  ROR 1883 6
30  CCC 1891 2005
10  ROR 2194 26
37
50  ROR 3327 33
30  ROR 3482 14
10  CCC 4146 1991
38
50  ROR 3441 7
30  CCC 4041 2027
10  CCC 4268 2012
39
50  ROR 3241 10
30  ROR 3500 18
10  ROR 3513 57
40
50  ROR 3207 28
30  ROR 3788 25
41
50  CCC 3413 1992
30  ROR 3589 23
10  ROR 3606 24
43
50  ROR 2875 34
30  CCC 3622 2024
10  CCC 3755 2010
44
50  ROR 2753 38
30  ROR 3152 55
10  ROR 3333 32
45
50  CCC 2209 2014
30  ROR 2326 61
10  CCC 2592 1995
46
50  ROR 2672 20
30  ROR 2881 17
10  CCC 3109 1997
47
50  CCC 5041 1991
30  ROR 5050 16
10  ROR 5462 42
48
50  CCC 5066 2027
30  ROR 5233 43
10  ROR 5885 41
49
50  ROR 3527 47
30  CCC 3880 2031
10  ROR 4453 22
50
50  ROR 3632 27
51
50  CCC 4305 2028
30  CCC 4529 2013
10  CCC 4956 1990
52
50  ROR 3534 68
54
50  ROR 9445 1624
30  CCC 11834 1834
55
50  ROR 18003 1627
30  CCC 19756 1835
56
50  ROR 16518 1628
30  CCC 20399 1836
57
50  ROR 13885 1629
58
50  ROR 14409 1630
59
50  ROR 12591 1631
60
50  ROR 12175 1632
SCORE:ROR,CCC,3360,1500,186.0
