ROR-CC
1
50  ROR 9794 13
30  ROR 10469 56
10  CC 10921 2939
2
50  CC 8850 2949
30  ROR 10266 6
3
50  ROR 7756 33
30  ROR 8009 14
10  CC 8118 2938
4
50  ROR 7966 7
30  CC 8034 2948
10  ROR 9978 43
5
50  ROR 7441 10
30  CC 7882 2954
10  CC 9281 2937
6
50  ROR 7169 27
30  ROR 8022 64
10  CC 8156 2963
7
50  ROR 7410 35
30  ROR 9194 23
10  CC 9441 2943
8
50  CC 6620 2964
30  ROR 6656 68
10  CC 7634 2934
9
50  ROR 2537 63
30  ROR 3150 31
10  CC 3234 2960
10
50  ROR 3291 67
30  ROR 4050 39
10  ROR 5797 9
11
50  ROR 1994 48
30  CC 2302 2951
10  ROR 2388 21
12
50  CC 1919 2950
30  ROR 2081 32
10  ROR 2137 5
13
50  ROR 3966 15
30  ROR 3968 56
10  ROR 3978 13
14
50  ROR 4316 20
30  ROR 4440 40
10  ROR 4563 70
15
50  CC 3222 2938
30  CC 3295 2957
10  CC 3450 2965
16
50  ROR 3175 36
30  CC 3277 2948
10  ROR 4041 59
17
50  ROR 6372 47
30  ROR 7128 57
10  CC 7166 2937
18
50  ROR 6254 28
30  CC 6925 2944
10  ROR 6944 64
19
50  ROR 6487 35
30  ROR 7791 24
20
50  ROR 5890 68
30  CC 6203 2934
10  CC 7121 2935
21
50  ROR 2909 63
30  CC 2950 2960
22
50  ROR 3997 67
30  ROR 5540 39
10  ROR 7285 9
23
50  CC 2725 2951
30  ROR 2778 21
10  ROR 3097 66
24
50  CC 2439 2950
30  ROR 2470 5
10  ROR 2659 49
25
50  ROR 2044 56
30  CC 2207 2939
10  ROR 2278 15
26
50  CC 1737 2949
30  ROR 2088 26
10  CC 2684 2953
27
50  ROR 3778 16
30  CC 4340 2965
28
50  ROR 3850 36
30  ROR 4956 59
10  CC 8178 2956
29
50  ROR 3806 57
30  ROR 4128 69
10  CC 4219 2937
30
50  CC 3806 2944
30  ROR 3847 25
10  CC 3850 2963
31
80  ROR 3550 35
40  ROR 3828 24
0  CC 4707 2943
32
80  CC 3128 2964
40  CC 3500 2934
0  CC 4581 2947
33
80  ROR 2116 34
40  ROR 2636 48
0  ROR 3409 66
34
80  ROR 2250 38
40  ROR 2288 5
0  CC 2484 2950
35
50  ROR 1889 61
30  CC 2038 2939
10  CC 2359 2959
36
50  CC 1658 2949
30  ROR 1883 6
10  ROR 2194 26
37
50  ROR 3327 33
30  ROR 3482 14
10  CC 3522 2938
38
50  ROR 3441 7
30  CC 3847 2948
10  ROR 5214 44
39
50  ROR 3241 10
30  CC 3449 2954
10  ROR 3500 18
40
50  ROR 3207 28
30  CC 3527 2944
10  ROR 3788 25
41
50  ROR 3589 23
30  ROR 3606 24
10  CC 4125 2943
42
50  CC 2822 2964
30  CC 3266 2934
10  CC 4269 2935
43
50  ROR 2875 34
30  CC 3131 2951
44
50  ROR 2753 38
30  CC 2945 2950
10  ROR 3152 55
45
50  ROR 2326 61
30  CC 2420 2939
10  CC 2485 2958
46
50  ROR 2672 20
30  CC 2719 2936
10  CC 2841 2941
47
50  CC 4600 2965
30  ROR 5050 16
10  ROR 5462 42
48
50  CC 4097 2948
30  ROR 5233 43
10  ROR 5885 41
49
50  ROR 3527 47
30  CC 3807 2954
10  ROR 4453 22
50
50  ROR 3632 27
30  CC 4108 2963
51
50  ROR 5203 23
30  CC 5260 2943
52
50  CC 3294 2964
30  ROR 3534 68
10  CC 4506 2947
54
50  ROR 9445 1624
55
50  ROR 18003 1627
56
50  ROR 16518 1628
30  CC 19707 1970
57
50  ROR 13885 1629
30  CC 15841 1971
58
50  ROR 14409 1630
59
50  ROR 12591 1631
30  CC 13789 1972
60
50  ROR 12175 1632
SCORE:ROR,CC,3440,1730,171.0
