ROR-WW
1
50  WW 9347 1645
30  ROR 9794 13
10  ROR 10469 56
2
50  ROR 10266 6
30  WW 11716 1597
10  WW 12762 1592
3
50  ROR 7756 33
30  ROR 8009 14
10  WW 9519 1584
4
50  ROR 7966 7
30  ROR 9978 43
10  WW 10807 1577
5
50  ROR 7441 10
30  WW 8091 1544
10  WW 8587 1626
6
50  ROR 7169 27
30  WW 7547 1643
10  ROR 8022 64
7
50  ROR 7410 35
30  WW 7781 1616
10  WW 9163 1640
8
50  ROR 6656 68
30  WW 6700 1585
10  WW 7888 1550
9
50  ROR 2537 63
30  ROR 3150 31
10  WW 3607 1555
10
50  WW 2803 1591
30  ROR 3291 67
10  ROR 4050 39
11
50  WW 1959 1580
30  ROR 1994 48
10  WW 2100 1573
12
50  ROR 2081 32
30  ROR 2137 5
10  WW 2186 1619
13
50  WW 3890 1589
30  ROR 3966 15
10  ROR 3968 56
14
50  WW 4059 1552
30  ROR 4316 20
10  WW 4381 1569
15
50  WW 3228 1625
30  WW 3729 1584
10  ROR 3890 42
16
50  ROR 3175 36
30  WW 3762 1605
10  ROR 4041 59
17
50  ROR 6372 47
30  WW 6844 1581
10  WW 6869 1618
18
50  ROR 6254 28
30  ROR 6944 64
10  WW 7106 1583
19
50  WW 6303 1551
30  ROR 6487 35
10  WW 7506 1562
20
50  ROR 5890 68
30  WW 6309 1582
10  WW 6444 1565
21
50  ROR 2909 63
30  WW 4309 1555
22
50  ROR 3997 67
30  WW 5181 1591
10  ROR 5540 39
23
50  WW 2472 1580
30  ROR 2778 21
10  ROR 3097 66
24
50  ROR 2470 5
30  ROR 2659 49
10  WW 3006 1635
25
50  ROR 2044 56
30  WW 2100 1645
10  ROR 2278 15
26
50  ROR 2088 26
30  WW 2428 1569
10  WW 2609 1623
27
50  ROR 3778 16
30  WW 4756 1634
10  WW 5269 1578
28
50  ROR 3850 36
30  WW 4644 1605
10  ROR 4956 59
29
50  WW 3622 1618
30  WW 3709 1595
10  ROR 3806 57
30
50  WW 3488 1643
30  WW 3675 1583
10  ROR 3847 25
31
80  WW 3531 1551
40  ROR 3550 35
0  WW 3584 1616
32
80  WW 3043 1585
40  WW 3605 1582
0  WW 3766 1565
33
80  ROR 2116 34
40  WW 2604 1573
0  ROR 2636 48
34
80  ROR 2250 38
40  ROR 2288 5
0  ROR 2943 32
35
50  WW 1864 1645
30  ROR 1889 61
10  WW 2529 1638
36
50  ROR 1883 6
30  ROR 2194 26
10  ROR 2291 17
37
50  ROR 3327 33
30  ROR 3482 14
10  WW 3816 1625
38
50  ROR 3441 7
30  WW 4303 1636
10  ROR 5214 44
39
50  ROR 3241 10
30  WW 3473 1618
10  ROR 3500 18
40
50  ROR 3207 28
30  WW 3459 1643
10  ROR 3788 25
41
50  WW 3331 1616
30  ROR 3589 23
10  ROR 3606 24
42
50  WW 2879 1585
30  WW 3316 1565
10  WW 3472 1550
43
50  WW 2591 1573
30  ROR 2875 34
10  WW 3260 1601
44
50  ROR 2753 38
30  ROR 3152 55
10  ROR 3333 32
45
50  ROR 2326 61
30  WW 2350 1589
10  WW 2469 1638
46
50  WW 2640 1552
30  ROR 2672 20
10  WW 2721 1629
47
50  WW 4207 1625
30  WW 4327 1572
10  WW 4363 1584
48
50  WW 4466 1636
30  ROR 5233 43
10  WW 5481 1605
49
50  ROR 3527 47
30  WW 3978 1544
10  WW 4063 1581
50
50  ROR 3632 27
30  WW 4181 1583
51
50  WW 3768 1551
30  WW 4440 1596
10  ROR 5203 23
52
50  ROR 3534 68
30  WW 3665 1608
10  WW 3700 1582
53
50  WW 11534 1795
54
50  WW 9416 1776
30  ROR 9445 1624
55
50  WW 17160 1779
30  ROR 18003 1627
56
50  ROR 16518 1628
30  WW 18144 1782
57
50  ROR 13885 1629
30  WW 14228 1784
58
50  ROR 14409 1630
30  WW 20981 1788
59
50  WW 12400 1789
30  ROR 12591 1631
60
50  ROR 12175 1632
30  WW 13835 1791
61
50  WW 11479 1792
SCORE:ROR,WW,2850,2590,26.0
