ROR-FV
1
50  ROR 9794 13
30  FV 10025 3349
10  ROR 10469 56
2
50  ROR 10266 6
30  FV 10634 3383
3
50  ROR 7756 33
30  ROR 8009 14
10  FV 8790 3380
4
50  ROR 7966 7
30  ROR 9978 43
10  FV 11027 3350
5
50  ROR 7441 10
30  FV 8295 3351
10  FV 8941 3381
6
50  ROR 7169 27
30  ROR 8022 64
10  FV 10438 3367
7
50  ROR 7410 35
30  ROR 9194 23
10  FV 10543 3373
8
50  ROR 6656 68
30  FV 7139 3384
10  FV 7577 3364
9
50  ROR 2537 63
30  ROR 3150 31
10  FV 3222 3343
10
50  ROR 3291 67
30  FV 3344 3360
10  ROR 4050 39
11
50  ROR 1994 48
30  FV 2181 3382
10  FV 2232 3344
12
50  ROR 2081 32
30  ROR 2137 5
10  ROR 2206 49
13
50  ROR 3966 15
30  ROR 3968 56
10  ROR 3978 13
14
50  ROR 4316 20
30  ROR 4440 40
10  ROR 4563 70
15
50  FV 3525 3380
30  ROR 3890 42
10  FV 3960 3377
16
50  ROR 3175 36
30  FV 3762 3359
10  FV 3785 3379
17
50  ROR 6372 47
30  ROR 7128 57
10  FV 7303 3351
18
50  ROR 6254 28
30  ROR 6944 64
19
50  ROR 6487 35
30  ROR 7791 24
10  FV 8631 3373
20
50  ROR 5890 68
30  FV 6359 3384
10  FV 6653 3355
21
50  ROR 2909 63
30  FV 3926 3343
22
50  ROR 3997 67
30  ROR 5540 39
10  FV 5770 3360
23
50  FV 2641 3344
30  FV 2675 3382
10  ROR 2778 21
24
50  ROR 2470 5
30  ROR 2659 49
10  ROR 3528 3
25
50  ROR 2044 56
30  FV 2089 3349
10  ROR 2278 15
26
50  ROR 2088 26
30  FV 2464 3369
10  ROR 2765 12
27
50  ROR 3778 16
30  FV 4028 3380
10  FV 4595 3377
28
50  ROR 3850 36
30  FV 4766 3359
10  ROR 4956 59
29
50  FV 3738 3351
30  ROR 3806 57
10  ROR 4128 69
30
50  ROR 3847 25
30  FV 5003 3367
31
80  ROR 3550 35
40  ROR 3828 24
0  FV 5164 3373
32
80  FV 3475 3364
40  FV 3512 3384
0  FV 3645 3355
33
80  ROR 2116 34
40  ROR 2636 48
0  ROR 3409 66
34
80  ROR 2250 38
40  ROR 2288 5
0  ROR 2943 32
35
50  ROR 1889 61
30  FV 1908 3349
10  FV 2653 3375
36
50  ROR 1883 6
30  ROR 2194 26
10  ROR 2291 17
37
50  ROR 3327 33
30  ROR 3482 14
10  FV 4444 3380
38
50  ROR 3441 7
30  FV 5006 3359
10  ROR 5214 44
39
50  ROR 3241 10
30  ROR 3500 18
10  ROR 3513 57
40
50  ROR 3207 28
30  ROR 3788 25
10  FV 5819 3367
41
50  ROR 3589 23
30  ROR 3606 24
10  FV 4947 3373
42
50  FV 3234 3384
30  FV 3381 3358
10  FV 3491 3355
43
50  ROR 2875 34
30  FV 3579 3382
10  FV 4928 3365
44
50  ROR 2753 38
30  ROR 3152 55
10  ROR 3333 32
45
50  ROR 2326 61
30  ROR 2839 50
10  FV 3062 3348
46
50  FV 2665 3383
30  ROR 2672 20
10  FV 2806 3363
47
50  ROR 5050 16
30  FV 5371 3377
10  ROR 5462 42
48
50  ROR 5233 43
30  FV 5718 3350
10  FV 5747 3356
49
50  ROR 3527 47
30  FV 4203 3352
10  ROR 4453 22
50
50  ROR 3632 27
30  FV 5175 3367
51
50  ROR 5203 23
52
50  ROR 3534 68
30  FV 4388 3355
10  FV 4463 3364
54
50  ROR 9445 1624
30  FV 11293 2015
55
50  ROR 18003 1627
30  FV 20352 2016
56
50  ROR 16518 1628
30  FV 19896 2017
57
50  ROR 13885 1629
30  FV 17397 2018
58
50  ROR 14409 1630
30  FV 17403 2019
59
50  ROR 12591 1631
30  FV 16759 2020
60
50  ROR 12175 1632
SCORE:ROR,FV,3720,1520,220.0
