ROR-AND
1
50  ROR 9794 13
30  AND 9931 1090
10  AND 10053 1040
2
50  ROR 10266 6
30  AND 15182 1134
3
50  ROR 7756 33
30  ROR 8009 14
10  AND 8533 1041
4
50  ROR 7966 7
30  AND 8178 1089
10  AND 8422 1120
5
50  AND 7363 1095
30  ROR 7441 10
10  AND 9390 1124
6
50  ROR 7169 27
30  ROR 8022 64
10  AND 8681 1127
7
50  ROR 7410 35
30  AND 7909 1094
10  ROR 9194 23
8
50  ROR 6656 68
30  AND 8629 1101
9
50  ROR 2537 63
30  ROR 3150 31
10  AND 4037 1072
10
50  ROR 3291 67
30  AND 3468 1139
10  ROR 4050 39
11
50  ROR 1994 48
30  AND 2150 1034
10  AND 2224 1105
12
50  ROR 2081 32
30  ROR 2137 5
10  ROR 2206 49
13
50  AND 3820 1054
30  AND 3843 1107
10  ROR 3966 15
14
50  AND 4141 1080
30  ROR 4316 20
10  ROR 4440 40
15
50  AND 3380 1122
30  AND 3537 1059
10  AND 3630 1152
16
50  ROR 3175 36
30  AND 3513 1079
10  AND 3896 1053
17
50  AND 6284 1121
30  AND 6286 1095
10  ROR 6372 47
18
50  ROR 6254 28
30  ROR 6944 64
10  AND 7423 1127
19
50  ROR 6487 35
30  AND 7168 1108
10  AND 7177 1137
20
50  ROR 5890 68
30  AND 5943 1125
10  AND 7119 1116
21
50  ROR 2909 63
30  AND 4686 1072
10  AND 4868 1174
22
50  ROR 3997 67
30  AND 4911 1139
10  AND 4974 1143
23
50  AND 2751 1034
30  ROR 2778 21
10  ROR 3097 66
24
50  ROR 2470 5
30  ROR 2659 49
10  AND 2843 1066
25
50  ROR 2044 56
30  AND 2055 1044
10  ROR 2278 15
26
50  ROR 2088 26
30  AND 2596 1035
10  ROR 2765 12
27
50  AND 3713 1122
30  ROR 3778 16
10  AND 4077 1041
28
50  ROR 3850 36
30  AND 3865 1120
10  AND 4801 1053
29
50  ROR 3806 57
30  AND 3901 1068
10  AND 4043 1124
30
50  ROR 3847 25
30  AND 4322 1127
10  AND 4348 1100
31
80  ROR 3550 35
40  ROR 3828 24
0  AND 3907 1108
32
80  AND 3183 1125
40  AND 3636 1118
0  AND 4537 1101
33
80  ROR 2116 34
40  ROR 2636 48
0  ROR 3409 66
34
80  ROR 2250 38
40  ROR 2288 5
0  ROR 2943 32
35
50  ROR 1889 61
30  AND 1935 1090
10  AND 1953 1040
36
50  ROR 1883 6
30  ROR 2194 26
10  AND 2289 1035
37
50  ROR 3327 33
30  ROR 3482 14
10  AND 3932 1122
38
50  ROR 3441 7
30  AND 3591 1089
10  AND 3613 1120
39
50  AND 3193 1121
30  AND 3229 1095
10  ROR 3241 10
40
50  ROR 3207 28
30  ROR 3788 25
10  AND 3823 1045
41
50  AND 3548 1137
30  ROR 3589 23
10  ROR 3606 24
42
50  AND 3808 1116
43
50  ROR 2875 34
30  AND 3225 1034
10  AND 3423 1071
44
50  ROR 2753 38
30  ROR 3152 55
10  ROR 3333 32
45
50  AND 2051 1044
30  ROR 2326 61
10  AND 2537 1054
46
50  AND 2599 1077
30  ROR 2672 20
10  ROR 2881 17
47
50  AND 4259 1041
30  ROR 5050 16
10  ROR 5462 42
48
50  AND 4420 1089
30  AND 5038 1079
10  ROR 5233 43
49
50  ROR 3527 47
30  AND 4009 1121
10  ROR 4453 22
50
50  ROR 3632 27
30  AND 4404 1081
10  AND 4473 1045
51
50  AND 4211 1094
30  AND 4288 1108
10  AND 4814 1097
52
50  ROR 3534 68
30  AND 4413 1101
54
50  ROR 9445 1624
30  AND 11193 1724
55
50  AND 16214 1726
30  ROR 18003 1627
56
50  ROR 16518 1628
30  AND 19643 1728
57
50  ROR 13885 1629
30  AND 20541 1729
58
50  ROR 14409 1630
59
50  ROR 12591 1631
30  AND 14394 1731
60
50  ROR 12175 1632
61
50  AND 12242 1732
SCORE:ROR,AND,3040,2240,80.0
