ROR-WCSC
1
50  WCSC 8690 844
30  WCSC 9353 884
10  ROR 9794 13
2
50  ROR 10266 6
30  WCSC 10839 784
3
50  ROR 7756 33
30  WCSC 7943 800
10  ROR 8009 14
4
50  ROR 7966 7
30  WCSC 8409 810
10  WCSC 9688 775
5
50  ROR 7441 10
30  WCSC 7784 895
10  WCSC 9901 832
6
50  ROR 7169 27
30  WCSC 7896 776
10  ROR 8022 64
7
50  ROR 7410 35
30  WCSC 8963 860
10  ROR 9194 23
8
50  ROR 6656 68
30  WCSC 7650 843
10  WCSC 7728 787
9
50  ROR 2537 63
30  ROR 3150 31
10  WCSC 3175 869
10
50  ROR 3291 67
30  WCSC 3536 830
10  WCSC 3673 786
11
50  WCSC 1889 855
30  ROR 1994 48
10  WCSC 2129 826
12
50  WCSC 1740 870
30  WCSC 1904 877
10  ROR 2081 32
13
50  WCSC 3738 871
30  WCSC 3787 884
10  ROR 3966 15
14
50  WCSC 4129 831
30  ROR 4316 20
10  ROR 4440 40
15
50  WCSC 3219 896
30  WCSC 3312 840
10  WCSC 3557 883
16
50  ROR 3175 36
30  WCSC 3434 775
10  WCSC 3517 863
17
50  ROR 6372 47
30  WCSC 7082 859
10  ROR 7128 57
18
50  ROR 6254 28
30  WCSC 6674 798
10  WCSC 6843 776
19
50  ROR 6487 35
30  ROR 7791 24
10  WCSC 7938 860
20
50  ROR 5890 68
30  WCSC 6297 843
10  WCSC 7173 864
21
50  ROR 2909 63
30  WCSC 3090 869
10  WCSC 4438 872
22
50  ROR 3997 67
30  WCSC 4634 830
10  WCSC 5263 777
23
50  WCSC 2098 817
30  WCSC 2637 898
10  WCSC 2662 879
24
50  WCSC 1929 801
30  WCSC 2358 877
10  ROR 2470 5
25
50  WCSC 2043 816
30  ROR 2044 56
10  ROR 2278 15
26
50  ROR 2088 26
30  WCSC 2111 784
10  WCSC 2634 868
27
50  ROR 3778 16
30  WCSC 3813 800
10  WCSC 5066 820
28
50  ROR 3850 36
30  WCSC 4178 810
10  ROR 4956 59
29
50  WCSC 3500 895
30  ROR 3806 57
10  ROR 4128 69
30
50  ROR 3847 25
30  WCSC 3909 821
10  WCSC 4312 791
31
80  ROR 3550 35
40  ROR 3828 24
0  WCSC 3840 803
32
80  WCSC 3606 864
40  WCSC 4593 827
33
80  ROR 2116 34
40  WCSC 2225 826
0  WCSC 2500 817
34
80  WCSC 2223 877
40  ROR 2250 38
0  ROR 2288 5
35
50  ROR 1889 61
30  WCSC 1938 871
10  WCSC 2327 816
36
50  ROR 1883 6
30  WCSC 2122 876
10  ROR 2194 26
37
50  ROR 3327 33
30  ROR 3482 14
10  WCSC 3982 840
38
50  ROR 3441 7
30  WCSC 4317 863
10  WCSC 4653 775
39
50  ROR 3241 10
30  WCSC 3434 859
10  ROR 3500 18
40
50  ROR 3207 28
30  WCSC 3463 798
10  ROR 3788 25
41
50  ROR 3589 23
30  ROR 3606 24
10  WCSC 3803 803
42
50  WCSC 3134 787
30  WCSC 3376 790
10  WCSC 4462 789
43
50  WCSC 2682 855
30  ROR 2875 34
10  WCSC 3027 826
44
50  WCSC 2112 801
30  WCSC 2583 870
10  ROR 2753 38
45
50  WCSC 2151 844
30  ROR 2326 61
10  ROR 2839 50
46
50  WCSC 2403 831
30  ROR 2672 20
10  ROR 2881 17
47
50  WCSC 4162 896
30  ROR 5050 16
10  ROR 5462 42
48
50  WCSC 4555 810
30  ROR 5233 43
10  ROR 5885 41
49
50  ROR 3527 47
30  ROR 4453 22
10  WCSC 4656 845
50
50  ROR 3632 27
30  WCSC 4113 776
10  WCSC 4549 798
51
50  WCSC 4467 860
30  ROR 5203 23
10  WCSC 5658 835
52
50  ROR 3534 68
30  WCSC 3963 864
53
50  WCSC 16033 1707
54
50  WCSC 7650 1692
30  ROR 9445 1624
55
50  WCSC 16081 1695
30  ROR 18003 1627
56
50  ROR 16518 1628
30  WCSC 17798 1697
57
50  WCSC 13322 1699
30  ROR 13885 1629
58
50  ROR 14409 1630
30  WCSC 18199 1702
59
50  ROR 12591 1631
30  WCSC 13190 1703
60
50  ROR 12175 1632
30  WCSC 15089 1704
61
50  WCSC 12596 1705
SCORE:ROR,WCSC,2680,2760,-8.0
