ROR-CR
1
50  ROR 9794 13
30  ROR 10469 56
10  CR 11712 3318
2
50  ROR 10266 6
30  CR 13265 3320
3
50  ROR 7756 33
30  ROR 8009 14
10  CR 9232 3319
4
50  ROR 7966 7
30  CR 8600 3475
10  ROR 9978 43
5
50  ROR 7441 10
30  CR 8527 3299
10  CR 9890 3341
6
50  ROR 7169 27
30  ROR 8022 64
7
50  ROR 7410 35
30  CR 9051 3476
10  ROR 9194 23
8
50  ROR 6656 68
30  CR 6896 3314
10  CR 7457 3298
9
50  ROR 2537 63
30  CR 2966 3340
10  CR 2986 3297
10
50  ROR 3291 67
30  CR 3769 3292
10  ROR 4050 39
11
50  ROR 1994 48
30  ROR 2388 21
10  CR 2470 3325
12
50  ROR 2081 32
30  ROR 2137 5
10  ROR 2206 49
13
50  ROR 3966 15
30  ROR 3968 56
10  ROR 3978 13
14
50  ROR 4316 20
30  ROR 4440 40
10  ROR 4563 70
15
50  CR 3501 3319
30  ROR 3890 42
16
50  ROR 3175 36
30  CR 3247 3475
10  CR 3667 3315
17
50  ROR 6372 47
30  ROR 7128 57
10  CR 7574 3299
18
50  ROR 6254 28
30  ROR 6944 64
19
50  ROR 6487 35
30  ROR 7791 24
10  CR 8297 3476
20
50  ROR 5890 68
30  CR 6211 3314
10  CR 6259 3298
21
50  ROR 2909 63
30  CR 3135 3340
10  CR 3330 3342
22
50  ROR 3997 67
30  ROR 5540 39
10  ROR 7285 9
23
50  ROR 2778 21
30  CR 2932 3302
10  ROR 3097 66
24
50  ROR 2470 5
30  ROR 2659 49
10  CR 2928 3313
25
50  ROR 2044 56
30  ROR 2278 15
10  CR 2378 3334
26
50  ROR 2088 26
30  CR 2584 3337
10  ROR 2765 12
27
50  ROR 3778 16
30  CR 4382 3319
28
50  ROR 3850 36
30  CR 3958 3475
10  CR 4915 3315
29
50  ROR 3806 57
30  CR 3934 3299
10  ROR 4128 69
30
50  ROR 3847 25
31
80  ROR 3550 35
40  ROR 3828 24
0  CR 4231 3476
32
80  CR 3125 3314
33
80  ROR 2116 34
40  ROR 2636 48
0  ROR 3409 66
34
80  ROR 2250 38
40  ROR 2288 5
0  ROR 2943 32
35
50  ROR 1889 61
30  CR 2349 3321
10  CR 2500 3334
36
50  ROR 1883 6
30  ROR 2194 26
10  ROR 2291 17
37
50  ROR 3327 33
30  ROR 3482 14
38
50  ROR 3441 7
30  CR 3709 3475
10  CR 4460 3470
39
50  ROR 3241 10
30  ROR 3500 18
10  ROR 3513 57
40
50  ROR 3207 28
30  ROR 3788 25
41
50  ROR 3589 23
30  ROR 3606 24
10  CR 3916 3476
42
50  CR 3003 3298
43
50  ROR 2875 34
30  CR 3545 3332
10  CR 4834 3302
44
50  ROR 2753 38
30  ROR 3152 55
10  ROR 3333 32
45
50  ROR 2326 61
30  CR 2738 3321
10  ROR 2839 50
46
50  ROR 2672 20
30  CR 2711 3301
10  ROR 2881 17
47
50  CR 4747 3319
30  ROR 5050 16
10  ROR 5462 42
48
50  ROR 5233 43
30  ROR 5885 41
10  CR 6163 3312
49
50  ROR 3527 47
30  ROR 4453 22
10  CR 4819 3299
50
50  ROR 3632 27
51
50  ROR 5203 23
52
50  ROR 3534 68
30  CR 3675 3314
10  CR 3995 3298
54
50  ROR 9445 1624
30  CR 12468 2010
55
50  ROR 18003 1627
56
50  ROR 16518 1628
57
50  ROR 13885 1629
58
50  ROR 14409 1630
30  CR 15619 2063
59
50  ROR 12591 1631
30  CR 17846 2014
60
50  ROR 12175 1632
SCORE:ROR,CR,3810,1160,265.0
