ROR-SH
1
50  ROR 9794 13
30  SH 10278 2639
10  ROR 10469 56
2
50  ROR 10266 6
3
50  ROR 7756 33
30  ROR 8009 14
10  SH 8498 2619
4
50  ROR 7966 7
30  SH 9948 2647
10  ROR 9978 43
5
50  ROR 7441 10
30  SH 7836 2618
10  SH 8931 2640
6
50  ROR 7169 27
30  ROR 8022 64
7
50  ROR 7410 35
30  SH 9090 2631
10  ROR 9194 23
8
50  SH 6485 2605
30  ROR 6656 68
10  SH 7027 2613
9
50  ROR 2537 63
30  ROR 3150 31
10  SH 4522 2646
10
50  ROR 3291 67
30  ROR 4050 39
10  SH 5726 2645
11
50  ROR 1994 48
30  SH 2056 2629
10  SH 2378 2626
12
50  SH 2009 2642
30  ROR 2081 32
10  ROR 2137 5
13
50  SH 3852 2639
30  ROR 3966 15
10  ROR 3968 56
14
50  ROR 4316 20
30  ROR 4440 40
10  ROR 4563 70
15
50  SH 3463 2619
30  ROR 3890 42
10  SH 4058 2612
16
50  ROR 3175 36
30  SH 3946 2630
10  ROR 4041 59
17
50  ROR 6372 47
30  SH 6858 2618
10  ROR 7128 57
18
50  ROR 6254 28
30  ROR 6944 64
19
50  ROR 6487 35
30  ROR 7791 24
10  SH 8136 2631
20
50  SH 5747 2605
30  ROR 5890 68
10  SH 6437 2613
21
50  ROR 2909 63
22
50  ROR 3997 67
30  ROR 5540 39
10  ROR 7285 9
23
50  SH 2543 2629
30  ROR 2778 21
10  SH 3060 2626
24
50  ROR 2470 5
30  ROR 2659 49
10  SH 2892 2642
25
50  ROR 2044 56
30  ROR 2278 15
10  SH 2416 2639
26
50  ROR 2088 26
30  SH 2762 2599
10  ROR 2765 12
27
50  ROR 3778 16
30  SH 4434 2612
10  SH 4963 2608
28
50  ROR 3850 36
30  SH 4732 2630
10  ROR 4956 59
29
50  SH 3769 2618
30  ROR 3806 57
10  ROR 4128 69
30
50  ROR 3847 25
31
80  ROR 3550 35
40  ROR 3828 24
32
80  SH 3178 2605
33
80  ROR 2116 34
40  SH 2598 2629
0  ROR 2636 48
34
80  ROR 2250 38
40  ROR 2288 5
0  SH 2623 2642
35
50  ROR 1889 61
30  SH 2202 2638
10  SH 2288 2607
36
50  ROR 1883 6
30  ROR 2194 26
10  ROR 2291 17
37
50  ROR 3327 33
30  ROR 3482 14
10  SH 3979 2619
38
50  ROR 3441 7
30  ROR 5214 44
10  SH 5382 2636
39
50  ROR 3241 10
30  ROR 3500 18
10  ROR 3513 57
40
50  ROR 3207 28
30  ROR 3788 25
41
50  ROR 3589 23
30  ROR 3606 24
42
50  SH 2953 2605
30  SH 3161 2613
43
50  ROR 2875 34
44
50  ROR 2753 38
30  SH 2983 2642
10  ROR 3152 55
45
50  ROR 2326 61
30  SH 2408 2639
10  SH 2480 2603
46
50  ROR 2672 20
30  ROR 2881 17
10  SH 2964 2617
47
50  SH 4632 2619
30  ROR 5050 16
10  SH 5171 2612
48
50  ROR 5233 43
30  ROR 5885 41
10  SH 6956 2597
49
50  ROR 3527 47
30  ROR 4453 22
10  SH 4600 2640
50
50  ROR 3632 27
51
50  SH 4738 2631
30  ROR 5203 23
52
50  SH 3350 2613
30  ROR 3534 68
54
50  ROR 9445 1624
30  SH 11370 1919
55
50  ROR 18003 1627
30  SH 19413 1921
56
50  ROR 16518 1628
57
50  ROR 13885 1629
58
50  ROR 14409 1630
30  SH 19108 1923
59
50  ROR 12591 1631
30  SH 13886 1924
60
50  ROR 12175 1632
SCORE:ROR,SH,3540,1420,212.0
