ROR-WH
1
50  WH 9640 1193
30  ROR 9794 13
10  ROR 10469 56
2
50  ROR 10266 6
30  WH 10577 1271
10  WH 10928 1228
3
50  ROR 7756 33
30  ROR 8009 14
10  WH 8247 1194
4
50  ROR 7966 7
30  WH 9193 1192
10  ROR 9978 43
5
50  ROR 7441 10
30  WH 7892 1191
10  WH 9129 1190
6
50  ROR 7169 27
30  ROR 8022 64
10  WH 10114 1226
7
50  ROR 7410 35
30  WH 8651 1276
10  ROR 9194 23
8
50  ROR 6656 68
30  WH 8286 1280
10  WH 8650 1198
9
50  ROR 2537 63
30  ROR 3150 31
10  WH 3735 1229
10
50  ROR 3291 67
30  ROR 4050 39
10  WH 4124 1181
11
50  ROR 1994 48
30  WH 2018 1188
10  WH 2124 1236
12
50  ROR 2081 32
30  ROR 2137 5
10  ROR 2206 49
13
50  ROR 3966 15
30  ROR 3968 56
10  ROR 3978 13
14
50  WH 4037 1228
30  ROR 4316 20
10  ROR 4440 40
15
50  WH 3344 1194
30  WH 3856 1222
10  ROR 3890 42
16
50  ROR 3175 36
30  WH 3582 1197
10  WH 3814 1205
17
50  ROR 6372 47
30  ROR 7128 57
10  WH 7845 1178
18
50  ROR 6254 28
30  WH 6598 1277
10  ROR 6944 64
19
50  ROR 6487 35
30  WH 6868 1187
10  WH 7183 1240
20
50  ROR 5890 68
30  WH 6743 1246
10  WH 7183 1247
21
50  ROR 2909 63
30  WH 5483 1229
22
50  ROR 3997 67
30  ROR 5540 39
10  ROR 7285 9
23
50  WH 2603 1188
30  ROR 2778 21
10  WH 2802 1236
24
50  ROR 2470 5
30  ROR 2659 49
10  ROR 3528 3
25
50  ROR 2044 56
30  WH 2213 1193
10  ROR 2278 15
26
50  ROR 2088 26
30  WH 2321 1271
10  ROR 2765 12
27
50  ROR 3778 16
30  WH 3950 1194
10  WH 5243 1195
28
50  ROR 3850 36
30  WH 4251 1192
10  WH 4716 1197
29
50  WH 3513 1191
30  ROR 3806 57
10  WH 4098 1178
30
50  WH 3788 1277
30  ROR 3847 25
10  WH 4543 1226
31
80  ROR 3550 35
40  WH 3613 1240
0  ROR 3828 24
32
80  WH 3597 1247
40  WH 3989 1183
0  WH 4195 1198
33
80  ROR 2116 34
40  ROR 2636 48
0  ROR 3409 66
34
80  ROR 2250 38
40  ROR 2288 5
0  ROR 2943 32
35
50  ROR 1889 61
30  WH 2132 1245
10  ROR 2712 30
36
50  WH 1815 1189
30  ROR 1883 6
10  WH 2148 1228
37
50  ROR 3327 33
30  ROR 3482 14
10  WH 4920 1176
38
50  ROR 3441 7
30  WH 4260 1192
10  WH 4851 1221
39
50  ROR 3241 10
30  ROR 3500 18
10  ROR 3513 57
40
50  ROR 3207 28
30  ROR 3788 25
10  WH 4022 1274
41
50  WH 3517 1187
30  ROR 3589 23
10  ROR 3606 24
42
50  WH 3502 1280
30  WH 3724 1198
10  WH 4302 1183
43
50  ROR 2875 34
30  WH 3268 1188
10  WH 3453 1279
44
50  ROR 2753 38
30  ROR 3152 55
10  ROR 3333 32
45
50  ROR 2326 61
30  WH 2335 1193
10  WH 2814 1281
46
50  WH 2147 1271
30  WH 2444 1189
10  ROR 2672 20
47
50  ROR 5050 16
30  WH 5269 1195
10  WH 5319 1176
48
50  ROR 5233 43
30  WH 5403 1197
10  WH 5668 1179
49
50  ROR 3527 47
30  WH 4345 1220
10  ROR 4453 22
50
50  ROR 3632 27
30  WH 3827 1277
10  WH 4859 1206
51
50  WH 4341 1240
30  WH 4961 1196
10  ROR 5203 23
52
50  ROR 3534 68
30  WH 4106 1280
10  WH 4311 1247
53
50  WH 24955 1733
54
50  ROR 9445 1624
30  WH 11963 1734
55
50  ROR 18003 1627
30  WH 28845 1735
56
50  ROR 16518 1628
30  WH 27833 1736
57
50  ROR 13885 1629
30  WH 23321 1737
58
50  ROR 14409 1630
30  WH 21021 1738
59
50  ROR 12591 1631
60
50  ROR 12175 1632
61
50  WH 15727 1739
SCORE:ROR,WH,3310,2080,123.0
