ROR-OMST
1
50  ROR 9794 13
30  ROR 10469 56
10  OMST 11741 3251
2
50  OMST 8160 3253
30  ROR 10266 6
10  OMST 11720 3256
3
50  ROR 7756 33
30  ROR 8009 14
10  OMST 8244 3275
4
50  ROR 7966 7
30  ROR 9978 43
10  OMST 12479 3247
5
50  ROR 7441 10
30  OMST 7843 3258
6
50  ROR 7169 27
30  ROR 8022 64
10  OMST 8919 3263
7
50  OMST 7093 3269
30  ROR 7410 35
10  OMST 7725 3285
8
50  OMST 6319 3274
30  ROR 6656 68
9
50  ROR 2537 63
30  ROR 3150 31
10  OMST 4425 3259
10
50  ROR 3291 67
30  ROR 4050 39
10  ROR 5797 9
11
50  ROR 1994 48
30  ROR 2388 21
10  OMST 2477 3286
12
50  ROR 2081 32
30  ROR 2137 5
10  ROR 2206 49
13
50  ROR 3966 15
30  ROR 3968 56
10  ROR 3978 13
14
50  OMST 3975 3261
30  ROR 4316 20
10  OMST 4353 3256
15
50  OMST 3544 3279
30  ROR 3890 42
10  OMST 4501 3262
16
50  ROR 3175 36
30  OMST 3447 3266
10  ROR 4041 59
17
50  ROR 6372 47
30  ROR 7128 57
10  ROR 7938 18
18
50  ROR 6254 28
30  ROR 6944 64
10  OMST 7259 3257
19
50  ROR 6487 35
30  OMST 6744 3285
10  ROR 7791 24
20
50  ROR 5890 68
30  OMST 7432 3288
21
50  ROR 2909 63
30  OMST 4632 3259
22
50  ROR 3997 67
30  ROR 5540 39
10  ROR 7285 9
23
50  ROR 2778 21
30  OMST 3056 3286
10  ROR 3097 66
24
50  ROR 2470 5
30  ROR 2659 49
10  OMST 3206 3284
25
50  ROR 2044 56
30  ROR 2278 15
10  OMST 2406 3251
26
50  OMST 1790 3253
30  ROR 2088 26
10  OMST 2566 3261
27
50  ROR 3778 16
30  OMST 3878 3275
10  OMST 4726 3279
28
50  ROR 3850 36
30  ROR 4956 59
10  OMST 5844 3283
29
50  OMST 3722 3258
30  ROR 3806 57
10  ROR 4128 69
30
50  ROR 3847 25
30  OMST 4116 3263
10  OMST 5097 3273
31
80  ROR 3550 35
40  OMST 3750 3285
0  ROR 3828 24
32
80  OMST 4363 3288
40  OMST 6905 3267
33
80  ROR 2116 34
40  ROR 2636 48
0  ROR 3409 66
34
80  ROR 2250 38
40  ROR 2288 5
0  ROR 2943 32
35
50  ROR 1889 61
30  OMST 2550 3251
10  ROR 2712 30
36
50  OMST 1563 3253
30  ROR 1883 6
10  ROR 2194 26
37
50  ROR 3327 33
30  ROR 3482 14
10  OMST 4713 3279
38
50  ROR 3441 7
30  ROR 5214 44
10  ROR 5678 59
39
50  ROR 3241 10
30  ROR 3500 18
10  ROR 3513 57
40
50  ROR 3207 28
30  OMST 3669 3257
10  ROR 3788 25
41
50  OMST 3053 3269
30  ROR 3589 23
10  ROR 3606 24
42
50  OMST 2766 3274
30  OMST 4310 3288
43
50  ROR 2875 34
30  OMST 4881 3260
10  OMST 7537 3264
44
50  ROR 2753 38
30  ROR 3152 55
10  OMST 3195 3284
45
50  ROR 2326 61
30  ROR 2839 50
46
50  ROR 2672 20
30  OMST 2777 3246
10  ROR 2881 17
47
50  OMST 4560 3275
30  ROR 5050 16
10  ROR 5462 42
48
50  OMST 4907 3266
30  ROR 5233 43
10  OMST 5397 3249
49
50  ROR 3527 47
30  ROR 4453 22
10  ROR 5015 69
50
50  ROR 3632 27
30  OMST 6900 3273
51
50  OMST 3703 3269
30  ROR 5203 23
52
50  OMST 3415 3274
30  ROR 3534 68
54
50  ROR 9445 1624
30  OMST 12837 2003
55
50  ROR 18003 1627
30  OMST 27406 2004
56
50  OMST 16499 2005
30  ROR 16518 1628
57
50  ROR 13885 1629
58
50  ROR 14409 1630
30  OMST 17262 2007
59
50  ROR 12591 1631
30  OMST 15246 2008
60
50  ROR 12175 1632
61
50  OMST 12078 2009
SCORE:ROR,OMST,3550,1710,184.0
