ROR-NSC
1
50  ROR 9794 13
30  ROR 10469 56
10  NSC 10734 638
2
50  ROR 10266 6
30  NSC 10994 632
10  NSC 11871 607
3
50  ROR 7756 33
30  NSC 7928 660
10  ROR 8009 14
4
50  ROR 7966 7
30  ROR 9978 43
10  NSC 10388 671
5
50  ROR 7441 10
30  NSC 7594 612
10  NSC 9172 625
6
50  NSC 7116 595
30  ROR 7169 27
10  ROR 8022 64
7
50  NSC 7146 664
30  ROR 7410 35
10  NSC 7884 584
8
50  NSC 6128 586
30  ROR 6656 68
10  NSC 7101 569
9
50  ROR 2537 63
30  NSC 2872 634
10  NSC 3075 651
10
50  ROR 3291 67
30  NSC 3440 644
10  NSC 3666 630
11
50  ROR 1994 48
30  NSC 2137 672
10  NSC 2175 643
12
50  ROR 2081 32
30  ROR 2137 5
10  ROR 2206 49
13
50  ROR 3966 15
30  ROR 3968 56
10  ROR 3978 13
14
50  NSC 3841 627
30  NSC 4163 677
10  ROR 4316 20
15
50  NSC 3797 635
30  NSC 3807 576
10  NSC 3847 593
16
50  ROR 3175 36
30  NSC 3888 642
10  ROR 4041 59
17
50  ROR 6372 47
30  ROR 7128 57
10  NSC 7472 656
18
50  ROR 6254 28
30  ROR 6944 64
10  NSC 7620 617
19
50  ROR 6487 35
30  NSC 6697 573
10  NSC 7000 584
20
50  NSC 5459 586
30  NSC 5678 661
10  ROR 5890 68
21
50  ROR 2909 63
30  NSC 3888 634
10  NSC 4450 651
22
50  ROR 3997 67
30  NSC 4485 644
10  ROR 5540 39
23
50  NSC 2553 643
30  NSC 2566 665
10  ROR 2778 21
24
50  ROR 2470 5
30  ROR 2659 49
10  NSC 2825 606
25
50  ROR 2044 56
30  NSC 2138 638
10  NSC 2170 666
26
50  ROR 2088 26
30  NSC 2112 627
10  NSC 2384 677
27
50  NSC 3566 660
30  ROR 3778 16
10  NSC 4984 649
28
50  ROR 3850 36
30  NSC 4747 642
10  ROR 4956 59
29
50  NSC 3691 612
30  ROR 3806 57
10  NSC 4012 656
30
50  ROR 3847 25
30  NSC 4118 592
10  NSC 4137 617
31
80  NSC 3358 664
40  ROR 3550 35
0  NSC 3612 594
32
80  NSC 2969 586
40  NSC 3428 569
0  NSC 3500 605
33
80  ROR 2116 34
40  ROR 2636 48
0  NSC 2650 665
34
80  ROR 2250 38
40  ROR 2288 5
0  NSC 2619 606
35
50  ROR 1889 61
30  NSC 2060 640
10  NSC 2512 618
36
50  ROR 1883 6
30  ROR 2194 26
10  NSC 2269 631
37
50  ROR 3327 33
30  ROR 3482 14
10  NSC 3546 660
38
50  ROR 3441 7
30  NSC 5213 671
10  ROR 5214 44
39
50  ROR 3241 10
30  ROR 3500 18
10  ROR 3513 57
40
50  ROR 3207 28
30  ROR 3788 25
10  NSC 3934 601
41
50  NSC 3315 573
30  NSC 3440 567
10  NSC 3545 584
42
50  NSC 2939 661
30  NSC 3104 591
10  NSC 3250 624
43
50  NSC 2800 672
30  ROR 2875 34
10  NSC 3390 626
44
50  ROR 2753 38
30  NSC 2832 621
10  ROR 3152 55
45
50  ROR 2326 61
30  NSC 2497 640
10  NSC 2538 666
46
50  NSC 2409 632
30  NSC 2559 622
10  ROR 2672 20
47
50  ROR 5050 16
30  NSC 5122 593
10  NSC 5138 572
48
50  NSC 5044 671
30  ROR 5233 43
10  NSC 5400 613
49
50  ROR 3527 47
30  NSC 4059 612
10  NSC 4425 625
50
50  NSC 3590 595
30  ROR 3632 27
10  NSC 4453 592
51
50  NSC 3763 664
30  NSC 4044 567
10  NSC 4137 594
52
50  ROR 3534 68
30  NSC 3544 661
10  NSC 3844 569
53
50  NSC 15700 1685
54
50  ROR 9445 1624
30  NSC 9860 1672
55
50  ROR 18003 1627
30  NSC 20914 1675
56
50  ROR 16518 1628
30  NSC 17615 1677
57
50  ROR 13885 1629
30  NSC 15450 1679
58
50  ROR 14409 1630
59
50  ROR 12591 1631
30  NSC 14494 1682
60
50  ROR 12175 1632
30  NSC 12959 1683
61
50  NSC 12194 1684
SCORE:ROR,NSC,2940,2490,45.0
