ROR-SCSC
1
50  SCSC 9422 83
30  SCSC 9644 126
10  ROR 9794 13
2
50  ROR 10266 6
30  SCSC 10856 129
10  SCSC 11107 196
3
50  ROR 7756 33
30  ROR 8009 14
10  SCSC 8177 125
4
50  ROR 7966 7
30  SCSC 8071 200
10  SCSC 9385 128
5
50  ROR 7441 10
30  SCSC 7622 107
10  SCSC 8989 165
6
50  SCSC 6832 178
30  SCSC 7156 151
10  ROR 7169 27
7
50  ROR 7410 35
30  SCSC 8853 117
10  ROR 9194 23
8
50  ROR 6656 68
30  SCSC 6738 176
10  SCSC 8626 142
9
50  ROR 2537 63
30  ROR 3150 31
10  SCSC 3301 182
10
50  SCSC 2637 185
30  ROR 3291 67
10  ROR 4050 39
11
50  ROR 1994 48
30  SCSC 2091 172
10  SCSC 2114 191
12
50  SCSC 1919 154
30  ROR 2081 32
10  ROR 2137 5
13
50  SCSC 3635 126
30  SCSC 3641 83
10  SCSC 3885 146
14
50  SCSC 3983 80
30  SCSC 4257 168
10  ROR 4316 20
15
50  SCSC 2862 159
30  SCSC 3194 208
10  SCSC 3463 166
16
50  SCSC 3125 200
30  ROR 3175 36
10  SCSC 3216 82
17
50  SCSC 6237 199
30  ROR 6372 47
10  ROR 7128 57
18
50  ROR 6254 28
30  SCSC 6556 133
10  SCSC 6657 192
19
50  SCSC 6151 108
30  ROR 6487 35
10  ROR 7791 24
20
50  SCSC 5587 156
30  ROR 5890 68
10  SCSC 7509 142
21
50  ROR 2909 63
30  SCSC 4619 182
10  SCSC 5152 183
22
50  ROR 3997 67
30  SCSC 4701 173
10  SCSC 5191 123
23
50  ROR 2778 21
30  SCSC 2875 191
10  ROR 3097 66
24
50  SCSC 2425 154
30  ROR 2470 5
10  ROR 2659 49
25
50  ROR 2044 56
30  SCSC 2089 126
10  ROR 2278 15
26
50  ROR 2088 26
30  SCSC 2220 196
10  SCSC 2271 168
27
50  SCSC 3313 159
30  ROR 3778 16
10  SCSC 3831 208
28
50  SCSC 3633 200
30  ROR 3850 36
10  SCSC 4544 144
29
50  ROR 3806 57
30  SCSC 4034 114
10  ROR 4128 69
30
50  SCSC 3432 120
30  SCSC 3545 178
10  ROR 3847 25
31
80  SCSC 3306 108
40  ROR 3550 35
0  ROR 3828 24
32
80  SCSC 3432 176
40  SCSC 3878 142
33
80  ROR 2116 34
40  SCSC 2565 105
0  ROR 2636 48
34
80  ROR 2250 38
40  ROR 2288 5
0  ROR 2943 32
35
50  SCSC 1728 83
30  ROR 1889 61
10  SCSC 1995 146
36
50  ROR 1883 6
30  ROR 2194 26
10  ROR 2291 17
37
50  ROR 3327 33
30  ROR 3482 14
10  SCSC 3894 166
38
50  ROR 3441 7
30  SCSC 4764 144
10  SCSC 4775 109
39
50  SCSC 3078 199
30  ROR 3241 10
10  ROR 3500 18
40
50  SCSC 3012 151
30  ROR 3207 28
10  SCSC 3447 192
41
50  ROR 3589 23
30  ROR 3606 24
10  SCSC 4072 117
42
50  SCSC 2747 156
30  SCSC 2783 201
43
50  ROR 2875 34
30  SCSC 3153 172
10  SCSC 3250 95
44
50  ROR 2753 38
30  SCSC 2935 160
10  ROR 3152 55
45
50  ROR 2326 61
30  SCSC 2507 184
10  SCSC 2697 171
46
50  ROR 2672 20
30  SCSC 2757 88
10  ROR 2881 17
47
50  SCSC 4256 125
30  ROR 5050 16
10  SCSC 5194 100
48
50  SCSC 4256 82
30  SCSC 4665 169
10  SCSC 5169 109
49
50  ROR 3527 47
30  SCSC 3997 107
10  SCSC 4313 165
50
50  SCSC 3432 178
30  ROR 3632 27
10  SCSC 3800 133
51
50  SCSC 4337 117
30  SCSC 5038 121
10  ROR 5203 23
52
50  SCSC 3234 156
30  SCSC 3339 201
10  ROR 3534 68
53
50  SCSC 16759 1641
54
50  SCSC 9056 1633
30  ROR 9445 1624
55
50  ROR 18003 1627
30  SCSC 19565 1634
56
50  ROR 16518 1628
30  SCSC 18470 1635
57
50  SCSC 13178 1636
30  ROR 13885 1629
58
50  ROR 14409 1630
30  SCSC 14856 1637
59
50  ROR 12591 1631
30  SCSC 13296 1638
60
50  ROR 12175 1632
30  SCSC 12758 1639
61
50  SCSC 11516 1640
SCORE:ROR,SCSC,2510,2940,-43.0
