ROR-TVT
1
50  ROR 9794 13
30  ROR 10469 56
10  TVT 11250 1868
2
50  TVT 9773 1951
30  ROR 10266 6
10  TVT 10577 1856
3
50  TVT 7662 1866
30  ROR 7756 33
10  ROR 8009 14
4
50  ROR 7966 7
30  TVT 9433 1917
10  ROR 9978 43
5
50  ROR 7441 10
30  TVT 7571 1867
6
50  ROR 7169 27
30  TVT 7397 1888
10  TVT 7590 1911
7
50  ROR 7410 35
30  ROR 9194 23
10  TVT 9332 1900
8
50  TVT 6297 1874
30  ROR 6656 68
10  TVT 8188 1860
9
50  ROR 2537 63
30  ROR 3150 31
10  TVT 4928 1875
10
50  TVT 3245 1950
30  ROR 3291 67
10  TVT 3347 1908
11
50  ROR 1994 48
30  TVT 2259 1952
10  TVT 2350 1890
12
50  TVT 2033 1946
30  ROR 2081 32
10  ROR 2137 5
13
50  ROR 3966 15
30  ROR 3968 56
10  ROR 3978 13
14
50  TVT 3875 1951
30  TVT 4012 1879
10  ROR 4316 20
15
50  TVT 3063 1866
30  TVT 3357 1845
10  ROR 3890 42
16
50  ROR 3175 36
30  ROR 4041 59
10  ROR 4160 44
17
50  ROR 6372 47
30  TVT 6991 1867
10  ROR 7128 57
18
50  ROR 6254 28
30  TVT 6400 1911
10  TVT 6771 1888
19
50  ROR 6487 35
30  ROR 7791 24
10  TVT 8321 1900
20
50  TVT 5377 1899
30  TVT 5753 1874
10  ROR 5890 68
21
50  ROR 2909 63
30  TVT 4982 1875
10  TVT 6514 1865
22
50  TVT 3774 1908
30  ROR 3997 67
10  TVT 4170 1950
23
50  TVT 2634 1892
30  TVT 2684 1952
10  ROR 2778 21
24
50  ROR 2470 5
30  TVT 2567 1946
10  ROR 2659 49
25
50  ROR 2044 56
30  ROR 2278 15
10  ROR 2544 30
26
50  ROR 2088 26
30  TVT 2397 1898
10  TVT 2513 1907
27
50  ROR 3778 16
30  TVT 4013 1845
10  TVT 4915 1859
28
50  ROR 3850 36
30  ROR 4956 59
10  TVT 5289 1880
29
50  ROR 3806 57
30  TVT 3845 1910
10  ROR 4128 69
30
50  TVT 3535 1888
30  TVT 3733 1911
10  ROR 3847 25
31
80  ROR 3550 35
40  ROR 3828 24
0  TVT 4059 1900
32
80  TVT 2849 1899
40  TVT 3656 1860
0  TVT 4069 1947
33
80  ROR 2116 34
40  ROR 2636 48
0  TVT 2840 1952
34
80  ROR 2250 38
40  ROR 2288 5
0  TVT 2670 1946
35
50  ROR 1889 61
30  TVT 2166 1868
10  TVT 2603 1909
36
50  ROR 1883 6
30  TVT 2050 1856
10  TVT 2078 1951
37
50  ROR 3327 33
30  TVT 3427 1866
10  ROR 3482 14
38
50  ROR 3441 7
30  TVT 4381 1917
10  ROR 5214 44
39
50  ROR 3241 10
30  TVT 3496 1867
10  ROR 3500 18
40
50  ROR 3207 28
30  TVT 3217 1888
10  ROR 3788 25
41
50  ROR 3589 23
30  ROR 3606 24
42
50  TVT 2764 1899
30  TVT 2776 1874
10  TVT 3737 1889
43
50  ROR 2875 34
30  TVT 3133 1952
10  TVT 3244 1892
44
50  TVT 2528 1946
30  ROR 2753 38
10  ROR 3152 55
45
50  ROR 2326 61
30  TVT 2798 1853
10  ROR 2839 50
46
50  TVT 2600 1856
30  TVT 2637 1907
10  TVT 2667 1879
47
50  TVT 4616 1913
30  TVT 4678 1916
10  ROR 5050 16
48
50  TVT 5013 1917
30  ROR 5233 43
10  TVT 5643 1886
49
50  ROR 3527 47
30  TVT 4377 1910
10  ROR 4453 22
50
50  ROR 3632 27
30  TVT 3877 1911
51
50  TVT 4934 1885
30  ROR 5203 23
52
50  TVT 3306 1874
30  ROR 3534 68
10  TVT 3969 1860
53
50  TVT 16803 1828
54
50  ROR 9445 1624
30  TVT 12231 1815
55
50  ROR 18003 1627
30  TVT 19785 1818
56
50  ROR 16518 1628
30  TVT 17443 1820
57
50  ROR 13885 1629
30  TVT 14320 1822
58
50  ROR 14409 1630
30  TVT 17419 1825
59
50  ROR 12591 1631
30  TVT 15096 1826
60
50  ROR 12175 1632
61
50  TVT 13181 1827
SCORE:ROR,TVT,3000,2390,61.0
