ROR-BJCCS
1
50  ROR 9794 13
30  ROR 10469 56
2
50  BJCCS 7311 1954
30  BJCCS 9619 1983
10  ROR 10266 6
3
50  ROR 7756 33
30  ROR 8009 14
10  BJCCS 9831 1977
4
50  ROR 7966 7
30  BJCCS 8868 1970
10  BJCCS 8910 1964
5
50  ROR 7441 10
30  BJCCS 7494 1958
10  BJCCS 9193 1972
6
50  ROR 7169 27
30  BJCCS 7580 1985
10  ROR 8022 64
7
50  ROR 7410 35
30  BJCCS 7577 1975
10  BJCCS 8144 1986
8
50  BJCCS 6444 1974
30  BJCCS 6544 1984
10  ROR 6656 68
9
50  BJCCS 2399 1956
30  ROR 2537 63
10  ROR 3150 31
10
50  ROR 3291 67
30  ROR 4050 39
10  ROR 5797 9
11
50  ROR 1994 48
30  BJCCS 2100 1973
10  ROR 2388 21
12
50  BJCCS 1892 1955
30  BJCCS 2070 1981
10  ROR 2081 32
13
50  ROR 3966 15
30  ROR 3968 56
10  ROR 3978 13
14
50  BJCCS 2934 1954
30  ROR 4316 20
10  ROR 4440 40
15
50  ROR 3890 42
30  BJCCS 4347 1976
16
50  ROR 3175 36
30  BJCCS 3568 1964
10  BJCCS 3666 1970
17
50  ROR 6372 47
30  BJCCS 7103 1958
10  ROR 7128 57
18
50  BJCCS 6120 1966
30  ROR 6254 28
10  ROR 6944 64
19
50  ROR 6487 35
30  BJCCS 6706 1975
10  BJCCS 7454 1986
20
50  BJCCS 5725 1974
30  ROR 5890 68
10  BJCCS 6940 1962
21
50  ROR 2909 63
30  BJCCS 2962 1956
10  BJCCS 3903 1989
22
50  ROR 3997 67
30  ROR 5540 39
10  ROR 7285 9
23
50  BJCCS 2553 1973
30  ROR 2778 21
10  BJCCS 3003 1957
24
50  BJCCS 2342 1955
30  ROR 2470 5
10  ROR 2659 49
25
50  ROR 2044 56
30  ROR 2278 15
10  ROR 2544 30
26
50  BJCCS 2019 1983
30  ROR 2088 26
10  BJCCS 2356 1988
27
50  ROR 3778 16
30  BJCCS 5075 1977
10  BJCCS 5514 1976
28
50  ROR 3850 36
30  BJCCS 4400 1970
10  ROR 4956 59
29
50  BJCCS 3747 1958
30  ROR 3806 57
10  ROR 4128 69
30
50  BJCCS 3247 1966
30  BJCCS 3419 1985
10  ROR 3847 25
31
80  ROR 3550 35
40  BJCCS 3610 1986
0  ROR 3828 24
32
80  BJCCS 2989 1984
40  BJCCS 3687 1962
0  BJCCS 4237 1982
33
80  ROR 2116 34
40  BJCCS 2559 1973
0  ROR 2636 48
34
80  BJCCS 2165 1981
40  ROR 2250 38
0  ROR 2288 5
35
50  ROR 1889 61
30  ROR 2712 30
36
50  BJCCS 1770 1983
30  ROR 1883 6
10  ROR 2194 26
37
50  ROR 3327 33
30  ROR 3482 14
10  BJCCS 4916 1977
38
50  ROR 3441 7
30  BJCCS 4031 1970
10  BJCCS 4178 1964
39
50  ROR 3241 10
30  ROR 3500 18
10  ROR 3513 57
40
50  BJCCS 3145 1966
30  ROR 3207 28
10  ROR 3788 25
41
50  ROR 3589 23
30  ROR 3606 24
42
50  BJCCS 3000 1974
30  BJCCS 3739 1962
10  BJCCS 3892 1982
43
50  ROR 2875 34
30  BJCCS 4025 1957
10  BJCCS 4197 1956
44
50  ROR 2753 38
30  BJCCS 3022 1955
10  ROR 3152 55
45
50  ROR 2326 61
30  ROR 2839 50
46
50  BJCCS 1744 1954
30  ROR 2672 20
10  ROR 2881 17
47
50  ROR 5050 16
30  ROR 5462 42
10  BJCCS 5529 1977
48
50  BJCCS 4834 1964
30  ROR 5233 43
10  BJCCS 5853 1987
49
50  ROR 3527 47
30  BJCCS 3875 1958
10  ROR 4453 22
50
50  ROR 3632 27
30  BJCCS 4163 1985
10  BJCCS 4372 1960
51
50  ROR 5203 23
52
50  ROR 3534 68
30  BJCCS 3897 1984
10  BJCCS 4203 1982
54
50  BJCCS 9233 1830
30  ROR 9445 1624
55
50  ROR 18003 1627
56
50  BJCCS 15437 1831
30  ROR 16518 1628
57
50  ROR 13885 1629
58
50  ROR 14409 1630
59
50  ROR 12591 1631
60
50  ROR 12175 1632
30  BJCCS 12532 1832
61
50  BJCCS 12031 1833
SCORE:ROR,BJCCS,3010,2190,82.0
