ROR-RW
1
50  ROR 9794 13
30  RW 10009 718
10  ROR 10469 56
2
50  RW 8968 753
30  RW 9600 762
10  ROR 10266 6
3
50  ROR 7756 33
30  ROR 8009 14
10  RW 8982 725
4
50  ROR 7966 7
30  ROR 9978 43
10  RW 10600 736
5
50  ROR 7441 10
30  RW 7908 773
10  RW 8319 735
6
50  ROR 7169 27
30  RW 7729 752
10  ROR 8022 64
7
50  ROR 7410 35
30  RW 7459 772
10  ROR 9194 23
8
50  ROR 6656 68
30  RW 6948 733
10  RW 7027 763
9
50  ROR 2537 63
30  RW 2557 688
10  ROR 3150 31
10
50  ROR 3291 67
30  RW 3534 751
10  ROR 4050 39
11
50  RW 1975 771
30  ROR 1994 48
10  ROR 2388 21
12
50  RW 1829 726
30  RW 2055 696
10  ROR 2081 32
13
50  RW 3735 718
30  RW 3906 701
10  ROR 3966 15
14
50  RW 3905 762
30  ROR 4316 20
10  ROR 4440 40
15
50  RW 3539 727
30  RW 3832 725
10  ROR 3890 42
16
50  ROR 3175 36
30  RW 3402 724
10  RW 3930 736
17
50  ROR 6372 47
30  ROR 7128 57
10  RW 7229 735
18
50  ROR 6254 28
30  RW 6623 752
10  ROR 6944 64
19
50  RW 6387 772
30  ROR 6487 35
10  ROR 7791 24
20
50  RW 5551 716
30  ROR 5890 68
10  RW 5951 763
21
50  ROR 2909 63
30  RW 3450 688
10  RW 4716 684
22
50  ROR 3997 67
30  RW 4079 695
10  RW 4291 751
23
50  ROR 2778 21
30  ROR 3097 66
10  ROR 3225 19
24
50  RW 2427 726
30  ROR 2470 5
10  ROR 2659 49
25
50  RW 1989 701
30  ROR 2044 56
10  RW 2244 715
26
50  RW 1908 753
30  ROR 2088 26
10  RW 2256 749
27
50  ROR 3778 16
30  RW 4563 743
10  RW 4912 729
28
50  ROR 3850 36
30  RW 4728 724
10  RW 4906 766
29
50  RW 3721 735
30  ROR 3806 57
10  ROR 4128 69
30
50  ROR 3847 25
30  RW 5444 691
10  RW 6076 769
31
80  ROR 3550 35
40  ROR 3828 24
0  RW 3927 722
32
80  RW 3041 716
40  RW 3259 742
0  RW 3425 690
33
80  ROR 2116 34
40  RW 2497 771
0  ROR 2636 48
34
80  ROR 2250 38
40  ROR 2288 5
0  RW 2609 696
35
50  ROR 1889 61
30  RW 1973 718
10  RW 2525 758
36
50  ROR 1883 6
30  RW 1899 762
10  ROR 2194 26
37
50  ROR 3327 33
30  ROR 3482 14
10  RW 4372 686
38
50  ROR 3441 7
30  RW 4420 736
10  RW 4496 766
39
50  ROR 3241 10
30  RW 3435 773
10  ROR 3500 18
40
50  ROR 3207 28
30  ROR 3788 25
10  RW 5377 769
41
50  RW 3266 772
30  ROR 3589 23
10  ROR 3606 24
42
50  RW 2739 716
30  RW 2939 733
10  RW 3106 742
43
50  RW 2462 771
30  ROR 2875 34
44
50  RW 2621 726
30  ROR 2753 38
10  ROR 3152 55
45
50  ROR 2326 61
30  RW 2351 701
10  ROR 2839 50
46
50  RW 2123 753
30  ROR 2672 20
10  ROR 2881 17
47
50  RW 4334 725
30  RW 4809 727
10  ROR 5050 16
48
50  ROR 5233 43
30  RW 5496 766
10  ROR 5885 41
49
50  ROR 3527 47
30  RW 3988 773
10  ROR 4453 22
50
50  ROR 3632 27
30  RW 4049 752
10  RW 5058 691
51
50  RW 4707 722
30  ROR 5203 23
52
50  ROR 3534 68
30  RW 3837 763
10  RW 4031 710
53
50  RW 17717 1691
54
50  ROR 9445 1624
30  RW 10673 1686
55
50  ROR 18003 1627
30  RW 18245 1687
56
50  ROR 16518 1628
30  RW 19983 1688
57
50  ROR 13885 1629
30  RW 15355 1689
58
50  ROR 14409 1630
59
50  ROR 12591 1631
60
50  ROR 12175 1632
SCORE:ROR,RW,2940,2360,58.0
