ROR-WAW
1
50  WAW 9200 1022
30  ROR 9794 13
10  ROR 10469 56
2
50  WAW 8528 1033
30  ROR 10266 6
10  WAW 10693 964
3
50  ROR 7756 33
30  ROR 8009 14
10  WAW 9045 931
4
50  WAW 7781 940
30  ROR 7966 7
10  ROR 9978 43
5
50  ROR 7441 10
30  WAW 7833 908
10  WAW 8719 1004
6
50  WAW 6684 904
30  ROR 7169 27
10  WAW 7572 1032
7
50  ROR 7410 35
30  WAW 7606 975
10  ROR 9194 23
8
50  WAW 6267 1012
30  ROR 6656 68
10  WAW 7387 1026
9
50  WAW 2516 959
30  ROR 2537 63
10  ROR 3150 31
10
50  WAW 2569 916
30  ROR 3291 67
10  WAW 3534 947
11
50  WAW 1876 1021
30  ROR 1994 48
10  ROR 2388 21
12
50  WAW 2056 961
30  ROR 2081 32
10  ROR 2137 5
13
50  WAW 3626 939
30  ROR 3966 15
10  ROR 3968 56
14
50  WAW 3897 964
30  WAW 4081 996
10  WAW 4251 912
15
50  WAW 3166 938
30  ROR 3890 42
10  WAW 4014 950
16
50  ROR 3175 36
30  ROR 4041 59
10  ROR 4160 44
17
50  ROR 6372 47
30  WAW 7038 929
10  ROR 7128 57
18
50  ROR 6254 28
30  WAW 6524 1030
10  ROR 6944 64
19
50  ROR 6487 35
30  WAW 7012 975
10  ROR 7791 24
20
50  ROR 5890 68
30  WAW 6546 1026
10  WAW 7147 948
21
50  ROR 2909 63
30  WAW 3312 959
10  WAW 4987 913
22
50  WAW 3255 916
30  WAW 3816 947
10  ROR 3997 67
23
50  WAW 2516 1021
30  ROR 2778 21
10  WAW 3094 980
24
50  ROR 2470 5
30  ROR 2659 49
10  WAW 2953 956
25
50  ROR 2044 56
30  ROR 2278 15
10  WAW 2369 906
26
50  WAW 1809 915
30  ROR 2088 26
10  WAW 2300 996
27
50  ROR 3778 16
30  WAW 4452 918
10  WAW 5397 1013
28
50  WAW 3533 940
30  ROR 3850 36
10  ROR 4956 59
29
50  WAW 3721 929
30  ROR 3806 57
10  ROR 4128 69
30
50  WAW 3430 1030
30  ROR 3847 25
10  WAW 5037 1010
31
80  ROR 3550 35
40  ROR 3828 24
0  WAW 5869 1018
32
80  WAW 3298 976
40  WAW 3409 948
0  WAW 3836 937
33
80  ROR 2116 34
40  ROR 2636 48
0  ROR 3409 66
34
80  ROR 2250 38
40  ROR 2288 5
0  ROR 2943 32
35
50  ROR 1889 61
30  WAW 2463 906
10  WAW 2667 955
36
50  WAW 1765 915
30  ROR 1883 6
10  ROR 2194 26
37
50  ROR 3327 33
30  ROR 3482 14
10  WAW 3497 938
38
50  ROR 3441 7
30  WAW 3681 940
10  ROR 5214 44
39
50  ROR 3241 10
30  ROR 3500 18
10  ROR 3513 57
40
50  WAW 2938 904
30  ROR 3207 28
10  ROR 3788 25
41
50  WAW 3582 971
30  ROR 3589 23
10  ROR 3606 24
42
50  WAW 2976 976
30  WAW 3246 1026
10  WAW 3267 968
43
50  WAW 2456 1021
30  ROR 2875 34
10  WAW 3985 925
44
50  ROR 2753 38
30  ROR 3152 55
10  WAW 3223 902
45
50  WAW 2035 1022
30  WAW 2119 939
10  ROR 2326 61
46
50  WAW 1937 1033
30  WAW 2572 912
10  ROR 2672 20
47
50  WAW 4628 931
30  WAW 4840 950
10  WAW 4857 970
48
50  ROR 5233 43
30  WAW 5776 998
10  ROR 5885 41
49
50  ROR 3527 47
30  WAW 4032 908
10  ROR 4453 22
50
50  ROR 3632 27
30  WAW 3637 1032
10  WAW 4833 943
51
50  WAW 3975 971
30  WAW 4857 957
10  ROR 5203 23
52
50  WAW 3347 1012
30  ROR 3534 68
10  WAW 3827 948
53
50  WAW 14403 1722
54
50  ROR 9445 1624
30  WAW 9827 1709
55
50  WAW 16351 1711
30  ROR 18003 1627
56
50  WAW 15537 1713
30  ROR 16518 1628
57
50  ROR 13885 1629
30  WAW 14803 1715
58
50  ROR 14409 1630
30  WAW 30791 1717
59
50  ROR 12591 1631
30  WAW 13606 1718
60
50  WAW 11946 1720
30  ROR 12175 1632
61
50  WAW 11575 1721
SCORE:ROR,WAW,2730,2730,0.0
