ROR-SL
1
50  ROR 9794 13
30  ROR 10469 56
10  SL 11744 2907
2
50  SL 8346 2877
30  SL 8361 2923
10  ROR 10266 6
3
50  ROR 7756 33
30  ROR 8009 14
10  SL 8950 2918
4
50  ROR 7966 7
30  SL 9534 2909
10  ROR 9978 43
5
50  SL 7340 2901
30  SL 7391 2928
10  ROR 7441 10
6
50  SL 7120 2921
30  ROR 7169 27
10  SL 7529 2886
7
50  ROR 7410 35
30  ROR 9194 23
8
50  ROR 6656 68
30  SL 7163 2917
9
50  ROR 2537 63
30  ROR 3150 31
10  SL 5934 2911
10
50  ROR 3291 67
30  ROR 4050 39
10  SL 4113 2913
11
50  SL 1652 2876
30  SL 1699 2908
10  SL 1840 2885
12
50  SL 1650 2874
30  ROR 2081 32
10  ROR 2137 5
13
50  ROR 3966 15
30  ROR 3968 56
10  ROR 3978 13
14
50  SL 3409 2923
30  ROR 4316 20
10  SL 4400 2894
15
50  SL 3377 2884
30  SL 3550 2920
10  SL 3600 2918
16
50  ROR 3175 36
30  SL 3384 2909
10  SL 3680 2880
17
50  SL 6280 2928
30  SL 6354 2901
10  ROR 6372 47
18
50  SL 6249 2921
30  ROR 6254 28
10  SL 6403 2883
19
50  ROR 6487 35
30  ROR 7791 24
20
50  ROR 5890 68
30  SL 5976 2917
10  SL 7788 2925
21
50  ROR 2909 63
22
50  ROR 3997 67
30  ROR 5540 39
10  ROR 7285 9
23
50  SL 1968 2876
30  SL 2090 2908
10  SL 2282 2885
24
50  SL 2070 2874
30  ROR 2470 5
10  ROR 2659 49
25
50  ROR 2044 56
30  ROR 2278 15
10  SL 2450 2907
26
50  SL 1912 2877
30  SL 2043 2899
10  ROR 2088 26
27
50  ROR 3778 16
30  SL 4425 2918
10  SL 4534 2897
28
50  ROR 3850 36
30  SL 4029 2909
10  ROR 4956 59
29
50  SL 3388 2928
30  ROR 3806 57
10  ROR 4128 69
30
50  SL 3439 2883
30  ROR 3847 25
10  SL 4214 2932
31
80  ROR 3550 35
40  ROR 3828 24
32
80  SL 3410 2917
40  SL 5208 2925
33
80  SL 1860 2876
40  ROR 2116 34
0  SL 2121 2908
34
80  SL 2033 2874
40  ROR 2250 38
0  ROR 2288 5
35
50  ROR 1889 61
30  SL 2492 2907
10  SL 2657 2905
36
50  SL 1757 2877
30  ROR 1883 6
10  SL 2149 2899
37
50  ROR 3327 33
30  ROR 3482 14
10  SL 4031 2920
38
50  ROR 3441 7
30  SL 4922 2909
10  ROR 5214 44
39
50  ROR 3241 10
30  SL 3265 2928
10  SL 3427 2901
40
50  ROR 3207 28
30  ROR 3788 25
10  SL 4456 2932
41
50  ROR 3589 23
30  ROR 3606 24
42
50  SL 2859 2917
43
50  SL 2284 2876
30  SL 2790 2885
10  ROR 2875 34
44
50  SL 2286 2874
30  ROR 2753 38
10  ROR 3152 55
45
50  ROR 2326 61
30  ROR 2839 50
10  SL 2892 2907
46
50  SL 1938 2923
30  SL 2446 2899
10  ROR 2672 20
47
50  SL 4651 2912
30  SL 4742 2918
10  ROR 5050 16
48
50  ROR 5233 43
30  ROR 5885 41
10  SL 6701 2931
49
50  ROR 3527 47
30  SL 3903 2901
10  SL 4117 2916
50
50  SL 3447 2921
30  ROR 3632 27
10  SL 3884 2904
51
50  ROR 5203 23
52
50  ROR 3534 68
53
50  SL 23862 1969
54
50  ROR 9445 1624
30  SL 11727 1961
55
50  ROR 18003 1627
30  SL 20788 1963
56
50  SL 15044 1965
30  ROR 16518 1628
57
50  ROR 13885 1629
30  SL 15791 1966
58
50  ROR 14409 1630
59
50  ROR 12591 1631
30  SL 15156 1967
60
50  ROR 12175 1632
30  SL 12371 1968
SCORE:ROR,SL,2760,2420,34.0
