RSST-RMR
1
50  RSST 2750 205
30  RMR 2853 1180
10  RSST 2972 189
2
50  RMR 3130 2820(Y) 1188
30  RSST 3178 158
10  RSST 3297 157
3
50  RMR 2897 2610(Y) 1254
30  RMR 3228 1596
10  RSST 3352 207
4
50  RMR 3152 2840(Y) 1231
30  RSST 3153 183
10  RMR 3186 2871(Y) 1241
5
50  RSST 3086 149
30  RMR 3426 3087(Y) 1237
10  RSST 3437 3097(Y) 127
6
50  RMR 3281 1219
30  RSST 3332 159
10  RSST 3412 212
7
50  RSST 1709 1540(Y) 123
30  RMR 1731 1220
10  RMR 1737 1184
8
50  RMR 1768 1174
30  RMR 1844 1263
10  RMR 1862 1678(Y) 1240
9
50  RMR 1730 1559(Y) 1221
30  RSST 1897 126
10  RSST 1908 1719(Y) 122
10
50  RSST 1887 1700(Y) 191
30  RMR 2022 1206
10  RMR 2029 1828(Y) 1228
11
50  RMR 2806 1176
30  RSST 3078 163
10  RMR 3228 1194
12
50  RMR 2675 1175
30  RMR 3015 1236
10  RMR 3372 1243
13
50  RMR 7365 1593
30  RMR 7497 1180
10  RSST 7643 205
14
50  RSST 7538 6791(Y) 158
30  RSST 7722 6957(Y) 157
10  RMR 8643 1227
15
50  RMR 7475 1254
30  RMR 8232 1596
10  RSST 9219 207
16
50  RMR 8169 1185
30  RSST 8346 7519(Y) 183
10  RMR 8497 1241
17
50  RSST 8047 7250(Y) 149
30  RSST 9497 127
10  RMR 9555 1573
18
50  RMR 8106 7303(Y) 1219
30  RSST 8500 159
10  RMR 8813 7940(Y) 1224
19
50  RMR 10847 1221
30  RMR 10856 1577
10  RMR 10928 1220
20
50  RMR 10406 1263
30  RMR 10882 1174
10  RSST 11315 201
21
50  RSST 3467 3124(Y) 189
30  RMR 3702 3336(Y) 1195
10  RMR 3728 1593
22
50  RSST 4172 157
30  RMR 4297 1168
10  RMR 4562 1227
23
50  RMR 3645 3284(Y) 1596
30  RMR 3862 1254
10  RSST 4450 207
24
50  RSST 4215 3798(Y) 183
30  RMR 4242 3822(Y) 1241
10  RMR 4577 1268
25
50  RMR 4158 3746(Y) 1573
30  RSST 4509 149
10  RMR 4715 1197
26
50  RMR 4129 3720(Y) 1219
30  RMR 4302 3876(Y) 1224
10  RSST 4500 159
27
50  RMR 2454 1220
30  RSST 2521 2272(Y) 143
10  RMR 2535 2284(Y) 1258
28
50  RMR 2353 1263
30  RSST 2360 2127(Y) 135
10  RMR 2446 1189
29
50  RMR 2657 1221
30  RSST 2887 122
10  RSST 3262 1614
30
50  RSST 2496 2249(Y) 145
30  RSST 2534 144
10  RMR 2684 1242
31
80  RSST 13250 1437
40  RMR 13841 1996
32
80  RSST 16562 1984
40  RMR 16901 1425
33
80  RMR 8831 2000
40  RSST 9462 1571
34
80  RSST 10434 1690
40  RMR 10597 1249
35
50  RMR 3620 1597
30  RMR 3669 1257
10  RMR 3693 1594
36
50  RSST 3503 3156(Y) 158
30  RSST 3781 157
10  RMR 4016 1168
37
50  RMR 3603 1254
30  RMR 4219 1203
10  RMR 4240 1272
38
50  RMR 3621 1185
30  RSST 3931 183
10  RMR 3935 1241
39
50  RSST 4107 3700(Y) 127
30  RSST 4254 149
10  RMR 4500 1197
40
50  RMR 3922 1219
30  RMR 4179 3765(Y) 1262
10  RMR 4187 1224
41
50  RMR 2175 1184
30  RSST 2185 123
10  RMR 2265 1577
42
50  RSST 2135 1924(Y) 201
30  RMR 2194 1174
10  RSST 2306 173
43
50  RMR 2247 1221
30  RSST 2403 126
10  RSST 2569 2315(Y) 1614
44
50  RMR 2288 1206
30  RSST 2365 2131(Y) 191
10  RMR 2390 1228
45
50  RSST 3250 2928(Y) 163
30  RMR 3519 1176
10  RSST 4058 179
46
50  RMR 2984 1236
30  RMR 3125 1175
10  RMR 3469 1243
47
50  RMR 6314 5689(Y) 1180
30  RMR 6322 1593
10  RSST 6619 205
48
50  RSST 6615 158
30  RMR 7432 1188
10  RSST 7631 150
49
50  RMR 7975 1203
30  RMR 8083 1272
10  RMR 8141 1179
50
50  RMR 7025 1185
30  RMR 7159 1231
10  RSST 7597 193
51
50  RMR 7897 7115(Y) 1237
30  RSST 8057 7259(Y) 127
10  RMR 8314 1197
52
50  RSST 7250 159
30  RSST 7894 7112(Y) 146
10  RMR 7907 7124(Y) 1224
53
50  RMR 3894 1184
30  RMR 3928 1220
10  RMR 4050 1577
54
50  RMR 4122 1174
30  RMR 4266 1263
10  RSST 4278 173
55
50  RSST 4418 126
30  RSST 4509 4063(Y) 122
10  RSST 4745 4275(Y) 1614
56
50  RSST 4471 4028(Y) 164
30  RSST 4529 4081(Y) 191
10  RMR 4605 4149(Y) 1228
57
50  RSST 3101 2794(Y) 189
30  RMR 3216 1180
10  RSST 3231 205
58
50  RMR 3843 1188
30  RMR 3869 1186
10  RMR 4138 1168
59
50  RMR 3406 1596
30  RMR 4397 1203
10  RMR 4485 1581
60
50  RMR 3559 1185
30  RSST 3781 129
10  RMR 3980 1268
61
50  RMR 4062 3660(Y) 1237
30  RMR 4162 1197
10  RMR 4716 1573
62
50  RSST 4054 3653(Y) 146
30  RSST 4325 165
10  RMR 4385 1190
63
50  RMR 1978 1184
30  RMR 2462 1577
10  RMR 2537 1258
64
50  RSST 2241 201
30  RSST 2284 131
10  RSST 2434 153
65
50  RSST 2556 1601
30  RSST 2919 122
10  RSST 3037 126
66
50  RSST 2257 2034(Y) 164
30  RMR 2340 2109(Y) 1242
10  RSST 2578 145
67
80  RMR 13393 1591
68
80  RSST 14039 1993
40  RMR 14112 1708
SCORE:RSST,RMR,2590,3670,-108.0
