RSST-BAR
1
50  RSST 2750 205
30  BAR 2892 239
10  RSST 2972 189
2
50  BAR 3086 283
30  BAR 3150 2838(Y) 236
10  RSST 3178 158
3
50  BAR 3199 2882(Y) 249
30  BAR 3286 1507
10  RSST 3352 207
4
50  RSST 3153 183
30  RSST 3433 213
10  RSST 3478 136
5
50  RSST 3086 149
30  RSST 3437 3097(Y) 127
10  BAR 3814 225
6
50  RSST 3332 159
30  BAR 3348 3017(Y) 298
10  RSST 3412 212
7
50  RSST 1709 1540(Y) 123
30  BAR 1795 1618(Y) 224
10  BAR 1901 269
8
50  BAR 1684 1518(Y) 227
30  RSST 1876 1611
10  RSST 1906 152
9
50  RSST 1897 126
30  RSST 1908 1719(Y) 122
10  RSST 2069 1614
10
50  RSST 1887 1700(Y) 191
30  RSST 2039 1837(Y) 164
10  RSST 2098 1606
11
50  BAR 2566 2312(Y) 275
30  RSST 3078 163
10  RSST 3600 147
12
50  BAR 3204 301
30  RSST 3979 1603
10  RSST 4169 117
13
50  RSST 7643 205
30  RSST 7872 189
10  BAR 7998 239
14
50  RSST 7538 6791(Y) 158
30  RSST 7722 6957(Y) 157
10  BAR 7777 283
15
50  BAR 8387 249
30  BAR 8829 289
10  RSST 9219 207
16
50  RSST 8346 7519(Y) 183
30  RSST 8824 193
10  RSST 8937 213
17
50  RSST 8047 7250(Y) 149
30  RSST 9497 127
10  BAR 10659 226
18
50  RSST 8500 159
30  RSST 8826 7952(Y) 146
10  RSST 9625 212
19
50  BAR 10602 9552(Y) 269
30  RSST 11315 123
10  RSST 12503 211
20
50  BAR 9689 8729(Y) 227
30  RSST 11315 201
10  RSST 11503 164
21
50  RSST 3467 3124(Y) 189
30  RSST 3928 205
10  BAR 3977 239
22
50  BAR 4060 3658(Y) 236
30  RSST 4172 157
10  BAR 4408 300
23
50  BAR 4047 249
30  RSST 4450 207
10  BAR 4521 1507
24
50  BAR 4169 3756(Y) 237
30  RSST 4215 3798(Y) 183
10  BAR 4237 3818(Y) 276
25
50  RSST 4509 149
30  BAR 5206 225
10  RSST 5297 127
26
50  BAR 4333 3904(Y) 298
30  RSST 4500 159
10  BAR 4582 4128(Y) 297
27
50  RSST 2521 2272(Y) 143
30  RSST 2565 123
10  BAR 2577 2322(Y) 269
28
50  BAR 2299 2072(Y) 227
30  RSST 2360 2127(Y) 135
10  RSST 2575 131
29
50  RSST 2887 122
30  RSST 3262 1614
10  RSST 3274 1601
30
50  RSST 2496 2249(Y) 145
30  RSST 2534 144
10  RSST 2761 2488(Y) 1606
31
80  RSST 13250 1437
40  BAR 14630 1120
32
80  RSST 16562 1984
40  BAR 17826 1469
33
80  RSST 9462 1571
40  BAR 9737 2024
34
80  RSST 10434 1690
40  BAR 12552 1663
35
50  BAR 3631 244
30  BAR 3775 239
10  RSST 4022 166
36
50  RSST 3503 3156(Y) 158
30  BAR 3582 283
10  BAR 3763 300
37
50  BAR 4235 289
30  BAR 4357 249
10  RSST 4384 125
38
50  RSST 3931 183
30  RSST 3940 213
10  RSST 4244 193
39
50  RSST 4107 3700(Y) 127
30  RSST 4254 149
10  RSST 4552 4101(Y) 200
40
50  RSST 4230 146
30  BAR 4293 3868(Y) 298
10  RSST 4314 3887(Y) 165
41
50  RSST 2185 123
30  BAR 2305 2077(Y) 256
10  RSST 2372 211
42
50  RSST 2135 1924(Y) 201
30  RSST 2306 173
10  RSST 2337 2106(Y) 152
43
50  RSST 2403 126
30  RSST 2569 2315(Y) 1614
10  RSST 2664 2400(Y) 142
44
50  RSST 2365 2131(Y) 191
30  RSST 2414 2175(Y) 164
10  RSST 2473 2228(Y) 145
45
50  RSST 3250 2928(Y) 163
30  RSST 4058 179
10  RSST 4568 175
46
50  BAR 4713 301
30  RSST 5100 117
10  BAR 5498 218
47
50  RSST 6619 205
30  RSST 6969 189
10  RSST 7166 166
48
50  RSST 6615 158
30  BAR 6716 283
10  BAR 6973 6282(Y) 236
49
50  BAR 7924 1507
30  RSST 8806 207
10  BAR 9833 1516
50
50  RSST 7597 193
30  RSST 7844 136
10  BAR 7984 230
51
50  BAR 9143 226
30  BAR 9210 255
10  RSST 9609 1602
52
50  RSST 7250 159
30  RSST 7894 7112(Y) 146
10  BAR 7957 7169(Y) 298
53
50  BAR 4172 3759(Y) 269
30  RSST 4259 211
10  BAR 4510 256
54
50  BAR 3875 3491(Y) 227
30  RSST 4278 173
10  RSST 4413 201
55
50  RSST 4418 126
30  RSST 4509 4063(Y) 122
10  RSST 4745 4275(Y) 1614
56
50  RSST 4471 4028(Y) 164
30  RSST 4529 4081(Y) 191
10  BAR 4667 258
57
50  RSST 3507 166
58
50  RSST 3510 3163(Y) 157
30  BAR 3880 250
10  BAR 3903 215
59
50  BAR 3992 289
30  RSST 4585 125
60
50  RSST 3781 129
30  BAR 3965 230
10  RSST 4025 193
61
50  BAR 5105 293
30  BAR 5147 225
10  RSST 6006 1602
62
50  RSST 4054 3653(Y) 146
30  RSST 4325 165
10  BAR 4404 228
63
50  BAR 2768 224
30  RSST 2903 130
10  RSST 3050 211
64
50  RSST 2241 201
30  RSST 2284 131
10  RSST 2434 153
65
50  RSST 2556 1601
30  RSST 2919 122
10  RSST 3037 126
66
50  BAR 2420 223
30  BAR 2551 2299(Y) 229
10  RSST 2578 145
67
80  RSST 15766 1577
40  BAR 16704 2028
68
80  RSST 14039 1993
40  BAR 16356 2029
SCORE:RSST,BAR,4060,2190,187.0
