RSST-WRST
1
50  RSST 2750 205
30  RSST 2972 189
10  WRST 2988 1108
2
50  WRST 3089 1112
30  RSST 3178 158
10  WRST 3225 1629
3
50  WRST 2898 2611(Y) 1097
30  WRST 3226 1149
10  WRST 3278 1104
4
50  RSST 3153 183
30  RSST 3433 213
10  RSST 3478 136
5
50  RSST 3086 149
30  WRST 3410 1636
10  RSST 3437 3097(Y) 127
6
50  RSST 3332 159
30  RSST 3412 212
10  WRST 3481 1628
7
50  RSST 1709 1540(Y) 123
30  WRST 1718 1092
10  WRST 1738 1089
8
50  RSST 1876 1611
30  RSST 1906 152
10  RSST 1910 201
9
50  RSST 1897 126
30  RSST 1908 1719(Y) 122
10  RSST 2069 1614
10
50  WRST 1849 1666(Y) 1075
30  RSST 1887 1700(Y) 191
10  RSST 2039 1837(Y) 164
11
50  WRST 3009 1074
30  RSST 3078 163
10  WRST 3237 1635
12
50  WRST 3422 1106
30  WRST 3482 1095
10  WRST 3739 1090
13
50  RSST 7643 205
30  WRST 7694 1108
10  RSST 7872 189
14
50  WRST 7266 1111
30  RSST 7538 6791(Y) 158
10  RSST 7722 6957(Y) 157
15
50  WRST 7416 1097
30  RSST 9219 207
10  WRST 9471 1104
16
50  RSST 8346 7519(Y) 183
30  RSST 8824 193
10  RSST 8937 213
17
50  RSST 8047 7250(Y) 149
30  WRST 9282 1636
10  RSST 9497 127
18
50  RSST 8500 159
30  RSST 8826 7952(Y) 146
10  WRST 9518 1634
19
50  WRST 10718 1092
30  RSST 11315 123
10  WRST 12377 1089
20
50  WRST 10958 1075
30  RSST 11315 201
10  RSST 11503 164
21
50  RSST 3467 3124(Y) 189
30  RSST 3928 205
10  WRST 4169 1108
22
50  WRST 3837 1111
30  RSST 4172 157
10  WRST 4459 1629
23
50  RSST 4450 207
30  WRST 4500 1149
10  WRST 4956 1093
24
50  RSST 4215 3798(Y) 183
30  RSST 4626 213
10  RSST 4843 193
25
50  RSST 4509 149
30  WRST 4766 1636
10  WRST 4842 4363(Y) 1144
26
50  RSST 4500 159
30  RSST 4697 4232(Y) 151
10  WRST 4729 1138
27
50  RSST 2521 2272(Y) 143
30  RSST 2565 123
10  WRST 2815 1092
28
50  RSST 2360 2127(Y) 135
30  RSST 2575 131
10  RSST 2750 152
29
50  RSST 2887 122
30  WRST 3131 1091
10  RSST 3262 1614
30
50  RSST 2496 2249(Y) 145
30  RSST 2534 144
10  WRST 2631 2371(Y) 1075
31
80  WRST 13206 1449
40  RSST 13250 1437
32
80  RSST 16562 1984
40  WRST 17725 1600
33
80  RSST 9462 1571
40  WRST 10004 1455
34
80  RSST 10434 1690
40  WRST 10989 1236
35
50  WRST 3348 3017(Y) 1108
30  RSST 4022 166
10  WRST 4377 1145
36
50  WRST 3444 1112
30  WRST 3456 1111
10  RSST 3503 3156(Y) 158
37
50  RSST 4384 125
30  RSST 4531 207
10  WRST 4619 1104
38
50  RSST 3931 183
30  RSST 3940 213
10  RSST 4244 193
39
50  RSST 4107 3700(Y) 127
30  RSST 4254 149
10  WRST 4384 1143
40
50  WRST 4194 1628
30  RSST 4230 146
10  WRST 4239 3819(Y) 1622
41
50  WRST 2160 1092
30  RSST 2185 123
10  WRST 2241 1089
42
50  RSST 2135 1924(Y) 201
30  RSST 2306 173
10  RSST 2337 2106(Y) 152
43
50  RSST 2403 126
30  RSST 2569 2315(Y) 1614
10  RSST 2664 2400(Y) 142
44
50  RSST 2365 2131(Y) 191
30  RSST 2414 2175(Y) 164
10  RSST 2473 2228(Y) 145
45
50  RSST 3250 2928(Y) 163
30  WRST 3393 3057(Y) 1635
10  WRST 3791 1155
46
50  WRST 3966 1095
30  WRST 4150 1106
10  WRST 4350 1090
47
50  RSST 6619 205
30  RSST 6969 189
10  WRST 7003 1145
48
50  WRST 6540 1112
30  RSST 6615 158
10  RSST 6987 157
49
50  WRST 6372 1097
30  WRST 7828 1104
10  WRST 8591 1096
50
50  RSST 7597 193
30  RSST 7844 136
10  RSST 8171 132
51
50  WRST 7784 1636
30  WRST 7934 1143
10  WRST 7936 7150(Y) 1099
52
50  RSST 7250 159
30  RSST 7894 7112(Y) 146
10  WRST 7978 1634
53
50  WRST 3896 1089
30  WRST 3977 3583(Y) 1623
10  RSST 4259 211
54
50  RSST 4278 173
30  RSST 4413 201
10  RSST 4616 194
55
50  RSST 4418 126
30  RSST 4509 4063(Y) 122
10  RSST 4745 4275(Y) 1614
56
50  WRST 4257 3836(Y) 1075
30  RSST 4471 4028(Y) 164
10  RSST 4529 4081(Y) 191
57
50  WRST 3484 1145
30  RSST 3507 166
58
50  WRST 3243 1111
30  RSST 3510 3163(Y) 157
59
50  WRST 3177 2863(Y) 1097
30  RSST 4585 125
10  WRST 4854 1686
60
50  RSST 3781 129
30  RSST 4166 136
10  RSST 4591 128
61
50  WRST 4103 1638
30  WRST 4662 1128
10  WRST 5246 1154
62
50  RSST 4054 3653(Y) 146
30  WRST 4114 1628
10  RSST 4325 165
63
50  WRST 2295 1623
30  WRST 2378 1624
10  WRST 2744 1102
64
50  RSST 2284 131
30  RSST 2434 153
10  RSST 2447 194
65
50  RSST 2556 1601
30  WRST 2713 2445(Y) 1091
10  RSST 2919 122
66
50  RSST 2578 145
30  RSST 3036 124
10  WRST 3087 1156
67
80  WRST 13472 1860
40  RSST 15766 1577
68
80  RSST 14039 1993
40  WRST 14732 1609
SCORE:RSST,WRST,3820,2460,136.0
