RSST-WKW
1
50  WKW 2632 334
30  RSST 2639 2378(Y) 576
10  RSST 2650 510
2
50  RSST 2923 2634(Y) 541
30  WKW 2969 2675(Y) 382
10  RSST 3083 2778(Y) 553
3
50  WKW 3292 331
30  WKW 3295 305
10  RSST 3344 500
4
50  RSST 3046 517
30  WKW 3378 345
10  WKW 3431 340
5
50  RSST 3181 2866(Y) 496
30  WKW 3265 2942(Y) 365
10  WKW 3570 3217(Y) 358
6
50  RSST 2947 2655(Y) 542
30  WKW 3188 1584
10  RSST 3238 2918(Y) 497
7
50  WKW 1592 1435(Y) 313
30  RSST 1699 1531(Y) 531
10  RSST 1744 532
8
50  RSST 1554 533
30  WKW 1672 1587
10  WKW 1693 330
9
50  RSST 1770 1595(Y) 1488
30  RSST 2050 1847(Y) 512
10  WKW 2163 293
10
50  RSST 2090 1883(Y) 1474
30  RSST 2152 1939(Y) 475
10  WKW 2187 1971(Y) 371
11
50  RSST 2526 2276(Y) 519
30  RSST 2762 2489(Y) 543
10  WKW 3033 297
12
50  RSST 3399 3063(Y) 513
30  RSST 3519 1483
10  WKW 3717 372
13
50  WKW 6425 334
30  RSST 6719 510
10  WKW 6806 6132(Y) 389
14
50  RSST 7322 6597(Y) 541
30  WKW 7549 6801(Y) 382
10  RSST 7892 7110(Y) 553
15
50  WKW 9134 331
30  RSST 9242 484
10  RSST 9493 8553(Y) 500
16
50  RSST 7472 6732(Y) 517
30  WKW 8704 329
10  WKW 9165 340
17
50  RSST 8411 7578(Y) 496
30  WKW 9319 365
10  WKW 9943 358
18
50  WKW 7391 6659(Y) 1584
30  RSST 7581 6830(Y) 542
10  RSST 7741 497
19
50  RSST 9689 532
30  RSST 10059 1488
10  WKW 11119 313
20
50  RSST 8522 533
30  WKW 8900 1587
10  RSST 9157 8250(Y) 477
21
50  RSST 3382 3047(Y) 576
30  WKW 3398 334
10  WKW 3823 389
22
50  RSST 3576 3222(Y) 541
30  WKW 4005 3609(Y) 1594
10  RSST 4033 3634(Y) 553
23
50  WKW 4352 361
30  WKW 4446 310
10  RSST 4631 548
24
50  RSST 3940 3550(Y) 517
30  WKW 4416 386
10  WKW 4613 340
25
50  RSST 4578 4125(Y) 496
30  WKW 4650 4190(Y) 324
10  WKW 4710 4244(Y) 358
26
50  RSST 3877 497
30  RSST 4418 3981(Y) 1475
10  RSST 4527 1603
27
50  RSST 2366 2132(Y) 546
30  RSST 2417 2178(Y) 532
10  RSST 2547 531
28
50  RSST 2121 533
30  RSST 2137 537
10  RSST 2153 1940(Y) 477
29
50  RSST 2513 1488
30  RSST 3456 519
10  RSST 3492 485
30
50  RSST 2773 2499(Y) 1474
30  WKW 2966 364
10  RSST 3157 1477
31
80  RSST 12505 882
40  WKW 13210 120
32
80  RSST 14098 884
40  WKW 16884 686
33
80  RSST 8068 7269(Y) 425
40  WKW 8372 688
34
80  RSST 10282 890
40  WKW 11882 691
35
50  WKW 3103 2796(Y) 389
30  RSST 3265 576
10  RSST 3947 573
36
50  WKW 3402 3065(Y) 382
30  RSST 3728 3359(Y) 541
10  RSST 3802 553
37
50  RSST 4369 500
30  RSST 4440 1714
10  RSST 4534 480
38
50  RSST 3485 517
30  WKW 3953 307
10  RSST 3963 3571(Y) 574
39
50  WKW 4401 3965(Y) 365
30  WKW 4456 358
10  RSST 4537 496
40
50  WKW 3416 3078(Y) 1584
30  RSST 3494 1603
10  RSST 3538 3188(Y) 542
41
50  RSST 2023 532
30  RSST 2217 481
10  RSST 2253 2030(Y) 1476
42
50  RSST 1934 533
30  WKW 2000 308
10  WKW 2006 1587
43
50  RSST 2096 1889(Y) 1488
30  RSST 2611 2353(Y) 556
10  WKW 2644 1596
44
50  RSST 2517 2268(Y) 1474
30  RSST 2538 2287(Y) 530
10  RSST 2707 2439(Y) 475
45
50  RSST 2856 2573(Y) 519
30  RSST 3103 2796(Y) 549
10  RSST 3805 3428(Y) 543
46
50  RSST 3571 513
30  WKW 3944 378
10  WKW 4116 372
47
50  WKW 5615 334
30  RSST 5714 5148(Y) 510
10  WKW 6088 389
48
50  WKW 6502 5858(Y) 382
30  RSST 6805 6131(Y) 508
10  RSST 7280 6559(Y) 501
49
50  WKW 7801 305
30  WKW 7894 331
10  RSST 7930 500
50
50  WKW 7399 6666(Y) 329
30  WKW 7603 345
10  WKW 7687 307
51
50  WKW 7730 6964(Y) 365
30  RSST 8743 7877(Y) 492
10  WKW 9131 314
52
50  RSST 6454 5815(Y) 542
30  WKW 6506 5862(Y) 1584
10  RSST 7024 6328(Y) 1603
53
50  WKW 3661 3299(Y) 313
30  RSST 4107 3700(Y) 481
10  RSST 4128 531
54
50  WKW 3591 1587
30  RSST 3702 3336(Y) 477
10  WKW 3706 330
55
50  RSST 4944 512
30  WKW 5216 325
10  WKW 5281 1596
56
50  WKW 5145 364
30  RSST 5226 4709(Y) 475
10  RSST 5443 4904(Y) 1474
57
50  RSST 2816 2537(Y) 510
30  RSST 3253 547
10  WKW 3700 317
58
50  RSST 3530 508
30  WKW 3605 337
10  RSST 3695 3329(Y) 561
59
50  WKW 4203 331
30  RSST 4649 1714
10  RSST 4787 480
60
50  WKW 3666 329
30  WKW 3787 307
10  RSST 3831 3452(Y) 514
61
50  RSST 4313 487
30  WKW 5016 324
10  WKW 5902 1589
62
50  RSST 3265 1603
30  RSST 3378 497
10  RSST 4364 3932(Y) 1604
63
50  WKW 2020 1820(Y) 313
30  RSST 2065 1861(Y) 481
10  RSST 2444 546
64
50  RSST 1793 1616(Y) 477
30  WKW 1879 330
10  RSST 1934 581
65
50  WKW 2870 1596
30  RSST 3045 512
10  RSST 3049 2747(Y) 485
66
50  RSST 2739 2468(Y) 475
30  WKW 3260 323
10  WKW 3647 364
67
80  RSST 13166 11862(Y) 1025
40  WKW 14382 955
68
80  RSST 12953 11670(Y) 1026
40  WKW 13234 11923(Y) 1035
SCORE:RSST,WKW,3790,2510,128.0
