RSST-SR-MD
1
50  SR-MD 2730 359
30  RSST 2750 205
10  SR-MD 2784 1658
2
50  SR-MD 2973 2679(Y) 354
30  RSST 3178 158
10  RSST 3297 157
3
50  SR-MD 2958 362
30  RSST 3352 207
10  SR-MD 3353 314
4
50  SR-MD 3087 355
30  RSST 3153 183
10  SR-MD 3173 325
5
50  RSST 3086 149
30  SR-MD 3231 361
10  SR-MD 3323 2994(Y) 308
6
50  SR-MD 3237 2917(Y) 316
30  RSST 3332 159
10  RSST 3412 212
7
50  RSST 1709 1540(Y) 123
30  SR-MD 1801 1623(Y) 345
10  SR-MD 1887 317
8
50  SR-MD 1648 1485(Y) 387
30  SR-MD 1686 1519(Y) 392
10  SR-MD 1770 1595(Y) 368
9
50  SR-MD 1870 1685(Y) 307
30  RSST 1897 126
10  RSST 1908 1719(Y) 122
10
50  RSST 1887 1700(Y) 191
30  SR-MD 1973 1778(Y) 323
10  RSST 2039 1837(Y) 164
11
50  RSST 3078 163
30  RSST 3600 147
10  SR-MD 3633 371
12
50  SR-MD 3747 1403
30  SR-MD 3754 376
10  SR-MD 3769 1395
13
50  SR-MD 6677 6016(Y) 1658
30  SR-MD 7169 359
10  SR-MD 7543 315
14
50  RSST 7538 6791(Y) 158
30  RSST 7722 6957(Y) 157
10  SR-MD 7813 354
15
50  SR-MD 8124 362
30  SR-MD 8719 314
10  RSST 9219 207
16
50  SR-MD 7992 325
30  SR-MD 8193 399
10  RSST 8346 7519(Y) 183
17
50  RSST 8047 7250(Y) 149
30  SR-MD 8661 7803(Y) 377
10  RSST 9497 127
18
50  SR-MD 8122 316
30  RSST 8500 159
10  RSST 8826 7952(Y) 146
19
50  RSST 11315 123
30  SR-MD 12061 317
10  RSST 12503 211
20
50  SR-MD 9875 8897(Y) 353
30  SR-MD 10331 9308(Y) 335
10  SR-MD 10799 368
21
50  RSST 3467 3124(Y) 189
30  SR-MD 3704 359
10  SR-MD 3802 1658
22
50  RSST 4172 157
30  SR-MD 4518 398
10  SR-MD 4697 354
23
50  SR-MD 3950 3559(Y) 314
30  RSST 4450 207
10  SR-MD 4886 1410
24
50  RSST 4215 3798(Y) 183
30  SR-MD 4358 3927(Y) 399
10  SR-MD 4500 325
25
50  SR-MD 4479 4036(Y) 308
30  RSST 4509 149
10  SR-MD 4719 4252(Y) 377
26
50  SR-MD 4183 3769(Y) 316
30  RSST 4500 159
10  SR-MD 4514 4067(Y) 352
27
50  RSST 2521 2272(Y) 143
30  RSST 2565 123
10  SR-MD 2577 397
28
50  SR-MD 2241 2019(Y) 353
30  RSST 2360 2127(Y) 135
10  SR-MD 2500 403
29
50  SR-MD 2609 2351(Y) 307
30  SR-MD 2810 357
10  RSST 2887 122
30
50  RSST 2496 2249(Y) 145
30  RSST 2534 144
10  SR-MD 2598 2341(Y) 373
31
80  RSST 13250 1437
40  SR-MD 13766 1954
32
80  SR-MD 16459 1513
40  RSST 16562 1984
33
80  SR-MD 8916 1723
40  RSST 9462 1571
34
80  SR-MD 10391 1519
40  RSST 10434 1690
35
50  SR-MD 3044 2743(Y) 1658
30  SR-MD 3341 3010(Y) 315
10  SR-MD 3413 359
36
50  SR-MD 3384 354
30  RSST 3503 3156(Y) 158
10  RSST 3781 157
37
50  SR-MD 3765 362
30  SR-MD 4280 390
10  RSST 4384 125
38
50  SR-MD 3625 325
30  SR-MD 3747 355
10  RSST 3931 183
39
50  SR-MD 4105 3699(Y) 377
30  RSST 4107 3700(Y) 127
10  RSST 4254 149
40
50  SR-MD 4062 316
30  SR-MD 4170 3757(Y) 322
10  RSST 4230 146
41
50  RSST 2185 123
30  RSST 2372 211
10  SR-MD 2385 2149(Y) 380
42
50  SR-MD 1976 1781(Y) 387
30  RSST 2135 1924(Y) 201
10  SR-MD 2168 1954(Y) 368
43
50  SR-MD 2204 1986(Y) 307
30  RSST 2403 126
10  SR-MD 2446 2204(Y) 375
44
50  RSST 2365 2131(Y) 191
30  SR-MD 2396 2159(Y) 323
10  RSST 2414 2175(Y) 164
45
50  RSST 3250 2928(Y) 163
30  SR-MD 3749 349
10  RSST 4058 179
46
50  SR-MD 4259 1403
30  SR-MD 4312 341
10  SR-MD 4425 1395
47
50  SR-MD 6557 315
30  RSST 6619 205
10  RSST 6969 189
48
50  RSST 6615 158
30  SR-MD 7625 398
10  RSST 7631 150
49
50  SR-MD 6688 362
30  SR-MD 7888 314
10  SR-MD 8359 413
50
50  SR-MD 6818 355
30  SR-MD 7223 399
10  RSST 7597 193
51
50  SR-MD 7486 6745(Y) 308
30  SR-MD 7549 361
10  SR-MD 7853 377
52
50  RSST 7250 159
30  SR-MD 7773 7003(Y) 322
10  RSST 7894 7112(Y) 146
53
50  SR-MD 4138 3728(Y) 345
30  RSST 4259 211
10  SR-MD 4429 317
54
50  SR-MD 3722 387
30  SR-MD 3978 3584(Y) 353
10  SR-MD 3997 3601(Y) 392
55
50  SR-MD 4353 3922(Y) 375
30  RSST 4418 126
10  RSST 4509 4063(Y) 122
56
50  RSST 4471 4028(Y) 164
30  RSST 4529 4081(Y) 191
10  SR-MD 4532 323
57
50  RSST 3101 2794(Y) 189
30  RSST 3231 205
10  RSST 3507 166
58
50  SR-MD 3863 398
30  SR-MD 4437 334
59
50  SR-MD 3913 390
30  RSST 4585 125
10  SR-MD 4761 413
60
50  SR-MD 3484 355
30  SR-MD 3600 3244(Y) 399
10  RSST 3781 129
61
50  SR-MD 3872 361
30  RSST 6006 1602
10  RSST 6331 1617
62
50  SR-MD 4051 3650(Y) 400
30  RSST 4054 3653(Y) 146
10  SR-MD 4113 3706(Y) 322
63
50  SR-MD 2593 317
30  SR-MD 2616 345
10  SR-MD 2668 363
64
50  SR-MD 1875 1690(Y) 387
30  SR-MD 1974 1779(Y) 335
10  SR-MD 2025 1825(Y) 368
65
50  SR-MD 2261 2037(Y) 307
30  RSST 2556 1601
10  SR-MD 2835 375
66
50  RSST 2257 2034(Y) 164
30  SR-MD 2317 2088(Y) 323
10  SR-MD 2318 2089(Y) 373
67
80  SR-MD 13818 1964
40  RSST 15766 1577
68
80  SR-MD 13772 1300
40  RSST 14039 1993
SCORE:RSST,SR-MD,2400,3890,-149.0
