RSST-LL
1
50  RSST 2750 205
30  LL 2903 901
10  LL 2950 897
2
50  LL 3083 2778(Y) 842
30  LL 3097 869
10  LL 3162 856
3
50  LL 3266 920
30  LL 3306 930
10  RSST 3352 207
4
50  RSST 3153 183
30  LL 3271 2947(Y) 896
10  RSST 3433 213
5
50  RSST 3086 149
30  LL 3422 903
10  RSST 3437 3097(Y) 127
6
50  RSST 3332 159
30  RSST 3412 212
10  LL 3499 3153(Y) 1570
7
50  LL 1643 888
30  RSST 1709 1540(Y) 123
10  LL 1730 1559(Y) 876
8
50  LL 1684 826
30  LL 1763 1551
10  LL 1850 1561
9
50  RSST 1897 126
30  RSST 1908 1719(Y) 122
10  LL 2060 1856(Y) 1568
10
50  RSST 1887 1700(Y) 191
30  LL 2032 1562
10  RSST 2039 1837(Y) 164
11
50  LL 2626 2366(Y) 873
30  LL 2657 2394(Y) 926
10  LL 2982 875
12
50  LL 3131 880
30  LL 3656 847
10  LL 3768 840
13
50  RSST 7643 205
30  LL 7788 901
10  RSST 7872 189
14
50  RSST 7538 6791(Y) 158
30  LL 7582 6831(Y) 856
10  RSST 7722 6957(Y) 157
15
50  LL 8819 920
30  RSST 9219 207
10  LL 9259 918
16
50  RSST 8346 7519(Y) 183
30  RSST 8824 193
10  LL 8910 896
17
50  RSST 8047 7250(Y) 149
30  LL 9216 903
10  RSST 9497 127
18
50  RSST 8500 159
30  RSST 8826 7952(Y) 146
10  LL 9315 834
19
50  LL 9603 888
30  RSST 11315 123
10  RSST 12503 211
20
50  LL 10306 826
30  LL 10375 1551
10  LL 11242 902
21
50  RSST 3467 3124(Y) 189
30  LL 3635 3275(Y) 897
10  RSST 3928 205
22
50  LL 3815 3437(Y) 869
30  LL 3968 3575(Y) 870
10  RSST 4172 157
23
50  RSST 4450 207
30  LL 4479 828
10  LL 4487 920
24
50  RSST 4215 3798(Y) 183
30  LL 4400 825
10  LL 4528 1557
25
50  RSST 4509 149
30  LL 5285 903
10  RSST 5297 127
26
50  RSST 4500 159
30  LL 4640 4181(Y) 1570
10  RSST 4697 4232(Y) 151
27
50  LL 2325 888
30  RSST 2521 2272(Y) 143
10  RSST 2565 123
28
50  RSST 2360 2127(Y) 135
30  LL 2506 826
10  RSST 2575 131
29
50  RSST 2887 122
30  LL 3006 919
10  LL 3112 1552
30
50  RSST 2496 2249(Y) 145
30  RSST 2534 144
10  RSST 2761 2488(Y) 1606
31
80  RSST 13250 1437
40  LL 14223 1206
32
80  RSST 16562 1984
40  LL 18313 1415
33
80  RSST 9462 1571
40  LL 9522 1559
34
80  RSST 10434 1690
40  LL 12447 1843
35
50  LL 3788 901
30  LL 3956 897
10  RSST 4022 166
36
50  RSST 3503 3156(Y) 158
30  LL 3622 856
10  RSST 3781 157
37
50  LL 4231 920
30  LL 4376 918
10  RSST 4384 125
38
50  RSST 3931 183
30  RSST 3940 213
10  LL 4014 3617(Y) 896
39
50  RSST 4107 3700(Y) 127
30  LL 4140 903
10  RSST 4254 149
40
50  LL 4225 1570
30  RSST 4230 146
10  LL 4237 3818(Y) 855
41
50  LL 1997 888
30  RSST 2185 123
10  LL 2234 876
42
50  LL 2093 826
30  RSST 2135 1924(Y) 201
10  LL 2171 1551
43
50  RSST 2403 126
30  RSST 2569 2315(Y) 1614
10  LL 2600 1568
44
50  RSST 2365 2131(Y) 191
30  RSST 2414 2175(Y) 164
10  RSST 2473 2228(Y) 145
45
50  LL 2812 2534(Y) 873
30  RSST 3250 2928(Y) 163
10  LL 3772 926
46
50  LL 3778 880
30  LL 4306 840
10  LL 4329 847
47
50  LL 6559 901
30  RSST 6619 205
10  RSST 6969 189
48
50  RSST 6615 158
30  LL 6663 856
10  LL 6816 6141(Y) 842
49
50  LL 8072 930
30  LL 8406 918
10  LL 8425 828
50
50  LL 7349 6621(Y) 896
30  RSST 7597 193
10  RSST 7844 136
51
50  LL 8825 877
30  LL 9600 872
10  RSST 9609 1602
52
50  RSST 7250 159
30  RSST 7894 7112(Y) 146
10  LL 8079 834
53
50  LL 3812 876
30  RSST 4259 211
10  LL 4388 1554
54
50  LL 3853 1551
30  LL 4275 1561
10  RSST 4278 173
55
50  RSST 4418 126
30  RSST 4509 4063(Y) 122
10  RSST 4745 4275(Y) 1614
56
50  RSST 4471 4028(Y) 164
30  RSST 4529 4081(Y) 191
10  LL 4691 1562
57
50  RSST 3101 2794(Y) 189
30  LL 3343 822
10  RSST 3507 166
58
50  RSST 3284 2959(Y) 158
30  LL 3386 3051(Y) 842
10  LL 3487 3142(Y) 869
59
50  LL 4403 828
30  LL 4559 918
10  RSST 4585 125
60
50  RSST 3781 129
30  RSST 4025 193
10  RSST 4166 136
61
50  RSST 6006 1602
30  LL 6103 872
10  RSST 6331 1617
62
50  RSST 4054 3653(Y) 146
30  LL 4071 834
10  RSST 4325 165
63
50  LL 1939 876
30  RSST 2903 130
10  RSST 3050 211
64
50  RSST 2241 201
30  RSST 2284 131
10  LL 2335 922
65
50  RSST 2556 1601
30  LL 2900 1552
10  RSST 2919 122
66
50  RSST 2257 2034(Y) 164
30  RSST 2578 145
10  RSST 3036 124
67
80  LL 13806 1845
40  RSST 15766 1577
68
80  LL 13778 1847
40  RSST 14039 1993
SCORE:RSST,LL,3310,2990,32.0
