RW-ALT
1
50  RW 10009 718
30  RW 11222 768
2
50  RW 8968 753
30  RW 9600 762
3
50  RW 8982 725
30  RW 10153 686
4
50  RW 10600 736
5
50  RW 7908 773
30  RW 8319 735
10  RW 9284 767
6
50  RW 7729 752
7
50  RW 7459 772
8
50  RW 6948 733
30  RW 7027 763
10  RW 7268 742
9
50  RW 2557 688
30  RW 4166 684
10  RW 4424 744
10
50  RW 3534 751
30  RW 4054 720
10  RW 4172 695
11
50  RW 1975 771
30  RW 2544 703
10  RW 2644 740
12
50  RW 1829 726
30  RW 2055 696
10  RW 2206 761
13
50  RW 3735 718
30  RW 3906 701
10  RW 4695 760
14
50  RW 3905 762
30  RW 4925 746
10  RW 5879 699
15
50  RW 3539 727
30  RW 3832 725
10  RW 3900 743
16
50  RW 3402 724
30  RW 3930 736
10  RW 5180 713
17
50  RW 7229 735
30  RW 8526 767
10  RW 8675 754
18
50  RW 6623 752
30  RW 9885 691
19
50  RW 6387 772
20
50  RW 5551 716
30  RW 5951 763
10  RW 6060 733
21
50  RW 3450 688
30  RW 4716 684
10  RW 6230 744
22
50  RW 4079 695
30  RW 4291 751
10  RW 6353 717
23
50  RW 3624 703
30  RW 3778 709
10  RW 4000 741
24
50  RW 2427 726
30  RW 2718 737
10  RW 2770 747
25
50  RW 1989 701
30  RW 2244 715
10  RW 2482 768
26
50  RW 1908 753
30  RW 2256 749
10  RW 2521 730
27
50  RW 4563 743
30  RW 4912 729
10  RW 6160 723
28
50  RW 4728 724
30  RW 4906 766
10  RW 6790 713
29
50  RW 3721 735
30  RW 4257 754
30
50  RW 5444 691
30  RW 6076 769
31
80  RW 3927 722
32
80  RW 3041 716
40  RW 3259 742
0  RW 3425 690
33
80  RW 2497 771
40  RW 2947 740
0  RW 3059 750
34
80  RW 2609 696
40  RW 2669 747
0  RW 3215 748
35
50  RW 1973 718
30  RW 2525 758
10  RW 2574 687
36
50  RW 1899 762
30  RW 2556 730
10  RW 2951 746
37
50  RW 4372 686
30  RW 4780 689
10  RW 4900 764
38
50  RW 4420 736
30  RW 4496 766
39
50  RW 3435 773
30  RW 4221 767
40
50  RW 5377 769
41
50  RW 3266 772
30  RW 4106 722
42
50  RW 2739 716
30  RW 2939 733
10  RW 3106 742
43
50  RW 2462 771
44
50  RW 2621 726
30  RW 3435 748
45
50  RW 2351 701
30  RW 3161 715
10  RW 3240 693
46
50  RW 2123 753
30  RW 2953 749
47
50  RW 4334 725
30  RW 4809 727
10  RW 5791 770
48
50  RW 5496 766
49
50  RW 3988 773
30  RW 4944 754
10  RW 7168 765
50
50  RW 4049 752
30  RW 5058 691
10  RW 6481 769
51
50  RW 4707 722
52
50  RW 3837 763
30  RW 4031 710
53
50  RW 17717 1691
54
50  RW 10673 1686
55
50  RW 18245 1687
56
50  RW 19983 1688
57
50  RW 15355 1689
SCORE:RW,ALT,4570,0,457.0
