RW-CH
1
50  CH 9387 3108
30  CH 9994 3070
10  RW 10009 718
2
50  RW 8968 753
30  RW 9600 762
10  CH 13943 3123
3
50  CH 8038 3083
30  RW 8982 725
10  RW 10153 686
4
50  CH 10107 3111
30  RW 10600 736
10  CH 10791 3081
5
50  RW 7908 773
30  RW 8319 735
10  CH 8338 3086
6
50  RW 7729 752
30  CH 8290 3085
10  CH 9969 3095
7
50  RW 7459 772
8
50  RW 6948 733
30  RW 7027 763
10  RW 7268 742
9
50  RW 2557 688
30  CH 2656 3080
10  CH 3053 3062
10
50  CH 2587 3076
30  RW 3534 751
10  CH 3566 3067
11
50  RW 1975 771
30  CH 2405 3069
10  CH 2406 3120
12
50  RW 1829 726
30  RW 2055 696
10  CH 2153 3119
13
50  RW 3735 718
30  CH 3818 3108
10  CH 3875 3070
14
50  RW 3905 762
30  RW 4925 746
10  CH 5110 3074
15
50  CH 3274 3083
30  RW 3539 727
10  RW 3832 725
16
50  RW 3402 724
30  RW 3930 736
10  CH 4012 3111
17
50  RW 7229 735
30  CH 7585 3086
10  RW 8526 767
18
50  RW 6623 752
30  CH 7168 3085
10  CH 9206 3095
19
50  RW 6387 772
20
50  RW 5551 716
30  RW 5951 763
10  RW 6060 733
21
50  CH 3358 3062
30  RW 3450 688
10  CH 3632 3080
22
50  RW 4079 695
30  CH 4122 3076
10  RW 4291 751
23
50  CH 2922 3120
30  CH 3278 3093
10  CH 3544 3090
24
50  RW 2427 726
30  RW 2718 737
10  RW 2770 747
25
50  RW 1989 701
30  CH 2178 3108
10  RW 2244 715
26
50  RW 1908 753
30  RW 2256 749
10  RW 2521 730
27
50  CH 3922 3083
30  RW 4563 743
10  RW 4912 729
28
50  RW 4728 724
30  RW 4906 766
10  CH 4947 3073
29
50  CH 3618 3086
30  RW 3721 735
10  RW 4257 754
30
50  CH 5310 3071
30  RW 5444 691
10  CH 5478 3059
31
80  RW 3927 722
32
80  RW 3041 716
40  RW 3259 742
0  RW 3425 690
33
80  RW 2497 771
40  RW 2947 740
0  RW 3059 750
34
80  RW 2609 696
40  RW 2669 747
0  CH 2778 3119
35
50  CH 1913 3066
30  RW 1973 718
10  CH 1999 3108
36
50  RW 1899 762
30  RW 2556 730
10  RW 2951 746
37
50  CH 3868 3083
30  RW 4372 686
10  RW 4780 689
38
50  RW 4420 736
30  RW 4496 766
10  CH 5581 3111
39
50  RW 3435 773
30  CH 3546 3086
10  RW 4221 767
40
50  CH 4072 3085
30  RW 5377 769
41
50  RW 3266 772
30  RW 4106 722
42
50  RW 2739 716
30  RW 2939 733
10  RW 3106 742
43
50  RW 2462 771
30  CH 3694 3120
10  CH 4434 3090
44
50  RW 2621 726
30  RW 3435 748
10  CH 4025 3119
45
50  RW 2351 701
30  CH 2458 3070
10  CH 2618 3089
46
50  RW 2123 753
30  RW 2953 749
47
50  RW 4334 725
30  RW 4809 727
10  CH 5384 3068
48
50  RW 5496 766
30  CH 6846 3060
10  CH 7466 3073
49
50  RW 3988 773
30  RW 4944 754
10  CH 5574 3114
50
50  RW 4049 752
30  RW 5058 691
10  CH 5263 3095
51
50  RW 4707 722
52
50  RW 3837 763
30  RW 4031 710
10  CH 4908 3102
53
50  CH 14214 1989
30  RW 17717 1691
54
50  RW 10673 1686
30  CH 12912 1982
55
50  CH 17409 1984
30  RW 18245 1687
56
50  RW 19983 1688
30  CH 25353 1985
57
50  RW 15355 1689
30  CH 18681 1986
58
50  CH 21965 1987
60
50  CH 15906 1988
SCORE:RW,CH,3490,1620,187.0
