RW-CC
1
50  RW 10009 718
30  CC 10921 2939
10  RW 11222 768
2
50  CC 8850 2949
30  RW 8968 753
10  RW 9600 762
3
50  CC 8118 2938
30  CC 8262 2957
10  RW 8982 725
4
50  CC 8034 2948
30  RW 10600 736
5
50  CC 7882 2954
30  RW 7908 773
10  RW 8319 735
6
50  RW 7729 752
30  CC 8156 2963
10  CC 8302 2944
7
50  RW 7459 772
30  CC 9441 2943
8
50  CC 6620 2964
30  RW 6948 733
10  RW 7027 763
9
50  RW 2557 688
30  CC 3234 2960
10  RW 4166 684
10
50  RW 3534 751
30  RW 4054 720
10  RW 4172 695
11
50  RW 1975 771
30  CC 2302 2951
10  RW 2544 703
12
50  RW 1829 726
30  CC 1919 2950
10  RW 2055 696
13
50  RW 3735 718
30  RW 3906 701
10  CC 4125 2959
14
50  RW 3905 762
30  CC 4768 2941
10  CC 4781 2953
15
50  CC 3222 2938
30  CC 3295 2957
10  CC 3450 2965
16
50  CC 3277 2948
30  RW 3402 724
10  RW 3930 736
17
50  CC 7166 2937
30  RW 7229 735
10  CC 7925 2942
18
50  RW 6623 752
30  CC 6925 2944
10  RW 9885 691
19
50  RW 6387 772
20
50  RW 5551 716
30  RW 5951 763
10  RW 6060 733
21
50  CC 2950 2960
30  RW 3450 688
10  RW 4716 684
22
50  RW 4079 695
30  RW 4291 751
10  RW 6353 717
23
50  CC 2725 2951
30  RW 3624 703
10  RW 3778 709
24
50  RW 2427 726
30  CC 2439 2950
10  RW 2718 737
25
50  RW 1989 701
30  CC 2207 2939
10  RW 2244 715
26
50  CC 1737 2949
30  RW 1908 753
10  RW 2256 749
27
50  CC 4340 2965
30  RW 4563 743
10  RW 4912 729
28
50  RW 4728 724
30  RW 4906 766
10  RW 6790 713
29
50  RW 3721 735
30  CC 4219 2937
10  CC 4225 2952
30
50  CC 3806 2944
30  CC 3850 2963
10  RW 5444 691
31
80  RW 3927 722
40  CC 4707 2943
32
80  RW 3041 716
40  CC 3128 2964
0  RW 3259 742
33
80  RW 2497 771
40  RW 2947 740
0  RW 3059 750
34
80  CC 2484 2950
40  RW 2609 696
0  RW 2669 747
35
50  RW 1973 718
30  CC 2038 2939
10  CC 2359 2959
36
50  CC 1658 2949
30  RW 1899 762
10  RW 2556 730
37
50  CC 3522 2938
30  CC 3640 2957
10  RW 4372 686
38
50  CC 3847 2948
30  RW 4420 736
10  RW 4496 766
39
50  RW 3435 773
30  CC 3449 2954
10  CC 3895 2942
40
50  CC 3527 2944
30  CC 4050 2963
10  RW 5377 769
41
50  RW 3266 772
30  RW 4106 722
10  CC 4125 2943
42
50  RW 2739 716
30  CC 2822 2964
10  RW 2939 733
43
50  RW 2462 771
30  CC 3131 2951
44
50  RW 2621 726
30  CC 2945 2950
10  RW 3435 748
45
50  RW 2351 701
30  CC 2420 2939
10  CC 2485 2958
46
50  RW 2123 753
30  CC 2719 2936
10  CC 2841 2941
47
50  RW 4334 725
30  CC 4600 2965
10  RW 4809 727
48
50  CC 4097 2948
30  RW 5496 766
49
50  CC 3807 2954
30  RW 3988 773
10  CC 4456 2942
50
50  RW 4049 752
30  CC 4108 2963
10  RW 5058 691
51
50  RW 4707 722
30  CC 5260 2943
52
50  CC 3294 2964
30  RW 3837 763
10  RW 4031 710
53
50  RW 17717 1691
54
50  RW 10673 1686
55
50  RW 18245 1687
56
50  CC 19707 1970
30  RW 19983 1688
57
50  RW 15355 1689
30  CC 15841 1971
59
50  CC 13789 1972
SCORE:RW,CC,2880,2190,69.0
