RW-CASC
1
50  RW 10009 718
30  CASC 10350 2559
10  RW 11222 768
2
50  RW 8968 753
30  RW 9600 762
3
50  CASC 8249 2560
30  RW 8982 725
10  CASC 9192 2568
4
50  CASC 9625 2570
30  CASC 9843 2565
10  RW 10600 736
5
50  RW 7908 773
30  RW 8319 735
10  RW 9284 767
6
50  RW 7729 752
7
50  RW 7459 772
30  CASC 7566 2596
8
50  CASC 6676 2589
30  RW 6948 733
10  CASC 7000 2582
9
50  RW 2557 688
30  CASC 4132 2558
10  RW 4166 684
10
50  RW 3534 751
30  RW 4054 720
10  RW 4172 695
11
50  RW 1975 771
30  RW 2544 703
10  RW 2644 740
12
50  RW 1829 726
30  CASC 1967 2569
10  RW 2055 696
13
50  RW 3735 718
30  RW 3906 701
10  RW 4695 760
14
50  RW 3905 762
30  CASC 3920 2567
10  CASC 4271 2592
15
50  CASC 3326 2560
30  CASC 3459 2595
10  RW 3539 727
16
50  RW 3402 724
30  CASC 3723 2565
10  CASC 3791 2570
17
50  RW 7229 735
30  RW 8526 767
10  RW 8675 754
18
50  RW 6623 752
30  RW 9885 691
19
50  RW 6387 772
30  CASC 7263 2581
20
50  RW 5551 716
30  RW 5951 763
10  CASC 5976 2589
21
50  RW 3450 688
30  RW 4716 684
10  CASC 4897 2558
22
50  RW 4079 695
30  RW 4291 751
10  RW 6353 717
23
50  CASC 3091 2590
30  RW 3624 703
10  RW 3778 709
24
50  RW 2427 726
30  CASC 2707 2569
10  RW 2718 737
25
50  RW 1989 701
30  RW 2244 715
10  CASC 2255 2559
26
50  RW 1908 753
30  CASC 2159 2567
10  RW 2256 749
27
50  CASC 4156 2595
30  CASC 4365 2568
10  RW 4563 743
28
50  RW 4728 724
30  RW 4906 766
10  CASC 5026 2573
29
50  RW 3721 735
30  RW 4257 754
30
50  RW 5444 691
30  RW 6076 769
31
80  CASC 3307 2596
40  CASC 3897 2581
0  RW 3927 722
32
80  RW 3041 716
40  RW 3259 742
0  CASC 3368 2582
33
80  RW 2497 771
40  RW 2947 740
0  RW 3059 750
34
80  RW 2609 696
40  RW 2669 747
0  RW 3215 748
35
50  RW 1973 718
30  CASC 2100 2559
10  RW 2525 758
36
50  RW 1899 762
30  RW 2556 730
10  CASC 2600 2561
37
50  CASC 3762 2560
30  RW 4372 686
10  RW 4780 689
38
50  RW 4420 736
30  RW 4496 766
10  CASC 6298 2573
39
50  RW 3435 773
30  RW 4221 767
40
50  RW 5377 769
41
50  RW 3266 772
30  CASC 3334 2596
10  CASC 4049 2594
42
50  RW 2739 716
30  RW 2939 733
10  RW 3106 742
43
50  RW 2462 771
30  CASC 4173 2590
44
50  RW 2621 726
30  CASC 2689 2569
10  RW 3435 748
45
50  RW 2351 701
30  CASC 2417 2559
10  CASC 2814 2583
46
50  RW 2123 753
30  CASC 2299 2567
10  CASC 2747 2592
47
50  RW 4334 725
30  CASC 4506 2568
10  CASC 4766 2595
48
50  CASC 4834 2565
30  RW 5496 766
10  CASC 6075 2584
49
50  RW 3988 773
30  RW 4944 754
10  RW 7168 765
50
50  RW 4049 752
30  RW 5058 691
10  RW 6481 769
51
50  CASC 4516 2594
30  CASC 4555 2581
10  RW 4707 722
52
50  CASC 3417 2589
30  CASC 3541 2585
10  CASC 3601 2593
53
50  RW 17717 1691
54
50  RW 10673 1686
30  CASC 12204 1913
55
50  RW 18245 1687
56
50  CASC 18359 1914
30  RW 19983 1688
57
50  CASC 14158 1915
30  RW 15355 1689
58
50  CASC 16135 1917
61
50  CASC 12488 1918
SCORE:RW,CASC,3440,1640,180.0
