RW-CVST
1
50  RW 10009 718
30  RW 11222 768
10  CVST 11587 2418
2
50  RW 8968 753
30  RW 9600 762
10  CVST 12734 2437
3
50  RW 8982 725
30  RW 10153 686
10  CVST 10802 2463
4
50  CVST 9787 2472
30  RW 10600 736
10  CVST 10762 2415
5
50  RW 7908 773
30  CVST 8095 2417
10  RW 8319 735
6
50  RW 7729 752
30  CVST 10273 2480
10  CVST 10653 2474
7
50  RW 7459 772
30  CVST 8300 2486
10  CVST 9113 2471
8
50  RW 6948 733
30  RW 7027 763
10  CVST 7131 2460
9
50  RW 2557 688
30  RW 4166 684
10  RW 4424 744
10
50  RW 3534 751
30  RW 4054 720
10  CVST 4087 2450
11
50  RW 1975 771
30  CVST 2134 2473
10  CVST 2340 2433
12
50  RW 1829 726
30  RW 2055 696
10  CVST 2072 2430
13
50  RW 3735 718
30  RW 3906 701
10  CVST 4397 2469
14
50  RW 3905 762
30  CVST 4356 2416
10  CVST 4514 2466
15
50  RW 3539 727
30  RW 3832 725
10  RW 3900 743
16
50  RW 3402 724
30  RW 3930 736
10  CVST 3974 2415
17
50  RW 7229 735
30  CVST 7332 2417
10  CVST 8221 2454
18
50  RW 6623 752
30  CVST 9025 2474
10  CVST 9203 2458
19
50  RW 6387 772
30  CVST 7231 2447
10  CVST 7352 2486
20
50  RW 5551 716
30  RW 5951 763
10  RW 6060 733
21
50  RW 3450 688
30  RW 4716 684
10  RW 6230 744
22
50  RW 4079 695
30  RW 4291 751
10  RW 6353 717
23
50  CVST 2512 2473
30  CVST 2834 2464
10  CVST 2993 2461
24
50  RW 2427 726
30  CVST 2544 2430
10  RW 2718 737
25
50  RW 1989 701
30  RW 2244 715
10  CVST 2453 2418
26
50  RW 1908 753
30  RW 2256 749
10  CVST 2446 2466
27
50  RW 4563 743
30  RW 4912 729
10  CVST 4985 2448
28
50  RW 4728 724
30  CVST 4787 2472
10  RW 4906 766
29
50  RW 3721 735
30  RW 4257 754
10  CVST 4394 2454
30
50  CVST 5015 2474
30  CVST 5300 2411
10  CVST 5356 2458
31
80  CVST 3768 2467
40  RW 3927 722
0  CVST 4033 2447
32
80  RW 3041 716
40  RW 3259 742
0  RW 3425 690
33
80  RW 2497 771
40  RW 2947 740
0  RW 3059 750
34
80  RW 2609 696
40  RW 2669 747
0  CVST 2670 2430
35
50  RW 1973 718
30  CVST 2464 2418
10  RW 2525 758
36
50  RW 1899 762
30  CVST 2475 2413
10  RW 2556 730
37
50  RW 4372 686
30  RW 4780 689
10  RW 4900 764
38
50  RW 4420 736
30  RW 4496 766
10  CVST 5369 2472
39
50  RW 3435 773
30  CVST 3459 2417
10  RW 4221 767
40
50  CVST 4744 2480
30  CVST 5309 2458
10  RW 5377 769
41
50  RW 3266 772
30  CVST 3789 2486
10  CVST 3790 2447
42
50  RW 2739 716
30  RW 2939 733
10  RW 3106 742
43
50  RW 2462 771
30  CVST 3090 2433
10  CVST 3214 2414
44
50  RW 2621 726
30  CVST 3410 2429
10  RW 3435 748
45
50  RW 2351 701
30  CVST 2777 2478
10  CVST 2878 2469
46
50  RW 2123 753
30  CVST 2589 2437
10  CVST 2769 2416
47
50  RW 4334 725
30  RW 4809 727
10  CVST 5630 2459
48
50  CVST 5286 2408
30  RW 5496 766
10  CVST 6513 2481
49
50  RW 3988 773
30  CVST 4415 2417
10  CVST 4738 2442
50
50  RW 4049 752
30  CVST 4978 2480
10  RW 5058 691
51
50  CVST 4631 2471
30  RW 4707 722
10  CVST 5069 2456
52
50  CVST 3446 2460
30  RW 3837 763
10  RW 4031 710
53
50  RW 17717 1691
54
50  CVST 9359 1890
30  RW 10673 1686
55
50  RW 18245 1687
30  CVST 19053 1892
56
50  CVST 18637 1894
30  RW 19983 1688
57
50  RW 15355 1689
30  CVST 17503 1896
58
50  CVST 17620 1898
59
50  CVST 17112 1900
60
50  CVST 15547 1901
61
50  CVST 12697 1902
SCORE:RW,CVST,3580,1790,179.0
