RW-DUL
1
50  RW 10009 718
30  DUL 10606 1303
10  RW 11222 768
2
50  RW 8968 753
30  RW 9600 762
3
50  RW 8982 725
30  DUL 9243 1320
10  RW 10153 686
4
50  RW 10600 736
30  DUL 10659 1300
5
50  RW 7908 773
30  RW 8319 735
10  DUL 9208 1347
6
50  RW 7729 752
7
50  RW 7459 772
30  DUL 8048 1349
10  DUL 8394 1296
8
50  RW 6948 733
30  RW 7027 763
10  DUL 7197 1305
9
50  RW 2557 688
30  DUL 3522 1291
10  DUL 3850 1313
10
50  DUL 3298 1361
30  RW 3534 751
10  RW 4054 720
11
50  RW 1975 771
30  DUL 2237 1318
10  DUL 2304 1322
12
50  RW 1829 726
30  RW 2055 696
10  DUL 2127 1297
13
50  RW 3735 718
30  RW 3906 701
10  DUL 4160 1303
14
50  RW 3905 762
30  RW 4925 746
10  DUL 5563 1315
15
50  RW 3539 727
30  RW 3832 725
10  RW 3900 743
16
50  RW 3402 724
30  RW 3930 736
10  RW 5180 713
17
50  RW 7229 735
30  RW 8526 767
10  RW 8675 754
18
50  RW 6623 752
30  RW 9885 691
19
50  RW 6387 772
30  DUL 8299 1356
10  DUL 8634 1348
20
50  RW 5551 716
30  RW 5951 763
10  RW 6060 733
21
50  RW 3450 688
30  DUL 3983 1332
10  RW 4716 684
22
50  DUL 4059 1361
30  RW 4079 695
10  RW 4291 751
23
50  DUL 2695 1337
30  DUL 2847 1351
10  DUL 3177 1330
24
50  RW 2427 726
30  RW 2718 737
10  RW 2770 747
25
50  RW 1989 701
30  DUL 2093 1303
10  DUL 2238 1304
26
50  RW 1908 753
30  RW 2256 749
10  RW 2521 730
27
50  RW 4563 743
30  RW 4912 729
10  DUL 4920 1294
28
50  RW 4728 724
30  RW 4906 766
10  DUL 5527 1300
29
50  RW 3721 735
30  RW 4257 754
10  DUL 4352 1347
30
50  RW 5444 691
30  RW 6076 769
31
80  DUL 3909 1349
40  RW 3927 722
0  DUL 4014 1296
32
80  RW 3041 716
40  RW 3259 742
0  RW 3425 690
33
80  RW 2497 771
40  DUL 2739 1337
0  RW 2947 740
34
80  RW 2609 696
40  RW 2669 747
0  RW 3215 748
35
50  DUL 1873 1303
30  RW 1973 718
10  DUL 2175 1304
36
50  RW 1899 762
30  RW 2556 730
10  RW 2951 746
37
50  DUL 4325 1320
30  RW 4372 686
10  DUL 4438 1294
38
50  RW 4420 736
30  RW 4496 766
10  DUL 4950 1300
39
50  RW 3435 773
30  DUL 3977 1347
10  RW 4221 767
40
50  RW 5377 769
41
50  RW 3266 772
30  DUL 3374 1349
10  DUL 3887 1296
42
50  RW 2739 716
30  RW 2939 733
10  RW 3106 742
43
50  RW 2462 771
30  DUL 2877 1322
10  DUL 3127 1337
44
50  RW 2621 726
30  RW 3435 748
45
50  DUL 2291 1307
30  RW 2351 701
10  DUL 2775 1331
46
50  RW 2123 753
30  DUL 2757 1293
10  RW 2953 749
47
50  RW 4334 725
30  RW 4809 727
10  DUL 5163 1320
48
50  DUL 5469 1300
30  RW 5496 766
10  DUL 7927 1363
49
50  RW 3988 773
30  DUL 4732 1347
10  RW 4944 754
50
50  RW 4049 752
30  RW 5058 691
10  RW 6481 769
51
50  DUL 4042 1296
30  DUL 4289 1349
10  DUL 4327 1357
52
50  DUL 3484 1295
30  RW 3837 763
10  DUL 3871 1299
53
50  RW 17717 1691
30  DUL 18537 1749
54
50  RW 10673 1686
30  DUL 12181 1742
55
50  RW 18245 1687
30  DUL 24027 1744
56
50  RW 19983 1688
57
50  RW 15355 1689
30  DUL 16909 1746
61
50  DUL 13150 1748
SCORE:RW,DUL,3630,1460,217.0
