RW-FO
1
50  RW 10009 718
30  FO 10771 2035
10  RW 11222 768
2
50  RW 8968 753
30  RW 9600 762
10  FO 10637 2042
3
50  FO 8237 2055
30  RW 8982 725
10  RW 10153 686
4
50  FO 8422 2127
30  FO 9837 2079
10  RW 10600 736
5
50  RW 7908 773
30  RW 8319 735
10  FO 8487 2036
6
50  RW 7729 752
30  FO 8478 2053
10  FO 8720 2121
7
50  RW 7459 772
30  FO 7744 2061
8
50  FO 6400 2077
30  RW 6948 733
10  FO 6997 2094
9
50  RW 2557 688
30  FO 3181 2050
10  FO 4028 2064
10
50  FO 2470 2128
30  FO 2776 2049
10  RW 3534 751
11
50  RW 1975 771
30  FO 2071 2043
10  FO 2090 2078
12
50  RW 1829 726
30  FO 1906 2065
10  RW 2055 696
13
50  RW 3735 718
30  RW 3906 701
10  FO 4515 2110
14
50  RW 3905 762
30  FO 4140 2042
10  FO 4351 2088
15
50  RW 3539 727
30  RW 3832 725
10  RW 3900 743
16
50  RW 3402 724
30  FO 3571 2066
10  FO 3901 2100
17
50  FO 7118 2036
30  RW 7229 735
10  FO 7692 2071
18
50  RW 6623 752
30  FO 7319 2121
10  FO 7333 2053
19
50  RW 6387 772
30  FO 6721 2061
10  FO 9947 2039
20
50  RW 5551 716
30  FO 5738 2077
10  FO 5938 2094
21
50  RW 3450 688
30  FO 3857 2050
10  RW 4716 684
22
50  FO 2925 2128
30  FO 3814 2049
10  RW 4079 695
23
50  FO 2619 2139
30  FO 2720 2043
10  FO 2837 2078
24
50  RW 2427 726
30  FO 2552 2065
10  RW 2718 737
25
50  RW 1989 701
30  RW 2244 715
10  FO 2372 2074
26
50  RW 1908 753
30  FO 2225 2048
10  RW 2256 749
27
50  FO 3759 2055
30  FO 4467 2109
10  RW 4563 743
28
50  FO 4134 2127
30  RW 4728 724
10  FO 4747 2066
29
50  RW 3721 735
30  FO 4128 2067
10  FO 4135 2060
30
50  FO 4253 2121
30  FO 4432 2047
10  FO 4922 2131
31
80  RW 3927 722
40  FO 4765 2039
32
80  RW 3041 716
40  FO 3047 2077
0  RW 3259 742
33
80  FO 2181 2139
40  FO 2381 2078
0  RW 2497 771
34
80  RW 2609 696
40  RW 2669 747
0  RW 3215 748
35
50  RW 1973 718
30  FO 2208 2035
10  RW 2525 758
36
50  RW 1899 762
30  FO 2122 2104
10  FO 2222 2048
37
50  RW 4372 686
30  FO 4659 2109
10  RW 4780 689
38
50  FO 4043 2127
30  RW 4420 736
10  RW 4496 766
39
50  RW 3435 773
30  FO 3744 2036
10  FO 3968 2060
40
50  FO 3906 2053
30  RW 5377 769
41
50  RW 3266 772
30  FO 3459 2061
10  RW 4106 722
42
50  RW 2739 716
30  FO 2884 2094
10  RW 2939 733
43
50  RW 2462 771
30  FO 2740 2139
10  FO 3895 2097
44
50  RW 2621 726
30  RW 3435 748
45
50  RW 2351 701
30  FO 2901 2110
10  FO 3119 2045
46
50  RW 2123 753
30  FO 2462 2104
10  FO 2484 2130
47
50  FO 4008 2055
30  RW 4334 725
10  RW 4809 727
48
50  FO 4576 2066
30  RW 5496 766
10  FO 6287 2137
49
50  RW 3988 773
30  FO 4431 2092
10  FO 4695 2071
50
50  RW 4049 752
30  FO 4110 2053
10  FO 4971 2047
51
50  FO 3932 2061
30  RW 4707 722
52
50  FO 3541 2077
30  FO 3725 2094
10  RW 3837 763
53
50  FO 14008 1854
30  RW 17717 1691
54
50  FO 9738 1838
30  RW 10673 1686
55
50  RW 18245 1687
30  FO 19576 1843
56
50  FO 18719 1846
30  RW 19983 1688
57
50  FO 15307 1849
30  RW 15355 1689
58
50  FO 14984 1850
59
50  FO 15100 1853
SCORE:RW,FO,2680,2580,10.0
