RW-HH
1
50  RW 10009 718
30  HH 10833 2255
10  HH 10937 2250
2
50  RW 8968 753
30  RW 9600 762
10  HH 11531 2218
3
50  HH 8407 2211
30  RW 8982 725
10  HH 9578 2285
4
50  RW 10600 736
30  HH 11712 2279
10  HH 11944 2266
5
50  HH 7706 2236
30  HH 7812 2240
10  RW 7908 773
6
50  RW 7729 752
30  HH 8663 2233
10  HH 9413 2227
7
50  RW 7459 772
30  HH 7733 2237
10  HH 8933 2246
8
50  RW 6948 733
30  RW 7027 763
10  HH 7209 2235
9
50  RW 2557 688
30  HH 4109 2220
10  RW 4166 684
10
50  HH 3377 2222
30  RW 3534 751
10  HH 3744 2225
11
50  RW 1975 771
30  HH 2287 2212
10  HH 2390 2230
12
50  RW 1829 726
30  RW 2055 696
10  RW 2206 761
13
50  RW 3735 718
30  RW 3906 701
10  HH 4202 2249
14
50  RW 3905 762
30  HH 4512 2221
10  HH 4875 2284
15
50  HH 3227 2211
30  RW 3539 727
10  RW 3832 725
16
50  RW 3402 724
30  RW 3930 736
10  HH 3967 2266
17
50  HH 6947 2240
30  RW 7229 735
10  HH 7712 2223
18
50  RW 6623 752
30  HH 8103 2227
10  HH 9845 2204
19
50  RW 6387 772
30  HH 6752 2237
10  HH 7974 2206
20
50  RW 5551 716
30  RW 5951 763
10  RW 6060 733
21
50  RW 3450 688
30  RW 4716 684
10  HH 5075 2214
22
50  RW 4079 695
30  RW 4291 751
10  HH 5363 2225
23
50  HH 3027 2289
30  HH 3149 2230
10  RW 3624 703
24
50  RW 2427 726
30  RW 2718 737
10  RW 2770 747
25
50  RW 1989 701
30  RW 2244 715
10  HH 2290 2255
26
50  RW 1908 753
30  RW 2256 749
10  RW 2521 730
27
50  RW 4563 743
30  RW 4912 729
10  HH 5237 2209
28
50  RW 4728 724
30  HH 4889 2248
10  RW 4906 766
29
50  HH 3628 2236
30  RW 3721 735
10  HH 3878 2223
30
50  HH 4996 2269
30  HH 5063 2227
10  RW 5444 691
31
80  HH 3649 2237
40  RW 3927 722
0  HH 4100 2246
32
80  RW 3041 716
40  RW 3259 742
0  RW 3425 690
33
80  RW 2497 771
40  RW 2947 740
0  RW 3059 750
34
80  RW 2609 696
40  RW 2669 747
0  RW 3215 748
35
50  HH 1913 2263
30  RW 1973 718
10  HH 2028 2249
36
50  RW 1899 762
30  HH 2421 2218
10  RW 2556 730
37
50  HH 3806 2211
30  RW 4372 686
10  HH 4734 2285
38
50  RW 4420 736
30  RW 4496 766
10  HH 5450 2268
39
50  RW 3435 773
30  HH 3508 2240
10  HH 3614 2224
40
50  HH 4760 2269
30  HH 5189 2204
10  HH 5371 2271
41
50  RW 3266 772
30  HH 3301 2237
10  HH 3977 2246
42
50  RW 2739 716
30  RW 2939 733
10  RW 3106 742
43
50  RW 2462 771
30  HH 4070 2198
10  HH 4343 2291
44
50  RW 2621 726
30  RW 3435 748
45
50  RW 2351 701
30  HH 2358 2250
10  HH 2470 2263
46
50  RW 2123 753
30  HH 2822 2218
10  RW 2953 749
47
50  RW 4334 725
30  RW 4809 727
10  HH 4890 2285
48
50  RW 5496 766
49
50  HH 3832 2236
30  RW 3988 773
10  HH 4790 2278
50
50  RW 4049 752
30  HH 5039 2271
10  RW 5058 691
51
50  HH 4534 2246
30  RW 4707 722
10  HH 6394 2199
52
50  HH 3701 2234
30  HH 3822 2235
10  RW 3837 763
53
50  RW 17717 1691
30  HH 18253 1874
54
50  RW 10673 1686
30  HH 11083 1862
55
50  HH 17450 1864
30  RW 18245 1687
56
50  RW 19983 1688
30  HH 20332 1866
57
50  HH 15031 1868
30  RW 15355 1689
58
50  HH 18633 1869
59
50  HH 13502 1870
61
50  HH 12364 1873
SCORE:RW,HH,3210,2090,112.0
