RW-HP
1
50  HP 9165 260
30  RW 10009 718
10  RW 11222 768
2
50  RW 8968 753
30  HP 9344 328
10  RW 9600 762
3
50  HP 7550 269
30  RW 8982 725
10  HP 9669 332
4
50  HP 7934 236
30  RW 10600 736
10  HP 11247 225
5
50  HP 7225 290
30  RW 7908 773
10  HP 8263 234
6
50  HP 7203 256
30  RW 7729 752
10  HP 8175 244
7
50  RW 7459 772
30  HP 7603 220
10  HP 10002 291
8
50  RW 6948 733
30  RW 7027 763
10  RW 7268 742
9
50  RW 2557 688
30  HP 3975 322
10  HP 3998 273
10
50  HP 3084 255
30  RW 3534 751
10  RW 4054 720
11
50  RW 1975 771
30  HP 2162 338
10  HP 2431 214
12
50  RW 1829 726
30  RW 2055 696
10  RW 2206 761
13
50  HP 3703 211
30  RW 3735 718
10  RW 3906 701
14
50  HP 3725 237
30  RW 3905 762
10  HP 4106 283
15
50  HP 3207 330
30  RW 3539 727
10  HP 3650 335
16
50  HP 3135 236
30  RW 3402 724
10  HP 3422 254
17
50  HP 6384 290
30  RW 7229 735
10  HP 8007 235
18
50  RW 6623 752
30  HP 7653 241
10  HP 8009 304
19
50  RW 6387 772
30  HP 8572 307
10  HP 8647 243
20
50  RW 5551 716
30  HP 5659 308
10  RW 5951 763
21
50  RW 3450 688
30  RW 4716 684
10  HP 4947 322
22
50  HP 2850 227
30  HP 3722 255
10  RW 4079 695
23
50  HP 2685 229
30  HP 2838 338
10  HP 3500 231
24
50  RW 2427 726
30  RW 2718 737
10  RW 2770 747
25
50  HP 1963 260
30  RW 1989 701
10  RW 2244 715
26
50  RW 1908 753
30  RW 2256 749
10  RW 2521 730
27
50  HP 3568 269
30  HP 3894 330
10  RW 4563 743
28
50  HP 4231 254
30  RW 4728 724
10  RW 4906 766
29
50  RW 3721 735
30  HP 3984 235
10  RW 4257 754
30
50  HP 3275 268
30  HP 4110 288
10  HP 4353 298
31
80  HP 3625 220
40  RW 3927 722
0  HP 4468 291
32
80  HP 2865 308
40  RW 3041 716
0  RW 3259 742
33
80  RW 2497 771
40  HP 2600 338
0  HP 2612 214
34
80  RW 2609 696
40  RW 2669 747
0  HP 2722 227
35
50  HP 1863 260
30  HP 1960 211
10  RW 1973 718
36
50  HP 1747 328
30  RW 1899 762
10  HP 2134 283
37
50  HP 3265 269
30  HP 4228 332
10  RW 4372 686
38
50  HP 3428 236
30  RW 4420 736
10  RW 4496 766
39
50  HP 3072 290
30  RW 3435 773
10  HP 3618 234
40
50  HP 3075 256
30  HP 3638 244
10  HP 3778 241
41
50  RW 3266 772
30  HP 4053 291
10  RW 4106 722
42
50  HP 2698 308
30  RW 2739 716
10  RW 2939 733
43
50  RW 2462 771
30  HP 2884 229
44
50  RW 2621 726
30  HP 3416 227
10  RW 3435 748
45
50  RW 2351 701
30  HP 2439 211
10  HP 2795 215
46
50  RW 2123 753
30  HP 2560 282
10  RW 2953 749
47
50  RW 4334 725
30  HP 4525 330
10  RW 4809 727
48
50  HP 5325 276
30  HP 5327 254
10  RW 5496 766
49
50  RW 3988 773
30  HP 4641 234
10  RW 4944 754
50
50  HP 3669 268
30  RW 4049 752
10  HP 4369 288
51
50  HP 3997 220
30  RW 4707 722
10  HP 4753 243
52
50  HP 3687 312
30  HP 3715 289
10  RW 3837 763
53
50  RW 17717 1691
30  HP 18604 1656
54
50  HP 10553 1642
30  RW 10673 1686
55
50  RW 18245 1687
30  HP 18650 1644
56
50  HP 15963 1646
30  RW 19983 1688
57
50  RW 15355 1689
30  HP 17031 1647
58
50  HP 17835 1649
59
50  HP 15187 1650
60
50  HP 12150 1651
61
50  HP 13259 1653
SCORE:RW,HP,2460,2930,-47.0
