RW-LCC
1
50  RW 10009 718
30  RW 11222 768
10  LCC 12900 2855
2
50  RW 8968 753
30  RW 9600 762
3
50  LCC 7247 2844
30  RW 8982 725
10  LCC 9800 2860
4
50  LCC 7346 2868
30  RW 10600 736
5
50  LCC 7149 2861
30  LCC 7241 2846
10  RW 7908 773
6
50  RW 7729 752
30  LCC 8146 2867
7
50  LCC 6395 2845
30  RW 7459 772
10  LCC 8620 2858
8
50  LCC 6350 2871
30  LCC 6572 2836
10  RW 6948 733
9
50  RW 2557 688
30  RW 4166 684
10  RW 4424 744
10
50  RW 3534 751
30  RW 4054 720
10  RW 4172 695
11
50  RW 1975 771
30  LCC 2278 2859
10  LCC 2345 2832
12
50  RW 1829 726
30  RW 2055 696
10  RW 2206 761
13
50  LCC 3277 2869
30  RW 3735 718
10  RW 3906 701
14
50  RW 3905 762
30  RW 4925 746
10  LCC 5203 2831
15
50  RW 3539 727
30  RW 3832 725
10  RW 3900 743
16
50  LCC 2821 2868
30  RW 3402 724
10  RW 3930 736
17
50  LCC 6550 2862
30  RW 7229 735
10  LCC 8026 2829
18
50  RW 6623 752
30  LCC 7280 2867
10  LCC 9017 2847
19
50  RW 6387 772
20
50  RW 5551 716
30  LCC 5634 2836
10  LCC 5829 2835
21
50  RW 3450 688
30  RW 4716 684
10  LCC 4821 2842
22
50  RW 4079 695
30  RW 4291 751
10  RW 6353 717
23
50  LCC 2705 2832
30  LCC 3055 2859
10  RW 3624 703
24
50  RW 2427 726
30  RW 2718 737
10  RW 2770 747
25
50  LCC 1880 2869
30  RW 1989 701
10  RW 2244 715
26
50  RW 1908 753
30  RW 2256 749
10  RW 2521 730
27
50  LCC 3373 2844
30  RW 4563 743
10  RW 4912 729
28
50  RW 4728 724
30  RW 4906 766
10  RW 6790 713
29
50  LCC 3544 2862
30  RW 3721 735
10  RW 4257 754
30
50  LCC 4645 2847
30  RW 5444 691
10  RW 6076 769
31
80  LCC 3887 2858
40  RW 3927 722
0  LCC 5175 2865
32
80  LCC 2945 2871
40  RW 3041 716
0  RW 3259 742
33
80  RW 2497 771
40  RW 2947 740
0  RW 3059 750
34
80  RW 2609 696
40  RW 2669 747
0  RW 3215 748
35
50  RW 1973 718
30  RW 2525 758
10  RW 2574 687
36
50  RW 1899 762
30  RW 2556 730
10  RW 2951 746
37
50  LCC 3470 2844
30  RW 4372 686
10  RW 4780 689
38
50  RW 4420 736
30  RW 4496 766
39
50  LCC 3019 2861
30  LCC 3026 2846
10  RW 3435 773
40
50  LCC 3952 2867
30  RW 5377 769
41
50  LCC 2770 2845
30  RW 3266 772
10  LCC 3963 2858
42
50  LCC 2625 2871
30  RW 2739 716
10  RW 2939 733
43
50  RW 2462 771
44
50  RW 2621 726
30  RW 3435 748
45
50  RW 2351 701
30  RW 3161 715
10  RW 3240 693
46
50  RW 2123 753
30  LCC 2716 2831
10  RW 2953 749
47
50  RW 4334 725
30  RW 4809 727
10  LCC 5133 2860
48
50  RW 5496 766
49
50  LCC 3773 2861
30  LCC 3821 2846
10  RW 3988 773
50
50  RW 4049 752
30  RW 5058 691
10  RW 6481 769
51
50  LCC 3654 2845
30  RW 4707 722
52
50  LCC 3518 2836
30  LCC 3734 2851
10  LCC 3784 2835
53
50  RW 17717 1691
54
50  RW 10673 1686
55
50  RW 18245 1687
30  LCC 20217 1954
56
50  RW 19983 1688
57
50  RW 15355 1689
30  LCC 16435 1955
59
50  LCC 11929 1956
60
50  LCC 17576 1957
61
50  LCC 11533 1959
SCORE:RW,LCC,3200,1870,133.0
