RW-NJST
1
50  RW 10009 718
30  NJST 10050 3229
10  RW 11222 768
2
50  RW 8968 753
30  RW 9600 762
10  NJST 11875 3221
3
50  NJST 7090 3206
30  NJST 7422 3238
10  NJST 8059 3224
4
50  NJST 10567 3243
30  RW 10600 736
5
50  RW 7908 773
30  NJST 8025 3231
10  RW 8319 735
6
50  RW 7729 752
7
50  RW 7459 772
30  NJST 7619 3234
10  NJST 8972 3211
8
50  RW 6948 733
30  RW 7027 763
10  RW 7268 742
9
50  NJST 2247 3222
30  RW 2557 688
10  NJST 3979 3235
10
50  RW 3534 751
30  RW 4054 720
10  RW 4172 695
11
50  NJST 1965 3197
30  RW 1975 771
10  NJST 2321 3215
12
50  RW 1829 726
30  NJST 2010 3225
10  RW 2055 696
13
50  RW 3735 718
30  RW 3906 701
10  NJST 4263 3229
14
50  RW 3905 762
30  NJST 4209 3226
10  RW 4925 746
15
50  NJST 2836 3206
30  NJST 2929 3238
10  NJST 3194 3191
16
50  NJST 3353 3236
30  RW 3402 724
10  RW 3930 736
17
50  RW 7229 735
30  RW 8526 767
10  RW 8675 754
18
50  RW 6623 752
30  RW 9885 691
19
50  RW 6387 772
30  NJST 6731 3234
10  NJST 7723 3240
20
50  RW 5551 716
30  RW 5951 763
10  RW 6060 733
21
50  NJST 2794 3222
30  RW 3450 688
10  RW 4716 684
22
50  RW 4079 695
30  RW 4291 751
10  RW 6353 717
23
50  NJST 2604 3197
30  NJST 2613 3215
10  NJST 2963 3219
24
50  NJST 2287 3225
30  RW 2427 726
10  RW 2718 737
25
50  RW 1989 701
30  RW 2244 715
10  NJST 2256 3212
26
50  RW 1908 753
30  RW 2256 749
10  NJST 2381 3221
27
50  NJST 3425 3213
30  NJST 3872 3191
10  RW 4563 743
28
50  NJST 4575 3236
30  RW 4728 724
10  RW 4906 766
29
50  RW 3721 735
30  NJST 3852 3231
10  RW 4257 754
30
50  RW 5444 691
30  RW 6076 769
31
80  NJST 3781 3234
40  RW 3927 722
0  NJST 4162 3211
32
80  RW 3041 716
40  RW 3259 742
0  RW 3425 690
33
80  RW 2497 771
40  RW 2947 740
0  RW 3059 750
34
80  RW 2609 696
40  RW 2669 747
0  RW 3215 748
35
50  RW 1973 718
30  NJST 2103 3229
10  RW 2525 758
36
50  RW 1899 762
30  NJST 2091 3226
10  RW 2556 730
37
50  NJST 3407 3206
30  NJST 3522 3238
10  NJST 3778 3224
38
50  RW 4420 736
30  RW 4496 766
39
50  RW 3435 773
30  NJST 3557 3231
10  RW 4221 767
40
50  RW 5377 769
41
50  RW 3266 772
30  NJST 3315 3234
10  NJST 4063 3240
42
50  RW 2739 716
30  RW 2939 733
10  RW 3106 742
43
50  RW 2462 771
30  NJST 3128 3219
10  NJST 3909 3233
44
50  RW 2621 726
30  NJST 3275 3225
10  RW 3435 748
45
50  RW 2351 701
30  NJST 2662 3194
10  RW 3161 715
46
50  RW 2123 753
30  RW 2953 749
10  NJST 3038 3221
47
50  NJST 4290 3224
30  RW 4334 725
10  RW 4809 727
48
50  NJST 5291 3214
30  RW 5496 766
10  NJST 5836 3236
49
50  RW 3988 773
30  NJST 4193 3231
10  RW 4944 754
50
50  RW 4049 752
30  RW 5058 691
10  RW 6481 769
51
50  NJST 4359 3211
30  NJST 4675 3240
10  RW 4707 722
52
50  NJST 3787 3230
30  RW 3837 763
10  RW 4031 710
53
50  RW 17717 1691
54
50  RW 10673 1686
30  NJST 10675 1997
55
50  RW 18245 1687
30  NJST 19643 1998
56
50  RW 19983 1688
30  NJST 22728 1999
57
50  NJST 12482 2000
30  RW 15355 1689
58
50  NJST 18127 2002
SCORE:RW,NJST,3240,1860,138.0
