RW-NC
1
50  NC 9537 1485
30  RW 10009 718
10  NC 11022 1472
2
50  RW 8968 753
30  RW 9600 762
10  NC 10859 1532
3
50  NC 7906 1477
30  RW 8982 725
10  NC 9235 1504
4
50  NC 8479 1533
30  NC 9094 1471
10  NC 10406 1518
5
50  RW 7908 773
30  NC 8092 1476
10  RW 8319 735
6
50  RW 7729 752
30  NC 9079 1524
10  NC 9428 1514
7
50  RW 7459 772
30  NC 8569 1497
10  NC 9537 1466
8
50  RW 6948 733
30  RW 7027 763
10  NC 7103 1483
9
50  RW 2557 688
30  NC 2950 1526
10  RW 4166 684
10
50  RW 3534 751
30  RW 4054 720
10  RW 4172 695
11
50  RW 1975 771
30  NC 2056 1515
10  RW 2544 703
12
50  RW 1829 726
30  RW 2055 696
10  NC 2144 1487
13
50  RW 3735 718
30  RW 3906 701
10  NC 4184 1474
14
50  RW 3905 762
30  NC 4309 1528
10  RW 4925 746
15
50  NC 3160 1477
30  RW 3539 727
10  NC 3698 1522
16
50  NC 3250 1517
30  RW 3402 724
10  NC 3447 1533
17
50  RW 7229 735
30  NC 7388 1470
10  NC 8268 1535
18
50  RW 6623 752
30  NC 7797 1537
10  NC 7947 1524
19
50  RW 6387 772
30  NC 7391 1497
10  NC 8413 1505
20
50  RW 5551 716
30  RW 5951 763
10  RW 6060 733
21
50  RW 3450 688
30  NC 4007 1526
10  RW 4716 684
22
50  RW 4079 695
30  RW 4291 751
10  RW 6353 717
23
50  NC 2606 1516
30  NC 3179 1527
10  NC 3349 1510
24
50  RW 2427 726
30  NC 2572 1487
10  RW 2718 737
25
50  RW 1989 701
30  NC 1994 1485
10  RW 2244 715
26
50  RW 1908 753
30  RW 2256 749
10  NC 2422 1525
27
50  NC 3567 1477
30  NC 4549 1504
10  RW 4563 743
28
50  NC 4119 1533
30  NC 4179 1471
10  RW 4728 724
29
50  RW 3721 735
30  NC 3790 1470
10  RW 4257 754
30
50  NC 4540 1537
30  NC 4856 1524
10  NC 5037 1508
31
80  RW 3927 722
40  NC 3954 1497
0  NC 4604 1466
32
80  RW 3041 716
40  NC 3181 1492
0  RW 3259 742
33
80  RW 2497 771
40  NC 2860 1516
0  NC 2900 1515
34
80  RW 2609 696
40  NC 2659 1530
0  RW 2669 747
35
50  NC 1873 1485
30  RW 1973 718
10  NC 2172 1472
36
50  RW 1899 762
30  NC 2300 1525
10  NC 2389 1532
37
50  NC 4296 1519
30  NC 4328 1504
10  RW 4372 686
38
50  NC 3571 1517
30  NC 4003 1471
10  RW 4420 736
39
50  RW 3435 773
30  NC 3541 1470
10  NC 3618 1476
40
50  NC 4068 1537
30  NC 4128 1514
10  RW 5377 769
41
50  RW 3266 772
30  NC 3763 1497
10  RW 4106 722
42
50  RW 2739 716
30  RW 2939 733
10  NC 2993 1483
43
50  RW 2462 771
30  NC 3047 1516
10  NC 3862 1515
44
50  RW 2621 726
30  NC 2992 1494
10  NC 3066 1489
45
50  RW 2351 701
30  NC 2462 1474
10  NC 2653 1472
46
50  RW 2123 753
30  NC 2525 1532
10  RW 2953 749
47
50  NC 4322 1477
30  RW 4334 725
10  NC 4701 1519
48
50  NC 4507 1517
30  NC 5165 1502
10  RW 5496 766
49
50  RW 3988 773
30  NC 4160 1476
10  RW 4944 754
50
50  RW 4049 752
30  NC 4410 1524
10  RW 5058 691
51
50  RW 4707 722
30  NC 4844 1505
10  NC 4958 1466
52
50  NC 3615 1483
30  NC 3750 1492
10  RW 3837 763
53
50  RW 17717 1691
54
50  NC 9591 1764
30  RW 10673 1686
55
50  NC 18144 1766
30  RW 18245 1687
56
50  NC 18106 1768
30  RW 19983 1688
57
50  NC 15191 1770
30  RW 15355 1689
58
50  NC 14393 1772
59
50  NC 14019 1773
60
50  NC 14844 1774
61
50  NC 14235 1775
SCORE:RW,NC,2760,2610,15.0
