RW-NSC
1
50  RW 10009 718
30  NSC 10734 638
10  NSC 10903 666
2
50  RW 8968 753
30  RW 9600 762
10  NSC 10994 632
3
50  NSC 7928 660
30  RW 8982 725
10  NSC 9897 673
4
50  NSC 10388 671
30  RW 10600 736
5
50  NSC 7594 612
30  RW 7908 773
10  RW 8319 735
6
50  NSC 7116 595
30  RW 7729 752
10  NSC 8581 601
7
50  NSC 7146 664
30  RW 7459 772
10  NSC 7884 584
8
50  NSC 6128 586
30  RW 6948 733
10  RW 7027 763
9
50  RW 2557 688
30  NSC 2872 634
10  NSC 3075 651
10
50  NSC 3440 644
30  RW 3534 751
10  NSC 3666 630
11
50  RW 1975 771
30  NSC 2137 672
10  NSC 2175 643
12
50  RW 1829 726
30  RW 2055 696
10  NSC 2081 606
13
50  RW 3735 718
30  RW 3906 701
10  NSC 4031 640
14
50  NSC 3841 627
30  RW 3905 762
10  NSC 4163 677
15
50  RW 3539 727
30  NSC 3797 635
10  NSC 3807 576
16
50  RW 3402 724
30  NSC 3888 642
10  RW 3930 736
17
50  RW 7229 735
30  NSC 7472 656
10  NSC 8125 669
18
50  RW 6623 752
30  NSC 7620 617
10  NSC 7872 589
19
50  RW 6387 772
30  NSC 6697 573
10  NSC 7000 584
20
50  NSC 5459 586
30  RW 5551 716
10  NSC 5678 661
21
50  RW 3450 688
30  NSC 3888 634
10  NSC 4450 651
22
50  RW 4079 695
30  RW 4291 751
10  NSC 4485 644
23
50  NSC 2553 643
30  NSC 2566 665
10  NSC 2839 648
24
50  RW 2427 726
30  RW 2718 737
10  RW 2770 747
25
50  RW 1989 701
30  NSC 2138 638
10  NSC 2170 666
26
50  RW 1908 753
30  NSC 2112 627
10  RW 2256 749
27
50  NSC 3566 660
30  RW 4563 743
10  RW 4912 729
28
50  RW 4728 724
30  NSC 4747 642
10  RW 4906 766
29
50  NSC 3691 612
30  RW 3721 735
10  NSC 4012 656
30
50  NSC 4118 592
30  NSC 4137 617
10  NSC 4447 589
31
80  NSC 3358 664
40  NSC 3612 594
0  NSC 3720 573
32
80  NSC 2969 586
40  RW 3041 716
0  RW 3259 742
33
80  RW 2497 771
40  NSC 2650 665
0  NSC 2703 672
34
80  RW 2609 696
40  NSC 2619 606
0  RW 2669 747
35
50  RW 1973 718
30  NSC 2060 640
10  NSC 2512 618
36
50  RW 1899 762
30  NSC 2269 631
10  NSC 2356 633
37
50  NSC 3546 660
30  RW 4372 686
10  NSC 4490 576
38
50  RW 4420 736
30  RW 4496 766
10  NSC 5213 671
39
50  RW 3435 773
30  NSC 3901 656
10  RW 4221 767
40
50  NSC 3934 601
30  NSC 3941 592
10  NSC 4331 570
41
50  RW 3266 772
30  NSC 3315 573
10  NSC 3440 567
42
50  RW 2739 716
30  RW 2939 733
10  NSC 3104 591
43
50  RW 2462 771
30  NSC 2800 672
10  NSC 3390 626
44
50  RW 2621 726
30  NSC 2832 621
10  RW 3435 748
45
50  RW 2351 701
30  NSC 2497 640
10  NSC 2538 666
46
50  RW 2123 753
30  NSC 2409 632
10  NSC 2559 622
47
50  RW 4334 725
30  RW 4809 727
10  NSC 5122 593
48
50  NSC 5044 671
30  NSC 5400 613
10  RW 5496 766
49
50  RW 3988 773
30  NSC 4059 612
10  NSC 4425 625
50
50  NSC 3590 595
30  RW 4049 752
10  NSC 4453 592
51
50  NSC 3763 664
30  NSC 4044 567
10  NSC 4137 594
52
50  NSC 3544 661
30  RW 3837 763
10  NSC 3844 569
53
50  NSC 15700 1685
30  RW 17717 1691
54
50  NSC 9860 1672
30  RW 10673 1686
55
50  RW 18245 1687
30  NSC 20914 1675
56
50  NSC 17615 1677
30  RW 19983 1688
57
50  RW 15355 1689
30  NSC 15450 1679
59
50  NSC 14494 1682
60
50  NSC 12959 1683
61
50  NSC 12194 1684
SCORE:RW,NSC,2600,2740,-14.0
