RW-SCSC
1
50  SCSC 9422 83
30  SCSC 9644 126
10  RW 10009 718
2
50  RW 8968 753
30  RW 9600 762
10  SCSC 10856 129
3
50  SCSC 8177 125
30  SCSC 8218 208
10  RW 8982 725
4
50  SCSC 8071 200
30  SCSC 9385 128
10  RW 10600 736
5
50  SCSC 7622 107
30  RW 7908 773
10  RW 8319 735
6
50  SCSC 6832 178
30  SCSC 7156 151
10  RW 7729 752
7
50  RW 7459 772
30  SCSC 8853 117
10  SCSC 9719 135
8
50  SCSC 6738 176
30  RW 6948 733
10  RW 7027 763
9
50  RW 2557 688
30  SCSC 3301 182
10  SCSC 3619 94
10
50  SCSC 2637 185
30  RW 3534 751
10  RW 4054 720
11
50  RW 1975 771
30  SCSC 2091 172
10  SCSC 2114 191
12
50  RW 1829 726
30  SCSC 1919 154
10  RW 2055 696
13
50  SCSC 3635 126
30  SCSC 3641 83
10  RW 3735 718
14
50  RW 3905 762
30  SCSC 3983 80
10  SCSC 4257 168
15
50  SCSC 2862 159
30  SCSC 3194 208
10  SCSC 3463 166
16
50  SCSC 3125 200
30  SCSC 3216 82
10  RW 3402 724
17
50  SCSC 6237 199
30  RW 7229 735
10  SCSC 7682 177
18
50  SCSC 6556 133
30  RW 6623 752
10  SCSC 6657 192
19
50  SCSC 6151 108
30  RW 6387 772
10  SCSC 8854 135
20
50  RW 5551 716
30  SCSC 5587 156
10  RW 5951 763
21
50  RW 3450 688
30  SCSC 4619 182
10  RW 4716 684
22
50  RW 4079 695
30  RW 4291 751
10  SCSC 4701 173
23
50  SCSC 2875 191
30  RW 3624 703
10  SCSC 3672 153
24
50  SCSC 2425 154
30  RW 2427 726
10  RW 2718 737
25
50  RW 1989 701
30  SCSC 2089 126
10  RW 2244 715
26
50  RW 1908 753
30  SCSC 2220 196
10  RW 2256 749
27
50  SCSC 3313 159
30  SCSC 3831 208
10  RW 4563 743
28
50  SCSC 3633 200
30  SCSC 4544 144
10  SCSC 4628 128
29
50  RW 3721 735
30  SCSC 4034 114
10  SCSC 4203 198
30
50  SCSC 3432 120
30  SCSC 3545 178
10  SCSC 4538 106
31
80  SCSC 3306 108
40  RW 3927 722
0  SCSC 4070 121
32
80  RW 3041 716
40  RW 3259 742
0  RW 3425 690
33
80  RW 2497 771
40  SCSC 2565 105
0  RW 2947 740
34
80  RW 2609 696
40  RW 2669 747
0  RW 3215 748
35
50  SCSC 1728 83
30  RW 1973 718
10  SCSC 1995 146
36
50  RW 1899 762
30  SCSC 2366 164
10  SCSC 2500 134
37
50  SCSC 3894 166
30  RW 4372 686
10  SCSC 4683 118
38
50  RW 4420 736
30  RW 4496 766
10  SCSC 4764 144
39
50  SCSC 3078 199
30  RW 3435 773
10  SCSC 4022 114
40
50  SCSC 3012 151
30  SCSC 3447 192
10  SCSC 3459 120
41
50  RW 3266 772
30  SCSC 4072 117
10  RW 4106 722
42
50  RW 2739 716
30  SCSC 2747 156
10  SCSC 2783 201
43
50  RW 2462 771
30  SCSC 3153 172
10  SCSC 3250 95
44
50  RW 2621 726
30  SCSC 2935 160
10  RW 3435 748
45
50  RW 2351 701
30  SCSC 2507 184
10  SCSC 2697 171
46
50  RW 2123 753
30  SCSC 2757 88
10  SCSC 2904 136
47
50  SCSC 4256 125
30  RW 4334 725
10  RW 4809 727
48
50  SCSC 4256 82
30  SCSC 4665 169
10  SCSC 5169 109
49
50  RW 3988 773
30  SCSC 3997 107
10  SCSC 4313 165
50
50  SCSC 3432 178
30  SCSC 3800 133
10  SCSC 3982 151
51
50  SCSC 4337 117
30  RW 4707 722
10  SCSC 5038 121
52
50  SCSC 3234 156
30  SCSC 3339 201
10  RW 3837 763
53
50  SCSC 16759 1641
30  RW 17717 1691
54
50  SCSC 9056 1633
30  RW 10673 1686
55
50  RW 18245 1687
30  SCSC 19565 1634
56
50  SCSC 18470 1635
30  RW 19983 1688
57
50  SCSC 13178 1636
30  RW 15355 1689
58
50  SCSC 14856 1637
59
50  SCSC 13296 1638
60
50  SCSC 12758 1639
61
50  SCSC 11516 1640
SCORE:RW,SCSC,2260,3140,-88.0
