RW-SD
1
50  RW 10009 718
30  SD 10430 3496
10  RW 11222 768
2
50  RW 8968 753
30  RW 9600 762
10  SD 13250 3516
3
50  RW 8982 725
30  SD 9045 3497
10  RW 10153 686
4
50  SD 10282 3500
30  RW 10600 736
10  SD 12127 3483
5
50  RW 7908 773
30  RW 8319 735
10  RW 9284 767
6
50  SD 7475 3498
30  RW 7729 752
10  SD 9590 3480
7
50  RW 7459 772
30  SD 9537 3481
8
50  RW 6948 733
30  RW 7027 763
10  RW 7268 742
9
50  RW 2557 688
30  SD 3290 3514
10  SD 3633 3515
10
50  SD 2538 3513
30  SD 3182 3519
10  SD 3209 3512
11
50  RW 1975 771
30  RW 2544 703
10  RW 2644 740
12
50  RW 1829 726
30  SD 1883 3478
10  RW 2055 696
13
50  RW 3735 718
30  RW 3906 701
10  RW 4695 760
14
50  RW 3905 762
30  SD 4775 3504
10  SD 4787 3503
15
50  RW 3539 727
30  RW 3832 725
10  RW 3900 743
16
50  RW 3402 724
30  RW 3930 736
10  SD 4600 3483
17
50  RW 7229 735
30  SD 8478 3521
10  RW 8526 767
18
50  SD 6208 3498
30  RW 6623 752
10  RW 9885 691
19
50  RW 6387 772
20
50  RW 5551 716
30  RW 5951 763
10  RW 6060 733
21
50  RW 3450 688
30  SD 3746 3506
10  SD 3990 3515
22
50  SD 3064 3513
30  SD 3569 3519
10  RW 4079 695
23
50  RW 3624 703
30  SD 3746 3506
10  RW 3778 709
24
50  RW 2427 726
30  SD 2452 3478
10  SD 2613 3499
25
50  RW 1989 701
30  SD 2087 3496
10  RW 2244 715
26
50  RW 1908 753
30  RW 2256 749
10  RW 2521 730
27
50  SD 4000 3497
30  RW 4563 743
10  RW 4912 729
28
50  SD 4532 3500
30  RW 4728 724
10  RW 4906 766
29
50  RW 3721 735
30  RW 4257 754
10  SD 4327 3521
30
50  SD 4615 3480
30  RW 5444 691
10  RW 6076 769
31
80  RW 3927 722
40  SD 4613 3481
32
80  RW 3041 716
40  RW 3259 742
0  RW 3425 690
33
80  RW 2497 771
40  RW 2947 740
0  RW 3059 750
34
80  SD 2528 3478
40  RW 2609 696
0  RW 2669 747
35
50  RW 1973 718
30  SD 2064 3496
10  RW 2525 758
36
50  RW 1899 762
30  SD 2477 3516
10  RW 2556 730
37
50  SD 4327 3497
30  RW 4372 686
10  RW 4780 689
38
50  RW 4420 736
30  RW 4496 766
10  SD 5521 3500
39
50  RW 3435 773
30  RW 4221 767
10  SD 5118 3487
40
50  SD 4488 3480
30  RW 5377 769
41
50  RW 3266 772
30  RW 4106 722
10  SD 4363 3481
42
50  RW 2739 716
30  RW 2939 733
10  RW 3106 742
43
50  RW 2462 771
30  SD 4865 3505
44
50  RW 2621 726
30  SD 2788 3478
10  SD 3101 3499
45
50  RW 2351 701
30  SD 2541 3479
10  SD 2955 3508
46
50  RW 2123 753
30  RW 2953 749
10  SD 3234 3510
47
50  RW 4334 725
30  SD 4700 3497
10  RW 4809 727
48
50  SD 5057 3500
30  RW 5496 766
10  SD 6591 3483
49
50  RW 3988 773
30  SD 4806 3487
10  RW 4944 754
50
50  RW 4049 752
30  RW 5058 691
10  SD 5284 3480
51
50  RW 4707 722
30  SD 5034 3481
52
50  RW 3837 763
30  SD 4000 3501
10  RW 4031 710
53
50  SD 15585 2067
30  RW 17717 1691
54
50  RW 10673 1686
30  SD 12488 2064
55
50  RW 18245 1687
30  SD 21624 2065
56
50  SD 19897 2066
30  RW 19983 1688
57
50  RW 15355 1689
SCORE:RW,SD,3420,1670,175.0
