RW-WST
1
50  WST 9560 1393
30  RW 10009 718
10  WST 10214 1445
2
50  RW 8968 753
30  RW 9600 762
10  WST 10409 1384
3
50  RW 8982 725
30  WST 9201 1410
10  WST 9728 1391
4
50  WST 8631 1444
30  RW 10600 736
10  WST 13321 1412
5
50  WST 7806 1401
30  RW 7908 773
10  RW 8319 735
6
50  RW 7729 752
30  WST 9363 1376
10  WST 9634 1370
7
50  RW 7459 772
30  WST 9084 1399
8
50  WST 6800 1380
30  RW 6948 733
10  RW 7027 763
9
50  RW 2557 688
30  RW 4166 684
10  RW 4424 744
10
50  RW 3534 751
30  WST 3581 1423
10  WST 3746 1405
11
50  WST 1954 1411
30  RW 1975 771
10  WST 2237 1389
12
50  RW 1829 726
30  WST 1846 1421
10  RW 2055 696
13
50  RW 3735 718
30  RW 3906 701
10  WST 4119 1445
14
50  RW 3905 762
30  WST 3938 1384
10  WST 4257 1392
15
50  RW 3539 727
30  WST 3622 1448
10  WST 3751 1410
16
50  WST 3387 1444
30  RW 3402 724
10  RW 3930 736
17
50  RW 7229 735
30  WST 7747 1425
10  WST 7844 1456
18
50  RW 6623 752
30  WST 7996 1370
10  WST 8036 1460
19
50  RW 6387 772
30  WST 7150 1461
10  WST 7878 1399
20
50  RW 5551 716
30  RW 5951 763
10  WST 5963 1380
21
50  RW 3450 688
30  RW 4716 684
10  RW 6230 744
22
50  WST 3468 1423
30  RW 4079 695
10  RW 4291 751
23
50  WST 2557 1389
30  WST 2771 1404
10  WST 3094 1418
24
50  WST 2217 1421
30  RW 2427 726
10  RW 2718 737
25
50  RW 1989 701
30  WST 2062 1393
10  RW 2244 715
26
50  RW 1908 753
30  RW 2256 749
10  WST 2282 1392
27
50  WST 4415 1391
30  WST 4528 1410
10  RW 4563 743
28
50  RW 4728 724
30  RW 4906 766
10  WST 6243 1412
29
50  WST 3400 1401
30  RW 3721 735
10  WST 3975 1387
30
50  WST 4352 1376
30  WST 4367 1369
10  RW 5444 691
31
80  WST 3713 1461
40  RW 3927 722
0  WST 4152 1399
32
80  RW 3041 716
40  RW 3259 742
0  RW 3425 690
33
80  RW 2497 771
40  WST 2529 1411
0  WST 2560 1389
34
80  WST 2022 1421
40  RW 2609 696
0  RW 2669 747
35
50  WST 1716 1393
30  RW 1973 718
10  WST 2115 1396
36
50  RW 1899 762
30  RW 2556 730
10  RW 2951 746
37
50  RW 4372 686
30  WST 4690 1448
10  RW 4780 689
38
50  RW 4420 736
30  RW 4496 766
10  WST 4603 1444
39
50  RW 3435 773
30  WST 3694 1387
10  WST 4081 1456
40
50  WST 4535 1370
30  WST 4549 1369
10  RW 5377 769
41
50  RW 3266 772
30  WST 3744 1461
10  RW 4106 722
42
50  RW 2739 716
30  WST 2927 1380
10  RW 2939 733
43
50  RW 2462 771
30  WST 2528 1411
10  WST 3299 1455
44
50  RW 2621 726
30  RW 3435 748
10  WST 3463 1421
45
50  WST 2255 1445
30  WST 2335 1396
10  RW 2351 701
46
50  RW 2123 753
30  WST 2591 1392
10  WST 2789 1458
47
50  RW 4334 725
30  RW 4809 727
10  WST 4922 1409
48
50  WST 4406 1444
30  RW 5496 766
10  WST 7495 1453
49
50  RW 3988 773
30  WST 4372 1456
10  WST 4502 1401
50
50  RW 4049 752
30  RW 5058 691
10  WST 5246 1460
51
50  WST 4490 1399
30  RW 4707 722
52
50  RW 3837 763
30  RW 4031 710
10  WST 4178 1463
53
50  RW 17717 1691
30  WST 18453 1763
54
50  WST 8588 1752
30  RW 10673 1686
55
50  WST 16994 1755
30  RW 18245 1687
56
50  RW 19983 1688
57
50  WST 15310 1758
30  RW 15355 1689
59
50  WST 13947 1760
60
50  WST 14387 1761
61
50  WST 15394 1762
SCORE:RW,WST,2940,2360,58.0
