RW-WCSC
1
50  WCSC 8690 844
30  WCSC 9353 884
10  RW 10009 718
2
50  RW 8968 753
30  RW 9600 762
10  WCSC 10839 784
3
50  WCSC 7943 800
30  WCSC 8633 883
10  RW 8982 725
4
50  WCSC 8409 810
30  WCSC 9688 775
10  RW 10600 736
5
50  WCSC 7784 895
30  RW 7908 773
10  RW 8319 735
6
50  RW 7729 752
30  WCSC 7896 776
10  WCSC 8833 821
7
50  RW 7459 772
30  WCSC 8963 860
10  WCSC 9778 900
8
50  RW 6948 733
30  RW 7027 763
10  RW 7268 742
9
50  RW 2557 688
30  WCSC 3175 869
10  WCSC 3328 872
10
50  RW 3534 751
30  WCSC 3536 830
10  WCSC 3673 786
11
50  WCSC 1889 855
30  RW 1975 771
10  WCSC 2129 826
12
50  WCSC 1740 870
30  RW 1829 726
10  WCSC 1904 877
13
50  RW 3735 718
30  WCSC 3738 871
10  WCSC 3787 884
14
50  RW 3905 762
30  WCSC 4129 831
10  WCSC 4481 868
15
50  WCSC 3219 896
30  WCSC 3312 840
10  RW 3539 727
16
50  RW 3402 724
30  WCSC 3434 775
10  WCSC 3517 863
17
50  WCSC 7082 859
30  RW 7229 735
10  WCSC 7348 845
18
50  RW 6623 752
30  WCSC 6674 798
10  WCSC 6843 776
19
50  RW 6387 772
30  WCSC 7938 860
10  WCSC 7996 881
20
50  RW 5551 716
30  RW 5951 763
10  RW 6060 733
21
50  WCSC 3090 869
30  RW 3450 688
10  WCSC 4438 872
22
50  RW 4079 695
30  RW 4291 751
10  WCSC 4634 830
23
50  WCSC 2098 817
30  WCSC 2637 898
10  WCSC 2662 879
24
50  WCSC 1929 801
30  WCSC 2358 877
10  RW 2427 726
25
50  RW 1989 701
30  WCSC 2043 816
10  RW 2244 715
26
50  RW 1908 753
30  WCSC 2111 784
10  RW 2256 749
27
50  WCSC 3813 800
30  RW 4563 743
10  RW 4912 729
28
50  WCSC 4178 810
30  RW 4728 724
10  RW 4906 766
29
50  WCSC 3500 895
30  RW 3721 735
10  RW 4257 754
30
50  WCSC 3909 821
30  WCSC 4312 791
10  WCSC 4536 880
31
80  WCSC 3840 803
40  RW 3927 722
0  WCSC 4301 835
32
80  RW 3041 716
40  RW 3259 742
0  RW 3425 690
33
80  WCSC 2225 826
40  RW 2497 771
0  WCSC 2500 817
34
80  WCSC 2223 877
40  RW 2609 696
0  RW 2669 747
35
50  WCSC 1938 871
30  RW 1973 718
10  WCSC 2327 816
36
50  RW 1899 762
30  WCSC 2122 876
10  RW 2556 730
37
50  WCSC 3982 840
30  RW 4372 686
10  RW 4780 689
38
50  WCSC 4317 863
30  RW 4420 736
10  RW 4496 766
39
50  WCSC 3434 859
30  RW 3435 773
10  RW 4221 767
40
50  WCSC 3463 798
30  WCSC 4046 880
10  RW 5377 769
41
50  RW 3266 772
30  WCSC 3803 803
10  WCSC 3928 900
42
50  RW 2739 716
30  RW 2939 733
10  RW 3106 742
43
50  RW 2462 771
30  WCSC 2682 855
10  WCSC 3027 826
44
50  WCSC 2112 801
30  WCSC 2583 870
10  RW 2621 726
45
50  WCSC 2151 844
30  RW 2351 701
10  WCSC 2864 805
46
50  RW 2123 753
30  WCSC 2403 831
10  RW 2953 749
47
50  WCSC 4162 896
30  RW 4334 725
10  RW 4809 727
48
50  WCSC 4555 810
30  RW 5496 766
49
50  RW 3988 773
30  WCSC 4656 845
10  RW 4944 754
50
50  RW 4049 752
30  WCSC 4113 776
10  WCSC 4549 798
51
50  WCSC 4467 860
30  RW 4707 722
10  WCSC 5658 835
52
50  RW 3837 763
30  WCSC 3963 864
10  RW 4031 710
53
50  WCSC 16033 1707
30  RW 17717 1691
54
50  WCSC 7650 1692
30  RW 10673 1686
55
50  WCSC 16081 1695
30  RW 18245 1687
56
50  WCSC 17798 1697
30  RW 19983 1688
57
50  WCSC 13322 1699
30  RW 15355 1689
58
50  WCSC 18199 1702
59
50  WCSC 13190 1703
60
50  WCSC 15089 1704
61
50  WCSC 12596 1705
SCORE:RW,WCSC,2410,2980,-57.0
