RW-WAW
1
50  WAW 9200 1022
30  RW 10009 718
10  RW 11222 768
2
50  WAW 8528 1033
30  RW 8968 753
10  RW 9600 762
3
50  RW 8982 725
30  WAW 9045 931
10  WAW 9818 950
4
50  WAW 7781 940
30  RW 10600 736
5
50  WAW 7833 908
30  RW 7908 773
10  RW 8319 735
6
50  WAW 6684 904
30  WAW 7572 1032
10  RW 7729 752
7
50  RW 7459 772
30  WAW 7606 975
10  WAW 10288 957
8
50  WAW 6267 1012
30  RW 6948 733
10  RW 7027 763
9
50  WAW 2516 959
30  RW 2557 688
10  RW 4166 684
10
50  WAW 2569 916
30  RW 3534 751
10  WAW 4040 932
11
50  WAW 1876 1021
30  RW 1975 771
10  WAW 2419 1011
12
50  RW 1829 726
30  RW 2055 696
10  WAW 2056 961
13
50  WAW 3626 939
30  RW 3735 718
10  RW 3906 701
14
50  WAW 3897 964
30  RW 3905 762
10  WAW 4081 996
15
50  WAW 3166 938
30  RW 3539 727
10  RW 3832 725
16
50  RW 3402 724
30  RW 3930 736
10  WAW 4262 998
17
50  WAW 7038 929
30  RW 7229 735
10  WAW 7763 909
18
50  WAW 6524 1030
30  RW 6623 752
10  WAW 7990 943
19
50  RW 6387 772
30  WAW 7012 975
10  WAW 8919 957
20
50  RW 5551 716
30  RW 5951 763
10  RW 6060 733
21
50  WAW 3312 959
30  RW 3450 688
10  RW 4716 684
22
50  WAW 3255 916
30  WAW 3816 947
10  RW 4079 695
23
50  WAW 2516 1021
30  WAW 3094 980
10  WAW 3458 981
24
50  RW 2427 726
30  WAW 2659 902
10  RW 2718 737
25
50  RW 1989 701
30  RW 2244 715
10  WAW 2369 906
26
50  WAW 1809 915
30  RW 1908 753
10  RW 2256 749
27
50  WAW 4452 918
30  RW 4563 743
10  RW 4912 729
28
50  WAW 3533 940
30  RW 4728 724
10  RW 4906 766
29
50  RW 3721 735
30  RW 4257 754
10  WAW 5483 969
30
50  WAW 3430 1030
30  WAW 5037 1010
10  RW 5444 691
31
80  RW 3927 722
40  WAW 5869 1018
32
80  RW 3041 716
40  RW 3259 742
0  WAW 3298 976
33
80  RW 2497 771
40  RW 2947 740
0  RW 3059 750
34
80  RW 2609 696
40  RW 2669 747
0  RW 3215 748
35
50  RW 1973 718
30  WAW 2463 906
10  RW 2525 758
36
50  WAW 1765 915
30  RW 1899 762
10  WAW 2451 1031
37
50  WAW 3497 938
30  WAW 4319 970
10  RW 4372 686
38
50  WAW 3681 940
30  RW 4420 736
10  RW 4496 766
39
50  RW 3435 773
30  WAW 3972 1004
10  RW 4221 767
40
50  WAW 2938 904
30  WAW 4697 951
10  RW 5377 769
41
50  RW 3266 772
30  WAW 3582 971
10  RW 4106 722
42
50  RW 2739 716
30  RW 2939 733
10  WAW 2976 976
43
50  WAW 2456 1021
30  RW 2462 771
10  WAW 3985 925
44
50  RW 2621 726
30  WAW 3223 902
10  RW 3435 748
45
50  WAW 2035 1022
30  WAW 2119 939
10  RW 2351 701
46
50  WAW 1937 1033
30  RW 2123 753
10  WAW 2572 912
47
50  RW 4334 725
30  WAW 4628 931
10  RW 4809 727
48
50  RW 5496 766
30  WAW 5776 998
49
50  RW 3988 773
30  WAW 4032 908
10  WAW 4501 909
50
50  WAW 3637 1032
30  RW 4049 752
10  WAW 4833 943
51
50  WAW 3975 971
30  RW 4707 722
10  WAW 4857 957
52
50  WAW 3347 1012
30  WAW 3827 948
10  RW 3837 763
53
50  WAW 14403 1722
30  RW 17717 1691
54
50  WAW 9827 1709
30  RW 10673 1686
55
50  WAW 16351 1711
30  RW 18245 1687
56
50  WAW 15537 1713
30  RW 19983 1688
57
50  WAW 14803 1715
30  RW 15355 1689
58
50  WAW 30791 1717
59
50  WAW 13606 1718
60
50  WAW 11946 1720
61
50  WAW 11575 1721
SCORE:RW,WAW,2570,2810,-24.0
