SA-AND
1
50  AND 9931 1090
30  AND 10053 1040
10  AND 10600 1107
2
50  AND 15182 1134
3
50  AND 8533 1041
30  AND 9628 1059
10  AND 11311 1126
4
50  AND 8178 1089
30  AND 8422 1120
5
50  AND 7363 1095
30  AND 9390 1124
10  AND 9812 1042
6
50  AND 8681 1127
30  AND 8847 1045
7
50  AND 7909 1094
30  AND 9389 1155
8
50  AND 8629 1101
9
50  AND 4037 1072
30  AND 4153 1046
10  AND 4725 1149
10
50  AND 3468 1139
30  AND 4798 1146
10  AND 5266 1143
11
50  AND 2150 1034
30  AND 2224 1105
10  AND 2734 1071
12
50  AND 2387 1066
30  AND 2886 1070
10  AND 2930 1132
13
50  AND 3820 1054
30  AND 3843 1107
10  AND 4206 1171
14
50  AND 4141 1080
30  AND 5012 1163
10  AND 6174 1075
15
50  AND 3380 1122
30  AND 3537 1059
10  AND 3630 1152
16
50  AND 3513 1079
30  AND 3896 1053
10  AND 4127 1050
17
50  AND 6284 1121
30  AND 6286 1095
10  AND 7659 1161
18
50  AND 7423 1127
30  AND 8120 1100
10  AND 9373 1081
19
50  AND 7168 1108
30  AND 7177 1137
10  AND 7929 1113
20
50  AND 5943 1125
30  AND 7119 1116
10  AND 7226 1118
21
50  AND 4686 1072
30  AND 4868 1174
10  AND 5023 1170
22
50  AND 4911 1139
30  AND 4974 1143
10  AND 6090 1146
23
50  AND 2751 1034
30  AND 3269 1109
10  AND 3363 1055
24
50  AND 2843 1066
30  AND 3783 1070
10  AND 3836 1084
25
50  AND 2055 1044
30  AND 2282 1171
10  AND 2349 1073
26
50  AND 2596 1035
30  AND 2827 1080
10  AND 2966 1134
27
50  AND 3713 1122
30  AND 4077 1041
10  AND 4785 1152
28
50  AND 3865 1120
30  AND 4801 1053
29
50  AND 3901 1068
30  AND 4043 1124
10  AND 4116 1088
30
50  AND 4322 1127
30  AND 4348 1100
10  AND 4675 1081
31
80  AND 3907 1108
40  AND 4229 1113
0  AND 4313 1155
32
80  AND 3183 1125
40  AND 3636 1118
0  AND 4537 1101
33
80  AND 3553 1105
35
50  AND 1935 1090
30  AND 1953 1040
10  AND 2132 1054
36
50  AND 2289 1035
30  AND 3035 1163
10  AND 3543 1075
37
50  AND 3932 1122
30  AND 3956 1059
10  AND 5766 1144
38
50  AND 3591 1089
30  AND 3613 1120
39
50  AND 3193 1121
30  AND 3229 1095
10  AND 3929 1088
40
50  AND 3823 1045
30  AND 4450 1100
41
50  AND 3548 1137
30  AND 4334 1162
10  AND 4565 1113
42
50  AND 3808 1116
43
50  AND 3225 1034
30  AND 3423 1071
10  AND 3657 1109
45
50  AND 2051 1044
30  AND 2537 1054
10  AND 2609 1171
46
50  AND 2599 1077
30  AND 3350 1134
10  AND 3663 1163
47
50  AND 4259 1041
30  AND 5474 1126
10  AND 5887 1144
48
50  AND 4420 1089
30  AND 5038 1079
10  AND 5982 1053
49
50  AND 4009 1121
30  AND 4613 1124
10  AND 4620 1068
50
50  AND 4404 1081
30  AND 4473 1045
51
50  AND 4211 1094
30  AND 4288 1108
10  AND 4814 1097
52
50  AND 4413 1101
54
50  AND 11193 1724
55
50  AND 16214 1726
56
50  AND 19643 1728
57
50  AND 20541 1729
59
50  AND 14394 1731
61
50  AND 12242 1732
SCORE:SA,AND,0,4620,-462.0
