SA-FV
1
50  FV 10025 3349
30  FV 13531 3375
2
50  FV 10634 3383
3
50  FV 8790 3380
30  FV 9695 3377
10  FV 10253 3362
4
50  FV 11027 3350
30  FV 11813 3356
5
50  FV 8295 3351
30  FV 8941 3381
10  FV 10281 3357
6
50  FV 10438 3367
7
50  FV 10543 3373
8
50  FV 7139 3384
30  FV 7577 3364
10  FV 8072 3358
9
50  FV 3222 3343
30  FV 11425 3361
10
50  FV 3344 3360
11
50  FV 2181 3382
30  FV 2232 3344
10  FV 3028 3365
12
50  FV 2238 3368
30  FV 3459 3374
10  FV 4366 3345
13
50  FV 4412 3375
30  FV 5334 3376
10  FV 5806 3348
14
50  FV 4650 3369
30  FV 4814 3366
10  FV 4909 3346
15
50  FV 3525 3380
30  FV 3960 3377
10  FV 3963 3370
16
50  FV 3762 3359
30  FV 3785 3379
10  FV 4108 3350
17
50  FV 7303 3351
30  FV 7582 3352
10  FV 12406 3354
19
50  FV 8631 3373
20
50  FV 6359 3384
30  FV 6653 3355
10  FV 6853 3358
21
50  FV 3926 3343
22
50  FV 5770 3360
23
50  FV 2641 3344
30  FV 2675 3382
10  FV 5576 3385
24
50  FV 3748 3374
25
50  FV 2089 3349
30  FV 2812 3353
10  FV 2813 3376
26
50  FV 2464 3369
30  FV 2878 3366
10  FV 2932 3372
27
50  FV 4028 3380
30  FV 4595 3377
10  FV 4784 3362
28
50  FV 4766 3359
30  FV 5353 3379
10  FV 5591 3356
29
50  FV 3738 3351
30  FV 4328 3357
10  FV 6035 3354
30
50  FV 5003 3367
31
80  FV 5164 3373
32
80  FV 3475 3364
40  FV 3512 3384
0  FV 3645 3355
33
80  FV 3532 3344
34
80  FV 3213 3368
35
50  FV 1908 3349
30  FV 2653 3375
36
50  FV 2340 3383
30  FV 3039 3372
37
50  FV 4444 3380
30  FV 4509 3362
10  FV 4872 3371
38
50  FV 5006 3359
39
50  FV 3577 3351
30  FV 3887 3352
10  FV 4240 3381
40
50  FV 5819 3367
41
50  FV 4947 3373
42
50  FV 3234 3384
30  FV 3381 3358
10  FV 3491 3355
43
50  FV 3579 3382
30  FV 4928 3365
44
50  FV 3925 3368
45
50  FV 3062 3348
30  FV 3069 3376
46
50  FV 2665 3383
30  FV 2806 3363
10  FV 3295 3366
47
50  FV 5371 3377
30  FV 7506 3347
48
50  FV 5718 3350
30  FV 5747 3356
10  FV 5765 3379
49
50  FV 4203 3352
30  FV 4771 3381
10  FV 5169 3357
50
50  FV 5175 3367
52
50  FV 4388 3355
30  FV 4463 3364
10  FV 4503 3358
54
50  FV 11293 2015
55
50  FV 20352 2016
56
50  FV 19896 2017
57
50  FV 17397 2018
58
50  FV 17403 2019
59
50  FV 16759 2020
SCORE:SA,FV,0,4160,-416.0
