SA-FR
1
50  FR 9756 1771
30  FR 11123 1757
10  FR 11833 1799
2
50  FR 14198 1805
3
50  FR 9077 1829
30  FR 9742 1797
10  FR 10635 1819
4
50  FR 7209 1825
30  FR 10057 1800
10  FR 10463 1784
5
50  FR 7641 1767
30  FR 9555 1833
10  FR 9581 1772
6
50  FR 8712 1781
30  FR 9324 1756
10  FR 9844 1831
7
50  FR 8011 1828
30  FR 9367 1769
10  FR 10173 1824
8
50  FR 7819 1749
9
50  FR 4226 1823
30  FR 5019 1798
10  FR 5146 1762
10
50  FR 6518 1775
11
50  FR 2003 1815
30  FR 2238 1778
10  FR 2335 1820
12
50  FR 2009 1740
30  FR 2057 1770
10  FR 3118 1789
13
50  FR 4397 1757
30  FR 4501 1786
10  FR 4539 1741
14
50  FR 5036 1794
30  FR 5071 1788
10  FR 5314 1805
15
50  FR 3487 1785
30  FR 3761 1797
10  FR 3957 1819
16
50  FR 2909 1825
30  FR 3730 1826
10  FR 4046 1813
17
50  FR 8153 1833
30  FR 8839 1772
10  FR 8850 1783
18
50  FR 7796 1831
30  FR 7883 1756
19
50  FR 6978 1828
30  FR 8397 1769
10  FR 8701 1824
20
50  FR 7289 1748
21
50  FR 4902 1798
30  FR 6624 1823
10  FR 7689 1755
22
50  FR 5597 1775
23
50  FR 2359 1815
30  FR 2628 1778
10  FR 2794 1820
24
50  FR 2369 1740
30  FR 3435 1746
10  FR 3950 1814
25
50  FR 2137 1771
30  FR 2467 1799
10  FR 2547 1801
26
50  FR 2488 1837
30  FR 3885 1806
10  FR 3946 1788
27
50  FR 4456 1785
30  FR 4617 1797
10  FR 5387 1821
28
50  FR 4469 1826
30  FR 4849 1784
10  FR 5253 1780
29
50  FR 3559 1767
30  FR 4101 1833
10  FR 5399 1783
30
50  FR 4107 1781
30  FR 4263 1831
31
80  FR 3485 1765
40  FR 4595 1835
0  FR 4778 1812
32
80  FR 3537 1749
40  FR 3950 1748
33
80  FR 2371 1815
40  FR 2673 1820
0  FR 3068 1778
34
80  FR 2468 1740
40  FR 2562 1770
0  FR 4457 1789
35
50  FR 2038 1771
30  FR 2295 1786
10  FR 2337 1757
37
50  FR 4082 1785
30  FR 4656 1829
10  FR 4838 1758
38
50  FR 3378 1825
30  FR 4474 1784
10  FR 5282 1800
39
50  FR 3359 1767
30  FR 4532 1783
10  FR 4562 1742
40
50  FR 3883 1781
30  FR 3989 1756
10  FR 4378 1831
41
50  FR 3181 1765
30  FR 3494 1828
10  FR 4517 1769
42
50  FR 3447 1749
43
50  FR 3201 1778
30  FR 3810 1820
44
50  FR 2806 1770
30  FR 4503 1746
45
50  FR 2412 1771
30  FR 2652 1741
10  FR 2765 1757
46
50  FR 2884 1794
30  FR 2992 1805
47
50  FR 4369 1829
30  FR 5456 1821
10  FR 5925 1758
48
50  FR 3828 1825
30  FR 5026 1800
10  FR 5087 1826
49
50  FR 4196 1767
30  FR 4599 1833
10  FR 4828 1783
50
50  FR 4141 1781
30  FR 5093 1756
51
50  FR 3700 1765
30  FR 4614 1769
10  FR 4743 1835
52
50  FR 4293 1748
53
50  FR 30704 1814
54
50  FR 11241 1805
55
50  FR 23538 1808
56
50  FR 25100 1809
57
50  FR 15370 1811
58
50  FR 15968 1812
61
50  FR 12000 1813
SCORE:SA,FR,0,4720,-472.0
