SA-NC
1
50  NC 9537 1485
30  NC 11022 1472
2
50  NC 10859 1532
30  NC 13682 1467
3
50  NC 7906 1477
30  NC 9235 1504
10  NC 9563 1519
4
50  NC 8479 1533
30  NC 9094 1471
10  NC 10406 1518
5
50  NC 8092 1476
30  NC 9066 1506
10  NC 9262 1535
6
50  NC 9079 1524
30  NC 9428 1514
7
50  NC 8569 1497
30  NC 9537 1466
8
50  NC 7103 1483
30  NC 7146 1492
10  NC 7450 1509
9
50  NC 2950 1526
30  NC 4638 1486
11
50  NC 2056 1515
30  NC 2663 1510
10  NC 2691 1527
12
50  NC 2144 1487
30  NC 2181 1530
10  NC 2388 1489
13
50  NC 4184 1474
30  NC 5063 1520
10  NC 5275 1488
14
50  NC 4309 1528
30  NC 5276 1507
10  NC 5319 1467
15
50  NC 3160 1477
30  NC 3698 1522
10  NC 4075 1511
16
50  NC 3250 1517
30  NC 3447 1533
10  NC 3932 1502
17
50  NC 7388 1470
30  NC 8268 1535
10  NC 8512 1506
18
50  NC 7797 1537
30  NC 7947 1524
10  NC 8323 1514
19
50  NC 7391 1497
30  NC 8413 1505
20
50  NC 6181 1483
30  NC 6473 1509
10  NC 7400 1496
21
50  NC 4007 1526
30  NC 5883 1486
23
50  NC 2606 1516
30  NC 3179 1527
10  NC 3349 1510
24
50  NC 2572 1487
30  NC 3022 1489
10  NC 3553 1521
25
50  NC 1994 1485
30  NC 2363 1475
10  NC 2565 1474
26
50  NC 2422 1525
30  NC 2580 1467
10  NC 2619 1469
27
50  NC 3567 1477
30  NC 4549 1504
10  NC 5309 1479
28
50  NC 4119 1533
30  NC 4179 1471
10  NC 5222 1518
29
50  NC 3790 1470
30  NC 4284 1506
10  NC 4613 1484
30
50  NC 4540 1537
30  NC 4856 1524
10  NC 5037 1508
31
80  NC 3954 1497
40  NC 4604 1466
32
80  NC 3181 1492
40  NC 3437 1509
0  NC 4197 1496
33
80  NC 2860 1516
40  NC 2900 1515
0  NC 2912 1510
34
80  NC 2659 1530
40  NC 3803 1487
35
50  NC 1873 1485
30  NC 2172 1472
10  NC 2562 1475
36
50  NC 2300 1525
30  NC 2389 1532
10  NC 2462 1528
37
50  NC 4296 1519
30  NC 4328 1504
10  NC 4475 1522
38
50  NC 3571 1517
30  NC 4003 1471
39
50  NC 3541 1470
30  NC 3618 1476
10  NC 3825 1506
40
50  NC 4068 1537
30  NC 4128 1514
41
50  NC 3763 1497
30  NC 4526 1505
42
50  NC 2993 1483
30  NC 3113 1492
10  NC 3359 1509
43
50  NC 3047 1516
30  NC 3862 1515
44
50  NC 2992 1494
30  NC 3066 1489
10  NC 3369 1530
45
50  NC 2462 1474
30  NC 2653 1472
10  NC 3509 1520
46
50  NC 2525 1532
30  NC 3342 1469
10  NC 3433 1500
47
50  NC 4322 1477
30  NC 4701 1519
10  NC 4796 1522
48
50  NC 4507 1517
30  NC 5165 1502
10  NC 5600 1518
49
50  NC 4160 1476
30  NC 5303 1468
10  NC 5769 1484
50
50  NC 4410 1524
30  NC 5575 1508
10  NC 5723 1480
51
50  NC 4844 1505
30  NC 4958 1466
52
50  NC 3615 1483
30  NC 3750 1492
10  NC 4497 1496
54
50  NC 9591 1764
55
50  NC 18144 1766
56
50  NC 18106 1768
57
50  NC 15191 1770
58
50  NC 14393 1772
59
50  NC 14019 1773
60
50  NC 14844 1774
61
50  NC 14235 1775
SCORE:SA,NC,0,4900,-490.0
