SA-PO
1
50  PO 9340 2358
30  PO 10953 2304
10  PO 12622 2333
2
50  PO 10430 2359
30  PO 12613 2389
10  PO 13970 2307
3
50  PO 9899 2336
30  PO 10541 2295
4
50  PO 9149 2391
5
50  PO 9593 2388
30  PO 9719 2312
10  PO 12799 2318
6
50  PO 7628 2297
30  PO 7677 2366
10  PO 9113 2315
7
50  PO 8925 2320
30  PO 8952 2319
10  PO 9119 2356
8
50  PO 7191 2298
30  PO 8889 2300
9
50  PO 2428 2293
30  PO 3240 2374
10  PO 3401 2365
10
50  PO 2596 2346
30  PO 3253 2322
10  PO 3576 2305
11
50  PO 2096 2364
30  PO 2269 2351
10  PO 2293 2335
12
50  PO 2075 2402
30  PO 2097 2292
10  PO 2218 2345
13
50  PO 3834 2317
30  PO 4408 2304
10  PO 5027 2321
14
50  PO 4212 2359
30  PO 4251 2389
10  PO 4348 2400
15
50  PO 3896 2336
30  PO 4000 2295
10  PO 4459 2380
16
50  PO 3749 2349
30  PO 4409 2396
10  PO 4594 2383
17
50  PO 8416 2312
30  PO 9539 2370
10  PO 10894 2373
18
50  PO 7672 2315
30  PO 8137 2331
10  PO 9958 2302
19
50  PO 7177 2353
30  PO 7887 2356
10  PO 8106 2320
20
50  PO 7108 2298
30  PO 7330 2340
10  PO 8231 2300
21
50  PO 3271 2378
30  PO 3409 2293
10  PO 3913 2303
22
50  PO 3458 2346
30  PO 3540 2322
10  PO 4746 2305
23
50  PO 2579 2351
30  PO 2611 2330
10  PO 2634 2335
24
50  PO 2745 2345
30  PO 2847 2292
10  PO 2897 2367
25
50  PO 2181 2317
30  PO 2479 2321
10  PO 2544 2368
26
50  PO 2667 2307
30  PO 2954 2341
10  PO 3732 2296
27
50  PO 5895 2403
30  PO 5904 2294
10  PO 6125 2363
28
50  PO 5190 2396
30  PO 7019 2399
29
50  PO 4596 2361
30  PO 4737 2388
10  PO 5000 2370
30
50  PO 3426 2297
30  PO 3614 2366
10  PO 5113 2302
31
80  PO 4090 2319
40  PO 4220 2320
0  PO 4824 2301
32
80  PO 4094 2300
40  PO 4133 2340
33
80  PO 2769 2364
40  PO 3434 2330
0  PO 3845 2293
34
80  PO 2833 2345
40  PO 2866 2402
0  PO 2975 2355
35
50  PO 1754 2358
30  PO 1951 2317
10  PO 2282 2304
36
50  PO 2003 2359
30  PO 2400 2400
10  PO 5197 2360
37
50  PO 5814 2403
30  PO 7468 2363
10  PO 7571 2380
38
50  PO 4129 2391
30  PO 5443 2334
10  PO 6021 2383
39
50  PO 4303 2361
30  PO 4482 2312
10  PO 4835 2342
40
50  PO 3357 2297
30  PO 3587 2366
10  PO 4567 2331
41
50  PO 3582 2353
30  PO 4020 2356
10  PO 4687 2301
42
50  PO 3243 2298
30  PO 3741 2340
43
50  PO 3567 2390
30  PO 4302 2299
44
50  PO 3713 2355
45
50  PO 2282 2358
30  PO 2802 2333
10  PO 3133 2377
46
50  PO 2697 2400
30  PO 3027 2296
10  PO 3702 2389
47
50  PO 4839 2336
30  PO 6139 2403
10  PO 6288 2380
48
50  PO 5239 2391
30  PO 5258 2349
10  PO 7009 2383
49
50  PO 4732 2342
30  PO 5150 2388
10  PO 5301 2361
50
50  PO 4740 2331
30  PO 4829 2315
10  PO 6469 2369
51
50  PO 4338 2320
30  PO 4744 2319
10  PO 5273 2301
52
50  PO 4268 2300
53
50  PO 12839 1888
54
50  PO 9464 1876
55
50  PO 17012 1877
56
50  PO 19939 1879
57
50  PO 19083 1881
58
50  PO 16272 1882
59
50  PO 15543 1884
60
50  PO 13909 1886
61
50  PO 12619 1887
SCORE:SA,PO,0,5080,-508.0
