SA-SHC
1
50  SHC 8773 492
30  SHC 10263 463
10  SHC 10669 513
2
50  SHC 10517 475
30  SHC 10644 539
10  SHC 12246 531
3
50  SHC 8951 533
30  SHC 9627 514
4
50  SHC 7872 552
5
50  SHC 8052 501
6
50  SHC 6757 549
30  SHC 11721 476
7
50  SHC 7710 459
30  SHC 7723 479
10  SHC 8297 558
8
50  SHC 7306 502
30  SHC 7419 497
10  SHC 8186 450
9
50  SHC 3479 481
30  SHC 3513 528
10  SHC 3803 486
10
50  SHC 3037 565
30  SHC 3619 471
10  SHC 3666 534
11
50  SHC 2143 564
30  SHC 2346 491
10  SHC 2353 541
12
50  SHC 2783 535
30  SHC 2872 512
10  SHC 2887 504
13
50  SHC 3514 492
30  SHC 3799 547
10  SHC 3929 522
14
50  SHC 4207 537
30  SHC 4694 559
10  SHC 4865 531
15
50  SHC 3479 533
30  SHC 3687 514
10  SHC 3807 515
16
50  SHC 3036 552
30  SHC 3941 542
10  SHC 3990 525
17
50  SHC 7129 546
30  SHC 7729 478
10  SHC 10400 462
18
50  SHC 7143 493
30  SHC 8607 488
10  SHC 9696 476
19
50  SHC 6655 479
30  SHC 6933 459
10  SHC 7867 489
20
50  SHC 5949 490
30  SHC 6294 497
10  SHC 6959 450
21
50  SHC 2812 540
30  SHC 3757 481
10  SHC 4366 528
22
50  SHC 3253 565
30  SHC 3894 471
10  SHC 4737 534
23
50  SHC 2502 564
30  SHC 2827 554
10  SHC 2833 553
24
50  SHC 2900 464
30  SHC 3818 512
10  SHC 3879 504
25
50  SHC 2013 550
30  SHC 2044 513
10  SHC 2203 547
26
50  SHC 2653 457
30  SHC 2657 538
10  SHC 2905 480
27
50  SHC 4386 533
30  SHC 4756 487
10  SHC 5977 529
28
50  SHC 4765 451
30  SHC 5445 525
10  SHC 6153 456
29
50  SHC 3509 546
30  SHC 5790 462
30
50  SHC 4305 493
30  SHC 4891 488
31
80  SHC 3706 558
40  SHC 3828 458
0  SHC 4017 489
32
80  SHC 3169 502
40  SHC 3619 526
33
80  SHC 2923 554
40  SHC 2977 491
0  SHC 2997 540
34
80  SHC 3849 511
35
50  SHC 1906 463
30  SHC 2377 524
10  SHC 2601 557
36
50  SHC 2075 537
30  SHC 2173 539
10  SHC 2534 506
37
50  SHC 4158 514
30  SHC 4610 487
10  SHC 5393 477
38
50  SHC 3333 552
30  SHC 4793 525
10  SHC 6116 505
39
50  SHC 3290 501
30  SHC 3653 546
40
50  SHC 2951 549
30  SHC 3667 493
41
50  SHC 3356 459
30  SHC 3443 479
42
50  SHC 2906 490
30  SHC 3016 502
10  SHC 4039 496
43
50  SHC 3154 553
30  SHC 3207 469
10  SHC 3212 491
44
50  SHC 3788 464
45
50  SHC 2141 550
30  SHC 2513 522
10  SHC 2620 524
46
50  SHC 2295 475
30  SHC 2475 539
10  SHC 3375 548
47
50  SHC 5463 482
30  SHC 5543 515
48
50  SHC 5134 542
30  SHC 5643 466
10  SHC 5672 451
49
50  SHC 4671 478
50
50  SHC 3461 549
30  SHC 5967 476
51
50  SHC 4114 458
30  SHC 4837 489
52
50  SHC 3760 490
30  SHC 3804 497
10  SHC 4231 496
53
50  SHC 16298 1670
55
50  SHC 14927 1665
56
50  SHC 18851 1666
57
50  SHC 18766 1667
SCORE:SA,SHC,0,4700,-470.0
