SCSC-PO
1
50  PO 9340 2358
30  SCSC 9422 83
10  SCSC 9644 126
2
50  PO 10430 2359
30  SCSC 10856 129
10  SCSC 11107 196
3
50  SCSC 8177 125
30  SCSC 8218 208
10  SCSC 9657 138
4
50  SCSC 8071 200
30  PO 9149 2391
10  SCSC 9385 128
5
50  SCSC 7622 107
30  SCSC 8989 165
10  SCSC 9215 114
6
50  SCSC 6832 178
30  SCSC 7156 151
10  PO 7628 2297
7
50  SCSC 8853 117
30  PO 8925 2320
10  PO 8952 2319
8
50  SCSC 6738 176
30  PO 7191 2298
10  SCSC 8626 142
9
50  PO 2428 2293
30  PO 3240 2374
10  SCSC 3301 182
10
50  PO 2596 2346
30  SCSC 2637 185
10  PO 3253 2322
11
50  SCSC 2091 172
30  PO 2096 2364
10  SCSC 2114 191
12
50  SCSC 1919 154
30  PO 2075 2402
10  PO 2097 2292
13
50  SCSC 3635 126
30  SCSC 3641 83
10  PO 3834 2317
14
50  SCSC 3983 80
30  PO 4212 2359
10  PO 4251 2389
15
50  SCSC 2862 159
30  SCSC 3194 208
10  SCSC 3463 166
16
50  SCSC 3125 200
30  SCSC 3216 82
10  SCSC 3457 128
17
50  SCSC 6237 199
30  SCSC 7682 177
10  SCSC 8159 198
18
50  SCSC 6556 133
30  SCSC 6657 192
10  SCSC 7412 127
19
50  SCSC 6151 108
30  PO 7177 2353
10  PO 7887 2356
20
50  SCSC 5587 156
30  PO 7108 2298
10  PO 7330 2340
21
50  PO 3271 2378
30  PO 3409 2293
10  PO 3913 2303
22
50  PO 3458 2346
30  PO 3540 2322
10  SCSC 4701 173
23
50  PO 2579 2351
30  PO 2611 2330
10  PO 2634 2335
24
50  SCSC 2425 154
30  PO 2745 2345
10  PO 2847 2292
25
50  SCSC 2089 126
30  PO 2181 2317
10  SCSC 2406 171
26
50  SCSC 2220 196
30  SCSC 2271 168
10  SCSC 2376 129
27
50  SCSC 3313 159
30  SCSC 3831 208
10  SCSC 5259 87
28
50  SCSC 3633 200
30  SCSC 4544 144
10  SCSC 4628 128
29
50  SCSC 4034 114
30  SCSC 4203 198
10  PO 4596 2361
30
50  PO 3426 2297
30  SCSC 3432 120
10  SCSC 3545 178
31
80  SCSC 3306 108
40  SCSC 4070 121
0  PO 4090 2319
32
80  SCSC 3432 176
40  SCSC 3878 142
0  PO 4094 2300
33
80  SCSC 2565 105
40  PO 2769 2364
0  SCSC 3100 191
34
80  PO 2833 2345
40  PO 2866 2402
0  PO 2975 2355
35
50  SCSC 1728 83
30  PO 1754 2358
10  PO 1951 2317
36
50  PO 2003 2359
30  SCSC 2366 164
10  PO 2400 2400
37
50  SCSC 3894 166
30  SCSC 4683 118
10  SCSC 5463 162
38
50  PO 4129 2391
30  SCSC 4764 144
10  SCSC 4775 109
39
50  SCSC 3078 199
30  SCSC 4022 114
10  SCSC 4220 179
40
50  SCSC 3012 151
30  PO 3357 2297
10  SCSC 3447 192
41
50  PO 3582 2353
30  PO 4020 2356
10  SCSC 4072 117
42
50  SCSC 2747 156
30  SCSC 2783 201
10  PO 3243 2298
43
50  SCSC 3153 172
30  SCSC 3250 95
10  SCSC 3331 105
44
50  SCSC 2935 160
30  PO 3713 2355
10  SCSC 3825 137
45
50  PO 2282 2358
30  SCSC 2507 184
10  SCSC 2697 171
46
50  PO 2697 2400
30  SCSC 2757 88
10  SCSC 2904 136
47
50  SCSC 4256 125
30  PO 4839 2336
10  SCSC 5194 100
48
50  SCSC 4256 82
30  SCSC 4665 169
10  SCSC 5169 109
49
50  SCSC 3997 107
30  SCSC 4313 165
10  PO 4732 2342
50
50  SCSC 3432 178
30  SCSC 3800 133
10  SCSC 3982 151
51
50  SCSC 4337 117
30  PO 4338 2320
10  PO 4744 2319
52
50  SCSC 3234 156
30  SCSC 3339 201
10  PO 4268 2300
53
50  PO 12839 1888
30  SCSC 16759 1641
54
50  SCSC 9056 1633
30  PO 9464 1876
55
50  PO 17012 1877
30  SCSC 19565 1634
56
50  SCSC 18470 1635
30  PO 19939 1879
57
50  SCSC 13178 1636
30  PO 19083 1881
58
50  SCSC 14856 1637
30  PO 16272 1882
59
50  SCSC 13296 1638
30  PO 15543 1884
60
50  SCSC 12758 1639
30  PO 13909 1886
61
50  SCSC 11516 1640
30  PO 12619 1887
SCORE:SCSC,PO,3620,1900,172.0
