SCSC-FR
1
50  SCSC 9422 83
30  SCSC 9644 126
10  FR 9756 1771
2
50  SCSC 10856 129
30  SCSC 11107 196
10  SCSC 13452 134
3
50  SCSC 8177 125
30  SCSC 8218 208
10  FR 9077 1829
4
50  FR 7209 1825
30  SCSC 8071 200
10  SCSC 9385 128
5
50  SCSC 7622 107
30  FR 7641 1767
10  SCSC 8989 165
6
50  SCSC 6832 178
30  SCSC 7156 151
10  SCSC 7837 192
7
50  FR 8011 1828
30  SCSC 8853 117
10  FR 9367 1769
8
50  SCSC 6738 176
30  FR 7819 1749
10  SCSC 8626 142
9
50  SCSC 3301 182
30  SCSC 3619 94
10  SCSC 3926 97
10
50  SCSC 2637 185
30  SCSC 4081 123
10  SCSC 5639 173
11
50  FR 2003 1815
30  SCSC 2091 172
10  SCSC 2114 191
12
50  SCSC 1919 154
30  FR 2009 1740
10  FR 2057 1770
13
50  SCSC 3635 126
30  SCSC 3641 83
10  SCSC 3885 146
14
50  SCSC 3983 80
30  SCSC 4257 168
10  SCSC 4639 88
15
50  SCSC 2862 159
30  SCSC 3194 208
10  SCSC 3463 166
16
50  FR 2909 1825
30  SCSC 3125 200
10  SCSC 3216 82
17
50  SCSC 6237 199
30  SCSC 7682 177
10  FR 8153 1833
18
50  SCSC 6556 133
30  SCSC 6657 192
10  SCSC 7412 127
19
50  SCSC 6151 108
30  FR 6978 1828
10  FR 8397 1769
20
50  SCSC 5587 156
30  FR 7289 1748
10  SCSC 7509 142
21
50  SCSC 4619 182
30  FR 4902 1798
10  SCSC 5152 183
22
50  SCSC 4701 173
30  SCSC 5191 123
10  FR 5597 1775
23
50  FR 2359 1815
30  FR 2628 1778
10  FR 2794 1820
24
50  FR 2369 1740
30  SCSC 2425 154
10  SCSC 3058 147
25
50  SCSC 2089 126
30  FR 2137 1771
10  SCSC 2406 171
26
50  SCSC 2220 196
30  SCSC 2271 168
10  SCSC 2376 129
27
50  SCSC 3313 159
30  SCSC 3831 208
10  FR 4456 1785
28
50  SCSC 3633 200
30  FR 4469 1826
10  SCSC 4544 144
29
50  FR 3559 1767
30  SCSC 4034 114
10  FR 4101 1833
30
50  SCSC 3432 120
30  SCSC 3545 178
10  FR 4107 1781
31
80  SCSC 3306 108
40  FR 3485 1765
0  SCSC 4070 121
32
80  SCSC 3432 176
40  FR 3537 1749
0  SCSC 3878 142
33
80  FR 2371 1815
40  SCSC 2565 105
0  FR 2673 1820
34
80  FR 2468 1740
40  FR 2562 1770
0  SCSC 3219 147
35
50  SCSC 1728 83
30  SCSC 1995 146
10  FR 2038 1771
36
50  SCSC 2366 164
30  SCSC 2500 134
10  SCSC 2691 91
37
50  SCSC 3894 166
30  FR 4082 1785
10  FR 4656 1829
38
50  FR 3378 1825
30  FR 4474 1784
10  SCSC 4764 144
39
50  SCSC 3078 199
30  FR 3359 1767
10  SCSC 4022 114
40
50  SCSC 3012 151
30  SCSC 3447 192
10  SCSC 3459 120
41
50  FR 3181 1765
30  FR 3494 1828
10  SCSC 4072 117
42
50  SCSC 2747 156
30  SCSC 2783 201
10  FR 3447 1749
43
50  SCSC 3153 172
30  FR 3201 1778
10  SCSC 3250 95
44
50  FR 2806 1770
30  SCSC 2935 160
10  SCSC 3825 137
45
50  FR 2412 1771
30  SCSC 2507 184
10  FR 2652 1741
46
50  SCSC 2757 88
30  FR 2884 1794
10  SCSC 2904 136
47
50  SCSC 4256 125
30  FR 4369 1829
10  SCSC 5194 100
48
50  FR 3828 1825
30  SCSC 4256 82
10  SCSC 4665 169
49
50  SCSC 3997 107
30  FR 4196 1767
10  SCSC 4313 165
50
50  SCSC 3432 178
30  SCSC 3800 133
10  SCSC 3982 151
51
50  FR 3700 1765
30  SCSC 4337 117
10  FR 4614 1769
52
50  SCSC 3234 156
30  SCSC 3339 201
10  FR 4293 1748
53
50  SCSC 16759 1641
30  FR 30704 1814
54
50  SCSC 9056 1633
30  FR 11241 1805
55
50  SCSC 19565 1634
30  FR 23538 1808
56
50  SCSC 18470 1635
30  FR 25100 1809
57
50  SCSC 13178 1636
30  FR 15370 1811
58
50  SCSC 14856 1637
30  FR 15968 1812
59
50  SCSC 13296 1638
60
50  SCSC 12758 1639
61
50  SCSC 11516 1640
30  FR 12000 1813
SCORE:SCSC,FR,3640,1820,182.0
