SCSC-CC
1
50  SCSC 9422 83
30  SCSC 9644 126
10  CC 10921 2939
2
50  CC 8850 2949
30  SCSC 10856 129
10  SCSC 11107 196
3
50  CC 8118 2938
30  SCSC 8177 125
10  SCSC 8218 208
4
50  CC 8034 2948
30  SCSC 8071 200
10  SCSC 9385 128
5
50  SCSC 7622 107
30  CC 7882 2954
10  SCSC 8989 165
6
50  SCSC 6832 178
30  SCSC 7156 151
10  SCSC 7837 192
7
50  SCSC 8853 117
30  CC 9441 2943
10  SCSC 9719 135
8
50  CC 6620 2964
30  SCSC 6738 176
10  CC 7634 2934
9
50  CC 3234 2960
30  SCSC 3301 182
10  SCSC 3619 94
10
50  SCSC 2637 185
30  SCSC 4081 123
10  SCSC 5639 173
11
50  SCSC 2091 172
30  SCSC 2114 191
10  CC 2302 2951
12
50  SCSC 1919 154
30  SCSC 2425 195
10  SCSC 2756 137
13
50  SCSC 3635 126
30  SCSC 3641 83
10  SCSC 3885 146
14
50  SCSC 3983 80
30  SCSC 4257 168
10  SCSC 4639 88
15
50  SCSC 2862 159
30  SCSC 3194 208
10  CC 3222 2938
16
50  SCSC 3125 200
30  SCSC 3216 82
10  CC 3277 2948
17
50  SCSC 6237 199
30  CC 7166 2937
10  SCSC 7682 177
18
50  SCSC 6556 133
30  SCSC 6657 192
10  CC 6925 2944
19
50  SCSC 6151 108
30  SCSC 8854 135
20
50  SCSC 5587 156
30  CC 6203 2934
10  CC 7121 2935
21
50  CC 2950 2960
30  SCSC 4619 182
10  SCSC 5152 183
22
50  SCSC 4701 173
30  SCSC 5191 123
10  SCSC 5756 167
23
50  CC 2725 2951
30  SCSC 2875 191
10  SCSC 3672 153
24
50  SCSC 2425 154
30  CC 2439 2950
10  SCSC 3058 147
25
50  SCSC 2089 126
30  CC 2207 2939
10  CC 2372 2958
26
50  CC 1737 2949
30  SCSC 2220 196
10  SCSC 2271 168
27
50  SCSC 3313 159
30  SCSC 3831 208
10  CC 4340 2965
28
50  SCSC 3633 200
30  SCSC 4544 144
10  SCSC 4628 128
29
50  SCSC 4034 114
30  SCSC 4203 198
10  CC 4219 2937
30
50  SCSC 3432 120
30  SCSC 3545 178
10  CC 3806 2944
31
80  SCSC 3306 108
40  SCSC 4070 121
0  CC 4707 2943
32
80  CC 3128 2964
40  SCSC 3432 176
0  CC 3500 2934
33
80  SCSC 2565 105
40  SCSC 3100 191
0  SCSC 3621 77
34
80  CC 2484 2950
40  SCSC 3219 147
0  SCSC 3240 160
35
50  SCSC 1728 83
30  SCSC 1995 146
10  CC 2038 2939
36
50  CC 1658 2949
30  SCSC 2366 164
10  SCSC 2500 134
37
50  CC 3522 2938
30  CC 3640 2957
10  SCSC 3894 166
38
50  CC 3847 2948
30  SCSC 4764 144
10  SCSC 4775 109
39
50  SCSC 3078 199
30  CC 3449 2954
10  CC 3895 2942
40
50  SCSC 3012 151
30  SCSC 3447 192
10  SCSC 3459 120
41
50  SCSC 4072 117
30  CC 4125 2943
42
50  SCSC 2747 156
30  SCSC 2783 201
10  CC 2822 2964
43
50  CC 3131 2951
30  SCSC 3153 172
10  SCSC 3250 95
44
50  SCSC 2935 160
30  CC 2945 2950
10  SCSC 3825 137
45
50  CC 2420 2939
30  CC 2485 2958
10  SCSC 2507 184
46
50  CC 2719 2936
30  SCSC 2757 88
10  CC 2841 2941
47
50  SCSC 4256 125
30  CC 4600 2965
10  SCSC 5194 100
48
50  CC 4097 2948
30  SCSC 4256 82
10  SCSC 4665 169
49
50  CC 3807 2954
30  SCSC 3997 107
10  SCSC 4313 165
50
50  SCSC 3432 178
30  SCSC 3800 133
10  SCSC 3982 151
51
50  SCSC 4337 117
30  SCSC 5038 121
10  CC 5260 2943
52
50  SCSC 3234 156
30  CC 3294 2964
10  SCSC 3339 201
53
50  SCSC 16759 1641
54
50  SCSC 9056 1633
55
50  SCSC 19565 1634
56
50  SCSC 18470 1635
30  CC 19707 1970
57
50  SCSC 13178 1636
30  CC 15841 1971
58
50  SCSC 14856 1637
59
50  SCSC 13296 1638
30  CC 13789 1972
60
50  SCSC 12758 1639
61
50  SCSC 11516 1640
SCORE:SCSC,CC,3720,1600,212.0
