SCSC-WAW
1
50  WAW 9200 1022
30  SCSC 9422 83
10  SCSC 9644 126
2
50  WAW 8528 1033
30  WAW 10693 964
10  SCSC 10856 129
3
50  SCSC 8177 125
30  SCSC 8218 208
10  WAW 9045 931
4
50  WAW 7781 940
30  SCSC 8071 200
10  SCSC 9385 128
5
50  SCSC 7622 107
30  WAW 7833 908
10  WAW 8719 1004
6
50  WAW 6684 904
30  SCSC 6832 178
10  SCSC 7156 151
7
50  WAW 7606 975
30  SCSC 8853 117
10  SCSC 9719 135
8
50  WAW 6267 1012
30  SCSC 6738 176
10  WAW 7387 1026
9
50  WAW 2516 959
30  SCSC 3301 182
10  SCSC 3619 94
10
50  WAW 2569 916
30  SCSC 2637 185
10  WAW 3534 947
11
50  WAW 1876 1021
30  SCSC 2091 172
10  SCSC 2114 191
12
50  SCSC 1919 154
30  WAW 2056 961
10  WAW 2233 956
13
50  WAW 3626 939
30  SCSC 3635 126
10  SCSC 3641 83
14
50  WAW 3897 964
30  SCSC 3983 80
10  WAW 4081 996
15
50  SCSC 2862 159
30  WAW 3166 938
10  SCSC 3194 208
16
50  SCSC 3125 200
30  SCSC 3216 82
10  SCSC 3457 128
17
50  SCSC 6237 199
30  WAW 7038 929
10  SCSC 7682 177
18
50  WAW 6524 1030
30  SCSC 6556 133
10  SCSC 6657 192
19
50  SCSC 6151 108
30  WAW 7012 975
10  SCSC 8854 135
20
50  SCSC 5587 156
30  WAW 6546 1026
10  WAW 7147 948
21
50  WAW 3312 959
30  SCSC 4619 182
10  WAW 4987 913
22
50  WAW 3255 916
30  WAW 3816 947
10  SCSC 4701 173
23
50  WAW 2516 1021
30  SCSC 2875 191
10  WAW 3094 980
24
50  SCSC 2425 154
30  WAW 2659 902
10  WAW 2953 956
25
50  SCSC 2089 126
30  WAW 2369 906
10  SCSC 2406 171
26
50  WAW 1809 915
30  SCSC 2220 196
10  SCSC 2271 168
27
50  SCSC 3313 159
30  SCSC 3831 208
10  WAW 4452 918
28
50  WAW 3533 940
30  SCSC 3633 200
10  SCSC 4544 144
29
50  WAW 3721 929
30  SCSC 4034 114
10  SCSC 4203 198
30
50  WAW 3430 1030
30  SCSC 3432 120
10  SCSC 3545 178
31
80  SCSC 3306 108
40  SCSC 4070 121
0  WAW 5869 1018
32
80  WAW 3298 976
40  WAW 3409 948
0  SCSC 3432 176
33
80  SCSC 2565 105
40  SCSC 3100 191
0  SCSC 3621 77
34
80  SCSC 3219 147
40  SCSC 3240 160
0  SCSC 5418 145
35
50  SCSC 1728 83
30  SCSC 1995 146
10  WAW 2463 906
36
50  WAW 1765 915
30  SCSC 2366 164
10  WAW 2451 1031
37
50  WAW 3497 938
30  SCSC 3894 166
10  WAW 4319 970
38
50  WAW 3681 940
30  SCSC 4764 144
10  SCSC 4775 109
39
50  SCSC 3078 199
30  WAW 3972 1004
10  SCSC 4022 114
40
50  WAW 2938 904
30  SCSC 3012 151
10  SCSC 3447 192
41
50  WAW 3582 971
30  SCSC 4072 117
42
50  SCSC 2747 156
30  SCSC 2783 201
10  WAW 2976 976
43
50  WAW 2456 1021
30  SCSC 3153 172
10  SCSC 3250 95
44
50  SCSC 2935 160
30  WAW 3223 902
10  SCSC 3825 137
45
50  WAW 2035 1022
30  WAW 2119 939
10  WAW 2477 930
46
50  WAW 1937 1033
30  WAW 2572 912
10  SCSC 2757 88
47
50  SCSC 4256 125
30  WAW 4628 931
10  WAW 4840 950
48
50  SCSC 4256 82
30  SCSC 4665 169
10  SCSC 5169 109
49
50  SCSC 3997 107
30  WAW 4032 908
10  SCSC 4313 165
50
50  SCSC 3432 178
30  WAW 3637 1032
10  SCSC 3800 133
51
50  WAW 3975 971
30  SCSC 4337 117
10  WAW 4857 957
52
50  SCSC 3234 156
30  SCSC 3339 201
10  WAW 3347 1012
53
50  WAW 14403 1722
30  SCSC 16759 1641
54
50  SCSC 9056 1633
30  WAW 9827 1709
55
50  WAW 16351 1711
30  SCSC 19565 1634
56
50  WAW 15537 1713
30  SCSC 18470 1635
57
50  SCSC 13178 1636
30  WAW 14803 1715
58
50  SCSC 14856 1637
30  WAW 30791 1717
59
50  SCSC 13296 1638
30  WAW 13606 1718
60
50  WAW 11946 1720
30  SCSC 12758 1639
61
50  SCSC 11516 1640
30  WAW 11575 1721
SCORE:SCSC,WAW,2940,2570,37.0
