SCSC-GBP
1
50  SCSC 9422 83
30  SCSC 9644 126
10  GBP 11741 3412
2
50  GBP 9298 3408
30  GBP 9322 3416
10  SCSC 10856 129
3
50  SCSC 8177 125
30  SCSC 8218 208
10  SCSC 9657 138
4
50  SCSC 8071 200
30  SCSC 9385 128
10  GBP 10451 3407
5
50  SCSC 7622 107
30  SCSC 8989 165
10  SCSC 9215 114
6
50  SCSC 6832 178
30  SCSC 7156 151
10  GBP 7190 3414
7
50  GBP 7477 3415
30  SCSC 8853 117
10  SCSC 9719 135
8
50  SCSC 6738 176
30  GBP 8403 3393
10  SCSC 8626 142
9
50  GBP 2550 3410
30  SCSC 3301 182
10  SCSC 3619 94
10
50  SCSC 2637 185
30  SCSC 4081 123
10  SCSC 5639 173
11
50  GBP 2046 3413
30  SCSC 2091 172
10  SCSC 2114 191
12
50  GBP 1853 3388
30  SCSC 1919 154
10  SCSC 2425 195
13
50  SCSC 3635 126
30  SCSC 3641 83
10  SCSC 3885 146
14
50  GBP 3432 3408
30  SCSC 3983 80
10  SCSC 4257 168
15
50  SCSC 2862 159
30  SCSC 3194 208
10  SCSC 3463 166
16
50  SCSC 3125 200
30  SCSC 3216 82
10  SCSC 3457 128
17
50  SCSC 6237 199
30  SCSC 7682 177
10  SCSC 8159 198
18
50  SCSC 6556 133
30  SCSC 6657 192
10  SCSC 7412 127
19
50  SCSC 6151 108
30  GBP 6648 3415
10  GBP 7221 3418
20
50  SCSC 5587 156
30  GBP 7038 3392
10  SCSC 7509 142
21
50  GBP 3449 3404
30  GBP 3872 3410
10  SCSC 4619 182
22
50  SCSC 4701 173
30  SCSC 5191 123
10  SCSC 5756 167
23
50  GBP 2762 3396
30  SCSC 2875 191
10  GBP 3449 3404
24
50  SCSC 2425 154
30  GBP 2508 3388
10  GBP 2585 3395
25
50  SCSC 2089 126
30  GBP 2384 3412
10  SCSC 2406 171
26
50  GBP 1909 3416
30  SCSC 2220 196
10  SCSC 2271 168
27
50  SCSC 3313 159
30  SCSC 3831 208
10  GBP 5013 3417
28
50  SCSC 3633 200
30  SCSC 4544 144
10  SCSC 4628 128
29
50  SCSC 4034 114
30  SCSC 4203 198
10  SCSC 4647 204
30
50  GBP 3294 3414
30  SCSC 3432 120
10  SCSC 3545 178
31
80  SCSC 3306 108
40  SCSC 4070 121
32
80  SCSC 3432 176
40  SCSC 3878 142
0  GBP 4038 3393
33
80  GBP 2384 3413
40  SCSC 2565 105
0  SCSC 3100 191
34
80  GBP 2772 3388
40  SCSC 3219 147
0  SCSC 3240 160
35
50  SCSC 1728 83
30  SCSC 1995 146
10  GBP 2647 3412
36
50  GBP 1660 3408
30  SCSC 2366 164
10  GBP 2481 3391
37
50  SCSC 3894 166
30  SCSC 4683 118
10  GBP 5136 3417
38
50  SCSC 4764 144
30  SCSC 4775 109
10  SCSC 5003 202
39
50  SCSC 3078 199
30  SCSC 4022 114
10  SCSC 4220 179
40
50  SCSC 3012 151
30  GBP 3096 3414
10  SCSC 3447 192
41
50  SCSC 4072 117
42
50  SCSC 2747 156
30  SCSC 2783 201
10  GBP 3747 3392
43
50  SCSC 3153 172
30  GBP 3213 3413
10  SCSC 3250 95
44
50  SCSC 2935 160
30  GBP 3047 3403
10  GBP 3172 3388
45
50  SCSC 2507 184
30  SCSC 2697 171
10  SCSC 2766 96
46
50  GBP 2090 3416
30  GBP 2550 3406
10  SCSC 2757 88
47
50  SCSC 4256 125
30  SCSC 5194 100
10  SCSC 5316 138
48
50  SCSC 4256 82
30  SCSC 4665 169
10  SCSC 5169 109
49
50  SCSC 3997 107
30  SCSC 4313 165
10  SCSC 4750 155
50
50  SCSC 3432 178
30  SCSC 3800 133
10  SCSC 3982 151
51
50  GBP 4132 3418
30  SCSC 4337 117
10  SCSC 5038 121
52
50  SCSC 3234 156
30  SCSC 3339 201
10  GBP 3738 3393
53
50  SCSC 16759 1641
54
50  SCSC 9056 1633
30  GBP 9875 2033
55
50  SCSC 19565 1634
56
50  GBP 16283 2035
30  SCSC 18470 1635
57
50  SCSC 13178 1636
58
50  SCSC 14856 1637
59
50  SCSC 13296 1638
60
50  SCSC 12758 1639
30  GBP 13453 2036
61
50  SCSC 11516 1640
SCORE:SCSC,GBP,3920,1380,254.0
