SCSC-WST
1
50  SCSC 9422 83
30  WST 9560 1393
10  SCSC 9644 126
2
50  WST 10409 1384
30  SCSC 10856 129
10  SCSC 11107 196
3
50  SCSC 8177 125
30  SCSC 8218 208
10  WST 9201 1410
4
50  SCSC 8071 200
30  WST 8631 1444
10  SCSC 9385 128
5
50  SCSC 7622 107
30  WST 7806 1401
10  WST 8877 1387
6
50  SCSC 6832 178
30  SCSC 7156 151
10  SCSC 7837 192
7
50  SCSC 8853 117
30  WST 9084 1399
10  SCSC 9719 135
8
50  SCSC 6738 176
30  WST 6800 1380
10  SCSC 8626 142
9
50  SCSC 3301 182
30  SCSC 3619 94
10  SCSC 3926 97
10
50  SCSC 2637 185
30  WST 3581 1423
10  WST 3746 1405
11
50  WST 1954 1411
30  SCSC 2091 172
10  SCSC 2114 191
12
50  WST 1846 1421
30  SCSC 1919 154
10  WST 2390 1388
13
50  SCSC 3635 126
30  SCSC 3641 83
10  SCSC 3885 146
14
50  WST 3938 1384
30  SCSC 3983 80
10  SCSC 4257 168
15
50  SCSC 2862 159
30  SCSC 3194 208
10  SCSC 3463 166
16
50  SCSC 3125 200
30  SCSC 3216 82
10  WST 3387 1444
17
50  SCSC 6237 199
30  SCSC 7682 177
10  WST 7747 1425
18
50  SCSC 6556 133
30  SCSC 6657 192
10  SCSC 7412 127
19
50  SCSC 6151 108
30  WST 7150 1461
10  WST 7878 1399
20
50  SCSC 5587 156
30  WST 5963 1380
10  SCSC 7509 142
21
50  SCSC 4619 182
30  SCSC 5152 183
10  SCSC 5334 94
22
50  WST 3468 1423
30  SCSC 4701 173
10  WST 4919 1405
23
50  WST 2557 1389
30  WST 2771 1404
10  SCSC 2875 191
24
50  WST 2217 1421
30  SCSC 2425 154
10  SCSC 3058 147
25
50  WST 2062 1393
30  SCSC 2089 126
10  WST 2282 1366
26
50  SCSC 2220 196
30  SCSC 2271 168
10  WST 2282 1392
27
50  SCSC 3313 159
30  SCSC 3831 208
10  WST 4415 1391
28
50  SCSC 3633 200
30  SCSC 4544 144
10  SCSC 4628 128
29
50  WST 3400 1401
30  WST 3975 1387
10  SCSC 4034 114
30
50  SCSC 3432 120
30  SCSC 3545 178
10  WST 4352 1376
31
80  SCSC 3306 108
40  WST 3713 1461
0  SCSC 4070 121
32
80  SCSC 3432 176
40  SCSC 3878 142
0  WST 4072 1463
33
80  WST 2529 1411
40  WST 2560 1389
0  SCSC 2565 105
34
80  WST 2022 1421
40  SCSC 3219 147
0  SCSC 3240 160
35
50  WST 1716 1393
30  SCSC 1728 83
10  SCSC 1995 146
36
50  SCSC 2366 164
30  SCSC 2500 134
10  SCSC 2691 91
37
50  SCSC 3894 166
30  SCSC 4683 118
10  WST 4690 1448
38
50  WST 4603 1444
30  SCSC 4764 144
10  SCSC 4775 109
39
50  SCSC 3078 199
30  WST 3694 1387
10  SCSC 4022 114
40
50  SCSC 3012 151
30  SCSC 3447 192
10  SCSC 3459 120
41
50  WST 3744 1461
30  SCSC 4072 117
10  WST 4652 1454
42
50  SCSC 2747 156
30  SCSC 2783 201
10  WST 2927 1380
43
50  WST 2528 1411
30  SCSC 3153 172
10  SCSC 3250 95
44
50  SCSC 2935 160
30  WST 3463 1421
10  WST 3545 1388
45
50  WST 2255 1445
30  WST 2335 1396
10  WST 2484 1379
46
50  WST 2591 1392
30  SCSC 2757 88
10  WST 2789 1458
47
50  SCSC 4256 125
30  WST 4922 1409
10  WST 5107 1402
48
50  SCSC 4256 82
30  WST 4406 1444
10  SCSC 4665 169
49
50  SCSC 3997 107
30  SCSC 4313 165
10  WST 4372 1456
50
50  SCSC 3432 178
30  SCSC 3800 133
10  SCSC 3982 151
51
50  SCSC 4337 117
30  WST 4490 1399
10  SCSC 5038 121
52
50  SCSC 3234 156
30  SCSC 3339 201
10  WST 4178 1463
53
50  SCSC 16759 1641
30  WST 18453 1763
54
50  WST 8588 1752
30  SCSC 9056 1633
55
50  WST 16994 1755
30  SCSC 19565 1634
56
50  SCSC 18470 1635
57
50  SCSC 13178 1636
30  WST 15310 1758
58
50  SCSC 14856 1637
59
50  SCSC 13296 1638
30  WST 13947 1760
60
50  SCSC 12758 1639
30  WST 14387 1761
61
50  SCSC 11516 1640
30  WST 15394 1762
SCORE:SCSC,WST,3530,1930,160.0
