SCSC-WRC
1
50  SCSC 9422 83
30  SCSC 9644 126
10  WRC 10759 2171
2
50  WRC 10377 2161
30  SCSC 10856 129
10  SCSC 11107 196
3
50  SCSC 8177 125
30  SCSC 8218 208
10  WRC 8371 2156
4
50  SCSC 8071 200
30  SCSC 9385 128
10  WRC 10200 2180
5
50  SCSC 7622 107
30  WRC 8003 2147
10  SCSC 8989 165
6
50  SCSC 6832 178
30  SCSC 7156 151
10  WRC 7619 2174
7
50  WRC 8182 2146
30  WRC 8594 2169
10  SCSC 8853 117
8
50  SCSC 6738 176
30  WRC 7292 2182
10  WRC 7447 2177
9
50  WRC 3100 2162
30  SCSC 3301 182
10  SCSC 3619 94
10
50  SCSC 2637 185
30  WRC 3732 2165
10  SCSC 4081 123
11
50  WRC 1881 2176
30  WRC 1968 2196
10  SCSC 2091 172
12
50  SCSC 1919 154
30  WRC 2313 2150
10  SCSC 2425 195
13
50  SCSC 3635 126
30  SCSC 3641 83
10  SCSC 3885 146
14
50  SCSC 3983 80
30  SCSC 4257 168
10  WRC 4383 2191
15
50  SCSC 2862 159
30  SCSC 3194 208
10  SCSC 3463 166
16
50  SCSC 3125 200
30  SCSC 3216 82
10  SCSC 3457 128
17
50  SCSC 6237 199
30  WRC 6896 2147
10  WRC 7375 2153
18
50  SCSC 6556 133
30  SCSC 6657 192
10  WRC 6674 2174
19
50  SCSC 6151 108
30  WRC 6727 2145
10  WRC 7127 2146
20
50  SCSC 5587 156
30  WRC 6001 2181
10  WRC 6272 2182
21
50  WRC 3722 2162
30  SCSC 4619 182
10  SCSC 5152 183
22
50  WRC 4550 2165
30  SCSC 4701 173
10  SCSC 5191 123
23
50  WRC 2194 2196
30  SCSC 2875 191
10  WRC 3359 2148
24
50  SCSC 2425 154
30  SCSC 3058 147
10  SCSC 3283 140
25
50  SCSC 2089 126
30  WRC 2256 2171
10  SCSC 2406 171
26
50  WRC 2103 2161
30  SCSC 2220 196
10  SCSC 2271 168
27
50  SCSC 3313 159
30  SCSC 3831 208
10  WRC 4144 2151
28
50  SCSC 3633 200
30  SCSC 4544 144
10  SCSC 4628 128
29
50  WRC 3476 2178
30  WRC 4006 2153
10  SCSC 4034 114
30
50  SCSC 3432 120
30  SCSC 3545 178
10  WRC 3546 2174
31
80  SCSC 3306 108
40  WRC 3850 2146
0  SCSC 4070 121
32
80  WRC 3201 2181
40  SCSC 3432 176
0  WRC 3499 2177
33
80  WRC 2358 2196
40  WRC 2458 2176
0  SCSC 2565 105
34
80  SCSC 3219 147
40  SCSC 3240 160
0  SCSC 5418 145
35
50  SCSC 1728 83
30  WRC 1814 2175
10  SCSC 1995 146
36
50  WRC 2018 2161
30  SCSC 2366 164
10  WRC 2403 2191
37
50  SCSC 3894 166
30  WRC 3987 2156
10  WRC 4400 2167
38
50  SCSC 4764 144
30  SCSC 4775 109
10  SCSC 5003 202
39
50  SCSC 3078 199
30  WRC 3559 2178
10  WRC 3650 2153
40
50  SCSC 3012 151
30  SCSC 3447 192
10  SCSC 3459 120
41
50  WRC 3456 2145
30  WRC 3719 2169
10  SCSC 4072 117
42
50  SCSC 2747 156
30  SCSC 2783 201
10  WRC 3052 2182
43
50  WRC 2683 2176
30  SCSC 3153 172
10  SCSC 3250 95
44
50  SCSC 2935 160
30  SCSC 3825 137
10  SCSC 4272 185
45
50  SCSC 2507 184
30  WRC 2627 2171
10  WRC 2653 2175
46
50  WRC 2445 2161
30  WRC 2487 2191
10  SCSC 2757 88
47
50  WRC 4069 2156
30  SCSC 4256 125
10  SCSC 5194 100
48
50  SCSC 4256 82
30  SCSC 4665 169
10  WRC 4896 2188
49
50  SCSC 3997 107
30  WRC 4226 2147
10  SCSC 4313 165
50
50  SCSC 3432 178
30  SCSC 3800 133
10  SCSC 3982 151
51
50  WRC 3802 2145
30  SCSC 4337 117
10  WRC 4565 2169
52
50  SCSC 3234 156
30  SCSC 3339 201
10  WRC 3662 2177
53
50  SCSC 16759 1641
54
50  SCSC 9056 1633
30  WRC 9339 1855
55
50  SCSC 19565 1634
30  WRC 20388 1858
56
50  SCSC 18470 1635
57
50  SCSC 13178 1636
30  WRC 14518 1859
58
50  SCSC 14856 1637
59
50  WRC 13206 1860
30  SCSC 13296 1638
60
50  SCSC 12758 1639
61
50  SCSC 11516 1640
30  WRC 13246 1861
SCORE:SCSC,WRC,3490,1910,158.0
