SCSC-WV
1
50  SCSC 9422 83
30  WV 9634 3126
10  SCSC 9644 126
2
50  WV 9582 3183
30  WV 10834 3137
10  SCSC 10856 129
3
50  SCSC 8177 125
30  SCSC 8218 208
10  WV 8547 3175
4
50  SCSC 8071 200
30  WV 9062 3187
10  SCSC 9385 128
5
50  SCSC 7622 107
30  WV 8203 3127
10  SCSC 8989 165
6
50  SCSC 6832 178
30  SCSC 7156 151
10  SCSC 7837 192
7
50  WV 7778 3180
30  SCSC 8853 117
10  WV 8888 3143
8
50  SCSC 6738 176
30  SCSC 8626 142
10  WV 8844 3162
9
50  WV 2925 3155
30  SCSC 3301 182
10  SCSC 3619 94
10
50  SCSC 2637 185
30  SCSC 4081 123
10  WV 4763 3145
11
50  WV 1953 3125
30  SCSC 2091 172
10  SCSC 2114 191
12
50  SCSC 1919 154
30  WV 2122 3186
10  WV 2162 3157
13
50  SCSC 3635 126
30  SCSC 3641 83
10  WV 3669 3126
14
50  WV 3866 3137
30  SCSC 3983 80
10  WV 4043 3183
15
50  SCSC 2862 159
30  SCSC 3194 208
10  WV 3300 3175
16
50  SCSC 3125 200
30  SCSC 3216 82
10  SCSC 3457 128
17
50  SCSC 6237 199
30  SCSC 7682 177
10  SCSC 8159 198
18
50  SCSC 6556 133
30  SCSC 6657 192
10  WV 7144 3169
19
50  SCSC 6151 108
30  WV 6813 3180
10  WV 8390 3142
20
50  SCSC 5587 156
30  WV 7485 3178
10  SCSC 7509 142
21
50  WV 4028 3155
30  SCSC 4619 182
10  WV 4987 3166
22
50  SCSC 4701 173
30  SCSC 5191 123
10  WV 5456 3161
23
50  WV 2531 3125
30  SCSC 2875 191
10  WV 3012 3184
24
50  SCSC 2425 154
30  WV 2869 3157
10  WV 3056 3136
25
50  SCSC 2089 126
30  SCSC 2406 171
10  SCSC 2469 78
26
50  SCSC 2220 196
30  SCSC 2271 168
10  WV 2374 3128
27
50  SCSC 3313 159
30  WV 3719 3175
10  SCSC 3831 208
28
50  SCSC 3633 200
30  SCSC 4544 144
10  SCSC 4628 128
29
50  WV 3922 3127
30  SCSC 4034 114
10  SCSC 4203 198
30
50  SCSC 3432 120
30  SCSC 3545 178
10  SCSC 4538 106
31
80  SCSC 3306 108
40  SCSC 4070 121
0  WV 4296 3143
32
80  SCSC 3432 176
40  SCSC 3878 142
0  WV 4203 3178
33
80  SCSC 2565 105
40  WV 2975 3179
0  SCSC 3100 191
34
80  SCSC 3219 147
40  SCSC 3240 160
0  WV 3246 3157
35
50  SCSC 1728 83
30  SCSC 1995 146
10  WV 2047 3126
36
50  WV 2003 3183
30  SCSC 2366 164
10  SCSC 2500 134
37
50  SCSC 3894 166
30  SCSC 4683 118
10  WV 5409 3151
38
50  SCSC 4764 144
30  SCSC 4775 109
10  SCSC 5003 202
39
50  SCSC 3078 199
30  WV 3641 3127
10  SCSC 4022 114
40
50  SCSC 3012 151
30  SCSC 3447 192
10  SCSC 3459 120
41
50  SCSC 4072 117
30  WV 4306 3163
10  WV 4394 3144
42
50  SCSC 2747 156
30  SCSC 2783 201
10  WV 3808 3162
43
50  WV 3034 3125
30  SCSC 3153 172
10  SCSC 3250 95
44
50  SCSC 2935 160
30  WV 2947 3186
10  SCSC 3825 137
45
50  WV 2325 3173
30  SCSC 2507 184
10  WV 2512 3154
46
50  SCSC 2757 88
30  WV 2850 3138
10  SCSC 2904 136
47
50  SCSC 4256 125
30  WV 4675 3175
10  SCSC 5194 100
48
50  SCSC 4256 82
30  SCSC 4665 169
10  SCSC 5169 109
49
50  SCSC 3997 107
30  SCSC 4313 165
10  WV 4422 3127
50
50  SCSC 3432 178
30  SCSC 3800 133
10  SCSC 3982 151
51
50  WV 4218 3180
30  SCSC 4337 117
10  WV 4663 3143
52
50  SCSC 3234 156
30  SCSC 3339 201
10  WV 4388 3178
53
50  SCSC 16759 1641
30  WV 28353 1996
54
50  SCSC 9056 1633
30  WV 9372 1991
55
50  WV 16756 1993
30  SCSC 19565 1634
56
50  WV 16555 1994
30  SCSC 18470 1635
57
50  SCSC 13178 1636
58
50  SCSC 14856 1637
59
50  SCSC 13296 1638
60
50  SCSC 12758 1639
61
50  SCSC 11516 1640
30  WV 13737 1995
SCORE:SCSC,WV,3920,1480,244.0
