SCSC-DUL
1
50  SCSC 9422 83
30  SCSC 9644 126
10  DUL 10606 1303
2
50  SCSC 10856 129
30  SCSC 11107 196
10  SCSC 13452 134
3
50  SCSC 8177 125
30  SCSC 8218 208
10  DUL 9243 1320
4
50  SCSC 8071 200
30  SCSC 9385 128
10  DUL 10659 1300
5
50  SCSC 7622 107
30  SCSC 8989 165
10  DUL 9208 1347
6
50  SCSC 6832 178
30  SCSC 7156 151
10  SCSC 7837 192
7
50  DUL 8048 1349
30  DUL 8394 1296
10  DUL 8832 1357
8
50  SCSC 6738 176
30  DUL 7197 1305
10  DUL 7268 1295
9
50  SCSC 3301 182
30  DUL 3522 1291
10  SCSC 3619 94
10
50  SCSC 2637 185
30  DUL 3298 1361
10  SCSC 4081 123
11
50  SCSC 2091 172
30  SCSC 2114 191
10  DUL 2237 1318
12
50  SCSC 1919 154
30  DUL 2127 1297
10  SCSC 2425 195
13
50  SCSC 3635 126
30  SCSC 3641 83
10  SCSC 3885 146
14
50  SCSC 3983 80
30  SCSC 4257 168
10  SCSC 4639 88
15
50  SCSC 2862 159
30  SCSC 3194 208
10  SCSC 3463 166
16
50  SCSC 3125 200
30  SCSC 3216 82
10  SCSC 3457 128
17
50  SCSC 6237 199
30  SCSC 7682 177
10  SCSC 8159 198
18
50  SCSC 6556 133
30  SCSC 6657 192
10  SCSC 7412 127
19
50  SCSC 6151 108
30  DUL 8299 1356
10  DUL 8634 1348
20
50  SCSC 5587 156
30  DUL 6944 1299
10  DUL 7277 1305
21
50  DUL 3983 1332
30  SCSC 4619 182
10  DUL 4739 1352
22
50  DUL 4059 1361
30  SCSC 4701 173
10  SCSC 5191 123
23
50  DUL 2695 1337
30  DUL 2847 1351
10  SCSC 2875 191
24
50  SCSC 2425 154
30  DUL 2994 1297
10  SCSC 3058 147
25
50  SCSC 2089 126
30  DUL 2093 1303
10  DUL 2238 1304
26
50  SCSC 2220 196
30  SCSC 2271 168
10  SCSC 2376 129
27
50  SCSC 3313 159
30  SCSC 3831 208
10  DUL 4920 1294
28
50  SCSC 3633 200
30  SCSC 4544 144
10  SCSC 4628 128
29
50  SCSC 4034 114
30  SCSC 4203 198
10  DUL 4352 1347
30
50  SCSC 3432 120
30  SCSC 3545 178
10  SCSC 4538 106
31
80  SCSC 3306 108
40  DUL 3909 1349
0  DUL 4014 1296
32
80  SCSC 3432 176
40  DUL 3673 1305
0  SCSC 3878 142
33
80  SCSC 2565 105
40  DUL 2739 1337
0  SCSC 3100 191
34
80  SCSC 3219 147
40  SCSC 3240 160
0  SCSC 5418 145
35
50  SCSC 1728 83
30  DUL 1873 1303
10  SCSC 1995 146
36
50  SCSC 2366 164
30  SCSC 2500 134
10  SCSC 2691 91
37
50  SCSC 3894 166
30  DUL 4325 1320
10  DUL 4438 1294
38
50  SCSC 4764 144
30  SCSC 4775 109
10  DUL 4950 1300
39
50  SCSC 3078 199
30  DUL 3977 1347
10  SCSC 4022 114
40
50  SCSC 3012 151
30  SCSC 3447 192
10  SCSC 3459 120
41
50  DUL 3374 1349
30  DUL 3887 1296
10  SCSC 4072 117
42
50  SCSC 2747 156
30  SCSC 2783 201
10  DUL 3122 1305
43
50  DUL 2877 1322
30  DUL 3127 1337
10  SCSC 3153 172
44
50  SCSC 2935 160
30  SCSC 3825 137
10  SCSC 4272 185
45
50  DUL 2291 1307
30  SCSC 2507 184
10  SCSC 2697 171
46
50  SCSC 2757 88
30  SCSC 2904 136
10  SCSC 3226 115
47
50  SCSC 4256 125
30  DUL 5163 1320
10  SCSC 5194 100
48
50  SCSC 4256 82
30  SCSC 4665 169
10  SCSC 5169 109
49
50  SCSC 3997 107
30  SCSC 4313 165
10  DUL 4732 1347
50
50  SCSC 3432 178
30  SCSC 3800 133
10  SCSC 3982 151
51
50  DUL 4042 1296
30  DUL 4289 1349
10  DUL 4327 1357
52
50  SCSC 3234 156
30  SCSC 3339 201
10  DUL 3484 1295
53
50  SCSC 16759 1641
30  DUL 18537 1749
54
50  SCSC 9056 1633
30  DUL 12181 1742
55
50  SCSC 19565 1634
30  DUL 24027 1744
56
50  SCSC 18470 1635
57
50  SCSC 13178 1636
30  DUL 16909 1746
58
50  SCSC 14856 1637
59
50  SCSC 13296 1638
60
50  SCSC 12758 1639
61
50  SCSC 11516 1640
30  DUL 13150 1748
SCORE:SCSC,DUL,4030,1370,266.0
