SCSC-HP
1
50  HP 9165 260
30  SCSC 9422 83
10  SCSC 9644 126
2
50  HP 9344 328
30  HP 9725 237
10  SCSC 10856 129
3
50  HP 7550 269
30  SCSC 8177 125
10  SCSC 8218 208
4
50  HP 7934 236
30  SCSC 8071 200
10  SCSC 9385 128
5
50  HP 7225 290
30  SCSC 7622 107
10  HP 8263 234
6
50  SCSC 6832 178
30  SCSC 7156 151
10  HP 7203 256
7
50  HP 7603 220
30  SCSC 8853 117
10  SCSC 9719 135
8
50  SCSC 6738 176
30  HP 7391 303
10  HP 7437 312
9
50  SCSC 3301 182
30  SCSC 3619 94
10  SCSC 3926 97
10
50  SCSC 2637 185
30  HP 3084 255
10  SCSC 4081 123
11
50  SCSC 2091 172
30  SCSC 2114 191
10  HP 2162 338
12
50  SCSC 1919 154
30  HP 2334 331
10  SCSC 2425 195
13
50  SCSC 3635 126
30  SCSC 3641 83
10  HP 3703 211
14
50  HP 3725 237
30  SCSC 3983 80
10  HP 4106 283
15
50  SCSC 2862 159
30  SCSC 3194 208
10  HP 3207 330
16
50  SCSC 3125 200
30  HP 3135 236
10  SCSC 3216 82
17
50  SCSC 6237 199
30  HP 6384 290
10  SCSC 7682 177
18
50  SCSC 6556 133
30  SCSC 6657 192
10  SCSC 7412 127
19
50  SCSC 6151 108
30  HP 8572 307
10  HP 8647 243
20
50  SCSC 5587 156
30  HP 5659 308
10  HP 6313 312
21
50  SCSC 4619 182
30  HP 4947 322
10  SCSC 5152 183
22
50  HP 2850 227
30  HP 3722 255
10  SCSC 4701 173
23
50  HP 2685 229
30  HP 2838 338
10  SCSC 2875 191
24
50  SCSC 2425 154
30  HP 2787 331
10  HP 2850 227
25
50  HP 1963 260
30  SCSC 2089 126
10  HP 2303 233
26
50  SCSC 2220 196
30  SCSC 2271 168
10  SCSC 2376 129
27
50  SCSC 3313 159
30  HP 3568 269
10  SCSC 3831 208
28
50  SCSC 3633 200
30  HP 4231 254
10  SCSC 4544 144
29
50  HP 3984 235
30  SCSC 4034 114
10  SCSC 4203 198
30
50  HP 3275 268
30  SCSC 3432 120
10  SCSC 3545 178
31
80  SCSC 3306 108
40  HP 3625 220
0  SCSC 4070 121
32
80  HP 2865 308
40  SCSC 3432 176
0  HP 3557 289
33
80  SCSC 2565 105
40  HP 2600 338
0  HP 2612 214
34
80  HP 2722 227
40  HP 3031 331
0  SCSC 3219 147
35
50  SCSC 1728 83
30  HP 1863 260
10  HP 1960 211
36
50  HP 1747 328
30  HP 2134 283
10  SCSC 2366 164
37
50  HP 3265 269
30  SCSC 3894 166
10  HP 4228 332
38
50  HP 3428 236
30  SCSC 4764 144
10  SCSC 4775 109
39
50  HP 3072 290
30  SCSC 3078 199
10  HP 3618 234
40
50  SCSC 3012 151
30  HP 3075 256
10  SCSC 3447 192
41
50  HP 4053 291
30  SCSC 4072 117
10  HP 4466 242
42
50  HP 2698 308
30  SCSC 2747 156
10  SCSC 2783 201
43
50  HP 2884 229
30  SCSC 3153 172
10  SCSC 3250 95
44
50  SCSC 2935 160
30  HP 3416 227
10  SCSC 3825 137
45
50  HP 2439 211
30  SCSC 2507 184
10  SCSC 2697 171
46
50  HP 2560 282
30  SCSC 2757 88
10  SCSC 2904 136
47
50  SCSC 4256 125
30  HP 4525 330
10  HP 4844 335
48
50  SCSC 4256 82
30  SCSC 4665 169
10  SCSC 5169 109
49
50  SCSC 3997 107
30  SCSC 4313 165
10  HP 4641 234
50
50  SCSC 3432 178
30  HP 3669 268
10  SCSC 3800 133
51
50  HP 3997 220
30  SCSC 4337 117
10  HP 4753 243
52
50  SCSC 3234 156
30  SCSC 3339 201
10  HP 3687 312
53
50  SCSC 16759 1641
30  HP 18604 1656
54
50  SCSC 9056 1633
30  HP 10553 1642
55
50  HP 18650 1644
30  SCSC 19565 1634
56
50  HP 15963 1646
30  SCSC 18470 1635
57
50  SCSC 13178 1636
30  HP 17031 1647
58
50  SCSC 14856 1637
30  HP 17835 1649
59
50  SCSC 13296 1638
30  HP 15187 1650
60
50  HP 12150 1651
30  SCSC 12758 1639
61
50  SCSC 11516 1640
30  HP 13259 1653
SCORE:SCSC,HP,3020,2500,52.0
