SCSC-LCC
1
50  SCSC 9422 83
30  SCSC 9644 126
10  SCSC 12308 96
2
50  SCSC 10856 129
30  SCSC 11107 196
10  SCSC 13452 134
3
50  LCC 7247 2844
30  SCSC 8177 125
10  SCSC 8218 208
4
50  LCC 7346 2868
30  SCSC 8071 200
10  SCSC 9385 128
5
50  LCC 7149 2861
30  LCC 7241 2846
10  SCSC 7622 107
6
50  SCSC 6832 178
30  SCSC 7156 151
10  SCSC 7837 192
7
50  LCC 6395 2845
30  LCC 8620 2858
10  SCSC 8853 117
8
50  LCC 6350 2871
30  LCC 6572 2836
10  SCSC 6738 176
9
50  SCSC 3301 182
30  SCSC 3619 94
10  SCSC 3926 97
10
50  SCSC 2637 185
30  SCSC 4081 123
10  SCSC 5639 173
11
50  SCSC 2091 172
30  SCSC 2114 191
10  LCC 2278 2859
12
50  SCSC 1919 154
30  SCSC 2425 195
10  SCSC 2756 137
13
50  LCC 3277 2869
30  SCSC 3635 126
10  SCSC 3641 83
14
50  SCSC 3983 80
30  SCSC 4257 168
10  SCSC 4639 88
15
50  SCSC 2862 159
30  SCSC 3194 208
10  SCSC 3463 166
16
50  LCC 2821 2868
30  SCSC 3125 200
10  SCSC 3216 82
17
50  SCSC 6237 199
30  LCC 6550 2862
10  SCSC 7682 177
18
50  SCSC 6556 133
30  SCSC 6657 192
10  LCC 7280 2867
19
50  SCSC 6151 108
30  SCSC 8854 135
20
50  SCSC 5587 156
30  LCC 5634 2836
10  LCC 5829 2835
21
50  SCSC 4619 182
30  LCC 4821 2842
10  SCSC 5152 183
22
50  SCSC 4701 173
30  SCSC 5191 123
10  SCSC 5756 167
23
50  LCC 2705 2832
30  SCSC 2875 191
10  LCC 3055 2859
24
50  SCSC 2425 154
30  SCSC 3058 147
10  SCSC 3283 140
25
50  LCC 1880 2869
30  SCSC 2089 126
10  SCSC 2406 171
26
50  SCSC 2220 196
30  SCSC 2271 168
10  SCSC 2376 129
27
50  SCSC 3313 159
30  LCC 3373 2844
10  SCSC 3831 208
28
50  SCSC 3633 200
30  SCSC 4544 144
10  SCSC 4628 128
29
50  LCC 3544 2862
30  SCSC 4034 114
10  SCSC 4203 198
30
50  SCSC 3432 120
30  SCSC 3545 178
10  SCSC 4538 106
31
80  SCSC 3306 108
40  LCC 3887 2858
0  SCSC 4070 121
32
80  LCC 2945 2871
40  SCSC 3432 176
0  LCC 3756 2834
33
80  SCSC 2565 105
40  SCSC 3100 191
0  SCSC 3621 77
34
80  SCSC 3219 147
40  SCSC 3240 160
0  SCSC 5418 145
35
50  SCSC 1728 83
30  SCSC 1995 146
10  LCC 3666 2855
36
50  SCSC 2366 164
30  SCSC 2500 134
10  SCSC 2691 91
37
50  LCC 3470 2844
30  SCSC 3894 166
10  SCSC 4683 118
38
50  SCSC 4764 144
30  SCSC 4775 109
10  SCSC 5003 202
39
50  LCC 3019 2861
30  LCC 3026 2846
10  SCSC 3078 199
40
50  SCSC 3012 151
30  SCSC 3447 192
10  SCSC 3459 120
41
50  LCC 2770 2845
30  LCC 3963 2858
10  SCSC 4072 117
42
50  LCC 2625 2871
30  SCSC 2747 156
10  SCSC 2783 201
43
50  SCSC 3153 172
30  SCSC 3250 95
10  SCSC 3331 105
44
50  SCSC 2935 160
30  SCSC 3825 137
10  SCSC 4272 185
45
50  SCSC 2507 184
30  SCSC 2697 171
10  SCSC 2766 96
46
50  LCC 2716 2831
30  SCSC 2757 88
10  SCSC 2904 136
47
50  SCSC 4256 125
30  LCC 5133 2860
10  SCSC 5194 100
48
50  SCSC 4256 82
30  SCSC 4665 169
10  SCSC 5169 109
49
50  LCC 3773 2861
30  LCC 3821 2846
10  SCSC 3997 107
50
50  SCSC 3432 178
30  SCSC 3800 133
10  SCSC 3982 151
51
50  LCC 3654 2845
30  SCSC 4337 117
10  SCSC 5038 121
52
50  SCSC 3234 156
30  SCSC 3339 201
10  LCC 3518 2836
53
50  SCSC 16759 1641
54
50  SCSC 9056 1633
55
50  SCSC 19565 1634
30  LCC 20217 1954
56
50  SCSC 18470 1635
57
50  SCSC 13178 1636
30  LCC 16435 1955
58
50  SCSC 14856 1637
59
50  LCC 11929 1956
30  SCSC 13296 1638
60
50  SCSC 12758 1639
30  LCC 17576 1957
61
50  SCSC 11516 1640
30  LCC 11533 1959
SCORE:SCSC,LCC,3860,1530,233.0
