SCSC-FV
1
50  SCSC 9422 83
30  SCSC 9644 126
10  FV 10025 3349
2
50  FV 10634 3383
30  SCSC 10856 129
10  SCSC 11107 196
3
50  SCSC 8177 125
30  SCSC 8218 208
10  FV 8790 3380
4
50  SCSC 8071 200
30  SCSC 9385 128
10  FV 11027 3350
5
50  SCSC 7622 107
30  FV 8295 3351
10  FV 8941 3381
6
50  SCSC 6832 178
30  SCSC 7156 151
10  SCSC 7837 192
7
50  SCSC 8853 117
30  SCSC 9719 135
10  FV 10543 3373
8
50  SCSC 6738 176
30  FV 7139 3384
10  FV 7577 3364
9
50  FV 3222 3343
30  SCSC 3301 182
10  SCSC 3619 94
10
50  SCSC 2637 185
30  FV 3344 3360
10  SCSC 4081 123
11
50  SCSC 2091 172
30  SCSC 2114 191
10  FV 2181 3382
12
50  SCSC 1919 154
30  FV 2238 3368
10  SCSC 2425 195
13
50  SCSC 3635 126
30  SCSC 3641 83
10  SCSC 3885 146
14
50  SCSC 3983 80
30  SCSC 4257 168
10  SCSC 4639 88
15
50  SCSC 2862 159
30  SCSC 3194 208
10  SCSC 3463 166
16
50  SCSC 3125 200
30  SCSC 3216 82
10  SCSC 3457 128
17
50  SCSC 6237 199
30  FV 7303 3351
10  FV 7582 3352
18
50  SCSC 6556 133
30  SCSC 6657 192
10  SCSC 7412 127
19
50  SCSC 6151 108
30  FV 8631 3373
10  SCSC 8854 135
20
50  SCSC 5587 156
30  FV 6359 3384
10  FV 6653 3355
21
50  FV 3926 3343
30  SCSC 4619 182
10  SCSC 5152 183
22
50  SCSC 4701 173
30  SCSC 5191 123
10  SCSC 5756 167
23
50  FV 2641 3344
30  FV 2675 3382
10  SCSC 2875 191
24
50  SCSC 2425 154
30  SCSC 3058 147
10  SCSC 3283 140
25
50  SCSC 2089 126
30  SCSC 2406 171
10  SCSC 2469 78
26
50  SCSC 2220 196
30  SCSC 2271 168
10  SCSC 2376 129
27
50  SCSC 3313 159
30  SCSC 3831 208
10  FV 4028 3380
28
50  SCSC 3633 200
30  SCSC 4544 144
10  SCSC 4628 128
29
50  FV 3738 3351
30  SCSC 4034 114
10  SCSC 4203 198
30
50  SCSC 3432 120
30  SCSC 3545 178
10  SCSC 4538 106
31
80  SCSC 3306 108
40  SCSC 4070 121
0  FV 5164 3373
32
80  SCSC 3432 176
40  FV 3475 3364
0  FV 3512 3384
33
80  SCSC 2565 105
40  SCSC 3100 191
0  FV 3532 3344
34
80  FV 3213 3368
40  SCSC 3219 147
0  SCSC 3240 160
35
50  SCSC 1728 83
30  FV 1908 3349
10  SCSC 1995 146
36
50  FV 2340 3383
30  SCSC 2366 164
10  SCSC 2500 134
37
50  SCSC 3894 166
30  FV 4444 3380
10  FV 4509 3362
38
50  SCSC 4764 144
30  SCSC 4775 109
10  SCSC 5003 202
39
50  SCSC 3078 199
30  FV 3577 3351
10  FV 3887 3352
40
50  SCSC 3012 151
30  SCSC 3447 192
10  SCSC 3459 120
41
50  SCSC 4072 117
30  FV 4947 3373
42
50  SCSC 2747 156
30  SCSC 2783 201
10  FV 3234 3384
43
50  SCSC 3153 172
30  SCSC 3250 95
10  SCSC 3331 105
44
50  SCSC 2935 160
30  SCSC 3825 137
10  FV 3925 3368
45
50  SCSC 2507 184
30  SCSC 2697 171
10  SCSC 2766 96
46
50  FV 2665 3383
30  SCSC 2757 88
10  FV 2806 3363
47
50  SCSC 4256 125
30  SCSC 5194 100
10  SCSC 5316 138
48
50  SCSC 4256 82
30  SCSC 4665 169
10  SCSC 5169 109
49
50  SCSC 3997 107
30  FV 4203 3352
10  SCSC 4313 165
50
50  SCSC 3432 178
30  SCSC 3800 133
10  SCSC 3982 151
51
50  SCSC 4337 117
30  SCSC 5038 121
52
50  SCSC 3234 156
30  SCSC 3339 201
10  FV 4388 3355
53
50  SCSC 16759 1641
54
50  SCSC 9056 1633
30  FV 11293 2015
55
50  SCSC 19565 1634
30  FV 20352 2016
56
50  SCSC 18470 1635
30  FV 19896 2017
57
50  SCSC 13178 1636
30  FV 17397 2018
58
50  SCSC 14856 1637
30  FV 17403 2019
59
50  SCSC 13296 1638
30  FV 16759 2020
60
50  SCSC 12758 1639
61
50  SCSC 11516 1640
SCORE:SCSC,FV,4210,1200,301.0
