SCSC-WM
1
50  SCSC 9422 83
30  SCSC 9644 126
10  WM 11381 409
2
50  WM 9257 442
30  WM 10290 397
10  SCSC 10856 129
3
50  SCSC 8177 125
30  SCSC 8218 208
10  WM 9647 413
4
50  SCSC 8071 200
30  WM 8102 420
10  SCSC 9385 128
5
50  SCSC 7622 107
30  WM 7746 354
10  WM 8813 396
6
50  SCSC 6832 178
30  SCSC 7156 151
10  SCSC 7837 192
7
50  WM 7315 362
30  WM 7745 395
10  SCSC 8853 117
8
50  SCSC 6738 176
30  WM 6781 429
10  WM 8122 418
9
50  WM 2723 424
30  SCSC 3301 182
10  SCSC 3619 94
10
50  SCSC 2637 185
30  WM 2822 399
10  WM 3653 438
11
50  SCSC 2091 172
30  SCSC 2114 191
10  WM 2259 410
12
50  WM 1872 422
30  SCSC 1919 154
10  WM 2007 398
13
50  SCSC 3635 126
30  SCSC 3641 83
10  SCSC 3885 146
14
50  WM 3604 344
30  WM 3605 370
10  WM 3615 442
15
50  SCSC 2862 159
30  SCSC 3194 208
10  WM 3354 413
16
50  SCSC 3125 200
30  WM 3172 419
10  WM 3212 420
17
50  SCSC 6237 199
30  WM 6889 447
10  SCSC 7682 177
18
50  SCSC 6556 133
30  SCSC 6657 192
10  WM 6745 449
19
50  SCSC 6151 108
30  WM 6491 362
10  WM 6744 395
20
50  SCSC 5587 156
30  WM 6571 418
10  WM 7421 414
21
50  WM 3807 424
30  WM 4444 369
10  WM 4552 400
22
50  WM 3663 399
30  WM 3854 438
10  SCSC 4701 173
23
50  SCSC 2875 191
30  WM 3331 445
10  SCSC 3672 153
24
50  WM 2235 422
30  SCSC 2425 154
10  WM 2456 398
25
50  SCSC 2089 126
30  WM 2297 368
10  SCSC 2406 171
26
50  WM 1956 357
30  WM 2032 442
10  SCSC 2220 196
27
50  SCSC 3313 159
30  SCSC 3831 208
10  WM 4469 421
28
50  SCSC 3633 200
30  WM 3978 419
10  SCSC 4544 144
29
50  WM 3591 447
30  WM 3647 354
10  WM 4010 444
30
50  SCSC 3432 120
30  SCSC 3545 178
10  WM 3774 449
31
80  SCSC 3306 108
40  WM 3342 362
0  WM 3633 395
32
80  SCSC 3432 176
40  SCSC 3878 142
0  WM 4063 339
33
80  SCSC 2565 105
40  SCSC 3100 191
0  SCSC 3621 77
34
80  WM 2535 422
40  SCSC 3219 147
0  SCSC 3240 160
35
50  SCSC 1728 83
30  SCSC 1995 146
10  WM 2172 368
36
50  WM 1782 370
30  WM 1856 344
10  WM 2326 361
37
50  WM 3887 413
30  SCSC 3894 166
10  WM 4606 392
38
50  WM 3441 419
30  SCSC 4764 144
10  SCSC 4775 109
39
50  SCSC 3078 199
30  WM 3809 447
10  WM 3952 428
40
50  SCSC 3012 151
30  SCSC 3447 192
10  SCSC 3459 120
41
50  SCSC 4072 117
42
50  SCSC 2747 156
30  SCSC 2783 201
10  WM 2804 429
43
50  WM 2913 410
30  SCSC 3153 172
10  SCSC 3250 95
44
50  SCSC 2935 160
30  WM 3271 398
10  WM 3397 373
45
50  SCSC 2507 184
30  WM 2656 425
10  SCSC 2697 171
46
50  WM 2401 397
30  WM 2450 361
10  WM 2644 357
47
50  SCSC 4256 125
30  SCSC 5194 100
10  SCSC 5316 138
48
50  WM 4140 420
30  SCSC 4256 82
10  SCSC 4665 169
49
50  WM 3902 354
30  SCSC 3997 107
10  WM 4207 396
50
50  SCSC 3432 178
30  SCSC 3800 133
10  SCSC 3982 151
51
50  SCSC 4337 117
30  WM 4555 382
10  SCSC 5038 121
52
50  SCSC 3234 156
30  SCSC 3339 201
10  WM 3656 429
53
50  SCSC 16759 1641
30  WM 18189 1662
54
50  SCSC 9056 1633
30  WM 11382 1658
55
50  SCSC 19565 1634
56
50  SCSC 18470 1635
57
50  SCSC 13178 1636
58
50  SCSC 14856 1637
59
50  SCSC 13296 1638
30  WM 14150 1660
60
50  SCSC 12758 1639
61
50  SCSC 11516 1640
30  WM 14309 1661
SCORE:SCSC,WM,3250,2080,117.0
