SCSC-AND
1
50  SCSC 9422 83
30  SCSC 9644 126
10  AND 9931 1090
2
50  SCSC 10856 129
30  SCSC 11107 196
10  SCSC 13452 134
3
50  SCSC 8177 125
30  SCSC 8218 208
10  AND 8533 1041
4
50  SCSC 8071 200
30  AND 8178 1089
10  AND 8422 1120
5
50  AND 7363 1095
30  SCSC 7622 107
10  SCSC 8989 165
6
50  SCSC 6832 178
30  SCSC 7156 151
10  SCSC 7837 192
7
50  AND 7909 1094
30  SCSC 8853 117
10  AND 9389 1155
8
50  SCSC 6738 176
30  SCSC 8626 142
10  AND 8629 1101
9
50  SCSC 3301 182
30  SCSC 3619 94
10  SCSC 3926 97
10
50  SCSC 2637 185
30  AND 3468 1139
10  SCSC 4081 123
11
50  SCSC 2091 172
30  SCSC 2114 191
10  AND 2150 1034
12
50  SCSC 1919 154
30  AND 2387 1066
10  SCSC 2425 195
13
50  SCSC 3635 126
30  SCSC 3641 83
10  AND 3820 1054
14
50  SCSC 3983 80
30  AND 4141 1080
10  SCSC 4257 168
15
50  SCSC 2862 159
30  SCSC 3194 208
10  AND 3380 1122
16
50  SCSC 3125 200
30  SCSC 3216 82
10  SCSC 3457 128
17
50  SCSC 6237 199
30  AND 6284 1121
10  AND 6286 1095
18
50  SCSC 6556 133
30  SCSC 6657 192
10  SCSC 7412 127
19
50  SCSC 6151 108
30  AND 7168 1108
10  AND 7177 1137
20
50  SCSC 5587 156
30  AND 5943 1125
10  AND 7119 1116
21
50  SCSC 4619 182
30  AND 4686 1072
10  AND 4868 1174
22
50  SCSC 4701 173
30  AND 4911 1139
10  AND 4974 1143
23
50  AND 2751 1034
30  SCSC 2875 191
10  AND 3269 1109
24
50  SCSC 2425 154
30  AND 2843 1066
10  SCSC 3058 147
25
50  AND 2055 1044
30  SCSC 2089 126
10  AND 2282 1171
26
50  SCSC 2220 196
30  SCSC 2271 168
10  SCSC 2376 129
27
50  SCSC 3313 159
30  AND 3713 1122
10  SCSC 3831 208
28
50  SCSC 3633 200
30  AND 3865 1120
10  SCSC 4544 144
29
50  AND 3901 1068
30  SCSC 4034 114
10  AND 4043 1124
30
50  SCSC 3432 120
30  SCSC 3545 178
10  AND 4322 1127
31
80  SCSC 3306 108
40  AND 3907 1108
0  SCSC 4070 121
32
80  AND 3183 1125
40  SCSC 3432 176
0  AND 3636 1118
33
80  SCSC 2565 105
40  SCSC 3100 191
0  AND 3553 1105
34
80  SCSC 3219 147
40  SCSC 3240 160
0  SCSC 5418 145
35
50  SCSC 1728 83
30  AND 1935 1090
10  AND 1953 1040
36
50  AND 2289 1035
30  SCSC 2366 164
10  SCSC 2500 134
37
50  SCSC 3894 166
30  AND 3932 1122
10  AND 3956 1059
38
50  AND 3591 1089
30  AND 3613 1120
10  SCSC 4764 144
39
50  SCSC 3078 199
30  AND 3193 1121
10  AND 3229 1095
40
50  SCSC 3012 151
30  SCSC 3447 192
10  SCSC 3459 120
41
50  AND 3548 1137
30  SCSC 4072 117
10  AND 4334 1162
42
50  SCSC 2747 156
30  SCSC 2783 201
10  AND 3808 1116
43
50  SCSC 3153 172
30  AND 3225 1034
10  SCSC 3250 95
44
50  SCSC 2935 160
30  SCSC 3825 137
10  SCSC 4272 185
45
50  AND 2051 1044
30  SCSC 2507 184
10  AND 2537 1054
46
50  AND 2599 1077
30  SCSC 2757 88
10  SCSC 2904 136
47
50  SCSC 4256 125
30  AND 4259 1041
10  SCSC 5194 100
48
50  SCSC 4256 82
30  AND 4420 1089
10  SCSC 4665 169
49
50  SCSC 3997 107
30  AND 4009 1121
10  SCSC 4313 165
50
50  SCSC 3432 178
30  SCSC 3800 133
10  SCSC 3982 151
51
50  AND 4211 1094
30  AND 4288 1108
10  SCSC 4337 117
52
50  SCSC 3234 156
30  SCSC 3339 201
10  AND 4413 1101
53
50  SCSC 16759 1641
54
50  SCSC 9056 1633
30  AND 11193 1724
55
50  AND 16214 1726
30  SCSC 19565 1634
56
50  SCSC 18470 1635
30  AND 19643 1728
57
50  SCSC 13178 1636
30  AND 20541 1729
58
50  SCSC 14856 1637
59
50  SCSC 13296 1638
30  AND 14394 1731
60
50  SCSC 12758 1639
61
50  SCSC 11516 1640
30  AND 12242 1732
SCORE:SCSC,AND,3690,1740,195.0
