SCSC-FO
1
50  SCSC 9422 83
30  SCSC 9644 126
10  FO 10771 2035
2
50  FO 10637 2042
30  SCSC 10856 129
10  SCSC 11107 196
3
50  SCSC 8177 125
30  SCSC 8218 208
10  FO 8237 2055
4
50  SCSC 8071 200
30  FO 8422 2127
10  SCSC 9385 128
5
50  SCSC 7622 107
30  FO 8487 2036
10  SCSC 8989 165
6
50  SCSC 6832 178
30  SCSC 7156 151
10  SCSC 7837 192
7
50  FO 7744 2061
30  SCSC 8853 117
10  SCSC 9719 135
8
50  FO 6400 2077
30  SCSC 6738 176
10  FO 6997 2094
9
50  FO 3181 2050
30  SCSC 3301 182
10  SCSC 3619 94
10
50  FO 2470 2128
30  SCSC 2637 185
10  FO 2776 2049
11
50  FO 2071 2043
30  FO 2090 2078
10  SCSC 2091 172
12
50  FO 1906 2065
30  SCSC 1919 154
10  FO 2293 2107
13
50  SCSC 3635 126
30  SCSC 3641 83
10  SCSC 3885 146
14
50  SCSC 3983 80
30  FO 4140 2042
10  SCSC 4257 168
15
50  SCSC 2862 159
30  SCSC 3194 208
10  SCSC 3463 166
16
50  SCSC 3125 200
30  SCSC 3216 82
10  SCSC 3457 128
17
50  SCSC 6237 199
30  FO 7118 2036
10  SCSC 7682 177
18
50  SCSC 6556 133
30  SCSC 6657 192
10  FO 7319 2121
19
50  SCSC 6151 108
30  FO 6721 2061
10  SCSC 8854 135
20
50  SCSC 5587 156
30  FO 5738 2077
10  FO 5938 2094
21
50  FO 3857 2050
30  SCSC 4619 182
10  FO 4878 2143
22
50  FO 2925 2128
30  FO 3814 2049
10  SCSC 4701 173
23
50  FO 2619 2139
30  FO 2720 2043
10  FO 2837 2078
24
50  SCSC 2425 154
30  FO 2552 2065
10  FO 2965 2090
25
50  SCSC 2089 126
30  FO 2372 2074
10  FO 2381 2035
26
50  SCSC 2220 196
30  FO 2225 2048
10  SCSC 2271 168
27
50  SCSC 3313 159
30  FO 3759 2055
10  SCSC 3831 208
28
50  SCSC 3633 200
30  FO 4134 2127
10  SCSC 4544 144
29
50  SCSC 4034 114
30  FO 4128 2067
10  FO 4135 2060
30
50  SCSC 3432 120
30  SCSC 3545 178
10  FO 4253 2121
31
80  SCSC 3306 108
40  SCSC 4070 121
0  FO 4765 2039
32
80  FO 3047 2077
40  FO 3414 2076
0  SCSC 3432 176
33
80  FO 2181 2139
40  FO 2381 2078
0  SCSC 2565 105
34
80  SCSC 3219 147
40  SCSC 3240 160
0  FO 3806 2120
35
50  SCSC 1728 83
30  SCSC 1995 146
10  FO 2208 2035
36
50  FO 2122 2104
30  FO 2222 2048
10  SCSC 2366 164
37
50  SCSC 3894 166
30  FO 4659 2109
10  SCSC 4683 118
38
50  FO 4043 2127
30  SCSC 4764 144
10  SCSC 4775 109
39
50  SCSC 3078 199
30  FO 3744 2036
10  FO 3968 2060
40
50  SCSC 3012 151
30  SCSC 3447 192
10  SCSC 3459 120
41
50  FO 3459 2061
30  SCSC 4072 117
10  FO 5570 2039
42
50  SCSC 2747 156
30  SCSC 2783 201
10  FO 2884 2094
43
50  FO 2740 2139
30  SCSC 3153 172
10  SCSC 3250 95
44
50  SCSC 2935 160
30  SCSC 3825 137
10  SCSC 4272 185
45
50  SCSC 2507 184
30  SCSC 2697 171
10  SCSC 2766 96
46
50  FO 2462 2104
30  FO 2484 2130
10  FO 2653 2048
47
50  FO 4008 2055
30  SCSC 4256 125
10  SCSC 5194 100
48
50  SCSC 4256 82
30  FO 4576 2066
10  SCSC 4665 169
49
50  SCSC 3997 107
30  SCSC 4313 165
10  FO 4431 2092
50
50  SCSC 3432 178
30  SCSC 3800 133
10  SCSC 3982 151
51
50  FO 3932 2061
30  SCSC 4337 117
10  SCSC 5038 121
52
50  SCSC 3234 156
30  SCSC 3339 201
10  FO 3541 2077
53
50  FO 14008 1854
30  SCSC 16759 1641
54
50  SCSC 9056 1633
30  FO 9738 1838
55
50  SCSC 19565 1634
30  FO 19576 1843
56
50  SCSC 18470 1635
30  FO 18719 1846
57
50  SCSC 13178 1636
30  FO 15307 1849
58
50  SCSC 14856 1637
30  FO 14984 1850
59
50  SCSC 13296 1638
30  FO 15100 1853
60
50  SCSC 12758 1639
61
50  SCSC 11516 1640
SCORE:SCSC,FO,3340,2120,122.0
