SCSC-WCSC
1
50  WCSC 8690 844
30  WCSC 9353 884
10  SCSC 9422 83
2
50  WCSC 10839 784
30  SCSC 10856 129
10  SCSC 11107 196
3
50  WCSC 7943 800
30  SCSC 8177 125
10  SCSC 8218 208
4
50  SCSC 8071 200
30  WCSC 8409 810
10  SCSC 9385 128
5
50  SCSC 7622 107
30  WCSC 7784 895
10  SCSC 8989 165
6
50  SCSC 6832 178
30  SCSC 7156 151
10  SCSC 7837 192
7
50  SCSC 8853 117
30  WCSC 8963 860
10  SCSC 9719 135
8
50  SCSC 6738 176
30  WCSC 7650 843
10  WCSC 7728 787
9
50  WCSC 3175 869
30  SCSC 3301 182
10  WCSC 3328 872
10
50  SCSC 2637 185
30  WCSC 3536 830
10  WCSC 3673 786
11
50  WCSC 1889 855
30  SCSC 2091 172
10  SCSC 2114 191
12
50  WCSC 1740 870
30  WCSC 1904 877
10  SCSC 1919 154
13
50  SCSC 3635 126
30  SCSC 3641 83
10  WCSC 3738 871
14
50  SCSC 3983 80
30  WCSC 4129 831
10  SCSC 4257 168
15
50  SCSC 2862 159
30  SCSC 3194 208
10  WCSC 3219 896
16
50  SCSC 3125 200
30  SCSC 3216 82
10  WCSC 3434 775
17
50  SCSC 6237 199
30  WCSC 7082 859
10  WCSC 7348 845
18
50  SCSC 6556 133
30  SCSC 6657 192
10  WCSC 6674 798
19
50  SCSC 6151 108
30  WCSC 7938 860
10  WCSC 7996 881
20
50  SCSC 5587 156
30  WCSC 6297 843
10  WCSC 7173 864
21
50  WCSC 3090 869
30  WCSC 4438 872
10  SCSC 4619 182
22
50  WCSC 4634 830
30  SCSC 4701 173
10  SCSC 5191 123
23
50  WCSC 2098 817
30  WCSC 2637 898
10  WCSC 2662 879
24
50  WCSC 1929 801
30  WCSC 2358 877
10  SCSC 2425 154
25
50  WCSC 2043 816
30  SCSC 2089 126
10  WCSC 2299 839
26
50  WCSC 2111 784
30  SCSC 2220 196
10  SCSC 2271 168
27
50  SCSC 3313 159
30  WCSC 3813 800
10  SCSC 3831 208
28
50  SCSC 3633 200
30  WCSC 4178 810
10  SCSC 4544 144
29
50  WCSC 3500 895
30  SCSC 4034 114
10  SCSC 4203 198
30
50  SCSC 3432 120
30  SCSC 3545 178
10  WCSC 3909 821
31
80  SCSC 3306 108
40  WCSC 3840 803
0  SCSC 4070 121
32
80  SCSC 3432 176
40  WCSC 3606 864
0  SCSC 3878 142
33
80  WCSC 2225 826
40  WCSC 2500 817
0  SCSC 2565 105
34
80  WCSC 2223 877
40  WCSC 2855 857
0  SCSC 3219 147
35
50  SCSC 1728 83
30  WCSC 1938 871
10  SCSC 1995 146
36
50  WCSC 2122 876
30  SCSC 2366 164
10  SCSC 2500 134
37
50  SCSC 3894 166
30  WCSC 3982 840
10  SCSC 4683 118
38
50  WCSC 4317 863
30  WCSC 4653 775
10  SCSC 4764 144
39
50  SCSC 3078 199
30  WCSC 3434 859
10  SCSC 4022 114
40
50  SCSC 3012 151
30  SCSC 3447 192
10  SCSC 3459 120
41
50  WCSC 3803 803
30  WCSC 3928 900
10  SCSC 4072 117
42
50  SCSC 2747 156
30  SCSC 2783 201
10  WCSC 3134 787
43
50  WCSC 2682 855
30  WCSC 3027 826
10  SCSC 3153 172
44
50  WCSC 2112 801
30  WCSC 2583 870
10  SCSC 2935 160
45
50  WCSC 2151 844
30  SCSC 2507 184
10  SCSC 2697 171
46
50  WCSC 2403 831
30  SCSC 2757 88
10  SCSC 2904 136
47
50  WCSC 4162 896
30  SCSC 4256 125
10  SCSC 5194 100
48
50  SCSC 4256 82
30  WCSC 4555 810
10  SCSC 4665 169
49
50  SCSC 3997 107
30  SCSC 4313 165
10  WCSC 4656 845
50
50  SCSC 3432 178
30  SCSC 3800 133
10  SCSC 3982 151
51
50  SCSC 4337 117
30  WCSC 4467 860
10  SCSC 5038 121
52
50  SCSC 3234 156
30  SCSC 3339 201
10  WCSC 3963 864
53
50  WCSC 16033 1707
30  SCSC 16759 1641
54
50  WCSC 7650 1692
30  SCSC 9056 1633
55
50  WCSC 16081 1695
30  SCSC 19565 1634
56
50  WCSC 17798 1697
30  SCSC 18470 1635
57
50  SCSC 13178 1636
30  WCSC 13322 1699
58
50  SCSC 14856 1637
30  WCSC 18199 1702
59
50  WCSC 13190 1703
30  SCSC 13296 1638
60
50  SCSC 12758 1639
30  WCSC 15089 1704
61
50  SCSC 11516 1640
30  WCSC 12596 1705
SCORE:SCSC,WCSC,2870,2650,22.0
