SCSC-SHC
1
50  SHC 8773 492
30  SCSC 9422 83
10  SCSC 9644 126
2
50  SHC 10517 475
30  SHC 10644 539
10  SCSC 10856 129
3
50  SCSC 8177 125
30  SCSC 8218 208
10  SHC 8951 533
4
50  SHC 7872 552
30  SCSC 8071 200
10  SCSC 9385 128
5
50  SCSC 7622 107
30  SHC 8052 501
10  SCSC 8989 165
6
50  SHC 6757 549
30  SCSC 6832 178
10  SCSC 7156 151
7
50  SHC 7710 459
30  SHC 7723 479
10  SHC 8297 558
8
50  SCSC 6738 176
30  SHC 7306 502
10  SHC 7419 497
9
50  SCSC 3301 182
30  SHC 3479 481
10  SHC 3513 528
10
50  SCSC 2637 185
30  SHC 3037 565
10  SHC 3619 471
11
50  SCSC 2091 172
30  SCSC 2114 191
10  SHC 2143 564
12
50  SCSC 1919 154
30  SCSC 2425 195
10  SCSC 2756 137
13
50  SHC 3514 492
30  SCSC 3635 126
10  SCSC 3641 83
14
50  SCSC 3983 80
30  SHC 4207 537
10  SCSC 4257 168
15
50  SCSC 2862 159
30  SCSC 3194 208
10  SCSC 3463 166
16
50  SHC 3036 552
30  SCSC 3125 200
10  SCSC 3216 82
17
50  SCSC 6237 199
30  SHC 7129 546
10  SCSC 7682 177
18
50  SCSC 6556 133
30  SCSC 6657 192
10  SHC 7143 493
19
50  SCSC 6151 108
30  SHC 6655 479
10  SHC 6933 459
20
50  SCSC 5587 156
30  SHC 5949 490
10  SHC 6294 497
21
50  SHC 2812 540
30  SHC 3757 481
10  SHC 4366 528
22
50  SHC 3253 565
30  SHC 3894 471
10  SCSC 4701 173
23
50  SHC 2502 564
30  SHC 2827 554
10  SHC 2833 553
24
50  SCSC 2425 154
30  SHC 2900 464
10  SCSC 3058 147
25
50  SHC 2013 550
30  SHC 2044 513
10  SCSC 2089 126
26
50  SCSC 2220 196
30  SCSC 2271 168
10  SCSC 2376 129
27
50  SCSC 3313 159
30  SCSC 3831 208
10  SHC 4386 533
28
50  SCSC 3633 200
30  SCSC 4544 144
10  SCSC 4628 128
29
50  SHC 3509 546
30  SCSC 4034 114
10  SCSC 4203 198
30
50  SCSC 3432 120
30  SCSC 3545 178
10  SHC 4305 493
31
80  SCSC 3306 108
40  SHC 3706 558
0  SHC 3828 458
32
80  SHC 3169 502
40  SCSC 3432 176
0  SHC 3619 526
33
80  SCSC 2565 105
40  SHC 2923 554
0  SHC 2977 491
34
80  SCSC 3219 147
40  SCSC 3240 160
0  SHC 3849 511
35
50  SCSC 1728 83
30  SHC 1906 463
10  SCSC 1995 146
36
50  SHC 2075 537
30  SHC 2173 539
10  SCSC 2366 164
37
50  SCSC 3894 166
30  SHC 4158 514
10  SHC 4610 487
38
50  SHC 3333 552
30  SCSC 4764 144
10  SCSC 4775 109
39
50  SCSC 3078 199
30  SHC 3290 501
10  SHC 3653 546
40
50  SHC 2951 549
30  SCSC 3012 151
10  SCSC 3447 192
41
50  SHC 3356 459
30  SHC 3443 479
10  SCSC 4072 117
42
50  SCSC 2747 156
30  SCSC 2783 201
10  SHC 2906 490
43
50  SCSC 3153 172
30  SHC 3154 553
10  SHC 3207 469
44
50  SCSC 2935 160
30  SHC 3788 464
10  SCSC 3825 137
45
50  SHC 2141 550
30  SCSC 2507 184
10  SHC 2513 522
46
50  SHC 2295 475
30  SHC 2475 539
10  SCSC 2757 88
47
50  SCSC 4256 125
30  SCSC 5194 100
10  SCSC 5316 138
48
50  SCSC 4256 82
30  SCSC 4665 169
10  SHC 5134 542
49
50  SCSC 3997 107
30  SCSC 4313 165
10  SHC 4671 478
50
50  SCSC 3432 178
30  SHC 3461 549
10  SCSC 3800 133
51
50  SHC 4114 458
30  SCSC 4337 117
10  SHC 4837 489
52
50  SCSC 3234 156
30  SCSC 3339 201
10  SHC 3760 490
53
50  SHC 16298 1670
30  SCSC 16759 1641
54
50  SCSC 9056 1633
55
50  SHC 14927 1665
30  SCSC 19565 1634
56
50  SCSC 18470 1635
30  SHC 18851 1666
57
50  SCSC 13178 1636
30  SHC 18766 1667
58
50  SCSC 14856 1637
59
50  SCSC 13296 1638
60
50  SCSC 12758 1639
61
50  SCSC 11516 1640
SCORE:SCSC,SHC,3160,2210,95.0
