SD-CC
1
50  SD 10430 3496
30  CC 10921 2939
10  SD 12639 3479
2
50  CC 8850 2949
30  SD 13250 3516
10  SD 13371 3510
3
50  CC 8118 2938
30  CC 8262 2957
10  SD 9045 3497
4
50  CC 8034 2948
30  SD 10282 3500
10  SD 12127 3483
5
50  CC 7882 2954
30  CC 9281 2937
10  CC 9328 2952
6
50  SD 7475 3498
30  CC 8156 2963
10  CC 8302 2944
7
50  CC 9441 2943
30  SD 9537 3481
8
50  CC 6620 2964
30  CC 7634 2934
10  SD 8732 3501
9
50  CC 3234 2960
30  SD 3290 3514
10  SD 3633 3515
10
50  SD 2538 3513
30  SD 3182 3519
10  SD 3209 3512
11
50  CC 2302 2951
30  SD 3290 3514
10  SD 3370 3505
12
50  SD 1883 3478
30  CC 1919 2950
10  SD 2227 3499
13
50  CC 4125 2959
30  CC 4578 2958
10  CC 4686 2961
14
50  CC 4768 2941
30  SD 4775 3504
10  CC 4781 2953
15
50  CC 3222 2938
30  CC 3295 2957
10  CC 3450 2965
16
50  CC 3277 2948
30  SD 4600 3483
10  CC 5782 2956
17
50  CC 7166 2937
30  CC 7925 2942
10  CC 8272 2955
18
50  SD 6208 3498
30  CC 6925 2944
20
50  CC 6203 2934
30  CC 7121 2935
10  CC 8313 2947
21
50  CC 2950 2960
30  SD 3746 3506
10  SD 3990 3515
22
50  SD 3064 3513
30  SD 3569 3519
10  SD 4264 3512
23
50  CC 2725 2951
30  SD 3746 3506
10  SD 3990 3515
24
50  CC 2439 2950
30  SD 2452 3478
10  SD 2613 3499
25
50  SD 2087 3496
30  CC 2207 2939
10  CC 2372 2958
26
50  CC 1737 2949
30  SD 2570 3503
10  SD 2651 3510
27
50  SD 4000 3497
30  CC 4340 2965
10  SD 5826 3488
28
50  SD 4532 3500
30  SD 5972 3483
10  CC 8178 2956
29
50  CC 4219 2937
30  CC 4225 2952
10  SD 4327 3521
30
50  CC 3806 2944
30  CC 3850 2963
10  SD 4615 3480
31
80  SD 4613 3481
40  CC 4707 2943
32
80  CC 3128 2964
40  CC 3500 2934
0  CC 4581 2947
34
80  CC 2484 2950
40  SD 2528 3478
0  SD 2935 3499
35
50  CC 2038 2939
30  SD 2064 3496
10  CC 2359 2959
36
50  CC 1658 2949
30  SD 2477 3516
10  CC 2789 2941
37
50  CC 3522 2938
30  CC 3640 2957
10  SD 4327 3497
38
50  CC 3847 2948
30  SD 5521 3500
39
50  CC 3449 2954
30  CC 3895 2942
10  CC 4238 2952
40
50  CC 3527 2944
30  CC 4050 2963
10  SD 4488 3480
41
50  CC 4125 2943
30  SD 4363 3481
42
50  CC 2822 2964
30  CC 3266 2934
10  SD 3970 3501
43
50  CC 3131 2951
30  SD 4865 3505
44
50  SD 2788 3478
30  CC 2945 2950
10  SD 3101 3499
45
50  CC 2420 2939
30  CC 2485 2958
10  SD 2541 3479
46
50  CC 2719 2936
30  CC 2841 2941
10  CC 2912 2953
47
50  CC 4600 2965
30  SD 4700 3497
10  SD 6295 3488
48
50  CC 4097 2948
30  SD 5057 3500
10  SD 6591 3483
49
50  CC 3807 2954
30  CC 4456 2942
10  SD 4806 3487
50
50  CC 4108 2963
30  SD 5284 3480
51
50  SD 5034 3481
30  CC 5260 2943
52
50  CC 3294 2964
30  SD 4000 3501
10  CC 4506 2947
53
50  SD 15585 2067
54
50  SD 12488 2064
55
50  SD 21624 2065
56
50  CC 19707 1970
30  SD 19897 2066
57
50  CC 15841 1971
59
50  CC 13789 1972
SCORE:SD,CC,1790,3060,-127.0
