SD-CVST
1
50  SD 10430 3496
30  CVST 11587 2418
10  SD 12639 3479
2
50  CVST 12734 2437
30  CVST 12739 2416
10  SD 13250 3516
3
50  SD 9045 3497
30  CVST 10802 2463
10  CVST 11369 2448
4
50  CVST 9787 2472
30  SD 10282 3500
10  CVST 10762 2415
5
50  CVST 8095 2417
30  SD 9879 3521
10  SD 9928 3487
6
50  SD 7475 3498
30  SD 9590 3480
10  CVST 10273 2480
7
50  CVST 8300 2486
30  CVST 9113 2471
10  SD 9537 3481
8
50  CVST 7131 2460
30  SD 8732 3501
10  SD 10220 3495
9
50  SD 3290 3514
30  SD 3633 3515
10  SD 4007 3491
10
50  SD 2538 3513
30  SD 3182 3519
10  SD 3209 3512
11
50  CVST 2134 2473
30  CVST 2340 2433
10  CVST 2530 2427
12
50  SD 1883 3478
30  CVST 2072 2430
10  SD 2227 3499
13
50  CVST 4397 2469
30  CVST 4878 2455
10  SD 4896 3508
14
50  CVST 4356 2416
30  CVST 4514 2466
10  CVST 4633 2413
15
50  CVST 3928 2463
30  CVST 4175 2482
10  CVST 4384 2465
16
50  CVST 3974 2415
30  CVST 3988 2483
10  CVST 4405 2481
17
50  CVST 7332 2417
30  CVST 8221 2454
10  SD 8478 3521
18
50  SD 6208 3498
30  CVST 9025 2474
10  CVST 9203 2458
19
50  CVST 7231 2447
30  CVST 7352 2486
10  CVST 7602 2467
20
50  CVST 6471 2460
30  CVST 7039 2475
10  CVST 7999 2457
21
50  SD 3746 3506
30  SD 3990 3515
10  SD 4595 3491
22
50  SD 3064 3513
30  SD 3569 3519
10  SD 4264 3512
23
50  CVST 2512 2473
30  CVST 2834 2464
10  CVST 2993 2461
24
50  SD 2452 3478
30  CVST 2544 2430
10  SD 2613 3499
25
50  SD 2087 3496
30  CVST 2453 2418
10  CVST 2882 2469
26
50  CVST 2446 2466
30  SD 2570 3503
10  SD 2651 3510
27
50  SD 4000 3497
30  CVST 4985 2448
10  CVST 5287 2465
28
50  SD 4532 3500
30  CVST 4787 2472
10  CVST 5099 2408
29
50  SD 4327 3521
30  CVST 4394 2454
10  SD 4726 3487
30
50  SD 4615 3480
30  CVST 5015 2474
10  CVST 5300 2411
31
80  CVST 3768 2467
40  CVST 4033 2447
0  CVST 4566 2428
32
80  CVST 3903 2443
40  CVST 3967 2475
0  SD 4585 3501
33
80  CVST 2497 2473
40  CVST 3566 2461
34
80  SD 2528 3478
40  CVST 2670 2430
0  SD 2935 3499
35
50  SD 2064 3496
30  CVST 2464 2418
10  SD 2643 3479
36
50  CVST 2475 2413
30  SD 2477 3516
10  CVST 2943 2466
37
50  SD 4327 3497
30  CVST 5131 2463
10  CVST 6066 2477
38
50  CVST 5369 2472
30  SD 5521 3500
10  CVST 5604 2415
39
50  CVST 3459 2417
30  CVST 4433 2454
10  SD 5118 3487
40
50  SD 4488 3480
30  CVST 4744 2480
10  CVST 5309 2458
41
50  CVST 3789 2486
30  CVST 3790 2447
10  CVST 3822 2467
42
50  SD 3970 3501
30  CVST 4069 2475
10  CVST 4834 2407
43
50  CVST 3090 2433
30  CVST 3214 2414
10  CVST 4210 2427
44
50  SD 2788 3478
30  SD 3101 3499
10  CVST 3410 2429
45
50  SD 2541 3479
30  CVST 2777 2478
10  CVST 2878 2469
46
50  CVST 2589 2437
30  CVST 2769 2416
10  CVST 3119 2413
47
50  SD 4700 3497
30  CVST 5630 2459
10  CVST 5639 2448
48
50  SD 5057 3500
30  CVST 5286 2408
10  CVST 6513 2481
49
50  CVST 4415 2417
30  CVST 4738 2442
10  SD 4806 3487
50
50  CVST 4978 2480
30  SD 5284 3480
10  CVST 5988 2411
51
50  CVST 4631 2471
30  SD 5034 3481
10  CVST 5069 2456
52
50  CVST 3446 2460
30  SD 4000 3501
10  SD 4808 3495
53
50  SD 15585 2067
54
50  CVST 9359 1890
30  SD 12488 2064
55
50  CVST 19053 1892
30  SD 21624 2065
56
50  CVST 18637 1894
30  SD 19897 2066
57
50  CVST 17503 1896
58
50  CVST 17620 1898
59
50  CVST 17112 1900
60
50  CVST 15547 1901
61
50  CVST 12697 1902
SCORE:SD,CVST,2010,3330,-132.0
