SD-CH
1
50  CH 9387 3108
30  CH 9994 3070
10  SD 10430 3496
2
50  SD 13250 3516
30  SD 13371 3510
10  CH 13943 3123
3
50  CH 8038 3083
30  SD 9045 3497
10  CH 10602 3088
4
50  CH 10107 3111
30  SD 10282 3500
10  CH 10791 3081
5
50  CH 8338 3086
30  SD 9879 3521
10  SD 9928 3487
6
50  SD 7475 3498
30  CH 8290 3085
10  SD 9590 3480
7
50  SD 9537 3481
8
50  SD 8732 3501
30  CH 9731 3107
10  CH 9974 3102
9
50  CH 2656 3080
30  CH 3053 3062
10  SD 3290 3514
10
50  SD 2538 3513
30  CH 2587 3076
10  SD 3182 3519
11
50  CH 2405 3069
30  CH 2406 3120
10  CH 2934 3063
12
50  SD 1883 3478
30  CH 2153 3119
10  SD 2227 3499
13
50  CH 3818 3108
30  CH 3875 3070
10  CH 4100 3066
14
50  SD 4775 3504
30  SD 4787 3503
10  CH 5110 3074
15
50  CH 3274 3083
30  CH 4234 3088
10  CH 4287 3065
16
50  CH 4012 3111
30  CH 4029 3081
10  CH 4506 3073
17
50  CH 7585 3086
30  SD 8478 3521
10  CH 9529 3114
18
50  SD 6208 3498
30  CH 7168 3085
10  CH 9206 3095
20
50  SD 8545 3495
30  CH 8722 3107
10  CH 9150 3102
21
50  CH 3358 3062
30  CH 3632 3080
10  SD 3746 3506
22
50  SD 3064 3513
30  SD 3569 3519
10  CH 4122 3076
23
50  CH 2922 3120
30  CH 3278 3093
10  CH 3544 3090
24
50  SD 2452 3478
30  SD 2613 3499
10  SD 2721 3509
25
50  SD 2087 3496
30  CH 2178 3108
10  CH 2381 3121
26
50  CH 2538 3087
30  SD 2570 3503
10  SD 2651 3510
27
50  CH 3922 3083
30  SD 4000 3497
10  CH 5050 3088
28
50  SD 4532 3500
30  CH 4947 3073
10  CH 4950 3111
29
50  CH 3618 3086
30  SD 4327 3521
10  SD 4726 3487
30
50  SD 4615 3480
30  CH 5310 3071
10  CH 5478 3059
31
80  SD 4613 3481
32
80  SD 4585 3501
40  CH 5087 3107
0  CH 5308 3102
33
80  CH 3087 3069
40  CH 4651 3077
34
80  SD 2528 3478
40  CH 2778 3119
0  SD 2935 3499
35
50  CH 1913 3066
30  CH 1999 3108
10  SD 2064 3496
36
50  SD 2477 3516
30  SD 3441 3504
10  CH 3640 3123
37
50  CH 3868 3083
30  SD 4327 3497
10  CH 4818 3088
38
50  SD 5521 3500
30  CH 5581 3111
10  CH 6155 3060
39
50  CH 3546 3086
30  SD 5118 3487
10  SD 5126 3521
40
50  CH 4072 3085
30  SD 4488 3480
41
50  SD 4363 3481
42
50  SD 3970 3501
30  CH 4947 3107
43
50  CH 3694 3120
30  CH 4434 3090
10  CH 4721 3104
44
50  SD 2788 3478
30  SD 3101 3499
10  SD 3502 3509
45
50  CH 2458 3070
30  SD 2541 3479
10  CH 2618 3089
46
50  SD 3234 3510
47
50  SD 4700 3497
30  CH 5384 3068
10  CH 5616 3098
48
50  SD 5057 3500
30  SD 6591 3483
10  CH 6846 3060
49
50  SD 4806 3487
30  CH 5574 3114
50
50  CH 5263 3095
30  SD 5284 3480
10  CH 7240 3059
51
50  SD 5034 3481
52
50  SD 4000 3501
30  SD 4808 3495
10  CH 4908 3102
53
50  CH 14214 1989
30  SD 15585 2067
54
50  SD 12488 2064
30  CH 12912 1982
55
50  CH 17409 1984
30  SD 21624 2065
56
50  SD 19897 2066
30  CH 25353 1985
57
50  CH 18681 1986
58
50  CH 21965 1987
60
50  CH 15906 1988
SCORE:SD,CH,2380,2570,-19.0
