SD-CR
1
50  SD 10430 3496
30  CR 11712 3318
10  CR 12022 3334
2
50  SD 13250 3516
30  CR 13265 3320
10  SD 13371 3510
3
50  SD 9045 3497
30  CR 9232 3319
10  SD 11452 3488
4
50  CR 8600 3475
30  CR 10240 3470
10  SD 10282 3500
5
50  CR 8527 3299
30  SD 9879 3521
10  CR 9890 3341
6
50  SD 7475 3498
30  SD 9590 3480
7
50  CR 9051 3476
30  SD 9537 3481
8
50  CR 6896 3314
30  CR 7457 3298
10  SD 8732 3501
9
50  CR 2966 3340
30  CR 2986 3297
10  CR 3035 3342
10
50  SD 2538 3513
30  SD 3182 3519
10  SD 3209 3512
11
50  CR 2470 3325
30  CR 2591 3332
10  CR 2844 3307
12
50  SD 1883 3478
30  SD 2227 3499
10  SD 2453 3502
13
50  CR 4676 3318
30  CR 4850 3321
10  SD 4896 3508
14
50  SD 4775 3504
30  SD 4787 3503
10  CR 4819 3320
15
50  CR 3501 3319
30  SD 4625 3488
10  SD 5097 3511
16
50  CR 3247 3475
30  CR 3667 3315
10  CR 3858 3470
17
50  CR 7574 3299
30  SD 8478 3521
10  CR 9432 3341
18
50  SD 6208 3498
19
50  CR 8297 3476
20
50  CR 6211 3314
30  CR 6259 3298
10  SD 8545 3495
21
50  CR 3135 3340
30  CR 3330 3342
10  CR 3584 3297
22
50  SD 3064 3513
30  SD 3569 3519
10  SD 4264 3512
23
50  CR 2932 3302
30  CR 3135 3340
10  CR 3232 3325
24
50  SD 2452 3478
30  SD 2613 3499
10  SD 2721 3509
25
50  SD 2087 3496
30  CR 2378 3334
10  CR 2545 3321
26
50  SD 2570 3503
30  CR 2584 3337
10  SD 2651 3510
27
50  SD 4000 3497
30  CR 4382 3319
10  SD 5826 3488
28
50  CR 3958 3475
30  SD 4532 3500
10  CR 4915 3315
29
50  CR 3934 3299
30  SD 4327 3521
10  SD 4726 3487
30
50  SD 4615 3480
31
80  CR 4231 3476
40  SD 4613 3481
32
80  CR 3125 3314
40  SD 4585 3501
0  SD 5383 3495
33
80  CR 3483 3332
40  CR 5117 3325
0  CR 5174 3307
34
80  SD 2528 3478
40  SD 2935 3499
0  CR 3214 3313
35
50  SD 2064 3496
30  CR 2349 3321
10  CR 2500 3334
36
50  SD 2477 3516
30  SD 3441 3504
37
50  SD 4327 3497
30  SD 6970 3511
38
50  CR 3709 3475
30  CR 4460 3470
10  CR 5271 3315
39
50  CR 4012 3299
30  CR 4917 3341
10  SD 5118 3487
40
50  SD 4488 3480
41
50  CR 3916 3476
30  SD 4363 3481
42
50  CR 3003 3298
30  SD 3970 3501
43
50  CR 3545 3332
30  CR 4834 3302
10  SD 4865 3505
44
50  SD 2788 3478
30  SD 3101 3499
10  SD 3502 3509
45
50  SD 2541 3479
30  CR 2738 3321
10  SD 2955 3508
46
50  CR 2711 3301
30  SD 3234 3510
47
50  SD 4700 3497
30  CR 4747 3319
10  SD 6295 3488
48
50  SD 5057 3500
30  CR 6163 3312
10  SD 6591 3483
49
50  SD 4806 3487
30  CR 5183 3305
10  CR 5388 3300
50
50  SD 5284 3480
51
50  SD 5034 3481
52
50  CR 3675 3314
30  CR 3995 3298
10  SD 4000 3501
53
50  SD 15585 2067
54
50  CR 12468 2010
30  SD 12488 2064
55
50  SD 21624 2065
56
50  SD 19897 2066
58
50  CR 15619 2063
59
50  CR 17846 2014
SCORE:SD,CR,2380,2440,-6.0
