SD-FR
1
50  FR 9756 1771
30  SD 10430 3496
10  FR 11123 1757
2
50  SD 13250 3516
30  SD 13371 3510
10  FR 14198 1805
3
50  SD 9045 3497
30  FR 9077 1829
10  FR 9742 1797
4
50  FR 7209 1825
30  FR 10057 1800
10  SD 10282 3500
5
50  FR 7641 1767
30  FR 9555 1833
10  FR 9581 1772
6
50  SD 7475 3498
30  FR 8712 1781
10  FR 9324 1756
7
50  FR 8011 1828
30  FR 9367 1769
10  SD 9537 3481
8
50  FR 7819 1749
30  SD 8732 3501
10  SD 10220 3495
9
50  SD 3290 3514
30  SD 3633 3515
10  SD 4007 3491
10
50  SD 2538 3513
30  SD 3182 3519
10  SD 3209 3512
11
50  FR 2003 1815
30  FR 2238 1778
10  FR 2335 1820
12
50  SD 1883 3478
30  FR 2009 1740
10  FR 2057 1770
13
50  FR 4397 1757
30  FR 4501 1786
10  FR 4539 1741
14
50  SD 4775 3504
30  SD 4787 3503
10  FR 5036 1794
15
50  FR 3487 1785
30  FR 3761 1797
10  FR 3957 1819
16
50  FR 2909 1825
30  FR 3730 1826
10  FR 4046 1813
17
50  FR 8153 1833
30  SD 8478 3521
10  FR 8839 1772
18
50  SD 6208 3498
30  FR 7796 1831
10  FR 7883 1756
19
50  FR 6978 1828
30  FR 8397 1769
10  FR 8701 1824
20
50  FR 7289 1748
30  SD 8545 3495
21
50  SD 3746 3506
30  SD 3990 3515
10  SD 4595 3491
22
50  SD 3064 3513
30  SD 3569 3519
10  SD 4264 3512
23
50  FR 2359 1815
30  FR 2628 1778
10  FR 2794 1820
24
50  FR 2369 1740
30  SD 2452 3478
10  SD 2613 3499
25
50  SD 2087 3496
30  FR 2137 1771
10  FR 2467 1799
26
50  FR 2488 1837
30  SD 2570 3503
10  SD 2651 3510
27
50  SD 4000 3497
30  FR 4456 1785
10  FR 4617 1797
28
50  FR 4469 1826
30  SD 4532 3500
10  FR 4849 1784
29
50  FR 3559 1767
30  FR 4101 1833
10  SD 4327 3521
30
50  FR 4107 1781
30  FR 4263 1831
10  SD 4615 3480
31
80  FR 3485 1765
40  FR 4595 1835
0  SD 4613 3481
32
80  FR 3537 1749
40  FR 3950 1748
0  SD 4585 3501
33
80  FR 2371 1815
40  FR 2673 1820
0  FR 3068 1778
34
80  FR 2468 1740
40  SD 2528 3478
0  FR 2562 1770
35
50  FR 2038 1771
30  SD 2064 3496
10  FR 2295 1786
36
50  SD 2477 3516
30  SD 3441 3504
37
50  FR 4082 1785
30  SD 4327 3497
10  FR 4656 1829
38
50  FR 3378 1825
30  FR 4474 1784
10  FR 5282 1800
39
50  FR 3359 1767
30  FR 4532 1783
10  FR 4562 1742
40
50  FR 3883 1781
30  FR 3989 1756
10  FR 4378 1831
41
50  FR 3181 1765
30  FR 3494 1828
10  SD 4363 3481
42
50  FR 3447 1749
30  SD 3970 3501
43
50  FR 3201 1778
30  FR 3810 1820
10  SD 4865 3505
44
50  SD 2788 3478
30  FR 2806 1770
10  SD 3101 3499
45
50  FR 2412 1771
30  SD 2541 3479
10  FR 2652 1741
46
50  FR 2884 1794
30  FR 2992 1805
10  SD 3234 3510
47
50  FR 4369 1829
30  SD 4700 3497
10  FR 5456 1821
48
50  FR 3828 1825
30  FR 5026 1800
10  SD 5057 3500
49
50  FR 4196 1767
30  FR 4599 1833
10  SD 4806 3487
50
50  FR 4141 1781
30  FR 5093 1756
10  SD 5284 3480
51
50  FR 3700 1765
30  FR 4614 1769
10  FR 4743 1835
52
50  SD 4000 3501
30  FR 4293 1748
10  SD 4808 3495
53
50  SD 15585 2067
30  FR 30704 1814
54
50  FR 11241 1805
30  SD 12488 2064
55
50  SD 21624 2065
30  FR 23538 1808
56
50  SD 19897 2066
30  FR 25100 1809
57
50  FR 15370 1811
58
50  FR 15968 1812
61
50  FR 12000 1813
SCORE:SD,FR,1730,3510,-178.0
