SD-GBP
1
50  SD 10430 3496
30  GBP 11741 3412
10  SD 12639 3479
2
50  GBP 9298 3408
30  GBP 9322 3416
10  GBP 11916 3391
3
50  SD 9045 3497
30  GBP 11009 3417
10  SD 11452 3488
4
50  SD 10282 3500
30  GBP 10451 3407
10  SD 12127 3483
5
50  SD 9879 3521
30  SD 9928 3487
6
50  GBP 7190 3414
30  SD 7475 3498
10  GBP 8906 3399
7
50  GBP 7477 3415
30  SD 9537 3481
8
50  GBP 8403 3393
30  SD 8732 3501
10  SD 10220 3495
9
50  GBP 2550 3410
30  SD 3290 3514
10  SD 3633 3515
10
50  SD 2538 3513
30  SD 3182 3519
10  SD 3209 3512
11
50  GBP 2046 3413
30  GBP 2550 3410
10  GBP 2875 3396
12
50  GBP 1853 3388
30  SD 1883 3478
10  SD 2227 3499
13
50  GBP 3943 3412
30  SD 4896 3508
10  SD 6810 3493
14
50  GBP 3432 3408
30  GBP 4485 3411
10  SD 4775 3504
15
50  GBP 4221 3417
30  SD 4625 3488
10  SD 5097 3511
16
50  GBP 3813 3407
30  SD 4600 3483
17
50  SD 8478 3521
18
50  SD 6208 3498
30  GBP 8007 3399
10  GBP 8147 3400
19
50  GBP 6648 3415
30  GBP 7221 3418
20
50  GBP 7038 3392
30  GBP 7637 3393
10  SD 8545 3495
21
50  GBP 3449 3404
30  SD 3746 3506
10  GBP 3872 3410
22
50  SD 3064 3513
30  SD 3569 3519
10  SD 4264 3512
23
50  GBP 2762 3396
30  GBP 3449 3404
10  SD 3746 3506
24
50  SD 2452 3478
30  GBP 2508 3388
10  GBP 2585 3395
25
50  SD 2087 3496
30  GBP 2384 3412
10  GBP 2952 3402
26
50  GBP 1909 3416
30  SD 2570 3503
10  SD 2651 3510
27
50  SD 4000 3497
30  GBP 5013 3417
10  SD 5826 3488
28
50  SD 4532 3500
30  GBP 5637 3407
10  SD 5972 3483
29
50  SD 4327 3521
30  SD 4726 3487
30
50  GBP 3294 3414
30  SD 4615 3480
10  GBP 5037 3400
31
80  SD 4613 3481
32
80  GBP 4038 3393
40  GBP 4409 3392
0  SD 4585 3501
33
80  GBP 2384 3413
34
80  SD 2528 3478
40  GBP 2772 3388
0  SD 2935 3499
35
50  SD 2064 3496
30  SD 2643 3479
10  GBP 2647 3412
36
50  GBP 1660 3408
30  SD 2477 3516
10  GBP 2481 3391
37
50  SD 4327 3497
30  GBP 5136 3417
10  SD 6970 3511
38
50  SD 5521 3500
39
50  SD 5118 3487
30  SD 5126 3521
40
50  GBP 3096 3414
30  GBP 4228 3399
10  GBP 4262 3401
41
50  SD 4363 3481
42
50  GBP 3747 3392
30  SD 3970 3501
43
50  GBP 3213 3413
30  SD 4865 3505
44
50  SD 2788 3478
30  GBP 3047 3403
10  SD 3101 3499
45
50  SD 2541 3479
30  SD 2955 3508
10  GBP 3181 3402
46
50  GBP 2090 3416
30  GBP 2550 3406
10  GBP 3103 3391
47
50  SD 4700 3497
30  SD 6295 3488
10  SD 6740 3511
48
50  SD 5057 3500
30  GBP 5239 3407
10  SD 6591 3483
49
50  SD 4806 3487
50
50  GBP 4584 3400
30  GBP 5112 3401
10  SD 5284 3480
51
50  GBP 4132 3418
30  SD 5034 3481
52
50  GBP 3738 3393
30  SD 4000 3501
10  GBP 4054 3392
53
50  SD 15585 2067
54
50  GBP 9875 2033
30  SD 12488 2064
55
50  SD 21624 2065
56
50  GBP 16283 2035
30  SD 19897 2066
60
50  GBP 13453 2036
SCORE:SD,GBP,2400,2380,2.0
