SD-HSC
1
50  SD 10430 3496
30  HSC 12582 3422
10  SD 12639 3479
2
50  HSC 13133 3465
30  SD 13250 3516
10  SD 13371 3510
3
50  SD 9045 3497
30  HSC 10519 3445
10  SD 11452 3488
4
50  HSC 8441 3463
30  SD 10282 3500
10  SD 12127 3483
5
50  HSC 7740 3466
30  HSC 7854 3424
10  HSC 9238 3429
6
50  SD 7475 3498
30  HSC 7907 3446
10  HSC 8508 3458
7
50  HSC 8442 3457
30  HSC 8729 3447
10  SD 9537 3481
8
50  HSC 6592 3462
30  HSC 7912 3461
10  SD 8732 3501
9
50  SD 3290 3514
30  SD 3633 3515
10  SD 4007 3491
10
50  SD 2538 3513
30  SD 3182 3519
10  SD 3209 3512
11
50  HSC 1977 3430
30  HSC 2019 3464
10  HSC 2923 3431
12
50  SD 1883 3478
30  SD 2227 3499
10  SD 2453 3502
13
50  HSC 4509 3422
30  HSC 4704 3467
10  SD 4896 3508
14
50  HSC 4084 3420
30  HSC 4704 3465
10  SD 4775 3504
15
50  HSC 3963 3445
30  SD 4625 3488
10  SD 5097 3511
16
50  HSC 3251 3453
30  HSC 3253 3463
10  HSC 3521 3421
17
50  HSC 6734 3466
30  HSC 6821 3424
10  HSC 7172 3444
18
50  SD 6208 3498
30  HSC 6803 3423
10  HSC 7347 3458
19
50  HSC 7373 3448
30  HSC 7776 3447
20
50  HSC 5558 3462
30  HSC 5947 3460
10  HSC 6588 3454
21
50  SD 3746 3506
30  SD 3990 3515
10  SD 4595 3491
22
50  SD 3064 3513
30  SD 3569 3519
10  SD 4264 3512
23
50  HSC 2976 3430
30  HSC 3307 3456
10  SD 3746 3506
24
50  SD 2452 3478
30  SD 2613 3499
10  SD 2721 3509
25
50  SD 2087 3496
30  HSC 2488 3422
10  HSC 3235 3440
26
50  SD 2570 3503
30  SD 2651 3510
10  SD 2733 3516
27
50  SD 4000 3497
30  SD 5826 3488
10  HSC 6280 3425
28
50  HSC 4294 3421
30  HSC 4380 3453
10  SD 4532 3500
29
50  HSC 3789 3444
30  SD 4327 3521
10  SD 4726 3487
30
50  HSC 3802 3446
30  HSC 3893 3423
10  SD 4615 3480
31
80  HSC 3913 3448
40  HSC 4225 3447
0  SD 4613 3481
32
80  HSC 3721 3461
40  HSC 4294 3454
0  HSC 4373 3419
34
80  SD 2528 3478
40  SD 2935 3499
0  SD 3640 3509
35
50  SD 2064 3496
30  SD 2643 3479
36
50  SD 2477 3516
30  SD 3441 3504
10  HSC 3654 3436
37
50  SD 4327 3497
30  HSC 4920 3445
10  SD 6970 3511
38
50  HSC 4317 3453
30  SD 5521 3500
39
50  HSC 3635 3424
30  HSC 3875 3444
10  HSC 4412 3429
40
50  HSC 3304 3446
30  HSC 3927 3423
10  SD 4488 3480
41
50  HSC 3312 3457
30  HSC 4225 3448
10  SD 4363 3481
42
50  HSC 2639 3462
30  HSC 2925 3460
10  HSC 3327 3454
43
50  HSC 2932 3430
30  HSC 3033 3464
10  HSC 3675 3431
44
50  SD 2788 3478
30  SD 3101 3499
10  SD 3502 3509
45
50  SD 2541 3479
30  SD 2955 3508
10  HSC 3075 3440
46
50  HSC 3058 3420
30  HSC 3123 3436
10  SD 3234 3510
47
50  SD 4700 3497
30  HSC 6262 3445
10  SD 6295 3488
48
50  HSC 4691 3463
30  SD 5057 3500
10  HSC 5188 3435
49
50  HSC 4065 3466
30  SD 4806 3487
10  HSC 4831 3429
50
50  HSC 4279 3423
30  HSC 4618 3432
10  SD 5284 3480
51
50  HSC 4470 3448
30  HSC 4532 3457
10  SD 5034 3481
52
50  HSC 3407 3460
30  HSC 3845 3454
10  SD 4000 3501
53
50  SD 15585 2067
54
50  SD 12488 2064
55
50  SD 21624 2065
56
50  SD 19897 2066
30  HSC 19928 2040
58
50  HSC 15277 2041
59
50  HSC 12869 2042
60
50  HSC 12747 2043
61
50  HSC 12104 2044
SCORE:SD,HSC,2130,2950,-82.0
