SD-HP
1
50  HP 9165 260
30  SD 10430 3496
10  HP 11713 224
2
50  HP 9344 328
30  HP 9725 237
10  HP 13221 247
3
50  HP 7550 269
30  SD 9045 3497
10  HP 9669 332
4
50  HP 7934 236
30  SD 10282 3500
10  HP 11247 225
5
50  HP 7225 290
30  HP 8263 234
10  HP 8982 316
6
50  HP 7203 256
30  SD 7475 3498
10  HP 8175 244
7
50  HP 7603 220
30  SD 9537 3481
10  HP 10002 291
8
50  HP 7391 303
30  HP 7437 312
10  HP 7757 319
9
50  SD 3290 3514
30  SD 3633 3515
10  HP 3975 322
10
50  SD 2538 3513
30  HP 3084 255
10  SD 3182 3519
11
50  HP 2162 338
30  HP 2431 214
10  HP 2889 221
12
50  SD 1883 3478
30  SD 2227 3499
10  HP 2334 331
13
50  HP 3703 211
30  HP 4381 226
10  HP 4419 248
14
50  HP 3725 237
30  HP 4106 283
10  HP 4278 282
15
50  HP 3207 330
30  HP 3650 335
10  HP 3719 332
16
50  HP 3135 236
30  HP 3422 254
10  HP 3934 276
17
50  HP 6384 290
30  HP 8007 235
10  SD 8478 3521
18
50  SD 6208 3498
30  HP 7653 241
10  HP 8009 304
19
50  HP 8572 307
30  HP 8647 243
10  HP 8834 321
20
50  HP 5659 308
30  HP 6313 312
10  HP 6659 319
21
50  SD 3746 3506
30  SD 3990 3515
10  SD 4595 3491
22
50  HP 2850 227
30  SD 3064 3513
10  SD 3569 3519
23
50  HP 2685 229
30  HP 2838 338
10  HP 3500 231
24
50  SD 2452 3478
30  SD 2613 3499
10  SD 2721 3509
25
50  HP 1963 260
30  SD 2087 3496
10  HP 2303 233
26
50  HP 2563 246
30  SD 2570 3503
10  SD 2651 3510
27
50  HP 3568 269
30  HP 3894 330
10  SD 4000 3497
28
50  HP 4231 254
30  SD 4532 3500
10  HP 5281 225
29
50  HP 3984 235
30  SD 4327 3521
10  SD 4726 3487
30
50  HP 3275 268
30  HP 4110 288
10  HP 4353 298
31
80  HP 3625 220
40  HP 4468 291
0  SD 4613 3481
32
80  HP 2865 308
40  HP 3557 289
0  HP 3884 310
33
80  HP 2600 338
40  HP 2612 214
34
80  SD 2528 3478
40  HP 2722 227
0  SD 2935 3499
35
50  HP 1863 260
30  HP 1960 211
10  SD 2064 3496
36
50  HP 1747 328
30  HP 2134 283
10  SD 2477 3516
37
50  HP 3265 269
30  HP 4228 332
10  SD 4327 3497
38
50  HP 3428 236
30  SD 5521 3500
10  HP 6200 317
39
50  HP 3072 290
30  HP 3618 234
10  HP 3833 316
40
50  HP 3075 256
30  HP 3638 244
10  HP 3778 241
41
50  HP 4053 291
30  SD 4363 3481
10  HP 4466 242
42
50  HP 2698 308
30  HP 3059 303
10  HP 3184 314
43
50  HP 2884 229
30  SD 4865 3505
44
50  SD 2788 3478
30  SD 3101 3499
10  HP 3416 227
45
50  HP 2439 211
30  SD 2541 3479
10  HP 2795 215
46
50  HP 2560 282
30  HP 2988 271
10  HP 3062 246
47
50  HP 4525 330
30  SD 4700 3497
10  HP 4844 335
48
50  SD 5057 3500
30  HP 5325 276
10  HP 5327 254
49
50  HP 4641 234
30  SD 4806 3487
10  HP 5259 326
50
50  HP 3669 268
30  HP 4369 288
10  HP 4769 337
51
50  HP 3997 220
30  HP 4753 243
10  SD 5034 3481
52
50  HP 3687 312
30  HP 3715 289
10  HP 3973 314
53
50  SD 15585 2067
30  HP 18604 1656
54
50  HP 10553 1642
30  SD 12488 2064
55
50  HP 18650 1644
30  SD 21624 2065
56
50  HP 15963 1646
30  SD 19897 2066
57
50  HP 17031 1647
58
50  HP 17835 1649
59
50  HP 15187 1650
60
50  HP 12150 1651
61
50  HP 13259 1653
SCORE:SD,HP,1370,3990,-262.0
