SD-HH
1
50  SD 10430 3496
30  HH 10833 2255
10  HH 10937 2250
2
50  HH 11531 2218
30  HH 12748 2221
10  SD 13250 3516
3
50  HH 8407 2211
30  SD 9045 3497
10  HH 9578 2285
4
50  SD 10282 3500
30  HH 11712 2279
10  HH 11944 2266
5
50  HH 7706 2236
30  HH 7812 2240
10  HH 8182 2224
6
50  SD 7475 3498
30  HH 8663 2233
10  HH 9413 2227
7
50  HH 7733 2237
30  HH 8933 2246
10  HH 9082 2206
8
50  HH 7209 2235
30  HH 8647 2270
10  SD 8732 3501
9
50  SD 3290 3514
30  SD 3633 3515
10  SD 4007 3491
10
50  SD 2538 3513
30  SD 3182 3519
10  SD 3209 3512
11
50  HH 2287 2212
30  HH 2390 2230
10  HH 2678 2213
12
50  SD 1883 3478
30  SD 2227 3499
10  SD 2453 3502
13
50  HH 4202 2249
30  HH 4503 2255
10  SD 4896 3508
14
50  HH 4512 2221
30  SD 4775 3504
10  SD 4787 3503
15
50  HH 3227 2211
30  HH 3926 2286
10  HH 3939 2209
16
50  HH 3967 2266
30  HH 4259 2248
10  HH 4571 2279
17
50  HH 6947 2240
30  HH 7712 2223
10  HH 7895 2253
18
50  SD 6208 3498
30  HH 8103 2227
10  HH 9845 2204
19
50  HH 6752 2237
30  HH 7974 2206
10  HH 8820 2217
20
50  HH 6551 2234
30  HH 7927 2270
10  HH 8334 2228
21
50  SD 3746 3506
30  SD 3990 3515
10  SD 4595 3491
22
50  SD 3064 3513
30  SD 3569 3519
10  SD 4264 3512
23
50  HH 3027 2289
30  HH 3149 2230
10  HH 3640 2212
24
50  SD 2452 3478
30  SD 2613 3499
10  SD 2721 3509
25
50  SD 2087 3496
30  HH 2290 2255
10  HH 2331 2249
26
50  SD 2570 3503
30  SD 2651 3510
10  SD 2733 3516
27
50  SD 4000 3497
30  HH 5237 2209
10  HH 5608 2257
28
50  SD 4532 3500
30  HH 4889 2248
10  HH 5064 2266
29
50  HH 3628 2236
30  HH 3878 2223
10  HH 3909 2224
30
50  SD 4615 3480
30  HH 4996 2269
10  HH 5063 2227
31
80  HH 3649 2237
40  HH 4100 2246
0  HH 4405 2217
32
80  HH 3688 2235
40  HH 4219 2270
0  HH 4509 2228
33
80  HH 3238 2212
40  HH 3519 2230
0  HH 3922 2289
34
80  SD 2528 3478
40  SD 2935 3499
0  SD 3640 3509
35
50  HH 1913 2263
30  HH 2028 2249
10  SD 2064 3496
36
50  HH 2421 2218
30  SD 2477 3516
10  HH 2652 2221
37
50  HH 3806 2211
30  SD 4327 3497
10  HH 4734 2285
38
50  HH 5450 2268
30  HH 5463 2248
10  SD 5521 3500
39
50  HH 3508 2240
30  HH 3614 2224
10  HH 3709 2223
40
50  SD 4488 3480
30  HH 4760 2269
10  HH 5189 2204
41
50  HH 3301 2237
30  HH 3977 2246
10  HH 4113 2206
42
50  HH 3522 2234
30  HH 3852 2270
10  HH 3969 2252
43
50  HH 4070 2198
30  HH 4343 2291
10  HH 4749 2265
44
50  SD 2788 3478
30  SD 3101 3499
10  SD 3502 3509
45
50  HH 2358 2250
30  HH 2470 2263
10  SD 2541 3479
46
50  HH 2822 2218
30  HH 3170 2273
10  SD 3234 3510
47
50  SD 4700 3497
30  HH 4890 2285
10  HH 5928 2197
48
50  SD 5057 3500
30  SD 6591 3483
49
50  HH 3832 2236
30  HH 4790 2278
10  SD 4806 3487
50
50  HH 5039 2271
30  SD 5284 3480
10  HH 6403 2201
51
50  HH 4534 2246
30  SD 5034 3481
10  HH 6394 2199
52
50  HH 3701 2234
30  HH 3822 2235
10  SD 4000 3501
53
50  SD 15585 2067
30  HH 18253 1874
54
50  HH 11083 1862
30  SD 12488 2064
55
50  HH 17450 1864
30  SD 21624 2065
56
50  SD 19897 2066
30  HH 20332 1866
57
50  HH 15031 1868
58
50  HH 18633 1869
59
50  HH 13502 1870
61
50  HH 12364 1873
SCORE:SD,HH,1860,3450,-159.0
