SD-ML
1
50  ML 7733 3026
30  ML 8827 3040
10  SD 10430 3496
2
50  SD 13250 3516
30  SD 13371 3510
3
50  ML 7653 3039
30  ML 8387 3030
10  ML 8627 3021
4
50  SD 10282 3500
30  SD 12127 3483
5
50  ML 7646 2976
30  SD 9879 3521
10  SD 9928 3487
6
50  SD 7475 3498
30  ML 8587 3042
10  ML 8838 3041
7
50  SD 9537 3481
8
50  ML 6856 3009
30  SD 8732 3501
10  SD 10220 3495
9
50  ML 2362 3027
30  SD 3290 3514
10  ML 3564 3035
10
50  SD 2538 3513
30  SD 3182 3519
10  SD 3209 3512
11
50  ML 1763 3018
30  ML 2138 2990
10  ML 2240 2985
12
50  ML 1841 3057
30  SD 1883 3478
10  ML 2006 3058
13
50  ML 4123 2974
30  ML 4884 2994
10  SD 4896 3508
14
50  ML 3347 3007
30  ML 3845 3052
10  ML 4152 3017
15
50  ML 3038 3039
30  ML 3094 2983
10  ML 3537 2977
16
50  ML 3797 3008
30  ML 4314 3053
10  ML 4338 2971
17
50  ML 6728 3025
30  ML 7035 2976
10  SD 8478 3521
18
50  SD 6208 3498
30  ML 7318 3042
10  ML 7769 3041
20
50  ML 5822 3009
30  SD 8545 3495
21
50  ML 3140 3027
30  SD 3746 3506
10  SD 3990 3515
22
50  SD 3064 3513
30  SD 3569 3519
10  SD 4264 3512
23
50  ML 2434 2968
30  ML 2446 3018
10  ML 2706 2985
24
50  ML 2428 3058
30  SD 2452 3478
10  SD 2613 3499
25
50  SD 2087 3496
30  ML 2282 2979
10  ML 2409 2974
26
50  ML 1775 3007
30  ML 2128 3052
10  ML 2400 3017
27
50  ML 3468 3028
30  ML 3828 3030
10  SD 4000 3497
28
50  SD 4532 3500
30  ML 5208 3053
10  ML 5515 2971
29
50  ML 3495 3025
30  ML 3766 2976
10  SD 4327 3521
30
50  ML 4514 3006
30  SD 4615 3480
10  ML 4781 3000
31
80  SD 4613 3481
32
80  ML 3295 3009
40  SD 4585 3501
0  SD 5383 3495
34
80  SD 2528 3478
40  SD 2935 3499
0  SD 3640 3509
35
50  ML 1494 3026
30  ML 1822 3040
10  SD 2064 3496
36
50  ML 1976 3007
30  ML 2253 3017
10  SD 2477 3516
37
50  ML 3107 3028
30  ML 3506 3039
10  ML 3809 3030
38
50  ML 4734 3008
30  ML 5303 3053
10  SD 5521 3500
39
50  ML 3244 2976
30  ML 3546 3025
10  SD 5118 3487
40
50  SD 4488 3480
30  ML 4843 3006
41
50  SD 4363 3481
42
50  ML 2864 3009
30  SD 3970 3501
43
50  ML 2798 3018
30  ML 2884 2968
10  SD 4865 3505
44
50  SD 2788 3478
30  ML 2996 2998
10  SD 3101 3499
45
50  ML 1895 3026
30  ML 2352 3040
10  SD 2541 3479
46
50  ML 2939 3031
30  SD 3234 3510
47
50  ML 3656 3028
30  ML 4203 2983
10  ML 4350 2999
48
50  ML 4858 3008
30  SD 5057 3500
10  SD 6591 3483
49
50  ML 4165 3025
30  SD 4806 3487
50
50  ML 4115 3023
30  ML 4447 3041
10  ML 4591 3042
51
50  SD 5034 3481
52
50  SD 4000 3501
30  SD 4808 3495
53
50  SD 15585 2067
30  ML 16500 1973
54
50  ML 9222 1974
30  SD 12488 2064
55
50  ML 16363 1977
30  SD 21624 2065
56
50  ML 18044 1978
30  SD 19897 2066
57
50  ML 12776 1980
60
50  ML 14843 1981
SCORE:SD,ML,1780,2990,-121.0
