SD-NC
1
50  NC 9537 1485
30  SD 10430 3496
10  NC 11022 1472
2
50  NC 10859 1532
30  SD 13250 3516
10  SD 13371 3510
3
50  NC 7906 1477
30  SD 9045 3497
10  NC 9235 1504
4
50  NC 8479 1533
30  NC 9094 1471
10  SD 10282 3500
5
50  NC 8092 1476
30  NC 9066 1506
10  NC 9262 1535
6
50  SD 7475 3498
30  NC 9079 1524
10  NC 9428 1514
7
50  NC 8569 1497
30  SD 9537 3481
8
50  NC 7103 1483
30  NC 7146 1492
10  NC 7450 1509
9
50  NC 2950 1526
30  SD 3290 3514
10  SD 3633 3515
10
50  SD 2538 3513
30  SD 3182 3519
10  SD 3209 3512
11
50  NC 2056 1515
30  NC 2663 1510
10  NC 2691 1527
12
50  SD 1883 3478
30  NC 2144 1487
10  NC 2181 1530
13
50  NC 4184 1474
30  SD 4896 3508
10  NC 5063 1520
14
50  NC 4309 1528
30  SD 4775 3504
10  SD 4787 3503
15
50  NC 3160 1477
30  NC 3698 1522
10  NC 4075 1511
16
50  NC 3250 1517
30  NC 3447 1533
10  NC 3932 1502
17
50  NC 7388 1470
30  NC 8268 1535
10  SD 8478 3521
18
50  SD 6208 3498
30  NC 7797 1537
10  NC 7947 1524
19
50  NC 7391 1497
30  NC 8413 1505
20
50  NC 6181 1483
30  NC 6473 1509
10  NC 7400 1496
21
50  SD 3746 3506
30  SD 3990 3515
10  NC 4007 1526
22
50  SD 3064 3513
30  SD 3569 3519
10  SD 4264 3512
23
50  NC 2606 1516
30  NC 3179 1527
10  NC 3349 1510
24
50  SD 2452 3478
30  NC 2572 1487
10  SD 2613 3499
25
50  NC 1994 1485
30  SD 2087 3496
10  NC 2363 1475
26
50  NC 2422 1525
30  SD 2570 3503
10  NC 2580 1467
27
50  NC 3567 1477
30  SD 4000 3497
10  NC 4549 1504
28
50  NC 4119 1533
30  NC 4179 1471
10  SD 4532 3500
29
50  NC 3790 1470
30  NC 4284 1506
10  SD 4327 3521
30
50  NC 4540 1537
30  SD 4615 3480
10  NC 4856 1524
31
80  NC 3954 1497
40  NC 4604 1466
0  SD 4613 3481
32
80  NC 3181 1492
40  NC 3437 1509
0  NC 4197 1496
33
80  NC 2860 1516
40  NC 2900 1515
0  NC 2912 1510
34
80  SD 2528 3478
40  NC 2659 1530
0  SD 2935 3499
35
50  NC 1873 1485
30  SD 2064 3496
10  NC 2172 1472
36
50  NC 2300 1525
30  NC 2389 1532
10  NC 2462 1528
37
50  NC 4296 1519
30  SD 4327 3497
10  NC 4328 1504
38
50  NC 3571 1517
30  NC 4003 1471
10  SD 5521 3500
39
50  NC 3541 1470
30  NC 3618 1476
10  NC 3825 1506
40
50  NC 4068 1537
30  NC 4128 1514
10  SD 4488 3480
41
50  NC 3763 1497
30  SD 4363 3481
10  NC 4526 1505
42
50  NC 2993 1483
30  NC 3113 1492
10  NC 3359 1509
43
50  NC 3047 1516
30  NC 3862 1515
10  SD 4865 3505
44
50  SD 2788 3478
30  NC 2992 1494
10  NC 3066 1489
45
50  NC 2462 1474
30  SD 2541 3479
10  NC 2653 1472
46
50  NC 2525 1532
30  SD 3234 3510
10  NC 3342 1469
47
50  NC 4322 1477
30  SD 4700 3497
10  NC 4701 1519
48
50  NC 4507 1517
30  SD 5057 3500
10  NC 5165 1502
49
50  NC 4160 1476
30  SD 4806 3487
10  NC 5303 1468
50
50  NC 4410 1524
30  SD 5284 3480
10  NC 5575 1508
51
50  NC 4844 1505
30  NC 4958 1466
10  SD 5034 3481
52
50  NC 3615 1483
30  NC 3750 1492
10  SD 4000 3501
53
50  SD 15585 2067
54
50  NC 9591 1764
30  SD 12488 2064
55
50  NC 18144 1766
30  SD 21624 2065
56
50  NC 18106 1768
30  SD 19897 2066
57
50  NC 15191 1770
58
50  NC 14393 1772
59
50  NC 14019 1773
60
50  NC 14844 1774
61
50  NC 14235 1775
SCORE:SD,NC,1460,3860,-240.0
