SD-NSC
1
50  SD 10430 3496
30  NSC 10734 638
10  NSC 10903 666
2
50  NSC 10994 632
30  NSC 11871 607
10  SD 13250 3516
3
50  NSC 7928 660
30  SD 9045 3497
10  NSC 9897 673
4
50  SD 10282 3500
30  NSC 10388 671
10  SD 12127 3483
5
50  NSC 7594 612
30  NSC 9172 625
10  SD 9879 3521
6
50  NSC 7116 595
30  SD 7475 3498
10  NSC 8581 601
7
50  NSC 7146 664
30  NSC 7884 584
10  SD 9537 3481
8
50  NSC 6128 586
30  NSC 7101 569
10  NSC 7756 624
9
50  NSC 2872 634
30  NSC 3075 651
10  SD 3290 3514
10
50  SD 2538 3513
30  SD 3182 3519
10  SD 3209 3512
11
50  NSC 2137 672
30  NSC 2175 643
10  NSC 2285 611
12
50  SD 1883 3478
30  NSC 2081 606
10  SD 2227 3499
13
50  NSC 4031 640
30  NSC 4131 638
10  NSC 4587 618
14
50  NSC 3841 627
30  NSC 4163 677
10  NSC 4425 622
15
50  NSC 3797 635
30  NSC 3807 576
10  NSC 3847 593
16
50  NSC 3888 642
30  NSC 4300 613
10  NSC 4559 639
17
50  NSC 7472 656
30  NSC 8125 669
10  NSC 8218 604
18
50  SD 6208 3498
30  NSC 7620 617
10  NSC 7872 589
19
50  NSC 6697 573
30  NSC 7000 584
10  NSC 8369 663
20
50  NSC 5459 586
30  NSC 5678 661
10  NSC 6572 605
21
50  SD 3746 3506
30  NSC 3888 634
10  SD 3990 3515
22
50  SD 3064 3513
30  SD 3569 3519
10  SD 4264 3512
23
50  NSC 2553 643
30  NSC 2566 665
10  NSC 2839 648
24
50  SD 2452 3478
30  SD 2613 3499
10  SD 2721 3509
25
50  SD 2087 3496
30  NSC 2138 638
10  NSC 2170 666
26
50  NSC 2112 627
30  NSC 2384 677
10  NSC 2456 622
27
50  NSC 3566 660
30  SD 4000 3497
10  NSC 4984 649
28
50  SD 4532 3500
30  NSC 4747 642
10  NSC 5616 613
29
50  NSC 3691 612
30  NSC 4012 656
10  SD 4327 3521
30
50  NSC 4118 592
30  NSC 4137 617
10  NSC 4447 589
31
80  NSC 3358 664
40  NSC 3612 594
0  NSC 3720 573
32
80  NSC 2969 586
40  NSC 3428 569
0  NSC 3500 605
33
80  NSC 2650 665
40  NSC 2703 672
0  NSC 2825 603
34
80  SD 2528 3478
40  NSC 2619 606
0  SD 2935 3499
35
50  NSC 2060 640
30  SD 2064 3496
10  NSC 2512 618
36
50  NSC 2269 631
30  NSC 2356 633
10  SD 2477 3516
37
50  NSC 3546 660
30  SD 4327 3497
10  NSC 4490 576
38
50  NSC 5213 671
30  SD 5521 3500
39
50  NSC 3901 656
30  NSC 4338 669
10  NSC 4578 604
40
50  NSC 3934 601
30  NSC 3941 592
10  NSC 4331 570
41
50  NSC 3315 573
30  NSC 3440 567
10  NSC 3545 584
42
50  NSC 2939 661
30  NSC 3104 591
10  NSC 3250 624
43
50  NSC 2800 672
30  NSC 3390 626
10  NSC 3700 648
44
50  SD 2788 3478
30  NSC 2832 621
10  SD 3101 3499
45
50  NSC 2497 640
30  NSC 2538 666
10  SD 2541 3479
46
50  NSC 2409 632
30  NSC 2559 622
10  NSC 2878 607
47
50  SD 4700 3497
30  NSC 5122 593
10  NSC 5138 572
48
50  NSC 5044 671
30  SD 5057 3500
10  NSC 5400 613
49
50  NSC 4059 612
30  NSC 4425 625
10  NSC 4694 667
50
50  NSC 3590 595
30  NSC 4453 592
10  SD 5284 3480
51
50  NSC 3763 664
30  NSC 4044 567
10  NSC 4137 594
52
50  NSC 3544 661
30  NSC 3844 569
10  SD 4000 3501
53
50  SD 15585 2067
30  NSC 15700 1685
54
50  NSC 9860 1672
30  SD 12488 2064
55
50  NSC 20914 1675
30  SD 21624 2065
56
50  NSC 17615 1677
30  SD 19897 2066
57
50  NSC 15450 1679
59
50  NSC 14494 1682
60
50  NSC 12959 1683
61
50  NSC 12194 1684
SCORE:SD,NSC,1280,4030,-275.0
