SD-SH
1
50  SH 10278 2639
30  SD 10430 3496
10  SH 11089 2607
2
50  SD 13250 3516
30  SD 13371 3510
3
50  SH 8498 2619
30  SD 9045 3497
10  SH 9564 2612
4
50  SH 9948 2647
30  SD 10282 3500
10  SD 12127 3483
5
50  SH 7836 2618
30  SH 8931 2640
10  SH 8961 2641
6
50  SD 7475 3498
30  SD 9590 3480
7
50  SH 9090 2631
30  SD 9537 3481
8
50  SH 6485 2605
30  SH 7027 2613
10  SD 8732 3501
9
50  SD 3290 3514
30  SD 3633 3515
10  SD 4007 3491
10
50  SD 2538 3513
30  SD 3182 3519
10  SD 3209 3512
11
50  SH 2056 2629
30  SH 2378 2626
10  SH 2460 2627
12
50  SD 1883 3478
30  SH 2009 2642
10  SD 2227 3499
13
50  SH 3852 2639
30  SH 4190 2603
10  SH 4442 2607
14
50  SD 4775 3504
30  SD 4787 3503
10  SH 5275 2599
15
50  SH 3463 2619
30  SH 4058 2612
10  SH 4284 2608
16
50  SH 3946 2630
30  SH 4097 2636
10  SH 4259 2647
17
50  SH 6858 2618
30  SH 8035 2641
10  SD 8478 3521
18
50  SD 6208 3498
19
50  SH 8136 2631
20
50  SH 5747 2605
30  SH 6437 2613
10  SD 8545 3495
21
50  SD 3746 3506
30  SD 3990 3515
10  SD 4595 3491
22
50  SD 3064 3513
30  SD 3569 3519
10  SD 4264 3512
23
50  SH 2543 2629
30  SH 3060 2626
10  SH 3219 2604
24
50  SD 2452 3478
30  SD 2613 3499
10  SD 2721 3509
25
50  SD 2087 3496
30  SH 2416 2639
10  SH 2471 2643
26
50  SD 2570 3503
30  SD 2651 3510
10  SD 2733 3516
27
50  SD 4000 3497
30  SH 4434 2612
10  SH 4963 2608
28
50  SD 4532 3500
30  SH 4732 2630
10  SH 5383 2625
29
50  SH 3769 2618
30  SD 4327 3521
10  SH 4517 2637
30
50  SD 4615 3480
31
80  SD 4613 3481
32
80  SH 3178 2605
40  SD 4585 3501
0  SD 5383 3495
33
80  SH 2598 2629
40  SH 3369 2626
0  SH 3657 2627
34
80  SD 2528 3478
40  SH 2623 2642
0  SD 2935 3499
35
50  SD 2064 3496
30  SH 2202 2638
10  SH 2288 2607
36
50  SD 2477 3516
30  SD 3441 3504
10  SH 3525 2614
37
50  SH 3979 2619
30  SD 4327 3497
10  SH 5428 2608
38
50  SH 5382 2636
30  SD 5521 3500
10  SH 5677 2625
39
50  SH 3807 2640
30  SH 3932 2641
10  SD 5118 3487
40
50  SD 4488 3480
41
50  SD 4363 3481
42
50  SH 2953 2605
30  SH 3161 2613
10  SD 3970 3501
43
50  SH 2875 2629
30  SD 4865 3505
44
50  SD 2788 3478
30  SH 2983 2642
10  SD 3101 3499
45
50  SH 2408 2639
30  SH 2480 2603
10  SD 2541 3479
46
50  SH 2964 2617
30  SD 3234 3510
47
50  SH 4632 2619
30  SD 4700 3497
10  SH 5171 2612
48
50  SD 5057 3500
30  SD 6591 3483
10  SH 6956 2597
49
50  SH 4600 2640
30  SD 4806 3487
10  SH 5657 2637
50
50  SD 5284 3480
51
50  SH 4738 2631
30  SD 5034 3481
52
50  SH 3350 2613
30  SD 4000 3501
10  SD 4808 3495
53
50  SD 15585 2067
54
50  SH 11370 1919
30  SD 12488 2064
55
50  SH 19413 1921
30  SD 21624 2065
56
50  SD 19897 2066
58
50  SH 19108 1923
59
50  SH 13886 1924
SCORE:SD,SH,2340,2480,-14.0
