SD-SCSC
1
50  SCSC 9422 83
30  SCSC 9644 126
10  SD 10430 3496
2
50  SCSC 10856 129
30  SCSC 11107 196
10  SD 13250 3516
3
50  SCSC 8177 125
30  SCSC 8218 208
10  SD 9045 3497
4
50  SCSC 8071 200
30  SCSC 9385 128
10  SD 10282 3500
5
50  SCSC 7622 107
30  SCSC 8989 165
10  SCSC 9215 114
6
50  SCSC 6832 178
30  SCSC 7156 151
10  SD 7475 3498
7
50  SCSC 8853 117
30  SD 9537 3481
10  SCSC 9719 135
8
50  SCSC 6738 176
30  SCSC 8626 142
10  SD 8732 3501
9
50  SD 3290 3514
30  SCSC 3301 182
10  SCSC 3619 94
10
50  SD 2538 3513
30  SCSC 2637 185
10  SD 3182 3519
11
50  SCSC 2091 172
30  SCSC 2114 191
10  SCSC 2637 95
12
50  SD 1883 3478
30  SCSC 1919 154
10  SD 2227 3499
13
50  SCSC 3635 126
30  SCSC 3641 83
10  SCSC 3885 146
14
50  SCSC 3983 80
30  SCSC 4257 168
10  SCSC 4639 88
15
50  SCSC 2862 159
30  SCSC 3194 208
10  SCSC 3463 166
16
50  SCSC 3125 200
30  SCSC 3216 82
10  SCSC 3457 128
17
50  SCSC 6237 199
30  SCSC 7682 177
10  SCSC 8159 198
18
50  SD 6208 3498
30  SCSC 6556 133
10  SCSC 6657 192
19
50  SCSC 6151 108
30  SCSC 8854 135
20
50  SCSC 5587 156
30  SCSC 7509 142
10  SD 8545 3495
21
50  SD 3746 3506
30  SD 3990 3515
10  SD 4595 3491
22
50  SD 3064 3513
30  SD 3569 3519
10  SD 4264 3512
23
50  SCSC 2875 191
30  SCSC 3672 153
10  SCSC 3712 112
24
50  SCSC 2425 154
30  SD 2452 3478
10  SD 2613 3499
25
50  SD 2087 3496
30  SCSC 2089 126
10  SCSC 2406 171
26
50  SCSC 2220 196
30  SCSC 2271 168
10  SCSC 2376 129
27
50  SCSC 3313 159
30  SCSC 3831 208
10  SD 4000 3497
28
50  SCSC 3633 200
30  SD 4532 3500
10  SCSC 4544 144
29
50  SCSC 4034 114
30  SCSC 4203 198
10  SD 4327 3521
30
50  SCSC 3432 120
30  SCSC 3545 178
10  SCSC 4538 106
31
80  SCSC 3306 108
40  SCSC 4070 121
0  SD 4613 3481
32
80  SCSC 3432 176
40  SCSC 3878 142
0  SD 4585 3501
33
80  SCSC 2565 105
40  SCSC 3100 191
0  SCSC 3621 77
34
80  SD 2528 3478
40  SD 2935 3499
0  SCSC 3219 147
35
50  SCSC 1728 83
30  SCSC 1995 146
10  SD 2064 3496
36
50  SCSC 2366 164
30  SD 2477 3516
10  SCSC 2500 134
37
50  SCSC 3894 166
30  SD 4327 3497
10  SCSC 4683 118
38
50  SCSC 4764 144
30  SCSC 4775 109
10  SCSC 5003 202
39
50  SCSC 3078 199
30  SCSC 4022 114
10  SCSC 4220 179
40
50  SCSC 3012 151
30  SCSC 3447 192
10  SCSC 3459 120
41
50  SCSC 4072 117
30  SD 4363 3481
42
50  SCSC 2747 156
30  SCSC 2783 201
10  SD 3970 3501
43
50  SCSC 3153 172
30  SCSC 3250 95
10  SCSC 3331 105
44
50  SD 2788 3478
30  SCSC 2935 160
10  SD 3101 3499
45
50  SCSC 2507 184
30  SD 2541 3479
10  SCSC 2697 171
46
50  SCSC 2757 88
30  SCSC 2904 136
10  SCSC 3226 115
47
50  SCSC 4256 125
30  SD 4700 3497
10  SCSC 5194 100
48
50  SCSC 4256 82
30  SCSC 4665 169
10  SD 5057 3500
49
50  SCSC 3997 107
30  SCSC 4313 165
10  SCSC 4750 155
50
50  SCSC 3432 178
30  SCSC 3800 133
10  SCSC 3982 151
51
50  SCSC 4337 117
30  SD 5034 3481
10  SCSC 5038 121
52
50  SCSC 3234 156
30  SCSC 3339 201
10  SD 4000 3501
53
50  SD 15585 2067
30  SCSC 16759 1641
54
50  SCSC 9056 1633
30  SD 12488 2064
55
50  SCSC 19565 1634
30  SD 21624 2065
56
50  SCSC 18470 1635
30  SD 19897 2066
57
50  SCSC 13178 1636
58
50  SCSC 14856 1637
59
50  SCSC 13296 1638
60
50  SCSC 12758 1639
61
50  SCSC 11516 1640
SCORE:SD,SCSC,1180,4170,-299.0
