SD-WM
1
50  SD 10430 3496
30  WM 11381 409
10  SD 12639 3479
2
50  WM 9257 442
30  WM 10290 397
10  WM 11085 361
3
50  SD 9045 3497
30  WM 9647 413
10  WM 10400 421
4
50  WM 8102 420
30  SD 10282 3500
10  WM 10572 426
5
50  WM 7746 354
30  WM 8813 396
10  WM 8982 437
6
50  SD 7475 3498
30  WM 9098 366
10  SD 9590 3480
7
50  WM 7315 362
30  WM 7745 395
10  SD 9537 3481
8
50  WM 6781 429
30  WM 8122 418
10  WM 8453 414
9
50  WM 2723 424
30  SD 3290 3514
10  SD 3633 3515
10
50  SD 2538 3513
30  WM 2822 399
10  SD 3182 3519
11
50  WM 2259 410
30  WM 2925 408
10  WM 3050 388
12
50  WM 1872 422
30  SD 1883 3478
10  WM 2007 398
13
50  WM 4088 368
30  WM 4529 356
10  WM 4732 352
14
50  WM 3604 344
30  WM 3605 370
10  WM 3615 442
15
50  WM 3354 413
30  WM 3712 392
10  WM 3790 421
16
50  WM 3172 419
30  WM 3212 420
10  WM 3678 376
17
50  WM 6889 447
30  WM 7740 444
10  WM 7768 428
18
50  SD 6208 3498
30  WM 6745 449
10  WM 7763 417
19
50  WM 6491 362
30  WM 6744 395
10  WM 8494 383
20
50  WM 6571 418
30  WM 7421 414
10  WM 7435 405
21
50  SD 3746 3506
30  WM 3807 424
10  SD 3990 3515
22
50  SD 3064 3513
30  SD 3569 3519
10  WM 3663 399
23
50  WM 3331 445
30  WM 3738 427
10  SD 3746 3506
24
50  WM 2235 422
30  SD 2452 3478
10  WM 2456 398
25
50  SD 2087 3496
30  WM 2297 368
10  WM 2578 409
26
50  WM 1956 357
30  WM 2032 442
10  WM 2334 364
27
50  SD 4000 3497
30  WM 4469 421
10  WM 5728 389
28
50  WM 3978 419
30  SD 4532 3500
10  WM 4551 426
29
50  WM 3591 447
30  WM 3647 354
10  WM 4010 444
30
50  WM 3774 449
30  WM 4159 366
10  SD 4615 3480
31
80  WM 3342 362
40  WM 3633 395
0  WM 3985 382
32
80  WM 4063 339
40  WM 4075 414
0  SD 4585 3501
34
80  SD 2528 3478
40  WM 2535 422
0  SD 2935 3499
35
50  SD 2064 3496
30  WM 2172 368
10  WM 2301 435
36
50  WM 1782 370
30  WM 1856 344
10  WM 2326 361
37
50  WM 3887 413
30  SD 4327 3497
10  WM 4606 392
38
50  WM 3441 419
30  WM 5119 426
10  SD 5521 3500
39
50  WM 3809 447
30  WM 3952 428
10  WM 4037 437
40
50  SD 4488 3480
41
50  SD 4363 3481
42
50  WM 2804 429
30  WM 3032 418
10  SD 3970 3501
43
50  WM 2913 410
30  SD 4865 3505
44
50  SD 2788 3478
30  SD 3101 3499
10  WM 3271 398
45
50  SD 2541 3479
30  WM 2656 425
10  WM 2820 409
46
50  WM 2401 397
30  WM 2450 361
10  WM 2644 357
47
50  SD 4700 3497
30  WM 5535 342
10  SD 6295 3488
48
50  WM 4140 420
30  SD 5057 3500
10  WM 5713 376
49
50  WM 3902 354
30  WM 4207 396
10  WM 4446 428
50
50  WM 4287 449
30  SD 5284 3480
10  WM 5900 406
51
50  WM 4555 382
30  SD 5034 3481
10  WM 5679 416
52
50  WM 3656 429
30  SD 4000 3501
10  WM 4028 405
53
50  SD 15585 2067
30  WM 18189 1662
54
50  WM 11382 1658
30  SD 12488 2064
55
50  SD 21624 2065
56
50  SD 19897 2066
59
50  WM 14150 1660
61
50  WM 14309 1661
SCORE:SD,WM,1510,3440,-193.0
