SD-WCSC
1
50  WCSC 8690 844
30  WCSC 9353 884
10  SD 10430 3496
2
50  WCSC 10839 784
30  SD 13250 3516
10  SD 13371 3510
3
50  WCSC 7943 800
30  WCSC 8633 883
10  SD 9045 3497
4
50  WCSC 8409 810
30  WCSC 9688 775
10  SD 10282 3500
5
50  WCSC 7784 895
30  SD 9879 3521
10  WCSC 9901 832
6
50  SD 7475 3498
30  WCSC 7896 776
10  WCSC 8833 821
7
50  WCSC 8963 860
30  SD 9537 3481
10  WCSC 9778 900
8
50  WCSC 7650 843
30  WCSC 7728 787
10  SD 8732 3501
9
50  WCSC 3175 869
30  SD 3290 3514
10  WCSC 3328 872
10
50  SD 2538 3513
30  SD 3182 3519
10  SD 3209 3512
11
50  WCSC 1889 855
30  WCSC 2129 826
10  WCSC 2194 862
12
50  WCSC 1740 870
30  SD 1883 3478
10  WCSC 1904 877
13
50  WCSC 3738 871
30  WCSC 3787 884
10  WCSC 4163 839
14
50  WCSC 4129 831
30  WCSC 4481 868
10  WCSC 4502 823
15
50  WCSC 3219 896
30  WCSC 3312 840
10  WCSC 3557 883
16
50  WCSC 3434 775
30  WCSC 3517 863
10  WCSC 3730 847
17
50  WCSC 7082 859
30  WCSC 7348 845
10  SD 8478 3521
18
50  SD 6208 3498
30  WCSC 6674 798
10  WCSC 6843 776
19
50  WCSC 7938 860
30  WCSC 7996 881
10  WCSC 8133 835
20
50  WCSC 6297 843
30  WCSC 7173 864
10  WCSC 7327 790
21
50  WCSC 3090 869
30  SD 3746 3506
10  SD 3990 3515
22
50  SD 3064 3513
30  SD 3569 3519
10  SD 4264 3512
23
50  WCSC 2098 817
30  WCSC 2637 898
10  WCSC 2662 879
24
50  WCSC 1929 801
30  WCSC 2358 877
10  SD 2452 3478
25
50  WCSC 2043 816
30  SD 2087 3496
10  WCSC 2299 839
26
50  WCSC 2111 784
30  SD 2570 3503
10  WCSC 2634 868
27
50  WCSC 3813 800
30  SD 4000 3497
10  WCSC 5066 820
28
50  WCSC 4178 810
30  SD 4532 3500
10  WCSC 5603 847
29
50  WCSC 3500 895
30  SD 4327 3521
10  WCSC 4621 858
30
50  WCSC 3909 821
30  WCSC 4312 791
10  WCSC 4536 880
31
80  WCSC 3840 803
40  WCSC 4301 835
0  WCSC 4500 897
32
80  WCSC 3606 864
40  SD 4585 3501
0  WCSC 4593 827
33
80  WCSC 2225 826
40  WCSC 2500 817
34
80  WCSC 2223 877
40  SD 2528 3478
0  WCSC 2855 857
35
50  WCSC 1938 871
30  SD 2064 3496
10  WCSC 2327 816
36
50  WCSC 2122 876
30  SD 2477 3516
10  WCSC 3057 823
37
50  WCSC 3982 840
30  SD 4327 3497
10  WCSC 6183 793
38
50  WCSC 4317 863
30  WCSC 4653 775
10  SD 5521 3500
39
50  WCSC 3434 859
30  WCSC 4315 828
10  SD 5118 3487
40
50  WCSC 3463 798
30  WCSC 4046 880
10  SD 4488 3480
41
50  WCSC 3803 803
30  WCSC 3928 900
10  SD 4363 3481
42
50  WCSC 3134 787
30  WCSC 3376 790
10  SD 3970 3501
43
50  WCSC 2682 855
30  WCSC 3027 826
10  SD 4865 3505
44
50  WCSC 2112 801
30  WCSC 2583 870
10  SD 2788 3478
45
50  WCSC 2151 844
30  SD 2541 3479
10  WCSC 2864 805
46
50  WCSC 2403 831
30  SD 3234 3510
47
50  WCSC 4162 896
30  SD 4700 3497
10  WCSC 5534 799
48
50  WCSC 4555 810
30  SD 5057 3500
10  SD 6591 3483
49
50  WCSC 4656 845
30  SD 4806 3487
10  WCSC 6387 788
50
50  WCSC 4113 776
30  WCSC 4549 798
10  SD 5284 3480
51
50  WCSC 4467 860
30  SD 5034 3481
10  WCSC 5658 835
52
50  WCSC 3963 864
30  SD 4000 3501
10  SD 4808 3495
53
50  SD 15585 2067
30  WCSC 16033 1707
54
50  WCSC 7650 1692
30  SD 12488 2064
55
50  WCSC 16081 1695
30  SD 21624 2065
56
50  WCSC 17798 1697
30  SD 19897 2066
57
50  WCSC 13322 1699
58
50  WCSC 18199 1702
59
50  WCSC 13190 1703
60
50  WCSC 15089 1704
61
50  WCSC 12596 1705
SCORE:SD,WCSC,1310,4050,-274.0
