SD-WRC
1
50  SD 10430 3496
30  WRC 10759 2171
10  SD 12639 3479
2
50  WRC 10377 2161
30  WRC 13057 2144
10  SD 13250 3516
3
50  WRC 8371 2156
30  SD 9045 3497
10  WRC 9470 2151
4
50  WRC 10200 2180
30  SD 10282 3500
10  WRC 10965 2188
5
50  WRC 8003 2147
30  WRC 9690 2155
10  SD 9879 3521
6
50  SD 7475 3498
30  WRC 7619 2174
10  SD 9590 3480
7
50  WRC 8182 2146
30  WRC 8594 2169
10  SD 9537 3481
8
50  WRC 7292 2182
30  WRC 7447 2177
10  WRC 8320 2193
9
50  WRC 3100 2162
30  SD 3290 3514
10  SD 3633 3515
10
50  SD 2538 3513
30  SD 3182 3519
10  SD 3209 3512
11
50  WRC 1881 2176
30  WRC 1968 2196
10  WRC 2449 2148
12
50  SD 1883 3478
30  SD 2227 3499
10  WRC 2313 2150
13
50  WRC 3889 2175
30  SD 4896 3508
10  WRC 5975 2163
14
50  WRC 4383 2191
30  WRC 4678 2144
10  WRC 4715 2160
15
50  WRC 3553 2167
30  WRC 3638 2151
10  WRC 3659 2152
16
50  WRC 4440 2188
30  SD 4600 3483
17
50  WRC 6896 2147
30  WRC 7375 2153
10  WRC 7397 2178
18
50  SD 6208 3498
30  WRC 6674 2174
10  WRC 7522 2189
19
50  WRC 6727 2145
30  WRC 7127 2146
20
50  WRC 6001 2181
30  WRC 6272 2182
10  WRC 7393 2157
21
50  WRC 3722 2162
30  SD 3746 3506
10  SD 3990 3515
22
50  SD 3064 3513
30  SD 3569 3519
10  SD 4264 3512
23
50  WRC 2194 2196
30  WRC 3359 2148
10  WRC 3487 2184
24
50  SD 2452 3478
30  SD 2613 3499
10  SD 2721 3509
25
50  SD 2087 3496
30  WRC 2256 2171
10  WRC 2677 2164
26
50  WRC 2103 2161
30  WRC 2347 2191
10  WRC 2506 2160
27
50  SD 4000 3497
30  WRC 4144 2151
10  WRC 4376 2167
28
50  SD 4532 3500
30  WRC 5894 2188
10  SD 5972 3483
29
50  WRC 3476 2178
30  WRC 4006 2153
10  SD 4327 3521
30
50  WRC 3546 2174
30  WRC 4187 2189
10  SD 4615 3480
31
80  WRC 3850 2146
40  WRC 4171 2169
0  SD 4613 3481
32
80  WRC 3201 2181
40  WRC 3499 2177
0  WRC 3783 2193
33
80  WRC 2358 2196
40  WRC 2458 2176
0  WRC 3150 2148
34
80  SD 2528 3478
40  SD 2935 3499
0  SD 3640 3509
35
50  WRC 1814 2175
30  SD 2064 3496
10  SD 2643 3479
36
50  WRC 2018 2161
30  WRC 2403 2191
10  SD 2477 3516
37
50  WRC 3987 2156
30  SD 4327 3497
10  WRC 4400 2167
38
50  SD 5521 3500
39
50  WRC 3559 2178
30  WRC 3650 2153
10  SD 5118 3487
40
50  WRC 3512 2174
30  WRC 4271 2189
10  SD 4488 3480
41
50  WRC 3456 2145
30  WRC 3719 2169
10  SD 4363 3481
42
50  WRC 3052 2182
30  WRC 3094 2181
10  WRC 3489 2170
43
50  WRC 2683 2176
30  WRC 3264 2184
10  SD 4865 3505
44
50  SD 2788 3478
30  SD 3101 3499
10  SD 3502 3509
45
50  SD 2541 3479
30  WRC 2627 2171
10  WRC 2653 2175
46
50  WRC 2445 2161
30  WRC 2487 2191
10  SD 3234 3510
47
50  WRC 4069 2156
30  SD 4700 3497
10  WRC 5535 2152
48
50  WRC 4896 2188
30  SD 5057 3500
10  SD 6591 3483
49
50  WRC 4226 2147
30  SD 4806 3487
10  WRC 4882 2155
50
50  WRC 4032 2189
30  SD 5284 3480
51
50  WRC 3802 2145
30  WRC 4565 2169
10  SD 5034 3481
52
50  WRC 3662 2177
30  WRC 3976 2173
10  SD 4000 3501
53
50  SD 15585 2067
54
50  WRC 9339 1855
30  SD 12488 2064
55
50  WRC 20388 1858
30  SD 21624 2065
56
50  SD 19897 2066
57
50  WRC 14518 1859
59
50  WRC 13206 1860
61
50  WRC 13246 1861
SCORE:SD,WRC,1680,3460,-178.0
