SD-WAW
1
50  WAW 9200 1022
30  SD 10430 3496
10  WAW 11537 930
2
50  WAW 8528 1033
30  WAW 10693 964
10  WAW 12492 926
3
50  SD 9045 3497
30  WAW 9818 950
10  SD 11452 3488
4
50  WAW 7781 940
30  SD 10282 3500
10  SD 12127 3483
5
50  WAW 7833 908
30  WAW 8719 1004
10  WAW 9249 991
6
50  WAW 6684 904
30  SD 7475 3498
10  WAW 7572 1032
7
50  WAW 7606 975
30  SD 9537 3481
10  WAW 10288 957
8
50  WAW 6267 1012
30  WAW 7387 1026
10  WAW 7867 968
9
50  WAW 2516 959
30  SD 3290 3514
10  SD 3633 3515
10
50  SD 2538 3513
30  WAW 2569 916
10  SD 3182 3519
11
50  WAW 1876 1021
30  WAW 2419 1011
10  WAW 2690 907
12
50  SD 1883 3478
30  WAW 2056 961
10  SD 2227 3499
13
50  WAW 3626 939
30  SD 4896 3508
10  WAW 5413 989
14
50  WAW 3897 964
30  WAW 4081 996
10  WAW 4251 912
15
50  WAW 3166 938
30  WAW 4014 950
10  WAW 4039 918
16
50  WAW 4262 998
30  SD 4600 3483
10  WAW 6797 993
17
50  WAW 7038 929
30  WAW 7763 909
10  WAW 8048 1023
18
50  SD 6208 3498
30  WAW 6524 1030
10  WAW 7990 943
19
50  WAW 7012 975
30  WAW 8919 957
10  WAW 10325 1018
20
50  WAW 6546 1026
30  WAW 7147 948
10  WAW 7310 937
21
50  WAW 3312 959
30  SD 3746 3506
10  SD 3990 3515
22
50  SD 3064 3513
30  WAW 3255 916
10  SD 3569 3519
23
50  WAW 2516 1021
30  WAW 3094 980
10  WAW 3458 981
24
50  SD 2452 3478
30  SD 2613 3499
10  WAW 2659 902
25
50  SD 2087 3496
30  WAW 2369 906
10  WAW 2753 955
26
50  WAW 1809 915
30  WAW 2300 996
10  WAW 2371 926
27
50  SD 4000 3497
30  WAW 4452 918
10  WAW 5397 1013
28
50  WAW 3533 940
30  SD 4532 3500
10  SD 5972 3483
29
50  WAW 3721 929
30  SD 4327 3521
10  SD 4726 3487
30
50  WAW 3430 1030
30  SD 4615 3480
10  WAW 5037 1010
31
80  SD 4613 3481
40  WAW 5869 1018
32
80  WAW 3298 976
40  WAW 3409 948
0  WAW 3836 937
34
80  SD 2528 3478
40  SD 2935 3499
0  SD 3640 3509
35
50  SD 2064 3496
30  WAW 2463 906
10  SD 2643 3479
36
50  WAW 1765 915
30  WAW 2451 1031
10  SD 2477 3516
37
50  WAW 3497 938
30  WAW 4319 970
10  SD 4327 3497
38
50  WAW 3681 940
30  SD 5521 3500
10  WAW 5851 998
39
50  WAW 3972 1004
30  WAW 4388 991
10  SD 5118 3487
40
50  WAW 2938 904
30  SD 4488 3480
10  WAW 4697 951
41
50  WAW 3582 971
30  SD 4363 3481
42
50  WAW 2976 976
30  WAW 3246 1026
10  WAW 3267 968
43
50  WAW 2456 1021
30  WAW 3985 925
10  SD 4865 3505
44
50  SD 2788 3478
30  SD 3101 3499
10  WAW 3223 902
45
50  WAW 2035 1022
30  WAW 2119 939
10  WAW 2477 930
46
50  WAW 1937 1033
30  WAW 2572 912
10  WAW 2959 1024
47
50  WAW 4628 931
30  SD 4700 3497
10  WAW 4840 950
48
50  SD 5057 3500
30  WAW 5776 998
10  SD 6591 3483
49
50  WAW 4032 908
30  WAW 4501 909
10  WAW 4536 1023
50
50  WAW 3637 1032
30  WAW 4833 943
10  SD 5284 3480
51
50  WAW 3975 971
30  WAW 4857 957
10  SD 5034 3481
52
50  WAW 3347 1012
30  WAW 3827 948
10  SD 4000 3501
53
50  WAW 14403 1722
30  SD 15585 2067
54
50  WAW 9827 1709
30  SD 12488 2064
55
50  WAW 16351 1711
30  SD 21624 2065
56
50  WAW 15537 1713
30  SD 19897 2066
57
50  WAW 14803 1715
58
50  WAW 30791 1717
59
50  WAW 13606 1718
60
50  WAW 11946 1720
61
50  WAW 11575 1721
SCORE:SD,WAW,1560,3680,-212.0
