SD-WH
1
50  WH 9640 1193
30  SD 10430 3496
10  WH 11865 1245
2
50  WH 10577 1271
30  WH 10928 1228
10  SD 13250 3516
3
50  WH 8247 1194
30  SD 9045 3497
10  WH 9784 1222
4
50  WH 9193 1192
30  SD 10282 3500
10  WH 11040 1221
5
50  WH 7892 1191
30  WH 9129 1190
10  WH 9812 1241
6
50  SD 7475 3498
30  SD 9590 3480
10  WH 10114 1226
7
50  WH 8651 1276
30  SD 9537 3481
8
50  WH 8286 1280
30  WH 8650 1198
10  SD 8732 3501
9
50  SD 3290 3514
30  SD 3633 3515
10  WH 3735 1229
10
50  SD 2538 3513
30  SD 3182 3519
10  SD 3209 3512
11
50  WH 2018 1188
30  WH 2124 1236
10  WH 2493 1234
12
50  SD 1883 3478
30  SD 2227 3499
10  WH 2443 1211
13
50  WH 4773 1288
30  WH 4802 1239
10  SD 4896 3508
14
50  WH 4037 1228
30  SD 4775 3504
10  SD 4787 3503
15
50  WH 3344 1194
30  WH 3856 1222
10  WH 3993 1176
16
50  WH 3582 1197
30  WH 3814 1205
10  WH 3817 1217
17
50  WH 7845 1178
30  WH 8026 1224
10  WH 8275 1190
18
50  SD 6208 3498
30  WH 6598 1277
10  WH 8628 1206
19
50  WH 6868 1187
30  WH 7183 1240
10  WH 7575 1276
20
50  WH 6743 1246
30  WH 7183 1247
10  WH 7518 1182
21
50  SD 3746 3506
30  SD 3990 3515
10  SD 4595 3491
22
50  SD 3064 3513
30  SD 3569 3519
10  SD 4264 3512
23
50  WH 2603 1188
30  WH 2802 1236
10  WH 2865 1234
24
50  SD 2452 3478
30  SD 2613 3499
10  SD 2721 3509
25
50  SD 2087 3496
30  WH 2213 1193
10  WH 2308 1245
26
50  WH 2321 1271
30  SD 2570 3503
10  SD 2651 3510
27
50  WH 3950 1194
30  SD 4000 3497
10  WH 5243 1195
28
50  WH 4251 1192
30  SD 4532 3500
10  WH 4716 1197
29
50  WH 3513 1191
30  WH 4098 1178
10  WH 4288 1190
30
50  WH 3788 1277
30  WH 4543 1226
10  SD 4615 3480
31
80  WH 3613 1240
40  WH 3877 1187
0  SD 4613 3481
32
80  WH 3597 1247
40  WH 3989 1183
0  WH 4195 1198
34
80  SD 2528 3478
40  SD 2935 3499
0  SD 3640 3509
35
50  SD 2064 3496
30  WH 2132 1245
10  SD 2643 3479
36
50  WH 1815 1189
30  WH 2148 1228
10  SD 2477 3516
37
50  SD 4327 3497
30  WH 4920 1176
10  WH 5609 1201
38
50  WH 4260 1192
30  WH 4851 1221
10  WH 4959 1186
39
50  WH 3611 1191
30  SD 5118 3487
10  WH 5122 1248
40
50  WH 4022 1274
30  SD 4488 3480
41
50  WH 3517 1187
30  WH 3852 1276
10  SD 4363 3481
42
50  WH 3502 1280
30  WH 3724 1198
10  SD 3970 3501
43
50  WH 3268 1188
30  WH 3453 1279
10  WH 3673 1234
44
50  SD 2788 3478
30  SD 3101 3499
10  SD 3502 3509
45
50  WH 2335 1193
30  SD 2541 3479
10  WH 2814 1281
46
50  WH 2147 1271
30  WH 2444 1189
10  SD 3234 3510
47
50  SD 4700 3497
30  WH 5269 1195
10  WH 5319 1176
48
50  SD 5057 3500
30  WH 5403 1197
10  WH 5668 1179
49
50  WH 4345 1220
30  WH 4565 1178
10  WH 4685 1241
50
50  WH 3827 1277
30  WH 4859 1206
10  WH 5274 1261
51
50  WH 4341 1240
30  WH 4961 1196
10  SD 5034 3481
52
50  SD 4000 3501
30  WH 4106 1280
10  WH 4311 1247
53
50  SD 15585 2067
30  WH 24955 1733
54
50  WH 11963 1734
30  SD 12488 2064
55
50  SD 21624 2065
30  WH 28845 1735
56
50  SD 19897 2066
30  WH 27833 1736
57
50  WH 23321 1737
58
50  WH 21021 1738
61
50  WH 15727 1739
SCORE:SD,WH,1790,3340,-155.0
