SH-BJCCS
1
50  SH 10278 2639
30  SH 11089 2607
10  SH 11656 2638
2
50  BJCCS 7311 1954
30  BJCCS 9619 1983
10  BJCCS 12100 1969
3
50  SH 8498 2619
30  SH 9564 2612
10  BJCCS 9831 1977
4
50  BJCCS 8868 1970
30  BJCCS 8910 1964
10  SH 9948 2647
5
50  BJCCS 7494 1958
30  SH 7836 2618
10  SH 8931 2640
6
50  BJCCS 7580 1985
30  BJCCS 8634 1960
7
50  BJCCS 7577 1975
30  BJCCS 8144 1986
10  SH 9090 2631
8
50  BJCCS 6444 1974
30  SH 6485 2605
10  BJCCS 6544 1984
9
50  BJCCS 2399 1956
30  BJCCS 3603 1978
10  BJCCS 4022 1963
10
50  SH 5726 2645
11
50  SH 2056 2629
30  BJCCS 2100 1973
10  SH 2378 2626
12
50  BJCCS 1892 1955
30  SH 2009 2642
10  BJCCS 2070 1981
13
50  SH 3852 2639
30  SH 4190 2603
10  SH 4442 2607
14
50  BJCCS 2934 1954
30  BJCCS 4497 1988
10  BJCCS 4521 1969
15
50  SH 3463 2619
30  SH 4058 2612
10  SH 4284 2608
16
50  BJCCS 3568 1964
30  BJCCS 3666 1970
10  SH 3946 2630
17
50  SH 6858 2618
30  BJCCS 7103 1958
10  BJCCS 7806 1972
18
50  BJCCS 6120 1966
30  BJCCS 7762 1960
10  BJCCS 7767 1980
19
50  BJCCS 6706 1975
30  BJCCS 7454 1986
10  SH 8136 2631
20
50  BJCCS 5725 1974
30  SH 5747 2605
10  SH 6437 2613
21
50  BJCCS 2962 1956
30  BJCCS 3903 1989
10  BJCCS 4994 1963
23
50  SH 2543 2629
30  BJCCS 2553 1973
10  BJCCS 3003 1957
24
50  BJCCS 2342 1955
30  BJCCS 2669 1981
10  SH 2892 2642
25
50  SH 2416 2639
30  SH 2471 2643
10  SH 2480 2607
26
50  BJCCS 2019 1983
30  BJCCS 2356 1988
10  BJCCS 2601 1969
27
50  SH 4434 2612
30  SH 4963 2608
10  BJCCS 5075 1977
28
50  BJCCS 4400 1970
30  SH 4732 2630
10  SH 5383 2625
29
50  BJCCS 3747 1958
30  SH 3769 2618
10  BJCCS 4150 1972
30
50  BJCCS 3247 1966
30  BJCCS 3419 1985
10  BJCCS 4946 1980
31
80  BJCCS 3610 1986
32
80  BJCCS 2989 1984
40  SH 3178 2605
0  BJCCS 3687 1962
33
80  BJCCS 2559 1973
40  SH 2598 2629
0  BJCCS 3103 1956
34
80  BJCCS 2165 1981
40  SH 2623 2642
35
50  SH 2202 2638
30  SH 2288 2607
10  SH 2381 2603
36
50  BJCCS 1770 1983
30  BJCCS 2356 1988
10  SH 3525 2614
37
50  SH 3979 2619
30  BJCCS 4916 1977
10  BJCCS 5334 1976
38
50  BJCCS 4031 1970
30  BJCCS 4178 1964
10  BJCCS 4825 1987
39
50  SH 3807 2640
30  SH 3932 2641
10  BJCCS 4225 1972
40
50  BJCCS 3145 1966
30  BJCCS 4636 1980
42
50  SH 2953 2605
30  BJCCS 3000 1974
10  SH 3161 2613
43
50  SH 2875 2629
30  BJCCS 4025 1957
10  BJCCS 4197 1956
44
50  SH 2983 2642
30  BJCCS 3022 1955
10  SH 3532 2644
45
50  SH 2408 2639
30  SH 2480 2603
10  SH 2784 2635
46
50  BJCCS 1744 1954
30  SH 2964 2617
10  BJCCS 3508 1953
47
50  SH 4632 2619
30  SH 5171 2612
10  BJCCS 5529 1977
48
50  BJCCS 4834 1964
30  BJCCS 5853 1987
10  SH 6956 2597
49
50  BJCCS 3875 1958
30  SH 4600 2640
10  SH 5657 2637
50
50  BJCCS 4163 1985
30  BJCCS 4372 1960
51
50  SH 4738 2631
52
50  SH 3350 2613
30  BJCCS 3897 1984
10  BJCCS 4203 1982
54
50  BJCCS 9233 1830
30  SH 11370 1919
55
50  SH 19413 1921
56
50  BJCCS 15437 1831
58
50  SH 19108 1923
59
50  SH 13886 1924
60
50  BJCCS 12532 1832
61
50  BJCCS 12031 1833
SCORE:SH,BJCCS,2040,2810,-77.0
