SH-CC
1
50  SH 10278 2639
30  CC 10921 2939
10  SH 11089 2607
2
50  CC 8850 2949
3
50  CC 8118 2938
30  CC 8262 2957
10  SH 8498 2619
4
50  CC 8034 2948
30  SH 9948 2647
10  SH 12226 2625
5
50  SH 7836 2618
30  CC 7882 2954
10  SH 8931 2640
6
50  CC 8156 2963
30  CC 8302 2944
7
50  SH 9090 2631
30  CC 9441 2943
8
50  SH 6485 2605
30  CC 6620 2964
10  SH 7027 2613
9
50  CC 3234 2960
30  SH 4522 2646
10
50  SH 5726 2645
11
50  SH 2056 2629
30  CC 2302 2951
10  SH 2378 2626
12
50  CC 1919 2950
30  SH 2009 2642
10  SH 2814 2644
13
50  SH 3852 2639
30  CC 4125 2959
10  SH 4190 2603
14
50  CC 4768 2941
30  CC 4781 2953
10  CC 4785 2936
15
50  CC 3222 2938
30  CC 3295 2957
10  CC 3450 2965
16
50  CC 3277 2948
30  SH 3946 2630
10  SH 4097 2636
17
50  SH 6858 2618
30  CC 7166 2937
10  CC 7925 2942
18
50  CC 6925 2944
19
50  SH 8136 2631
20
50  SH 5747 2605
30  CC 6203 2934
10  SH 6437 2613
21
50  CC 2950 2960
23
50  SH 2543 2629
30  CC 2725 2951
10  SH 3060 2626
24
50  CC 2439 2950
30  SH 2892 2642
10  SH 5471 2623
25
50  CC 2207 2939
30  CC 2372 2958
10  SH 2416 2639
26
50  CC 1737 2949
30  CC 2684 2953
10  SH 2762 2599
27
50  CC 4340 2965
30  SH 4434 2612
10  SH 4963 2608
28
50  SH 4732 2630
30  SH 5383 2625
10  SH 5544 2636
29
50  SH 3769 2618
30  CC 4219 2937
10  CC 4225 2952
30
50  CC 3806 2944
30  CC 3850 2963
31
80  CC 4707 2943
32
80  CC 3128 2964
40  SH 3178 2605
0  CC 3500 2934
33
80  SH 2598 2629
40  SH 3369 2626
0  SH 3657 2627
34
80  CC 2484 2950
40  SH 2623 2642
35
50  CC 2038 2939
30  SH 2202 2638
10  SH 2288 2607
36
50  CC 1658 2949
30  CC 2789 2941
10  SH 3525 2614
37
50  CC 3522 2938
30  CC 3640 2957
10  SH 3979 2619
38
50  CC 3847 2948
30  SH 5382 2636
10  SH 5677 2625
39
50  CC 3449 2954
30  SH 3807 2640
10  CC 3895 2942
40
50  CC 3527 2944
30  CC 4050 2963
41
50  CC 4125 2943
42
50  CC 2822 2964
30  SH 2953 2605
10  SH 3161 2613
43
50  SH 2875 2629
30  CC 3131 2951
44
50  CC 2945 2950
30  SH 2983 2642
10  SH 3532 2644
45
50  SH 2408 2639
30  CC 2420 2939
10  SH 2480 2603
46
50  CC 2719 2936
30  CC 2841 2941
10  CC 2912 2953
47
50  CC 4600 2965
30  SH 4632 2619
10  SH 5171 2612
48
50  CC 4097 2948
30  SH 6956 2597
10  SH 7558 2625
49
50  CC 3807 2954
30  CC 4456 2942
10  SH 4600 2640
50
50  CC 4108 2963
51
50  SH 4738 2631
30  CC 5260 2943
52
50  CC 3294 2964
30  SH 3350 2613
10  CC 4506 2947
54
50  SH 11370 1919
55
50  SH 19413 1921
56
50  CC 19707 1970
57
50  CC 15841 1971
58
50  SH 19108 1923
59
50  CC 13789 1972
30  SH 13886 1924
SCORE:SH,CC,1890,2760,-87.0
