SH-CH
1
50  CH 9387 3108
30  CH 9994 3070
10  SH 10278 2639
2
50  CH 13943 3123
30  CH 15191 3087
3
50  CH 8038 3083
30  SH 8498 2619
10  SH 9564 2612
4
50  SH 9948 2647
30  CH 10107 3111
10  CH 10791 3081
5
50  SH 7836 2618
30  CH 8338 3086
10  SH 8931 2640
6
50  CH 8290 3085
30  CH 9969 3095
7
50  SH 9090 2631
8
50  SH 6485 2605
30  SH 7027 2613
10  CH 9731 3107
9
50  CH 2656 3080
30  CH 3053 3062
10  CH 3434 3118
10
50  CH 2587 3076
30  CH 3566 3067
10  CH 3896 3117
11
50  SH 2056 2629
30  SH 2378 2626
10  CH 2405 3069
12
50  SH 2009 2642
30  CH 2153 3119
10  SH 2814 2644
13
50  CH 3818 3108
30  SH 3852 2639
10  CH 3875 3070
14
50  CH 5110 3074
30  SH 5275 2599
10  SH 5561 2617
15
50  CH 3274 3083
30  SH 3463 2619
10  SH 4058 2612
16
50  SH 3946 2630
30  CH 4012 3111
10  CH 4029 3081
17
50  SH 6858 2618
30  CH 7585 3086
10  SH 8035 2641
18
50  CH 7168 3085
30  CH 9206 3095
10  CH 9288 3071
19
50  SH 8136 2631
20
50  SH 5747 2605
30  SH 6437 2613
10  CH 8722 3107
21
50  CH 3358 3062
30  CH 3632 3080
10  CH 4530 3118
22
50  CH 4122 3076
30  CH 5985 3117
10  CH 6728 3109
23
50  SH 2543 2629
30  CH 2922 3120
10  SH 3060 2626
24
50  SH 2892 2642
30  CH 3088 3119
10  CH 3578 3110
25
50  CH 2178 3108
30  CH 2381 3121
10  SH 2416 2639
26
50  CH 2538 3087
30  SH 2762 2599
10  SH 3143 2614
27
50  CH 3922 3083
30  SH 4434 2612
10  SH 4963 2608
28
50  SH 4732 2630
30  CH 4947 3073
10  CH 4950 3111
29
50  CH 3618 3086
30  SH 3769 2618
10  SH 4517 2637
30
50  CH 5310 3071
30  CH 5478 3059
32
80  SH 3178 2605
40  CH 5087 3107
0  CH 5308 3102
33
80  SH 2598 2629
40  CH 3087 3069
0  SH 3369 2626
34
80  SH 2623 2642
40  CH 2778 3119
35
50  CH 1913 3066
30  CH 1999 3108
10  SH 2202 2638
36
50  SH 3525 2614
30  CH 3640 3123
10  CH 3850 3099
37
50  CH 3868 3083
30  SH 3979 2619
10  CH 4818 3088
38
50  SH 5382 2636
30  CH 5581 3111
10  SH 5677 2625
39
50  CH 3546 3086
30  SH 3807 2640
10  SH 3932 2641
40
50  CH 4072 3085
42
50  SH 2953 2605
30  SH 3161 2613
10  CH 4947 3107
43
50  SH 2875 2629
30  CH 3694 3120
10  CH 4434 3090
44
50  SH 2983 2642
30  SH 3532 2644
10  CH 4025 3119
45
50  SH 2408 2639
30  CH 2458 3070
10  SH 2480 2603
46
50  SH 2964 2617
47
50  SH 4632 2619
30  SH 5171 2612
10  CH 5384 3068
48
50  CH 6846 3060
30  SH 6956 2597
10  CH 7466 3073
49
50  SH 4600 2640
30  CH 5574 3114
10  SH 5657 2637
50
50  CH 5263 3095
30  CH 7240 3059
51
50  SH 4738 2631
52
50  SH 3350 2613
30  CH 4908 3102
53
50  CH 14214 1989
54
50  SH 11370 1919
30  CH 12912 1982
55
50  CH 17409 1984
30  SH 19413 1921
56
50  CH 25353 1985
57
50  CH 18681 1986
58
50  SH 19108 1923
30  CH 21965 1987
59
50  SH 13886 1924
60
50  CH 15906 1988
SCORE:SH,CH,2270,2560,-29.0
