SH-FO
1
50  SH 10278 2639
30  FO 10771 2035
10  SH 11089 2607
2
50  FO 10637 2042
30  FO 11528 2114
10  FO 12258 2088
3
50  FO 8237 2055
30  SH 8498 2619
10  SH 9564 2612
4
50  FO 8422 2127
30  FO 9837 2079
10  SH 9948 2647
5
50  SH 7836 2618
30  FO 8487 2036
10  SH 8931 2640
6
50  FO 8478 2053
30  FO 8720 2121
7
50  FO 7744 2061
30  SH 9090 2631
8
50  FO 6400 2077
30  SH 6485 2605
10  FO 6997 2094
9
50  FO 3181 2050
30  FO 4028 2064
10  SH 4522 2646
10
50  FO 2470 2128
30  FO 2776 2049
10  FO 3569 2106
11
50  SH 2056 2629
30  FO 2071 2043
10  FO 2090 2078
12
50  FO 1906 2065
30  SH 2009 2642
10  FO 2293 2107
13
50  SH 3852 2639
30  SH 4190 2603
10  SH 4442 2607
14
50  FO 4140 2042
30  FO 4351 2088
10  FO 4642 2068
15
50  SH 3463 2619
30  SH 4058 2612
10  SH 4284 2608
16
50  FO 3571 2066
30  FO 3901 2100
10  SH 3946 2630
17
50  SH 6858 2618
30  FO 7118 2036
10  FO 7692 2071
18
50  FO 7319 2121
30  FO 7333 2053
10  FO 7915 2047
19
50  FO 6721 2061
30  SH 8136 2631
10  FO 9947 2039
20
50  FO 5738 2077
30  SH 5747 2605
10  FO 5938 2094
21
50  FO 3857 2050
30  FO 4878 2143
10  FO 5563 2064
22
50  FO 2925 2128
30  FO 3814 2049
10  FO 5522 2106
23
50  SH 2543 2629
30  FO 2619 2139
10  FO 2720 2043
24
50  FO 2552 2065
30  SH 2892 2642
10  FO 2965 2090
25
50  FO 2372 2074
30  FO 2381 2035
10  SH 2416 2639
26
50  FO 2225 2048
30  FO 2312 2114
10  FO 2352 2042
27
50  FO 3759 2055
30  SH 4434 2612
10  FO 4467 2109
28
50  FO 4134 2127
30  SH 4732 2630
10  FO 4747 2066
29
50  SH 3769 2618
30  FO 4128 2067
10  FO 4135 2060
30
50  FO 4253 2121
30  FO 4432 2047
10  FO 4922 2131
31
80  FO 4765 2039
32
80  FO 3047 2077
40  SH 3178 2605
0  FO 3414 2076
33
80  FO 2181 2139
40  FO 2381 2078
0  SH 2598 2629
34
80  SH 2623 2642
40  FO 3806 2120
35
50  SH 2202 2638
30  FO 2208 2035
10  SH 2288 2607
36
50  FO 2122 2104
30  FO 2222 2048
10  FO 2563 2114
37
50  SH 3979 2619
30  FO 4659 2109
10  FO 4838 2051
38
50  FO 4043 2127
30  SH 5382 2636
10  FO 5475 2079
39
50  FO 3744 2036
30  SH 3807 2640
10  SH 3932 2641
40
50  FO 3906 2053
41
50  FO 3459 2061
30  FO 5570 2039
42
50  FO 2884 2094
30  SH 2953 2605
10  SH 3161 2613
43
50  FO 2740 2139
30  SH 2875 2629
10  FO 3895 2097
44
50  SH 2983 2642
30  SH 3532 2644
10  SH 4311 2621
45
50  SH 2408 2639
30  SH 2480 2603
10  SH 2784 2635
46
50  FO 2462 2104
30  FO 2484 2130
10  FO 2653 2048
47
50  FO 4008 2055
30  SH 4632 2619
10  SH 5171 2612
48
50  FO 4576 2066
30  FO 6287 2137
10  SH 6956 2597
49
50  FO 4431 2092
30  SH 4600 2640
10  FO 4695 2071
50
50  FO 4110 2053
30  FO 4971 2047
10  FO 5393 2131
51
50  FO 3932 2061
30  SH 4738 2631
52
50  SH 3350 2613
30  FO 3541 2077
10  FO 3725 2094
53
50  FO 14008 1854
54
50  FO 9738 1838
30  SH 11370 1919
55
50  SH 19413 1921
30  FO 19576 1843
56
50  FO 18719 1846
57
50  FO 15307 1849
58
50  FO 14984 1850
30  SH 19108 1923
59
50  SH 13886 1924
30  FO 15100 1853
SCORE:SH,FO,1690,3460,-177.0
