SH-FR
1
50  FR 9756 1771
30  SH 10278 2639
10  SH 11089 2607
2
50  FR 14198 1805
3
50  SH 8498 2619
30  FR 9077 1829
10  SH 9564 2612
4
50  FR 7209 1825
30  SH 9948 2647
10  FR 10057 1800
5
50  FR 7641 1767
30  SH 7836 2618
10  SH 8931 2640
6
50  FR 8712 1781
30  FR 9324 1756
10  FR 9844 1831
7
50  FR 8011 1828
30  SH 9090 2631
10  FR 9367 1769
8
50  SH 6485 2605
30  SH 7027 2613
10  FR 7819 1749
9
50  FR 4226 1823
30  SH 4522 2646
10  FR 5019 1798
10
50  SH 5726 2645
30  FR 6518 1775
11
50  FR 2003 1815
30  SH 2056 2629
10  FR 2238 1778
12
50  SH 2009 2642
30  FR 2057 1770
10  SH 2814 2644
13
50  SH 3852 2639
30  SH 4190 2603
10  FR 4397 1757
14
50  FR 5036 1794
30  FR 5071 1788
10  SH 5275 2599
15
50  SH 3463 2619
30  FR 3487 1785
10  FR 3761 1797
16
50  FR 2909 1825
30  FR 3730 1826
10  SH 3946 2630
17
50  SH 6858 2618
30  SH 8035 2641
10  FR 8153 1833
18
50  FR 7796 1831
30  FR 7883 1756
19
50  FR 6978 1828
30  SH 8136 2631
10  FR 8397 1769
20
50  SH 5747 2605
30  SH 6437 2613
10  FR 7289 1748
21
50  FR 4902 1798
30  FR 6624 1823
10  FR 7689 1755
22
50  FR 5597 1775
23
50  FR 2359 1815
30  SH 2543 2629
10  FR 2628 1778
24
50  FR 2369 1740
30  SH 2892 2642
10  FR 3435 1746
25
50  FR 2137 1771
30  SH 2416 2639
10  FR 2467 1799
26
50  FR 2488 1837
30  SH 2762 2599
10  SH 3143 2614
27
50  SH 4434 2612
30  FR 4456 1785
10  FR 4617 1797
28
50  FR 4469 1826
30  SH 4732 2630
10  FR 4849 1784
29
50  FR 3559 1767
30  SH 3769 2618
10  FR 4101 1833
30
50  FR 4107 1781
30  FR 4263 1831
31
80  FR 3485 1765
40  FR 4595 1835
0  FR 4778 1812
32
80  SH 3178 2605
40  FR 3537 1749
0  FR 3950 1748
33
80  FR 2371 1815
40  SH 2598 2629
0  FR 2673 1820
34
80  FR 2468 1740
40  FR 2562 1770
0  SH 2623 2642
35
50  FR 2038 1771
30  SH 2202 2638
10  SH 2288 2607
36
50  SH 3525 2614
37
50  SH 3979 2619
30  FR 4082 1785
10  FR 4656 1829
38
50  FR 3378 1825
30  FR 4474 1784
10  FR 5282 1800
39
50  FR 3359 1767
30  SH 3807 2640
10  SH 3932 2641
40
50  FR 3883 1781
30  FR 3989 1756
10  FR 4378 1831
41
50  FR 3181 1765
30  FR 3494 1828
10  FR 4517 1769
42
50  SH 2953 2605
30  SH 3161 2613
10  FR 3447 1749
43
50  SH 2875 2629
30  FR 3201 1778
10  FR 3810 1820
44
50  FR 2806 1770
30  SH 2983 2642
10  SH 3532 2644
45
50  SH 2408 2639
30  FR 2412 1771
10  SH 2480 2603
46
50  FR 2884 1794
30  SH 2964 2617
10  FR 2992 1805
47
50  FR 4369 1829
30  SH 4632 2619
10  SH 5171 2612
48
50  FR 3828 1825
30  FR 5026 1800
10  FR 5087 1826
49
50  FR 4196 1767
30  FR 4599 1833
10  SH 4600 2640
50
50  FR 4141 1781
30  FR 5093 1756
51
50  FR 3700 1765
30  FR 4614 1769
10  SH 4738 2631
52
50  SH 3350 2613
30  FR 4293 1748
53
50  FR 30704 1814
54
50  FR 11241 1805
30  SH 11370 1919
55
50  SH 19413 1921
30  FR 23538 1808
56
50  FR 25100 1809
57
50  FR 15370 1811
58
50  FR 15968 1812
30  SH 19108 1923
59
50  SH 13886 1924
61
50  FR 12000 1813
SCORE:SH,FR,1860,3260,-140.0
