SH-HP
1
50  HP 9165 260
30  SH 10278 2639
10  SH 11089 2607
2
50  HP 9344 328
30  HP 9725 237
10  HP 13221 247
3
50  HP 7550 269
30  SH 8498 2619
10  SH 9564 2612
4
50  HP 7934 236
30  SH 9948 2647
10  HP 11247 225
5
50  HP 7225 290
30  SH 7836 2618
10  HP 8263 234
6
50  HP 7203 256
30  HP 8175 244
10  HP 9195 275
7
50  HP 7603 220
30  SH 9090 2631
10  HP 10002 291
8
50  SH 6485 2605
30  SH 7027 2613
10  HP 7391 303
9
50  HP 3975 322
30  HP 3998 273
10  SH 4522 2646
10
50  HP 3084 255
30  HP 4346 251
10  SH 5726 2645
11
50  SH 2056 2629
30  HP 2162 338
10  SH 2378 2626
12
50  SH 2009 2642
30  HP 2334 331
10  HP 2456 300
13
50  HP 3703 211
30  SH 3852 2639
10  SH 4190 2603
14
50  HP 3725 237
30  HP 4106 283
10  HP 4278 282
15
50  HP 3207 330
30  SH 3463 2619
10  HP 3650 335
16
50  HP 3135 236
30  HP 3422 254
10  HP 3934 276
17
50  HP 6384 290
30  SH 6858 2618
10  HP 8007 235
18
50  HP 7653 241
30  HP 8009 304
10  HP 8040 275
19
50  SH 8136 2631
30  HP 8572 307
10  HP 8647 243
20
50  HP 5659 308
30  SH 5747 2605
10  HP 6313 312
21
50  HP 4947 322
30  HP 6941 239
22
50  HP 2850 227
30  HP 3722 255
10  HP 10047 333
23
50  SH 2543 2629
30  HP 2685 229
10  HP 2838 338
24
50  HP 2787 331
30  HP 2850 227
10  SH 2892 2642
25
50  HP 1963 260
30  HP 2303 233
10  HP 2308 323
26
50  HP 2563 246
30  SH 2762 2599
10  HP 2939 329
27
50  HP 3568 269
30  HP 3894 330
10  SH 4434 2612
28
50  HP 4231 254
30  SH 4732 2630
10  HP 5281 225
29
50  SH 3769 2618
30  HP 3984 235
10  SH 4517 2637
30
50  HP 3275 268
30  HP 4110 288
10  HP 4353 298
31
80  HP 3625 220
40  HP 4468 291
0  HP 4719 242
32
80  HP 2865 308
40  SH 3178 2605
0  HP 3557 289
33
80  SH 2598 2629
40  HP 2600 338
0  HP 2612 214
34
80  SH 2623 2642
40  HP 2722 227
0  HP 3031 331
35
50  HP 1863 260
30  HP 1960 211
10  SH 2202 2638
36
50  HP 1747 328
30  HP 2134 283
10  HP 2707 246
37
50  HP 3265 269
30  SH 3979 2619
10  HP 4228 332
38
50  HP 3428 236
30  SH 5382 2636
10  SH 5677 2625
39
50  HP 3072 290
30  HP 3618 234
10  SH 3807 2640
40
50  HP 3075 256
30  HP 3638 244
10  HP 3778 241
41
50  HP 4053 291
30  HP 4466 242
42
50  HP 2698 308
30  SH 2953 2605
10  HP 3059 303
43
50  SH 2875 2629
30  HP 2884 229
44
50  SH 2983 2642
30  HP 3416 227
10  SH 3532 2644
45
50  SH 2408 2639
30  HP 2439 211
10  SH 2480 2603
46
50  HP 2560 282
30  SH 2964 2617
10  HP 2988 271
47
50  HP 4525 330
30  SH 4632 2619
10  HP 4844 335
48
50  HP 5325 276
30  HP 5327 254
10  HP 6110 218
49
50  SH 4600 2640
30  HP 4641 234
10  HP 5259 326
50
50  HP 3669 268
30  HP 4369 288
10  HP 4769 337
51
50  HP 3997 220
30  SH 4738 2631
10  HP 4753 243
52
50  SH 3350 2613
30  HP 3687 312
10  HP 3715 289
53
50  HP 18604 1656
54
50  HP 10553 1642
30  SH 11370 1919
55
50  HP 18650 1644
30  SH 19413 1921
56
50  HP 15963 1646
57
50  HP 17031 1647
58
50  HP 17835 1649
30  SH 19108 1923
59
50  SH 13886 1924
30  HP 15187 1650
60
50  HP 12150 1651
61
50  HP 13259 1653
SCORE:SH,HP,1570,3770,-220.0
