SH-HH
1
50  SH 10278 2639
30  HH 10833 2255
10  HH 10937 2250
2
50  HH 11531 2218
30  HH 12748 2221
10  HH 14319 2273
3
50  HH 8407 2211
30  SH 8498 2619
10  SH 9564 2612
4
50  SH 9948 2647
30  HH 11712 2279
10  HH 11944 2266
5
50  HH 7706 2236
30  HH 7812 2240
10  SH 7836 2618
6
50  HH 8663 2233
30  HH 9413 2227
10  HH 10125 2269
7
50  HH 7733 2237
30  HH 8933 2246
10  HH 9082 2206
8
50  SH 6485 2605
30  SH 7027 2613
10  HH 7209 2235
9
50  HH 4109 2220
30  SH 4522 2646
10  HH 5221 2214
10
50  HH 3377 2222
30  HH 3744 2225
10  SH 5726 2645
11
50  SH 2056 2629
30  HH 2287 2212
10  SH 2378 2626
12
50  SH 2009 2642
30  HH 2565 2260
10  HH 2600 2219
13
50  SH 3852 2639
30  SH 4190 2603
10  HH 4202 2249
14
50  HH 4512 2221
30  HH 4875 2284
10  SH 5275 2599
15
50  HH 3227 2211
30  SH 3463 2619
10  HH 3926 2286
16
50  SH 3946 2630
30  HH 3967 2266
10  SH 4097 2636
17
50  SH 6858 2618
30  HH 6947 2240
10  HH 7712 2223
18
50  HH 8103 2227
30  HH 9845 2204
10  HH 9954 2271
19
50  HH 6752 2237
30  HH 7974 2206
10  SH 8136 2631
20
50  SH 5747 2605
30  SH 6437 2613
10  HH 6551 2234
21
50  HH 5075 2214
30  HH 5333 2220
22
50  HH 5363 2225
30  HH 5694 2222
10  HH 7483 2290
23
50  SH 2543 2629
30  HH 3027 2289
10  SH 3060 2626
24
50  SH 2892 2642
30  HH 4215 2274
10  HH 4388 2283
25
50  HH 2290 2255
30  HH 2331 2249
10  SH 2416 2639
26
50  SH 2762 2599
30  HH 2983 2259
10  HH 3021 2229
27
50  SH 4434 2612
30  SH 4963 2608
10  HH 5237 2209
28
50  SH 4732 2630
30  HH 4889 2248
10  HH 5064 2266
29
50  HH 3628 2236
30  SH 3769 2618
10  HH 3878 2223
30
50  HH 4996 2269
30  HH 5063 2227
10  HH 6102 2271
31
80  HH 3649 2237
40  HH 4100 2246
0  HH 4405 2217
32
80  SH 3178 2605
40  HH 3688 2235
0  HH 4219 2270
33
80  SH 2598 2629
40  HH 3238 2212
0  SH 3369 2626
34
80  SH 2623 2642
40  HH 4222 2260
0  HH 5513 2239
35
50  HH 1913 2263
30  HH 2028 2249
10  SH 2202 2638
36
50  HH 2421 2218
30  HH 2652 2221
10  HH 2864 2273
37
50  HH 3806 2211
30  SH 3979 2619
10  HH 4734 2285
38
50  SH 5382 2636
30  HH 5450 2268
10  HH 5463 2248
39
50  HH 3508 2240
30  HH 3614 2224
10  HH 3709 2223
40
50  HH 4760 2269
30  HH 5189 2204
10  HH 5371 2271
41
50  HH 3301 2237
30  HH 3977 2246
10  HH 4113 2206
42
50  SH 2953 2605
30  SH 3161 2613
10  HH 3522 2234
43
50  SH 2875 2629
30  HH 4070 2198
10  HH 4343 2291
44
50  SH 2983 2642
30  SH 3532 2644
10  SH 4311 2621
45
50  HH 2358 2250
30  SH 2408 2639
10  HH 2470 2263
46
50  HH 2822 2218
30  SH 2964 2617
10  HH 3170 2273
47
50  SH 4632 2619
30  HH 4890 2285
10  SH 5171 2612
48
50  SH 6956 2597
30  SH 7558 2625
10  SH 7616 2610
49
50  HH 3832 2236
30  SH 4600 2640
10  HH 4790 2278
50
50  HH 5039 2271
30  HH 6403 2201
51
50  HH 4534 2246
30  SH 4738 2631
10  HH 6394 2199
52
50  SH 3350 2613
30  HH 3701 2234
10  HH 3822 2235
53
50  HH 18253 1874
54
50  HH 11083 1862
30  SH 11370 1919
55
50  HH 17450 1864
30  SH 19413 1921
56
50  HH 20332 1866
57
50  HH 15031 1868
58
50  HH 18633 1869
30  SH 19108 1923
59
50  HH 13502 1870
30  SH 13886 1924
61
50  HH 12364 1873
SCORE:SH,HH,2020,3280,-126.0
