SH-RW
1
50  RW 10009 718
30  SH 10278 2639
10  SH 11089 2607
2
50  RW 8968 753
30  RW 9600 762
3
50  SH 8498 2619
30  RW 8982 725
10  SH 9564 2612
4
50  SH 9948 2647
30  RW 10600 736
10  SH 12226 2625
5
50  SH 7836 2618
30  RW 7908 773
10  RW 8319 735
6
50  RW 7729 752
7
50  RW 7459 772
30  SH 9090 2631
8
50  SH 6485 2605
30  RW 6948 733
10  SH 7027 2613
9
50  RW 2557 688
30  RW 4166 684
10  RW 4424 744
10
50  RW 3534 751
30  RW 4054 720
10  RW 4172 695
11
50  RW 1975 771
30  SH 2056 2629
10  SH 2378 2626
12
50  RW 1829 726
30  SH 2009 2642
10  RW 2055 696
13
50  RW 3735 718
30  SH 3852 2639
10  RW 3906 701
14
50  RW 3905 762
30  RW 4925 746
10  SH 5275 2599
15
50  SH 3463 2619
30  RW 3539 727
10  RW 3832 725
16
50  RW 3402 724
30  RW 3930 736
10  SH 3946 2630
17
50  SH 6858 2618
30  RW 7229 735
10  SH 8035 2641
18
50  RW 6623 752
30  RW 9885 691
19
50  RW 6387 772
30  SH 8136 2631
20
50  RW 5551 716
30  SH 5747 2605
10  RW 5951 763
21
50  RW 3450 688
30  RW 4716 684
10  RW 6230 744
22
50  RW 4079 695
30  RW 4291 751
10  RW 6353 717
23
50  SH 2543 2629
30  SH 3060 2626
10  SH 3219 2604
24
50  RW 2427 726
30  RW 2718 737
10  RW 2770 747
25
50  RW 1989 701
30  RW 2244 715
10  SH 2416 2639
26
50  RW 1908 753
30  RW 2256 749
10  RW 2521 730
27
50  SH 4434 2612
30  RW 4563 743
10  RW 4912 729
28
50  RW 4728 724
30  SH 4732 2630
10  RW 4906 766
29
50  RW 3721 735
30  SH 3769 2618
10  RW 4257 754
30
50  RW 5444 691
30  RW 6076 769
31
80  RW 3927 722
32
80  RW 3041 716
40  SH 3178 2605
0  RW 3259 742
33
80  RW 2497 771
40  SH 2598 2629
0  RW 2947 740
34
80  RW 2609 696
40  SH 2623 2642
0  RW 2669 747
35
50  RW 1973 718
30  SH 2202 2638
10  SH 2288 2607
36
50  RW 1899 762
30  RW 2556 730
10  RW 2951 746
37
50  SH 3979 2619
30  RW 4372 686
10  RW 4780 689
38
50  RW 4420 736
30  RW 4496 766
10  SH 5382 2636
39
50  RW 3435 773
30  SH 3807 2640
10  SH 3932 2641
40
50  RW 5377 769
41
50  RW 3266 772
30  RW 4106 722
42
50  RW 2739 716
30  RW 2939 733
10  SH 2953 2605
43
50  RW 2462 771
30  SH 2875 2629
44
50  RW 2621 726
30  SH 2983 2642
10  RW 3435 748
45
50  RW 2351 701
30  SH 2408 2639
10  SH 2480 2603
46
50  RW 2123 753
30  RW 2953 749
10  SH 2964 2617
47
50  RW 4334 725
30  SH 4632 2619
10  RW 4809 727
48
50  RW 5496 766
30  SH 6956 2597
10  SH 7558 2625
49
50  RW 3988 773
30  SH 4600 2640
10  RW 4944 754
50
50  RW 4049 752
30  RW 5058 691
10  RW 6481 769
51
50  RW 4707 722
30  SH 4738 2631
52
50  SH 3350 2613
30  RW 3837 763
10  RW 4031 710
53
50  RW 17717 1691
54
50  RW 10673 1686
30  SH 11370 1919
55
50  RW 18245 1687
30  SH 19413 1921
56
50  RW 19983 1688
57
50  RW 15355 1689
58
50  SH 19108 1923
59
50  SH 13886 1924
SCORE:SH,RW,1520,3490,-197.0
