SH-SA
1
50  SH 10278 2639
30  SH 11089 2607
10  SH 11656 2638
3
50  SH 8498 2619
30  SH 9564 2612
10  SH 10747 2608
4
50  SH 9948 2647
30  SH 12226 2625
10  SH 13792 2598
5
50  SH 7836 2618
30  SH 8931 2640
10  SH 8961 2641
7
50  SH 9090 2631
8
50  SH 6485 2605
30  SH 7027 2613
9
50  SH 4522 2646
10
50  SH 5726 2645
11
50  SH 2056 2629
30  SH 2378 2626
10  SH 2460 2627
12
50  SH 2009 2642
30  SH 2814 2644
10  SH 2961 2621
13
50  SH 3852 2639
30  SH 4190 2603
10  SH 4442 2607
14
50  SH 5275 2599
30  SH 5561 2617
15
50  SH 3463 2619
30  SH 4058 2612
10  SH 4284 2608
16
50  SH 3946 2630
30  SH 4097 2636
10  SH 4259 2647
17
50  SH 6858 2618
30  SH 8035 2641
10  SH 8570 2637
19
50  SH 8136 2631
20
50  SH 5747 2605
30  SH 6437 2613
23
50  SH 2543 2629
30  SH 3060 2626
10  SH 3219 2604
24
50  SH 2892 2642
30  SH 5471 2623
25
50  SH 2416 2639
30  SH 2471 2643
10  SH 2480 2607
26
50  SH 2762 2599
30  SH 3143 2614
10  SH 3507 2617
27
50  SH 4434 2612
30  SH 4963 2608
28
50  SH 4732 2630
30  SH 5383 2625
10  SH 5544 2636
29
50  SH 3769 2618
30  SH 4517 2637
32
80  SH 3178 2605
33
80  SH 2598 2629
40  SH 3369 2626
0  SH 3657 2627
34
80  SH 2623 2642
35
50  SH 2202 2638
30  SH 2288 2607
10  SH 2381 2603
36
50  SH 3525 2614
37
50  SH 3979 2619
30  SH 5428 2608
38
50  SH 5382 2636
30  SH 5677 2625
10  SH 6324 2630
39
50  SH 3807 2640
30  SH 3932 2641
42
50  SH 2953 2605
30  SH 3161 2613
43
50  SH 2875 2629
44
50  SH 2983 2642
30  SH 3532 2644
10  SH 4311 2621
45
50  SH 2408 2639
30  SH 2480 2603
10  SH 2784 2635
46
50  SH 2964 2617
47
50  SH 4632 2619
30  SH 5171 2612
48
50  SH 6956 2597
30  SH 7558 2625
10  SH 7616 2610
49
50  SH 4600 2640
30  SH 5657 2637
51
50  SH 4738 2631
52
50  SH 3350 2613
54
50  SH 11370 1919
55
50  SH 19413 1921
58
50  SH 19108 1923
59
50  SH 13886 1924
SCORE:SH,SA,3520,0,352.0
