SH-SCSC
1
50  SCSC 9422 83
30  SCSC 9644 126
10  SH 10278 2639
2
50  SCSC 10856 129
30  SCSC 11107 196
10  SCSC 13452 134
3
50  SCSC 8177 125
30  SCSC 8218 208
10  SH 8498 2619
4
50  SCSC 8071 200
30  SCSC 9385 128
10  SH 9948 2647
5
50  SCSC 7622 107
30  SH 7836 2618
10  SH 8931 2640
6
50  SCSC 6832 178
30  SCSC 7156 151
10  SCSC 7837 192
7
50  SCSC 8853 117
30  SH 9090 2631
10  SCSC 9719 135
8
50  SH 6485 2605
30  SCSC 6738 176
10  SH 7027 2613
9
50  SCSC 3301 182
30  SCSC 3619 94
10  SCSC 3926 97
10
50  SCSC 2637 185
30  SCSC 4081 123
10  SCSC 5639 173
11
50  SH 2056 2629
30  SCSC 2091 172
10  SCSC 2114 191
12
50  SCSC 1919 154
30  SH 2009 2642
10  SCSC 2425 195
13
50  SCSC 3635 126
30  SCSC 3641 83
10  SH 3852 2639
14
50  SCSC 3983 80
30  SCSC 4257 168
10  SCSC 4639 88
15
50  SCSC 2862 159
30  SCSC 3194 208
10  SH 3463 2619
16
50  SCSC 3125 200
30  SCSC 3216 82
10  SCSC 3457 128
17
50  SCSC 6237 199
30  SH 6858 2618
10  SCSC 7682 177
18
50  SCSC 6556 133
30  SCSC 6657 192
10  SCSC 7412 127
19
50  SCSC 6151 108
30  SH 8136 2631
10  SCSC 8854 135
20
50  SCSC 5587 156
30  SH 5747 2605
10  SH 6437 2613
21
50  SCSC 4619 182
30  SCSC 5152 183
10  SCSC 5334 94
22
50  SCSC 4701 173
30  SCSC 5191 123
10  SCSC 5756 167
23
50  SH 2543 2629
30  SCSC 2875 191
10  SH 3060 2626
24
50  SCSC 2425 154
30  SH 2892 2642
10  SCSC 3058 147
25
50  SCSC 2089 126
30  SCSC 2406 171
10  SH 2416 2639
26
50  SCSC 2220 196
30  SCSC 2271 168
10  SCSC 2376 129
27
50  SCSC 3313 159
30  SCSC 3831 208
10  SH 4434 2612
28
50  SCSC 3633 200
30  SCSC 4544 144
10  SCSC 4628 128
29
50  SH 3769 2618
30  SCSC 4034 114
10  SCSC 4203 198
30
50  SCSC 3432 120
30  SCSC 3545 178
10  SCSC 4538 106
31
80  SCSC 3306 108
40  SCSC 4070 121
32
80  SH 3178 2605
40  SCSC 3432 176
0  SCSC 3878 142
33
80  SCSC 2565 105
40  SH 2598 2629
0  SCSC 3100 191
34
80  SH 2623 2642
40  SCSC 3219 147
0  SCSC 3240 160
35
50  SCSC 1728 83
30  SCSC 1995 146
10  SH 2202 2638
36
50  SCSC 2366 164
30  SCSC 2500 134
10  SCSC 2691 91
37
50  SCSC 3894 166
30  SH 3979 2619
10  SCSC 4683 118
38
50  SCSC 4764 144
30  SCSC 4775 109
10  SCSC 5003 202
39
50  SCSC 3078 199
30  SH 3807 2640
10  SH 3932 2641
40
50  SCSC 3012 151
30  SCSC 3447 192
10  SCSC 3459 120
41
50  SCSC 4072 117
42
50  SCSC 2747 156
30  SCSC 2783 201
10  SH 2953 2605
43
50  SH 2875 2629
30  SCSC 3153 172
10  SCSC 3250 95
44
50  SCSC 2935 160
30  SH 2983 2642
10  SH 3532 2644
45
50  SH 2408 2639
30  SH 2480 2603
10  SCSC 2507 184
46
50  SCSC 2757 88
30  SCSC 2904 136
10  SH 2964 2617
47
50  SCSC 4256 125
30  SH 4632 2619
10  SH 5171 2612
48
50  SCSC 4256 82
30  SCSC 4665 169
10  SCSC 5169 109
49
50  SCSC 3997 107
30  SCSC 4313 165
10  SH 4600 2640
50
50  SCSC 3432 178
30  SCSC 3800 133
10  SCSC 3982 151
51
50  SCSC 4337 117
30  SH 4738 2631
10  SCSC 5038 121
52
50  SCSC 3234 156
30  SCSC 3339 201
10  SH 3350 2613
53
50  SCSC 16759 1641
54
50  SCSC 9056 1633
30  SH 11370 1919
55
50  SH 19413 1921
30  SCSC 19565 1634
56
50  SCSC 18470 1635
57
50  SCSC 13178 1636
58
50  SCSC 14856 1637
30  SH 19108 1923
59
50  SCSC 13296 1638
30  SH 13886 1924
60
50  SCSC 12758 1639
61
50  SCSC 11516 1640
SCORE:SH,SCSC,1220,4110,-289.0
