SH-TVT
1
50  SH 10278 2639
30  SH 11089 2607
10  TVT 11250 1868
2
50  TVT 9773 1951
30  TVT 10577 1856
10  TVT 11309 1879
3
50  TVT 7662 1866
30  SH 8498 2619
10  TVT 8557 1845
4
50  TVT 9433 1917
30  SH 9948 2647
10  TVT 11734 1880
5
50  TVT 7571 1867
30  SH 7836 2618
10  SH 8931 2640
6
50  TVT 7397 1888
30  TVT 7590 1911
10  TVT 13171 1905
7
50  SH 9090 2631
30  TVT 9332 1900
10  TVT 9869 1844
8
50  TVT 6297 1874
30  SH 6485 2605
10  SH 7027 2613
9
50  SH 4522 2646
30  TVT 4928 1875
10  TVT 5723 1865
10
50  TVT 3245 1950
30  TVT 3347 1908
10  TVT 5460 1948
11
50  SH 2056 2629
30  TVT 2259 1952
10  TVT 2350 1890
12
50  SH 2009 2642
30  TVT 2033 1946
10  TVT 2513 1903
13
50  SH 3852 2639
30  TVT 4097 1868
10  SH 4190 2603
14
50  TVT 3875 1951
30  TVT 4012 1879
10  TVT 4844 1901
15
50  TVT 3063 1866
30  TVT 3357 1845
10  SH 3463 2619
16
50  SH 3946 2630
30  SH 4097 2636
10  TVT 4169 1880
17
50  SH 6858 2618
30  TVT 6991 1867
10  TVT 7376 1910
18
50  TVT 6400 1911
30  TVT 6771 1888
10  TVT 11457 1905
19
50  SH 8136 2631
30  TVT 8321 1900
20
50  TVT 5377 1899
30  SH 5747 2605
10  TVT 5753 1874
21
50  TVT 4982 1875
30  TVT 6514 1865
10  TVT 6537 1870
22
50  TVT 3774 1908
30  TVT 4170 1950
10  TVT 5940 1839
23
50  SH 2543 2629
30  TVT 2634 1892
10  TVT 2684 1952
24
50  TVT 2567 1946
30  SH 2892 2642
10  TVT 3113 1935
25
50  SH 2416 2639
30  SH 2471 2643
10  SH 2480 2607
26
50  TVT 2397 1898
30  TVT 2513 1907
10  SH 2762 2599
27
50  TVT 4013 1845
30  SH 4434 2612
10  TVT 4915 1859
28
50  SH 4732 2630
30  TVT 5289 1880
10  SH 5383 2625
29
50  SH 3769 2618
30  TVT 3845 1910
10  SH 4517 2637
30
50  TVT 3535 1888
30  TVT 3733 1911
10  TVT 6939 1905
31
80  TVT 4059 1900
32
80  TVT 2849 1899
40  SH 3178 2605
0  TVT 3656 1860
33
80  SH 2598 2629
40  TVT 2840 1952
0  SH 3369 2626
34
80  SH 2623 2642
40  TVT 2670 1946
0  TVT 3389 1896
35
50  TVT 2166 1868
30  SH 2202 2638
10  SH 2288 2607
36
50  TVT 2050 1856
30  TVT 2078 1951
10  TVT 2336 1898
37
50  TVT 3427 1866
30  SH 3979 2619
10  TVT 4109 1913
38
50  TVT 4381 1917
30  SH 5382 2636
10  SH 5677 2625
39
50  TVT 3496 1867
30  SH 3807 2640
10  SH 3932 2641
40
50  TVT 3217 1888
42
50  TVT 2764 1899
30  TVT 2776 1874
10  SH 2953 2605
43
50  SH 2875 2629
30  TVT 3133 1952
10  TVT 3244 1892
44
50  TVT 2528 1946
30  SH 2983 2642
10  TVT 3303 1896
45
50  SH 2408 2639
30  SH 2480 2603
10  SH 2784 2635
46
50  TVT 2600 1856
30  TVT 2637 1907
10  TVT 2667 1879
47
50  TVT 4616 1913
30  SH 4632 2619
10  TVT 4678 1916
48
50  TVT 5013 1917
30  TVT 5643 1886
10  SH 6956 2597
49
50  TVT 4377 1910
30  SH 4600 2640
10  SH 5657 2637
50
50  TVT 3877 1911
51
50  SH 4738 2631
30  TVT 4934 1885
52
50  TVT 3306 1874
30  SH 3350 2613
10  TVT 3969 1860
53
50  TVT 16803 1828
54
50  SH 11370 1919
30  TVT 12231 1815
55
50  SH 19413 1921
30  TVT 19785 1818
56
50  TVT 17443 1820
57
50  TVT 14320 1822
58
50  TVT 17419 1825
30  SH 19108 1923
59
50  SH 13886 1924
30  TVT 15096 1826
61
50  TVT 13181 1827
SCORE:SH,TVT,1900,3190,-129.0
