SH-WST
1
50  WST 9560 1393
30  WST 10214 1445
10  SH 10278 2639
2
50  WST 10409 1384
30  WST 15063 1458
3
50  SH 8498 2619
30  WST 9201 1410
10  SH 9564 2612
4
50  WST 8631 1444
30  SH 9948 2647
10  SH 12226 2625
5
50  WST 7806 1401
30  SH 7836 2618
10  WST 8877 1387
6
50  WST 9363 1376
30  WST 9634 1370
10  WST 10053 1460
7
50  WST 9084 1399
30  SH 9090 2631
8
50  SH 6485 2605
30  WST 6800 1380
10  SH 7027 2613
9
50  SH 4522 2646
30  WST 5891 1427
10
50  WST 3581 1423
30  WST 3746 1405
10  WST 3935 1442
11
50  WST 1954 1411
30  SH 2056 2629
10  WST 2237 1389
12
50  WST 1846 1421
30  SH 2009 2642
10  WST 2390 1388
13
50  SH 3852 2639
30  WST 4119 1445
10  WST 4175 1366
14
50  WST 3938 1384
30  WST 4257 1392
10  WST 4503 1417
15
50  SH 3463 2619
30  WST 3622 1448
10  WST 3751 1410
16
50  WST 3387 1444
30  SH 3946 2630
10  SH 4097 2636
17
50  SH 6858 2618
30  WST 7747 1425
10  WST 7844 1456
18
50  WST 7996 1370
30  WST 8036 1460
10  WST 8139 1376
19
50  WST 7150 1461
30  WST 7878 1399
10  SH 8136 2631
20
50  SH 5747 2605
30  WST 5963 1380
10  SH 6437 2613
22
50  WST 3468 1423
30  WST 4919 1405
10  WST 7531 1442
23
50  SH 2543 2629
30  WST 2557 1389
10  WST 2771 1404
24
50  WST 2217 1421
30  SH 2892 2642
10  WST 3152 1415
25
50  WST 2062 1393
30  WST 2282 1366
10  WST 2344 1379
26
50  WST 2282 1392
30  SH 2762 2599
10  WST 2797 1417
27
50  WST 4415 1391
30  SH 4434 2612
10  WST 4528 1410
28
50  SH 4732 2630
30  SH 5383 2625
10  SH 5544 2636
29
50  WST 3400 1401
30  SH 3769 2618
10  WST 3975 1387
30
50  WST 4352 1376
30  WST 4367 1369
31
80  WST 3713 1461
40  WST 4152 1399
0  WST 5088 1454
32
80  SH 3178 2605
40  WST 4072 1463
33
80  WST 2529 1411
40  WST 2560 1389
0  SH 2598 2629
34
80  WST 2022 1421
40  SH 2623 2642
0  WST 4708 1372
35
50  WST 1716 1393
30  WST 2115 1396
10  SH 2202 2638
36
50  WST 2963 1378
30  WST 3169 1458
10  WST 3212 1417
37
50  SH 3979 2619
30  WST 4690 1448
10  WST 4878 1375
38
50  WST 4603 1444
30  SH 5382 2636
10  SH 5677 2625
39
50  WST 3694 1387
30  SH 3807 2640
10  SH 3932 2641
40
50  WST 4535 1370
30  WST 4549 1369
41
50  WST 3744 1461
30  WST 4652 1454
42
50  WST 2927 1380
30  SH 2953 2605
10  SH 3161 2613
43
50  WST 2528 1411
30  SH 2875 2629
10  WST 3299 1455
44
50  SH 2983 2642
30  WST 3463 1421
10  SH 3532 2644
45
50  WST 2255 1445
30  WST 2335 1396
10  SH 2408 2639
46
50  WST 2591 1392
30  WST 2789 1458
10  SH 2964 2617
47
50  SH 4632 2619
30  WST 4922 1409
10  WST 5107 1402
48
50  WST 4406 1444
30  SH 6956 2597
10  WST 7495 1453
49
50  WST 4372 1456
30  WST 4502 1401
10  SH 4600 2640
50
50  WST 5246 1460
30  WST 5342 1369
51
50  WST 4490 1399
30  SH 4738 2631
52
50  SH 3350 2613
30  WST 4178 1463
53
50  WST 18453 1763
54
50  WST 8588 1752
30  SH 11370 1919
55
50  WST 16994 1755
30  SH 19413 1921
57
50  WST 15310 1758
58
50  SH 19108 1923
59
50  SH 13886 1924
30  WST 13947 1760
60
50  WST 14387 1761
61
50  WST 15394 1762
SCORE:SH,WST,1600,3510,-191.0
