SH-WCSC
1
50  WCSC 8690 844
30  WCSC 9353 884
10  SH 10278 2639
2
50  WCSC 10839 784
3
50  WCSC 7943 800
30  SH 8498 2619
10  WCSC 8633 883
4
50  WCSC 8409 810
30  WCSC 9688 775
10  SH 9948 2647
5
50  WCSC 7784 895
30  SH 7836 2618
10  SH 8931 2640
6
50  WCSC 7896 776
30  WCSC 8833 821
7
50  WCSC 8963 860
30  SH 9090 2631
10  WCSC 9778 900
8
50  SH 6485 2605
30  SH 7027 2613
10  WCSC 7650 843
9
50  WCSC 3175 869
30  WCSC 3328 872
10  SH 4522 2646
10
50  WCSC 3536 830
30  WCSC 3673 786
10  WCSC 5096 822
11
50  WCSC 1889 855
30  SH 2056 2629
10  WCSC 2129 826
12
50  WCSC 1740 870
30  WCSC 1904 877
10  SH 2009 2642
13
50  WCSC 3738 871
30  WCSC 3787 884
10  SH 3852 2639
14
50  WCSC 4129 831
30  WCSC 4481 868
10  WCSC 4502 823
15
50  WCSC 3219 896
30  WCSC 3312 840
10  SH 3463 2619
16
50  WCSC 3434 775
30  WCSC 3517 863
10  WCSC 3730 847
17
50  SH 6858 2618
30  WCSC 7082 859
10  WCSC 7348 845
18
50  WCSC 6674 798
30  WCSC 6843 776
10  WCSC 7480 821
19
50  WCSC 7938 860
30  WCSC 7996 881
10  WCSC 8133 835
20
50  SH 5747 2605
30  WCSC 6297 843
10  SH 6437 2613
21
50  WCSC 3090 869
30  WCSC 4438 872
10  WCSC 8236 893
22
50  WCSC 4634 830
30  WCSC 5263 777
10  WCSC 5283 822
23
50  WCSC 2098 817
30  SH 2543 2629
10  WCSC 2637 898
24
50  WCSC 1929 801
30  WCSC 2358 877
10  WCSC 2809 857
25
50  WCSC 2043 816
30  WCSC 2299 839
10  WCSC 2317 805
26
50  WCSC 2111 784
30  WCSC 2634 868
10  WCSC 2657 829
27
50  WCSC 3813 800
30  SH 4434 2612
10  SH 4963 2608
28
50  WCSC 4178 810
30  SH 4732 2630
10  SH 5383 2625
29
50  WCSC 3500 895
30  SH 3769 2618
10  SH 4517 2637
30
50  WCSC 3909 821
30  WCSC 4312 791
10  WCSC 4536 880
31
80  WCSC 3840 803
40  WCSC 4301 835
0  WCSC 4500 897
32
80  SH 3178 2605
40  WCSC 3606 864
0  WCSC 4593 827
33
80  WCSC 2225 826
40  WCSC 2500 817
0  SH 2598 2629
34
80  WCSC 2223 877
40  SH 2623 2642
0  WCSC 2855 857
35
50  WCSC 1938 871
30  SH 2202 2638
10  SH 2288 2607
36
50  WCSC 2122 876
30  WCSC 3057 823
10  SH 3525 2614
37
50  SH 3979 2619
30  WCSC 3982 840
10  SH 5428 2608
38
50  WCSC 4317 863
30  WCSC 4653 775
10  SH 5382 2636
39
50  WCSC 3434 859
30  SH 3807 2640
10  SH 3932 2641
40
50  WCSC 3463 798
30  WCSC 4046 880
41
50  WCSC 3803 803
30  WCSC 3928 900
10  WCSC 4422 807
42
50  SH 2953 2605
30  WCSC 3134 787
10  SH 3161 2613
43
50  WCSC 2682 855
30  SH 2875 2629
10  WCSC 3027 826
44
50  WCSC 2112 801
30  WCSC 2583 870
10  SH 2983 2642
45
50  WCSC 2151 844
30  SH 2408 2639
10  SH 2480 2603
46
50  WCSC 2403 831
30  SH 2964 2617
47
50  WCSC 4162 896
30  SH 4632 2619
10  SH 5171 2612
48
50  WCSC 4555 810
30  SH 6956 2597
10  SH 7558 2625
49
50  SH 4600 2640
30  WCSC 4656 845
10  SH 5657 2637
50
50  WCSC 4113 776
30  WCSC 4549 798
51
50  WCSC 4467 860
30  SH 4738 2631
10  WCSC 5658 835
52
50  SH 3350 2613
30  WCSC 3963 864
53
50  WCSC 16033 1707
54
50  WCSC 7650 1692
30  SH 11370 1919
55
50  WCSC 16081 1695
30  SH 19413 1921
56
50  WCSC 17798 1697
57
50  WCSC 13322 1699
58
50  WCSC 18199 1702
30  SH 19108 1923
59
50  WCSC 13190 1703
30  SH 13886 1924
60
50  WCSC 15089 1704
61
50  WCSC 12596 1705
SCORE:SH,WCSC,1320,3960,-264.0
