SH-WAW
1
50  WAW 9200 1022
30  SH 10278 2639
10  SH 11089 2607
2
50  WAW 8528 1033
30  WAW 10693 964
10  WAW 12492 926
3
50  SH 8498 2619
30  WAW 9045 931
10  SH 9564 2612
4
50  WAW 7781 940
30  SH 9948 2647
10  SH 12226 2625
5
50  WAW 7833 908
30  SH 7836 2618
10  WAW 8719 1004
6
50  WAW 6684 904
30  WAW 7572 1032
7
50  WAW 7606 975
30  SH 9090 2631
10  WAW 10288 957
8
50  WAW 6267 1012
30  SH 6485 2605
10  SH 7027 2613
9
50  WAW 2516 959
30  WAW 4256 933
10  WAW 4412 913
10
50  WAW 2569 916
30  WAW 3534 947
10  WAW 4040 932
11
50  WAW 1876 1021
30  SH 2056 2629
10  SH 2378 2626
12
50  SH 2009 2642
30  WAW 2056 961
10  WAW 2233 956
13
50  WAW 3626 939
30  SH 3852 2639
10  SH 4190 2603
14
50  WAW 3897 964
30  WAW 4081 996
10  WAW 4251 912
15
50  WAW 3166 938
30  SH 3463 2619
10  WAW 4014 950
16
50  SH 3946 2630
30  SH 4097 2636
10  SH 4259 2647
17
50  SH 6858 2618
30  WAW 7038 929
10  WAW 7763 909
18
50  WAW 6524 1030
30  WAW 7990 943
10  WAW 8181 951
19
50  WAW 7012 975
30  SH 8136 2631
10  WAW 8919 957
20
50  SH 5747 2605
30  SH 6437 2613
10  WAW 6546 1026
21
50  WAW 3312 959
30  WAW 4987 913
10  WAW 5907 933
22
50  WAW 3255 916
30  WAW 3816 947
10  WAW 6113 960
23
50  WAW 2516 1021
30  SH 2543 2629
10  SH 3060 2626
24
50  WAW 2659 902
30  SH 2892 2642
10  WAW 2953 956
25
50  WAW 2369 906
30  SH 2416 2639
10  SH 2471 2643
26
50  WAW 1809 915
30  WAW 2300 996
10  WAW 2371 926
27
50  SH 4434 2612
30  WAW 4452 918
10  SH 4963 2608
28
50  WAW 3533 940
30  SH 4732 2630
10  SH 5383 2625
29
50  WAW 3721 929
30  SH 3769 2618
10  SH 4517 2637
30
50  WAW 3430 1030
30  WAW 5037 1010
31
80  WAW 5869 1018
32
80  SH 3178 2605
40  WAW 3298 976
0  WAW 3409 948
33
80  SH 2598 2629
40  SH 3369 2626
0  SH 3657 2627
34
80  SH 2623 2642
35
50  SH 2202 2638
30  SH 2288 2607
10  SH 2381 2603
36
50  WAW 1765 915
30  WAW 2451 1031
10  SH 3525 2614
37
50  WAW 3497 938
30  SH 3979 2619
10  WAW 4319 970
38
50  WAW 3681 940
30  SH 5382 2636
10  SH 5677 2625
39
50  SH 3807 2640
30  SH 3932 2641
10  WAW 3972 1004
40
50  WAW 2938 904
30  WAW 4697 951
41
50  WAW 3582 971
42
50  SH 2953 2605
30  WAW 2976 976
10  SH 3161 2613
43
50  WAW 2456 1021
30  SH 2875 2629
10  WAW 3985 925
44
50  SH 2983 2642
30  WAW 3223 902
10  SH 3532 2644
45
50  WAW 2035 1022
30  WAW 2119 939
10  SH 2408 2639
46
50  WAW 1937 1033
30  WAW 2572 912
10  WAW 2959 1024
47
50  WAW 4628 931
30  SH 4632 2619
10  WAW 4840 950
48
50  WAW 5776 998
30  SH 6956 2597
10  SH 7558 2625
49
50  WAW 4032 908
30  WAW 4501 909
10  WAW 4536 1023
50
50  WAW 3637 1032
30  WAW 4833 943
10  WAW 5357 1010
51
50  WAW 3975 971
30  SH 4738 2631
10  WAW 4857 957
52
50  WAW 3347 1012
30  SH 3350 2613
10  WAW 3827 948
53
50  WAW 14403 1722
54
50  WAW 9827 1709
30  SH 11370 1919
55
50  WAW 16351 1711
30  SH 19413 1921
56
50  WAW 15537 1713
57
50  WAW 14803 1715
58
50  SH 19108 1923
30  WAW 30791 1717
59
50  WAW 13606 1718
30  SH 13886 1924
60
50  WAW 11946 1720
61
50  WAW 11575 1721
SCORE:SH,WAW,1860,3360,-150.0
