SH-WW
1
50  WW 9347 1645
30  SH 10278 2639
10  SH 11089 2607
2
50  WW 11716 1597
30  WW 12762 1592
10  WW 14049 1606
3
50  SH 8498 2619
30  WW 9519 1584
10  SH 9564 2612
4
50  SH 9948 2647
30  WW 10807 1577
10  WW 11487 1587
5
50  SH 7836 2618
30  WW 8091 1544
10  WW 8587 1626
6
50  WW 7547 1643
30  WW 9959 1576
7
50  WW 7781 1616
30  SH 9090 2631
10  WW 9163 1640
8
50  SH 6485 2605
30  WW 6700 1585
10  SH 7027 2613
9
50  WW 3607 1555
30  SH 4522 2646
10
50  WW 2803 1591
30  WW 4153 1615
10  WW 4281 1593
11
50  WW 1959 1580
30  SH 2056 2629
10  WW 2100 1573
12
50  SH 2009 2642
30  WW 2186 1619
10  WW 2438 1561
13
50  SH 3852 2639
30  WW 3890 1589
10  SH 4190 2603
14
50  WW 4059 1552
30  WW 4381 1569
10  WW 4538 1623
15
50  WW 3228 1625
30  SH 3463 2619
10  WW 3729 1584
16
50  WW 3762 1605
30  SH 3946 2630
10  SH 4097 2636
17
50  WW 6844 1581
30  SH 6858 2618
10  WW 6869 1618
18
50  WW 7106 1583
30  WW 9689 1607
19
50  WW 6303 1551
30  WW 7506 1562
10  SH 8136 2631
20
50  SH 5747 2605
30  WW 6309 1582
10  SH 6437 2613
21
50  WW 4309 1555
22
50  WW 5181 1591
30  WW 5769 1615
10  WW 6866 1593
23
50  WW 2472 1580
30  SH 2543 2629
10  SH 3060 2626
24
50  SH 2892 2642
30  WW 3006 1635
10  WW 3325 1619
25
50  WW 2100 1645
30  SH 2416 2639
10  SH 2471 2643
26
50  WW 2428 1569
30  WW 2609 1623
10  WW 2644 1592
27
50  SH 4434 2612
30  WW 4756 1634
10  SH 4963 2608
28
50  WW 4644 1605
30  SH 4732 2630
10  WW 5342 1577
29
50  WW 3622 1618
30  WW 3709 1595
10  SH 3769 2618
30
50  WW 3488 1643
30  WW 3675 1583
10  WW 5000 1576
31
80  WW 3531 1551
40  WW 3584 1616
0  WW 4031 1640
32
80  WW 3043 1585
40  SH 3178 2605
0  WW 3605 1582
33
80  SH 2598 2629
40  WW 2604 1573
0  SH 3369 2626
34
80  SH 2623 2642
40  WW 3675 1635
35
50  WW 1864 1645
30  SH 2202 2638
10  SH 2288 2607
36
50  WW 2463 1639
30  WW 2991 1623
10  WW 3288 1592
37
50  WW 3816 1625
30  WW 3966 1572
10  SH 3979 2619
38
50  WW 4303 1636
30  SH 5382 2636
10  WW 5550 1577
39
50  WW 3473 1618
30  WW 3593 1581
10  WW 3706 1595
40
50  WW 3459 1643
30  WW 4190 1576
41
50  WW 3331 1616
30  WW 3788 1640
10  WW 3844 1562
42
50  WW 2879 1585
30  SH 2953 2605
10  SH 3161 2613
43
50  WW 2591 1573
30  SH 2875 2629
10  WW 3260 1601
44
50  SH 2983 2642
30  SH 3532 2644
10  WW 3581 1620
45
50  WW 2350 1589
30  SH 2408 2639
10  WW 2469 1638
46
50  WW 2640 1552
30  WW 2721 1629
10  SH 2964 2617
47
50  WW 4207 1625
30  WW 4327 1572
10  WW 4363 1584
48
50  WW 4466 1636
30  WW 5481 1605
10  WW 6525 1628
49
50  WW 3978 1544
30  WW 4063 1581
10  WW 4550 1637
50
50  WW 4181 1583
51
50  WW 3768 1551
30  WW 4440 1596
10  SH 4738 2631
52
50  SH 3350 2613
30  WW 3665 1608
10  WW 3700 1582
53
50  WW 11534 1795
54
50  WW 9416 1776
30  SH 11370 1919
55
50  WW 17160 1779
30  SH 19413 1921
56
50  WW 18144 1782
57
50  WW 14228 1784
58
50  SH 19108 1923
30  WW 20981 1788
59
50  WW 12400 1789
30  SH 13886 1924
60
50  WW 13835 1791
61
50  WW 11479 1792
SCORE:SH,WW,1530,3720,-219.0
