SHC-RW
1
50  SHC 8773 492
30  RW 10009 718
10  SHC 10263 463
2
50  RW 8968 753
30  RW 9600 762
10  SHC 10517 475
3
50  SHC 8951 533
30  RW 8982 725
10  SHC 9627 514
4
50  SHC 7872 552
30  RW 10600 736
5
50  RW 7908 773
30  SHC 8052 501
10  RW 8319 735
6
50  SHC 6757 549
30  RW 7729 752
10  SHC 11721 476
7
50  RW 7459 772
30  SHC 7710 459
10  SHC 7723 479
8
50  RW 6948 733
30  RW 7027 763
10  RW 7268 742
9
50  RW 2557 688
30  SHC 3479 481
10  SHC 3513 528
10
50  SHC 3037 565
30  RW 3534 751
10  SHC 3619 471
11
50  RW 1975 771
30  SHC 2143 564
10  SHC 2346 491
12
50  RW 1829 726
30  RW 2055 696
10  RW 2206 761
13
50  SHC 3514 492
30  RW 3735 718
10  SHC 3799 547
14
50  RW 3905 762
30  SHC 4207 537
10  SHC 4694 559
15
50  SHC 3479 533
30  RW 3539 727
10  SHC 3687 514
16
50  SHC 3036 552
30  RW 3402 724
10  RW 3930 736
17
50  SHC 7129 546
30  RW 7229 735
10  SHC 7729 478
18
50  RW 6623 752
30  SHC 7143 493
10  SHC 8607 488
19
50  RW 6387 772
30  SHC 6655 479
10  SHC 6933 459
20
50  RW 5551 716
30  SHC 5949 490
10  RW 5951 763
21
50  SHC 2812 540
30  RW 3450 688
10  SHC 3757 481
22
50  SHC 3253 565
30  SHC 3894 471
10  RW 4079 695
23
50  SHC 2502 564
30  SHC 2827 554
10  SHC 2833 553
24
50  RW 2427 726
30  RW 2718 737
10  RW 2770 747
25
50  RW 1989 701
30  SHC 2013 550
10  SHC 2044 513
26
50  RW 1908 753
30  RW 2256 749
10  RW 2521 730
27
50  SHC 4386 533
30  RW 4563 743
10  SHC 4756 487
28
50  RW 4728 724
30  SHC 4765 451
10  RW 4906 766
29
50  SHC 3509 546
30  RW 3721 735
10  RW 4257 754
30
50  SHC 4305 493
30  SHC 4891 488
10  RW 5444 691
31
80  SHC 3706 558
40  SHC 3828 458
0  RW 3927 722
32
80  RW 3041 716
40  SHC 3169 502
0  RW 3259 742
33
80  RW 2497 771
40  SHC 2923 554
0  RW 2947 740
34
80  RW 2609 696
40  RW 2669 747
0  RW 3215 748
35
50  SHC 1906 463
30  RW 1973 718
10  SHC 2377 524
36
50  RW 1899 762
30  SHC 2075 537
10  SHC 2173 539
37
50  SHC 4158 514
30  RW 4372 686
10  SHC 4610 487
38
50  SHC 3333 552
30  RW 4420 736
10  RW 4496 766
39
50  SHC 3290 501
30  RW 3435 773
10  SHC 3653 546
40
50  SHC 2951 549
30  SHC 3667 493
10  RW 5377 769
41
50  RW 3266 772
30  SHC 3356 459
10  SHC 3443 479
42
50  RW 2739 716
30  SHC 2906 490
10  RW 2939 733
43
50  RW 2462 771
30  SHC 3154 553
10  SHC 3207 469
44
50  RW 2621 726
30  RW 3435 748
10  SHC 3788 464
45
50  SHC 2141 550
30  RW 2351 701
10  SHC 2513 522
46
50  RW 2123 753
30  SHC 2295 475
10  SHC 2475 539
47
50  RW 4334 725
30  RW 4809 727
10  SHC 5463 482
48
50  SHC 5134 542
30  RW 5496 766
10  SHC 5643 466
49
50  RW 3988 773
30  SHC 4671 478
10  RW 4944 754
50
50  SHC 3461 549
30  RW 4049 752
10  RW 5058 691
51
50  SHC 4114 458
30  RW 4707 722
10  SHC 4837 489
52
50  SHC 3760 490
30  SHC 3804 497
10  RW 3837 763
53
50  SHC 16298 1670
30  RW 17717 1691
54
50  RW 10673 1686
55
50  SHC 14927 1665
30  RW 18245 1687
56
50  SHC 18851 1666
30  RW 19983 1688
57
50  RW 15355 1689
30  SHC 18766 1667
SCORE:SHC,RW,2560,2600,-4.0
