SHC-SD
1
50  SHC 8773 492
30  SHC 10263 463
10  SD 10430 3496
2
50  SHC 10517 475
30  SHC 10644 539
10  SHC 12246 531
3
50  SHC 8951 533
30  SD 9045 3497
10  SHC 9627 514
4
50  SHC 7872 552
30  SD 10282 3500
10  SD 12127 3483
5
50  SHC 8052 501
30  SD 9879 3521
10  SD 9928 3487
6
50  SHC 6757 549
30  SD 7475 3498
10  SD 9590 3480
7
50  SHC 7710 459
30  SHC 7723 479
10  SHC 8297 558
8
50  SHC 7306 502
30  SHC 7419 497
10  SHC 8186 450
9
50  SD 3290 3514
30  SHC 3479 481
10  SHC 3513 528
10
50  SD 2538 3513
30  SHC 3037 565
10  SD 3182 3519
11
50  SHC 2143 564
30  SHC 2346 491
10  SHC 2353 541
12
50  SD 1883 3478
30  SD 2227 3499
10  SD 2453 3502
13
50  SHC 3514 492
30  SHC 3799 547
10  SHC 3929 522
14
50  SHC 4207 537
30  SHC 4694 559
10  SD 4775 3504
15
50  SHC 3479 533
30  SHC 3687 514
10  SHC 3807 515
16
50  SHC 3036 552
30  SHC 3941 542
10  SHC 3990 525
17
50  SHC 7129 546
30  SHC 7729 478
10  SD 8478 3521
18
50  SD 6208 3498
30  SHC 7143 493
10  SHC 8607 488
19
50  SHC 6655 479
30  SHC 6933 459
10  SHC 7867 489
20
50  SHC 5949 490
30  SHC 6294 497
10  SHC 6959 450
21
50  SHC 2812 540
30  SD 3746 3506
10  SHC 3757 481
22
50  SD 3064 3513
30  SHC 3253 565
10  SD 3569 3519
23
50  SHC 2502 564
30  SHC 2827 554
10  SHC 2833 553
24
50  SD 2452 3478
30  SD 2613 3499
10  SD 2721 3509
25
50  SHC 2013 550
30  SHC 2044 513
10  SD 2087 3496
26
50  SD 2570 3503
30  SD 2651 3510
10  SHC 2653 457
27
50  SD 4000 3497
30  SHC 4386 533
10  SHC 4756 487
28
50  SD 4532 3500
30  SHC 4765 451
10  SHC 5445 525
29
50  SHC 3509 546
30  SD 4327 3521
10  SD 4726 3487
30
50  SHC 4305 493
30  SD 4615 3480
10  SHC 4891 488
31
80  SHC 3706 558
40  SHC 3828 458
0  SHC 4017 489
32
80  SHC 3169 502
40  SHC 3619 526
0  SD 4585 3501
33
80  SHC 2923 554
40  SHC 2977 491
0  SHC 2997 540
34
80  SD 2528 3478
40  SD 2935 3499
0  SD 3640 3509
35
50  SHC 1906 463
30  SD 2064 3496
10  SHC 2377 524
36
50  SHC 2075 537
30  SHC 2173 539
10  SD 2477 3516
37
50  SHC 4158 514
30  SD 4327 3497
10  SHC 4610 487
38
50  SHC 3333 552
30  SHC 4793 525
10  SD 5521 3500
39
50  SHC 3290 501
30  SHC 3653 546
10  SD 5118 3487
40
50  SHC 2951 549
30  SHC 3667 493
10  SD 4488 3480
41
50  SHC 3356 459
30  SHC 3443 479
10  SD 4363 3481
42
50  SHC 2906 490
30  SHC 3016 502
10  SD 3970 3501
43
50  SHC 3154 553
30  SHC 3207 469
10  SHC 3212 491
44
50  SD 2788 3478
30  SD 3101 3499
10  SD 3502 3509
45
50  SHC 2141 550
30  SHC 2513 522
10  SD 2541 3479
46
50  SHC 2295 475
30  SHC 2475 539
10  SD 3234 3510
47
50  SD 4700 3497
30  SHC 5463 482
10  SHC 5543 515
48
50  SD 5057 3500
30  SHC 5134 542
10  SHC 5643 466
49
50  SHC 4671 478
30  SD 4806 3487
50
50  SHC 3461 549
30  SD 5284 3480
10  SHC 5967 476
51
50  SHC 4114 458
30  SHC 4837 489
10  SD 5034 3481
52
50  SHC 3760 490
30  SHC 3804 497
10  SD 4000 3501
53
50  SD 15585 2067
30  SHC 16298 1670
54
50  SD 12488 2064
55
50  SHC 14927 1665
30  SD 21624 2065
56
50  SHC 18851 1666
30  SD 19897 2066
57
50  SHC 18766 1667
SCORE:SHC,SD,3570,1560,201.0
