SHC-PO
1
50  SHC 8773 492
30  PO 9340 2358
10  SHC 10263 463
2
50  PO 10430 2359
30  SHC 10517 475
10  SHC 10644 539
3
50  SHC 8951 533
30  SHC 9627 514
10  PO 9899 2336
4
50  SHC 7872 552
30  PO 9149 2391
5
50  SHC 8052 501
30  PO 9593 2388
10  PO 9719 2312
6
50  SHC 6757 549
30  PO 7628 2297
10  PO 7677 2366
7
50  SHC 7710 459
30  SHC 7723 479
10  SHC 8297 558
8
50  PO 7191 2298
30  SHC 7306 502
10  SHC 7419 497
9
50  PO 2428 2293
30  PO 3240 2374
10  PO 3401 2365
10
50  PO 2596 2346
30  SHC 3037 565
10  PO 3253 2322
11
50  PO 2096 2364
30  SHC 2143 564
10  PO 2269 2351
12
50  PO 2075 2402
30  PO 2097 2292
10  PO 2218 2345
13
50  SHC 3514 492
30  SHC 3799 547
10  PO 3834 2317
14
50  SHC 4207 537
30  PO 4212 2359
10  PO 4251 2389
15
50  SHC 3479 533
30  SHC 3687 514
10  SHC 3807 515
16
50  SHC 3036 552
30  PO 3749 2349
10  SHC 3941 542
17
50  SHC 7129 546
30  SHC 7729 478
10  PO 8416 2312
18
50  SHC 7143 493
30  PO 7672 2315
10  PO 8137 2331
19
50  SHC 6655 479
30  SHC 6933 459
10  PO 7177 2353
20
50  SHC 5949 490
30  SHC 6294 497
10  SHC 6959 450
21
50  SHC 2812 540
30  PO 3271 2378
10  PO 3409 2293
22
50  SHC 3253 565
30  PO 3458 2346
10  PO 3540 2322
23
50  SHC 2502 564
30  PO 2579 2351
10  PO 2611 2330
24
50  PO 2745 2345
30  PO 2847 2292
10  PO 2897 2367
25
50  SHC 2013 550
30  SHC 2044 513
10  PO 2181 2317
26
50  SHC 2653 457
30  SHC 2657 538
10  PO 2667 2307
27
50  SHC 4386 533
30  SHC 4756 487
10  PO 5895 2403
28
50  SHC 4765 451
30  PO 5190 2396
10  SHC 5445 525
29
50  SHC 3509 546
30  PO 4596 2361
10  PO 4737 2388
30
50  PO 3426 2297
30  PO 3614 2366
10  SHC 4305 493
31
80  SHC 3706 558
40  SHC 3828 458
0  SHC 4017 489
32
80  SHC 3169 502
40  SHC 3619 526
0  PO 4094 2300
33
80  PO 2769 2364
40  SHC 2923 554
0  SHC 2977 491
34
80  PO 2833 2345
40  PO 2866 2402
0  PO 2975 2355
35
50  PO 1754 2358
30  SHC 1906 463
10  PO 1951 2317
36
50  PO 2003 2359
30  SHC 2075 537
10  SHC 2173 539
37
50  SHC 4158 514
30  SHC 4610 487
10  SHC 5393 477
38
50  SHC 3333 552
30  PO 4129 2391
10  SHC 4793 525
39
50  SHC 3290 501
30  SHC 3653 546
10  PO 4303 2361
40
50  SHC 2951 549
30  PO 3357 2297
10  PO 3587 2366
41
50  SHC 3356 459
30  SHC 3443 479
10  PO 3582 2353
42
50  SHC 2906 490
30  SHC 3016 502
10  PO 3243 2298
43
50  SHC 3154 553
30  SHC 3207 469
10  SHC 3212 491
44
50  PO 3713 2355
30  SHC 3788 464
45
50  SHC 2141 550
30  PO 2282 2358
10  SHC 2513 522
46
50  SHC 2295 475
30  SHC 2475 539
10  PO 2697 2400
47
50  PO 4839 2336
30  SHC 5463 482
10  SHC 5543 515
48
50  SHC 5134 542
30  PO 5239 2391
10  PO 5258 2349
49
50  SHC 4671 478
30  PO 4732 2342
10  PO 5150 2388
50
50  SHC 3461 549
30  PO 4740 2331
10  PO 4829 2315
51
50  SHC 4114 458
30  PO 4338 2320
10  PO 4744 2319
52
50  SHC 3760 490
30  SHC 3804 497
10  SHC 4231 496
53
50  PO 12839 1888
30  SHC 16298 1670
54
50  PO 9464 1876
55
50  SHC 14927 1665
30  PO 17012 1877
56
50  SHC 18851 1666
30  PO 19939 1879
57
50  SHC 18766 1667
30  PO 19083 1881
58
50  PO 16272 1882
59
50  PO 15543 1884
60
50  PO 13909 1886
61
50  PO 12619 1887
SCORE:SHC,PO,3170,2180,99.0
