SHC-CVST
1
50  SHC 8773 492
30  SHC 10263 463
10  SHC 10669 513
2
50  SHC 10517 475
30  SHC 10644 539
10  SHC 12246 531
3
50  SHC 8951 533
30  SHC 9627 514
10  CVST 10802 2463
4
50  SHC 7872 552
30  CVST 9787 2472
10  CVST 10762 2415
5
50  SHC 8052 501
30  CVST 8095 2417
10  CVST 10977 2423
6
50  SHC 6757 549
30  CVST 10273 2480
10  CVST 10653 2474
7
50  SHC 7710 459
30  SHC 7723 479
10  SHC 8297 558
8
50  CVST 7131 2460
30  SHC 7306 502
10  SHC 7419 497
9
50  SHC 3479 481
30  SHC 3513 528
10  SHC 3803 486
10
50  SHC 3037 565
30  SHC 3619 471
10  SHC 3666 534
11
50  CVST 2134 2473
30  SHC 2143 564
10  CVST 2340 2433
12
50  CVST 2072 2430
30  CVST 2494 2479
10  CVST 2538 2453
13
50  SHC 3514 492
30  SHC 3799 547
10  SHC 3929 522
14
50  SHC 4207 537
30  CVST 4356 2416
10  CVST 4514 2466
15
50  SHC 3479 533
30  SHC 3687 514
10  SHC 3807 515
16
50  SHC 3036 552
30  SHC 3941 542
10  CVST 3974 2415
17
50  SHC 7129 546
30  CVST 7332 2417
10  SHC 7729 478
18
50  SHC 7143 493
30  SHC 8607 488
10  CVST 9025 2474
19
50  SHC 6655 479
30  SHC 6933 459
10  CVST 7231 2447
20
50  SHC 5949 490
30  SHC 6294 497
10  CVST 6471 2460
21
50  SHC 2812 540
30  SHC 3757 481
10  SHC 4366 528
22
50  SHC 3253 565
30  SHC 3894 471
10  SHC 4737 534
23
50  SHC 2502 564
30  CVST 2512 2473
10  SHC 2827 554
24
50  CVST 2544 2430
30  SHC 2900 464
10  CVST 3310 2453
25
50  SHC 2013 550
30  SHC 2044 513
10  SHC 2203 547
26
50  CVST 2446 2466
30  SHC 2653 457
10  SHC 2657 538
27
50  SHC 4386 533
30  SHC 4756 487
10  CVST 4985 2448
28
50  SHC 4765 451
30  CVST 4787 2472
10  CVST 5099 2408
29
50  SHC 3509 546
30  CVST 4394 2454
10  CVST 4825 2423
30
50  SHC 4305 493
30  SHC 4891 488
10  CVST 5015 2474
31
80  SHC 3706 558
40  CVST 3768 2467
0  SHC 3828 458
32
80  SHC 3169 502
40  SHC 3619 526
0  CVST 3903 2443
33
80  CVST 2497 2473
40  SHC 2923 554
0  SHC 2977 491
34
80  CVST 2670 2430
40  SHC 3849 511
35
50  SHC 1906 463
30  SHC 2377 524
10  CVST 2464 2418
36
50  SHC 2075 537
30  SHC 2173 539
10  CVST 2475 2413
37
50  SHC 4158 514
30  SHC 4610 487
10  CVST 5131 2463
38
50  SHC 3333 552
30  SHC 4793 525
10  CVST 5369 2472
39
50  SHC 3290 501
30  CVST 3459 2417
10  SHC 3653 546
40
50  SHC 2951 549
30  SHC 3667 493
10  CVST 4744 2480
41
50  SHC 3356 459
30  SHC 3443 479
10  CVST 3789 2486
42
50  SHC 2906 490
30  SHC 3016 502
10  SHC 4039 496
43
50  CVST 3090 2433
30  SHC 3154 553
10  SHC 3207 469
44
50  CVST 3410 2429
30  SHC 3788 464
45
50  SHC 2141 550
30  SHC 2513 522
10  SHC 2620 524
46
50  SHC 2295 475
30  SHC 2475 539
10  CVST 2589 2437
47
50  SHC 5463 482
30  SHC 5543 515
10  CVST 5630 2459
48
50  SHC 5134 542
30  CVST 5286 2408
10  SHC 5643 466
49
50  CVST 4415 2417
30  SHC 4671 478
10  CVST 4738 2442
50
50  SHC 3461 549
30  CVST 4978 2480
10  SHC 5967 476
51
50  SHC 4114 458
30  CVST 4631 2471
10  SHC 4837 489
52
50  CVST 3446 2460
30  SHC 3760 490
10  SHC 3804 497
53
50  SHC 16298 1670
54
50  CVST 9359 1890
55
50  SHC 14927 1665
30  CVST 19053 1892
56
50  CVST 18637 1894
30  SHC 18851 1666
57
50  CVST 17503 1896
30  SHC 18766 1667
58
50  CVST 17620 1898
59
50  CVST 17112 1900
60
50  CVST 15547 1901
61
50  CVST 12697 1902
SCORE:SHC,CVST,3660,1670,199.0
