SHC-WW
1
50  SHC 8773 492
30  WW 9347 1645
10  SHC 10263 463
2
50  SHC 10517 475
30  SHC 10644 539
10  WW 11716 1597
3
50  SHC 8951 533
30  WW 9519 1584
10  SHC 9627 514
4
50  SHC 7872 552
30  WW 10807 1577
10  WW 11487 1587
5
50  SHC 8052 501
30  WW 8091 1544
10  WW 8587 1626
6
50  SHC 6757 549
30  WW 7547 1643
10  WW 9959 1576
7
50  SHC 7710 459
30  SHC 7723 479
10  WW 7781 1616
8
50  WW 6700 1585
30  SHC 7306 502
10  SHC 7419 497
9
50  SHC 3479 481
30  SHC 3513 528
10  WW 3607 1555
10
50  WW 2803 1591
30  SHC 3037 565
10  SHC 3619 471
11
50  WW 1959 1580
30  WW 2100 1573
10  SHC 2143 564
12
50  WW 2186 1619
30  WW 2438 1561
10  WW 2463 1635
13
50  SHC 3514 492
30  SHC 3799 547
10  WW 3890 1589
14
50  WW 4059 1552
30  SHC 4207 537
10  WW 4381 1569
15
50  WW 3228 1625
30  SHC 3479 533
10  SHC 3687 514
16
50  SHC 3036 552
30  WW 3762 1605
10  SHC 3941 542
17
50  WW 6844 1581
30  WW 6869 1618
10  SHC 7129 546
18
50  WW 7106 1583
30  SHC 7143 493
10  SHC 8607 488
19
50  WW 6303 1551
30  SHC 6655 479
10  SHC 6933 459
20
50  SHC 5949 490
30  SHC 6294 497
10  WW 6309 1582
21
50  SHC 2812 540
30  SHC 3757 481
10  WW 4309 1555
22
50  SHC 3253 565
30  SHC 3894 471
10  SHC 4737 534
23
50  WW 2472 1580
30  SHC 2502 564
10  SHC 2827 554
24
50  SHC 2900 464
30  WW 3006 1635
10  WW 3325 1619
25
50  SHC 2013 550
30  SHC 2044 513
10  WW 2100 1645
26
50  WW 2428 1569
30  WW 2609 1623
10  WW 2644 1592
27
50  SHC 4386 533
30  SHC 4756 487
10  WW 5269 1578
28
50  WW 4644 1605
30  SHC 4765 451
10  WW 5342 1577
29
50  SHC 3509 546
30  WW 3622 1618
10  WW 3709 1595
30
50  WW 3488 1643
30  WW 3675 1583
10  SHC 4305 493
31
80  WW 3531 1551
40  WW 3584 1616
0  SHC 3706 558
32
80  WW 3043 1585
40  SHC 3169 502
0  WW 3605 1582
33
80  WW 2604 1573
40  SHC 2923 554
0  SHC 2977 491
34
80  WW 3675 1635
40  SHC 3849 511
35
50  WW 1864 1645
30  SHC 1906 463
10  SHC 2377 524
36
50  SHC 2075 537
30  SHC 2173 539
10  WW 2463 1639
37
50  WW 3816 1625
30  WW 3966 1572
10  SHC 4158 514
38
50  SHC 3333 552
30  WW 4303 1636
10  SHC 4793 525
39
50  SHC 3290 501
30  WW 3473 1618
10  WW 3593 1581
40
50  SHC 2951 549
30  WW 3459 1643
10  SHC 3667 493
41
50  WW 3331 1616
30  SHC 3356 459
10  SHC 3443 479
42
50  WW 2879 1585
30  SHC 2906 490
10  SHC 3016 502
43
50  WW 2591 1573
30  SHC 3154 553
10  SHC 3207 469
44
50  WW 3581 1620
30  SHC 3788 464
10  WW 7800 1593
45
50  SHC 2141 550
30  WW 2350 1589
10  WW 2469 1638
46
50  SHC 2295 475
30  SHC 2475 539
10  WW 2640 1552
47
50  WW 4207 1625
30  WW 4327 1572
10  WW 4363 1584
48
50  WW 4466 1636
30  SHC 5134 542
10  WW 5481 1605
49
50  WW 3978 1544
30  WW 4063 1581
10  WW 4550 1637
50
50  SHC 3461 549
30  WW 4181 1583
10  SHC 5967 476
51
50  WW 3768 1551
30  SHC 4114 458
10  WW 4440 1596
52
50  WW 3665 1608
30  WW 3700 1582
10  SHC 3760 490
53
50  WW 11534 1795
30  SHC 16298 1670
54
50  WW 9416 1776
55
50  SHC 14927 1665
30  WW 17160 1779
56
50  WW 18144 1782
30  SHC 18851 1666
57
50  WW 14228 1784
30  SHC 18766 1667
58
50  WW 20981 1788
59
50  WW 12400 1789
60
50  WW 13835 1791
61
50  WW 11479 1792
SCORE:SHC,WW,2460,2910,-45.0
