SHC-CCC
1
50  SHC 8773 492
30  CCC 9365 2014
10  SHC 10263 463
2
50  CCC 10441 2005
30  SHC 10517 475
10  SHC 10644 539
3
50  SHC 8951 533
30  SHC 9627 514
10  CCC 9715 1991
4
50  SHC 7872 552
30  CCC 8866 2012
10  CCC 9346 2027
5
50  CCC 7445 2031
30  SHC 8052 501
10  CCC 8137 2030
6
50  SHC 6757 549
30  SHC 11721 476
7
50  CCC 7696 1992
30  SHC 7710 459
10  SHC 7723 479
8
50  SHC 7306 502
30  SHC 7419 497
10  CCC 7524 2002
9
50  SHC 3479 481
30  SHC 3513 528
10  CCC 3709 1996
10
50  SHC 3037 565
30  SHC 3619 471
10  SHC 3666 534
11
50  CCC 2076 2026
30  SHC 2143 564
10  CCC 2303 2010
12
50  CCC 1634 2020
30  CCC 2770 2032
10  SHC 2783 535
13
50  SHC 3514 492
30  SHC 3799 547
10  SHC 3929 522
14
50  CCC 4125 2019
30  SHC 4207 537
10  SHC 4694 559
15
50  SHC 3479 533
30  SHC 3687 514
10  CCC 3750 1991
16
50  SHC 3036 552
30  CCC 3407 2012
10  SHC 3941 542
17
50  SHC 7129 546
30  SHC 7729 478
10  CCC 8815 2029
18
50  SHC 7143 493
30  SHC 8607 488
10  SHC 9696 476
19
50  SHC 6655 479
30  SHC 6933 459
10  CCC 7116 1992
20
50  SHC 5949 490
30  SHC 6294 497
10  CCC 6632 2002
21
50  SHC 2812 540
30  SHC 3757 481
10  CCC 4272 1996
22
50  SHC 3253 565
30  SHC 3894 471
10  SHC 4737 534
23
50  SHC 2502 564
30  CCC 2706 2023
10  SHC 2827 554
24
50  SHC 2900 464
30  SHC 3818 512
10  SHC 3879 504
25
50  SHC 2013 550
30  SHC 2044 513
10  SHC 2203 547
26
50  CCC 1947 2005
30  CCC 2432 2025
10  SHC 2653 457
27
50  SHC 4386 533
30  SHC 4756 487
10  SHC 5977 529
28
50  CCC 4247 2012
30  SHC 4765 451
10  SHC 5445 525
29
50  SHC 3509 546
30  CCC 3810 2030
10  CCC 4488 2018
30
50  SHC 4305 493
30  SHC 4891 488
31
80  CCC 3662 1992
40  SHC 3706 558
0  CCC 3813 1998
32
80  SHC 3169 502
40  SHC 3619 526
33
80  CCC 2228 2026
40  SHC 2923 554
0  SHC 2977 491
34
80  SHC 3849 511
35
50  CCC 1819 2014
30  SHC 1906 463
10  SHC 2377 524
36
50  CCC 1891 2005
30  SHC 2075 537
10  SHC 2173 539
37
50  CCC 4146 1991
30  SHC 4158 514
10  SHC 4610 487
38
50  SHC 3333 552
30  CCC 4041 2027
10  CCC 4268 2012
39
50  SHC 3290 501
30  CCC 3515 2031
10  CCC 3572 2030
40
50  SHC 2951 549
30  SHC 3667 493
41
50  SHC 3356 459
30  CCC 3413 1992
10  SHC 3443 479
42
50  SHC 2906 490
30  SHC 3016 502
10  SHC 4039 496
43
50  SHC 3154 553
30  SHC 3207 469
10  SHC 3212 491
44
50  SHC 3788 464
45
50  SHC 2141 550
30  CCC 2209 2014
10  SHC 2513 522
46
50  SHC 2295 475
30  SHC 2475 539
10  CCC 3109 1997
47
50  CCC 5041 1991
30  SHC 5463 482
10  SHC 5543 515
48
50  CCC 5066 2027
30  SHC 5134 542
10  SHC 5643 466
49
50  CCC 3880 2031
30  CCC 4603 2029
10  SHC 4671 478
50
50  SHC 3461 549
30  SHC 5967 476
51
50  SHC 4114 458
30  CCC 4305 2028
10  CCC 4529 2013
52
50  SHC 3760 490
30  SHC 3804 497
10  SHC 4231 496
53
50  SHC 16298 1670
54
50  CCC 11834 1834
55
50  SHC 14927 1665
30  CCC 19756 1835
56
50  SHC 18851 1666
30  CCC 20399 1836
57
50  SHC 18766 1667
SCORE:SHC,CCC,3470,1520,195.0
