SHC-FV
1
50  SHC 8773 492
30  FV 10025 3349
10  SHC 10263 463
2
50  SHC 10517 475
30  FV 10634 3383
10  SHC 10644 539
3
50  FV 8790 3380
30  SHC 8951 533
10  SHC 9627 514
4
50  SHC 7872 552
30  FV 11027 3350
10  FV 11813 3356
5
50  SHC 8052 501
30  FV 8295 3351
10  FV 8941 3381
6
50  SHC 6757 549
30  FV 10438 3367
10  SHC 11721 476
7
50  SHC 7710 459
30  SHC 7723 479
10  SHC 8297 558
8
50  FV 7139 3384
30  SHC 7306 502
10  SHC 7419 497
9
50  FV 3222 3343
30  SHC 3479 481
10  SHC 3513 528
10
50  SHC 3037 565
30  FV 3344 3360
10  SHC 3619 471
11
50  SHC 2143 564
30  FV 2181 3382
10  FV 2232 3344
12
50  FV 2238 3368
30  SHC 2783 535
10  SHC 2872 512
13
50  SHC 3514 492
30  SHC 3799 547
10  SHC 3929 522
14
50  SHC 4207 537
30  FV 4650 3369
10  SHC 4694 559
15
50  SHC 3479 533
30  FV 3525 3380
10  SHC 3687 514
16
50  SHC 3036 552
30  FV 3762 3359
10  FV 3785 3379
17
50  SHC 7129 546
30  FV 7303 3351
10  FV 7582 3352
18
50  SHC 7143 493
30  SHC 8607 488
10  SHC 9696 476
19
50  SHC 6655 479
30  SHC 6933 459
10  SHC 7867 489
20
50  SHC 5949 490
30  SHC 6294 497
10  FV 6359 3384
21
50  SHC 2812 540
30  SHC 3757 481
10  FV 3926 3343
22
50  SHC 3253 565
30  SHC 3894 471
10  SHC 4737 534
23
50  SHC 2502 564
30  FV 2641 3344
10  FV 2675 3382
24
50  SHC 2900 464
30  FV 3748 3374
10  SHC 3818 512
25
50  SHC 2013 550
30  SHC 2044 513
10  FV 2089 3349
26
50  FV 2464 3369
30  SHC 2653 457
10  SHC 2657 538
27
50  FV 4028 3380
30  SHC 4386 533
10  FV 4595 3377
28
50  SHC 4765 451
30  FV 4766 3359
10  FV 5353 3379
29
50  SHC 3509 546
30  FV 3738 3351
10  FV 4328 3357
30
50  SHC 4305 493
30  SHC 4891 488
10  FV 5003 3367
31
80  SHC 3706 558
40  SHC 3828 458
0  SHC 4017 489
32
80  SHC 3169 502
40  FV 3475 3364
0  FV 3512 3384
33
80  SHC 2923 554
40  SHC 2977 491
0  SHC 2997 540
34
80  FV 3213 3368
40  SHC 3849 511
35
50  SHC 1906 463
30  FV 1908 3349
10  SHC 2377 524
36
50  SHC 2075 537
30  SHC 2173 539
10  FV 2340 3383
37
50  SHC 4158 514
30  FV 4444 3380
10  FV 4509 3362
38
50  SHC 3333 552
30  SHC 4793 525
10  FV 5006 3359
39
50  SHC 3290 501
30  FV 3577 3351
10  SHC 3653 546
40
50  SHC 2951 549
30  SHC 3667 493
10  FV 5819 3367
41
50  SHC 3356 459
30  SHC 3443 479
10  FV 4947 3373
42
50  SHC 2906 490
30  SHC 3016 502
10  FV 3234 3384
43
50  SHC 3154 553
30  SHC 3207 469
10  SHC 3212 491
44
50  SHC 3788 464
30  FV 3925 3368
45
50  SHC 2141 550
30  SHC 2513 522
10  SHC 2620 524
46
50  SHC 2295 475
30  SHC 2475 539
10  FV 2665 3383
47
50  FV 5371 3377
30  SHC 5463 482
10  SHC 5543 515
48
50  SHC 5134 542
30  SHC 5643 466
10  SHC 5672 451
49
50  FV 4203 3352
30  SHC 4671 478
10  FV 4771 3381
50
50  SHC 3461 549
30  FV 5175 3367
10  SHC 5967 476
51
50  SHC 4114 458
30  SHC 4837 489
52
50  SHC 3760 490
30  SHC 3804 497
10  SHC 4231 496
53
50  SHC 16298 1670
54
50  FV 11293 2015
55
50  SHC 14927 1665
30  FV 20352 2016
56
50  SHC 18851 1666
30  FV 19896 2017
57
50  FV 17397 2018
30  SHC 18766 1667
58
50  FV 17403 2019
59
50  FV 16759 2020
SCORE:SHC,FV,3630,1590,204.0
