SHC-SPD
1
50  SHC 8773 492
30  SHC 10263 463
10  SPD 10483 2543
2
50  SPD 8459 2533
30  SPD 9968 2525
10  SHC 10517 475
3
50  SHC 8951 533
30  SHC 9627 514
10  SPD 10200 2513
4
50  SHC 7872 552
30  SPD 10001 2510
10  SPD 10160 2549
5
50  SPD 7938 2532
30  SHC 8052 501
10  SPD 8957 2503
6
50  SHC 6757 549
30  SPD 8395 2544
10  SPD 11019 2502
7
50  SHC 7710 459
30  SHC 7723 479
10  SHC 8297 558
8
50  SHC 7306 502
30  SHC 7419 497
10  SHC 8186 450
9
50  SPD 3385 2489
30  SHC 3479 481
10  SHC 3513 528
10
50  SHC 3037 565
30  SHC 3619 471
10  SHC 3666 534
11
50  SHC 2143 564
30  SHC 2346 491
10  SHC 2353 541
12
50  SHC 2783 535
30  SHC 2872 512
10  SHC 2887 504
13
50  SHC 3514 492
30  SHC 3799 547
10  SHC 3929 522
14
50  SPD 3450 2533
30  SHC 4207 537
10  SHC 4694 559
15
50  SHC 3479 533
30  SHC 3687 514
10  SHC 3807 515
16
50  SHC 3036 552
30  SPD 3708 2553
10  SPD 3714 2510
17
50  SPD 6896 2532
30  SHC 7129 546
10  SHC 7729 478
18
50  SPD 7106 2544
30  SHC 7143 493
10  SPD 8412 2551
19
50  SHC 6655 479
30  SHC 6933 459
10  SHC 7867 489
20
50  SHC 5949 490
30  SHC 6294 497
10  SHC 6959 450
21
50  SHC 2812 540
30  SHC 3757 481
10  SPD 3859 2489
22
50  SHC 3253 565
30  SHC 3894 471
10  SHC 4737 534
23
50  SHC 2502 564
30  SHC 2827 554
10  SHC 2833 553
24
50  SHC 2900 464
30  SHC 3818 512
10  SHC 3879 504
25
50  SHC 2013 550
30  SHC 2044 513
10  SPD 2138 2543
26
50  SPD 1891 2533
30  SPD 2140 2525
10  SHC 2653 457
27
50  SHC 4386 533
30  SPD 4615 2511
10  SHC 4756 487
28
50  SHC 4765 451
30  SPD 4881 2509
10  SPD 5303 2549
29
50  SHC 3509 546
30  SPD 4043 2518
10  SPD 4679 2522
30
50  SHC 4305 493
30  SPD 4387 2508
10  SPD 4707 2542
31
80  SHC 3706 558
40  SHC 3828 458
0  SHC 4017 489
32
80  SHC 3169 502
40  SHC 3619 526
0  SPD 4063 2552
33
80  SHC 2923 554
40  SHC 2977 491
0  SHC 2997 540
34
80  SHC 3849 511
35
50  SHC 1906 463
30  SHC 2377 524
10  SPD 2403 2543
36
50  SHC 2075 537
30  SPD 2102 2525
10  SHC 2173 539
37
50  SHC 4158 514
30  SPD 4592 2550
10  SHC 4610 487
38
50  SHC 3333 552
30  SPD 4631 2553
10  SHC 4793 525
39
50  SHC 3290 501
30  SPD 3639 2532
10  SHC 3653 546
40
50  SHC 2951 549
30  SHC 3667 493
10  SPD 3814 2544
41
50  SHC 3356 459
30  SHC 3443 479
10  SPD 4227 2539
42
50  SHC 2906 490
30  SHC 3016 502
10  SHC 4039 496
43
50  SHC 3154 553
30  SHC 3207 469
10  SHC 3212 491
44
50  SHC 3788 464
45
50  SHC 2141 550
30  SHC 2513 522
10  SHC 2620 524
46
50  SPD 2083 2533
30  SHC 2295 475
10  SPD 2428 2525
47
50  SPD 4937 2513
30  SHC 5463 482
10  SPD 5538 2523
48
50  SPD 5052 2510
30  SHC 5134 542
10  SPD 5469 2553
49
50  SPD 4663 2547
30  SHC 4671 478
10  SPD 4725 2503
50
50  SHC 3461 549
30  SPD 4334 2551
10  SPD 4456 2502
51
50  SHC 4114 458
30  SHC 4837 489
10  SPD 5278 2516
52
50  SHC 3760 490
30  SHC 3804 497
10  SHC 4231 496
53
50  SHC 16298 1670
30  SPD 27334 1912
54
50  SPD 15415 1904
55
50  SHC 14927 1665
30  SPD 18900 1906
56
50  SHC 18851 1666
57
50  SPD 16523 1907
30  SHC 18766 1667
58
50  SPD 15638 1908
59
50  SPD 13778 1909
60
50  SPD 14566 1910
61
50  SPD 17680 1911
SCORE:SHC,SPD,3720,1540,218.0
