SHC-SPL
1
50  SHC 8773 492
30  SPL 8802 1687
10  SHC 10263 463
2
50  SPL 8844 1719
30  SHC 10517 475
10  SHC 10644 539
3
50  SHC 8951 533
30  SPL 8969 1739
10  SHC 9627 514
4
50  SHC 7872 552
30  SPL 9290 1705
10  SPL 9620 1671
5
50  SPL 7969 1720
30  SHC 8052 501
6
50  SHC 6757 549
30  SPL 7284 1689
10  SPL 8876 1666
7
50  SPL 7357 1698
30  SHC 7710 459
10  SHC 7723 479
8
50  SHC 7306 502
30  SHC 7419 497
10  SPL 8085 1680
9
50  SHC 3479 481
30  SHC 3513 528
10  SHC 3803 486
10
50  SHC 3037 565
30  SPL 3256 1677
10  SHC 3619 471
11
50  SPL 1950 1672
30  SPL 2012 1708
10  SHC 2143 564
12
50  SPL 2437 1691
30  SPL 2733 1662
10  SPL 2739 1707
13
50  SPL 3444 1687
30  SHC 3514 492
10  SHC 3799 547
14
50  SPL 3591 1719
30  SPL 3692 1670
10  SHC 4207 537
15
50  SHC 3479 533
30  SPL 3532 1739
10  SHC 3687 514
16
50  SHC 3036 552
30  SPL 3479 1665
10  SHC 3941 542
17
50  SPL 6478 1718
30  SHC 7129 546
10  SHC 7729 478
18
50  SPL 6409 1689
30  SHC 7143 493
10  SPL 8355 1727
19
50  SPL 6384 1698
30  SHC 6655 479
10  SHC 6933 459
20
50  SHC 5949 490
30  SHC 6294 497
10  SHC 6959 450
21
50  SHC 2812 540
30  SHC 3757 481
10  SHC 4366 528
22
50  SHC 3253 565
30  SHC 3894 471
10  SHC 4737 534
23
50  SHC 2502 564
30  SPL 2555 1708
10  SHC 2827 554
24
50  SPL 2646 1726
30  SHC 2900 464
10  SPL 3702 1707
25
50  SHC 2013 550
30  SHC 2044 513
10  SHC 2203 547
26
50  SPL 1913 1719
30  SHC 2653 457
10  SHC 2657 538
27
50  SHC 4386 533
30  SPL 4400 1709
10  SHC 4756 487
28
50  SHC 4765 451
30  SPL 5351 1669
10  SHC 5445 525
29
50  SHC 3509 546
30  SPL 4667 1711
10  SHC 5790 462
30
50  SPL 3484 1689
30  SPL 3934 1666
10  SHC 4305 493
31
80  SPL 3483 1698
40  SHC 3706 558
0  SPL 3735 1649
32
80  SHC 3169 502
40  SHC 3619 526
33
80  SHC 2923 554
40  SHC 2977 491
0  SHC 2997 540
34
80  SHC 3849 511
35
50  SHC 1906 463
30  SPL 2331 1690
10  SHC 2377 524
36
50  SPL 1860 1670
30  SHC 2075 537
10  SHC 2173 539
37
50  SPL 4055 1739
30  SHC 4158 514
10  SHC 4610 487
38
50  SHC 3333 552
30  SPL 3981 1705
10  SPL 4577 1671
39
50  SPL 3246 1718
30  SHC 3290 501
10  SPL 3531 1720
40
50  SHC 2951 549
30  SHC 3667 493
10  SPL 4193 1727
41
50  SHC 3356 459
30  SPL 3366 1697
10  SHC 3443 479
42
50  SHC 2906 490
30  SHC 3016 502
10  SPL 3697 1680
43
50  SPL 2652 1672
30  SHC 3154 553
10  SHC 3207 469
44
50  SPL 3371 1699
30  SPL 3403 1726
10  SPL 3452 1662
45
50  SPL 2033 1687
30  SHC 2141 550
10  SHC 2513 522
46
50  SHC 2295 475
30  SPL 2422 1653
10  SHC 2475 539
47
50  SPL 5018 1652
30  SPL 5207 1663
10  SHC 5463 482
48
50  SHC 5134 542
30  SPL 5462 1700
10  SHC 5643 466
49
50  SHC 4671 478
30  SPL 5095 1704
10  SPL 5615 1711
50
50  SHC 3461 549
30  SPL 4475 1666
10  SPL 5344 1727
51
50  SHC 4114 458
30  SPL 4402 1712
10  SPL 4475 1664
52
50  SHC 3760 490
30  SHC 3804 497
10  SHC 4231 496
53
50  SHC 16298 1670
30  SPL 18907 1804
54
50  SPL 9289 1796
55
50  SHC 14927 1665
30  SPL 20778 1798
56
50  SHC 18851 1666
57
50  SPL 17312 1800
30  SHC 18766 1667
58
50  SPL 15425 1801
59
50  SPL 13914 1802
61
50  SPL 13256 1803
SCORE:SHC,SPL,2960,2280,68.0
