SHC-CC
1
50  SHC 8773 492
30  SHC 10263 463
10  SHC 10669 513
2
50  CC 8850 2949
30  SHC 10517 475
10  SHC 10644 539
3
50  CC 8118 2938
30  CC 8262 2957
10  SHC 8951 533
4
50  SHC 7872 552
30  CC 8034 2948
5
50  CC 7882 2954
30  SHC 8052 501
10  CC 9281 2937
6
50  SHC 6757 549
30  CC 8156 2963
10  CC 8302 2944
7
50  SHC 7710 459
30  SHC 7723 479
10  SHC 8297 558
8
50  CC 6620 2964
30  SHC 7306 502
10  SHC 7419 497
9
50  CC 3234 2960
30  SHC 3479 481
10  SHC 3513 528
10
50  SHC 3037 565
30  SHC 3619 471
10  SHC 3666 534
11
50  SHC 2143 564
30  CC 2302 2951
10  SHC 2346 491
12
50  CC 1919 2950
30  SHC 2783 535
10  SHC 2872 512
13
50  SHC 3514 492
30  SHC 3799 547
10  SHC 3929 522
14
50  SHC 4207 537
30  SHC 4694 559
10  CC 4768 2941
15
50  CC 3222 2938
30  CC 3295 2957
10  CC 3450 2965
16
50  SHC 3036 552
30  CC 3277 2948
10  SHC 3941 542
17
50  SHC 7129 546
30  CC 7166 2937
10  SHC 7729 478
18
50  CC 6925 2944
30  SHC 7143 493
10  SHC 8607 488
19
50  SHC 6655 479
30  SHC 6933 459
10  SHC 7867 489
20
50  SHC 5949 490
30  CC 6203 2934
10  SHC 6294 497
21
50  SHC 2812 540
30  CC 2950 2960
10  SHC 3757 481
22
50  SHC 3253 565
30  SHC 3894 471
10  SHC 4737 534
23
50  SHC 2502 564
30  CC 2725 2951
10  SHC 2827 554
24
50  CC 2439 2950
30  SHC 2900 464
10  SHC 3818 512
25
50  SHC 2013 550
30  SHC 2044 513
10  SHC 2203 547
26
50  CC 1737 2949
30  SHC 2653 457
10  SHC 2657 538
27
50  CC 4340 2965
30  SHC 4386 533
10  SHC 4756 487
28
50  SHC 4765 451
30  SHC 5445 525
10  SHC 6153 456
29
50  SHC 3509 546
30  CC 4219 2937
10  CC 4225 2952
30
50  CC 3806 2944
30  CC 3850 2963
10  SHC 4305 493
31
80  SHC 3706 558
40  SHC 3828 458
0  SHC 4017 489
32
80  CC 3128 2964
40  SHC 3169 502
0  CC 3500 2934
33
80  SHC 2923 554
40  SHC 2977 491
0  SHC 2997 540
34
80  CC 2484 2950
40  SHC 3849 511
35
50  SHC 1906 463
30  CC 2038 2939
10  CC 2359 2959
36
50  CC 1658 2949
30  SHC 2075 537
10  SHC 2173 539
37
50  CC 3522 2938
30  CC 3640 2957
10  SHC 4158 514
38
50  SHC 3333 552
30  CC 3847 2948
10  SHC 4793 525
39
50  SHC 3290 501
30  CC 3449 2954
10  SHC 3653 546
40
50  SHC 2951 549
30  CC 3527 2944
10  SHC 3667 493
41
50  SHC 3356 459
30  SHC 3443 479
10  CC 4125 2943
42
50  CC 2822 2964
30  SHC 2906 490
10  SHC 3016 502
43
50  CC 3131 2951
30  SHC 3154 553
10  SHC 3207 469
44
50  CC 2945 2950
30  SHC 3788 464
45
50  SHC 2141 550
30  CC 2420 2939
10  CC 2485 2958
46
50  SHC 2295 475
30  SHC 2475 539
10  CC 2719 2936
47
50  CC 4600 2965
30  SHC 5463 482
10  SHC 5543 515
48
50  CC 4097 2948
30  SHC 5134 542
10  SHC 5643 466
49
50  CC 3807 2954
30  CC 4456 2942
10  SHC 4671 478
50
50  SHC 3461 549
30  CC 4108 2963
10  SHC 5967 476
51
50  SHC 4114 458
30  SHC 4837 489
10  CC 5260 2943
52
50  CC 3294 2964
30  SHC 3760 490
10  SHC 3804 497
53
50  SHC 16298 1670
55
50  SHC 14927 1665
56
50  SHC 18851 1666
30  CC 19707 1970
57
50  CC 15841 1971
30  SHC 18766 1667
59
50  CC 13789 1972
SCORE:SHC,CC,3050,2040,101.0
