SHC-HSC
1
50  SHC 8773 492
30  SHC 10263 463
10  SHC 10669 513
2
50  SHC 10517 475
30  SHC 10644 539
10  SHC 12246 531
3
50  SHC 8951 533
30  SHC 9627 514
10  HSC 10519 3445
4
50  SHC 7872 552
30  HSC 8441 3463
5
50  HSC 7740 3466
30  HSC 7854 3424
10  SHC 8052 501
6
50  SHC 6757 549
30  HSC 7907 3446
10  HSC 8508 3458
7
50  SHC 7710 459
30  SHC 7723 479
10  SHC 8297 558
8
50  HSC 6592 3462
30  SHC 7306 502
10  SHC 7419 497
9
50  SHC 3479 481
30  SHC 3513 528
10  SHC 3803 486
10
50  SHC 3037 565
30  SHC 3619 471
10  SHC 3666 534
11
50  HSC 1977 3430
30  HSC 2019 3464
10  SHC 2143 564
12
50  SHC 2783 535
30  SHC 2872 512
10  SHC 2887 504
13
50  SHC 3514 492
30  SHC 3799 547
10  SHC 3929 522
14
50  HSC 4084 3420
30  SHC 4207 537
10  SHC 4694 559
15
50  SHC 3479 533
30  SHC 3687 514
10  SHC 3807 515
16
50  SHC 3036 552
30  HSC 3251 3453
10  HSC 3253 3463
17
50  HSC 6734 3466
30  HSC 6821 3424
10  SHC 7129 546
18
50  HSC 6803 3423
30  SHC 7143 493
10  HSC 7347 3458
19
50  SHC 6655 479
30  SHC 6933 459
10  HSC 7373 3448
20
50  HSC 5558 3462
30  HSC 5947 3460
10  SHC 5949 490
21
50  SHC 2812 540
30  SHC 3757 481
10  SHC 4366 528
22
50  SHC 3253 565
30  SHC 3894 471
10  SHC 4737 534
23
50  SHC 2502 564
30  SHC 2827 554
10  SHC 2833 553
24
50  SHC 2900 464
30  SHC 3818 512
10  SHC 3879 504
25
50  SHC 2013 550
30  SHC 2044 513
10  SHC 2203 547
26
50  SHC 2653 457
30  SHC 2657 538
10  HSC 2844 3420
27
50  SHC 4386 533
30  SHC 4756 487
10  SHC 5977 529
28
50  HSC 4294 3421
30  HSC 4380 3453
10  SHC 4765 451
29
50  SHC 3509 546
30  HSC 3789 3444
10  HSC 5238 3434
30
50  HSC 3802 3446
30  HSC 3893 3423
10  SHC 4305 493
31
80  SHC 3706 558
40  SHC 3828 458
0  HSC 3913 3448
32
80  SHC 3169 502
40  SHC 3619 526
0  HSC 3721 3461
33
80  SHC 2923 554
40  SHC 2977 491
0  SHC 2997 540
34
80  SHC 3849 511
35
50  SHC 1906 463
30  SHC 2377 524
10  SHC 2601 557
36
50  SHC 2075 537
30  SHC 2173 539
10  SHC 2534 506
37
50  SHC 4158 514
30  SHC 4610 487
10  HSC 4920 3445
38
50  SHC 3333 552
30  HSC 4317 3453
10  SHC 4793 525
39
50  SHC 3290 501
30  HSC 3635 3424
10  SHC 3653 546
40
50  SHC 2951 549
30  HSC 3304 3446
10  SHC 3667 493
41
50  HSC 3312 3457
30  SHC 3356 459
10  SHC 3443 479
42
50  HSC 2639 3462
30  SHC 2906 490
10  HSC 2925 3460
43
50  HSC 2932 3430
30  HSC 3033 3464
10  SHC 3154 553
44
50  SHC 3788 464
45
50  SHC 2141 550
30  SHC 2513 522
10  SHC 2620 524
46
50  SHC 2295 475
30  SHC 2475 539
10  HSC 3058 3420
47
50  SHC 5463 482
30  SHC 5543 515
10  HSC 6262 3445
48
50  HSC 4691 3463
30  SHC 5134 542
10  HSC 5188 3435
49
50  HSC 4065 3466
30  SHC 4671 478
10  HSC 4831 3429
50
50  SHC 3461 549
30  HSC 4279 3423
10  HSC 4618 3432
51
50  SHC 4114 458
30  HSC 4470 3448
10  HSC 4532 3457
52
50  HSC 3407 3460
30  SHC 3760 490
10  SHC 3804 497
53
50  SHC 16298 1670
55
50  SHC 14927 1665
56
50  SHC 18851 1666
30  HSC 19928 2040
57
50  SHC 18766 1667
58
50  HSC 15277 2041
59
50  HSC 12869 2042
60
50  HSC 12747 2043
61
50  HSC 12104 2044
SCORE:SHC,HSC,3530,1610,192.0
