SHC-FO
1
50  SHC 8773 492
30  SHC 10263 463
10  SHC 10669 513
2
50  SHC 10517 475
30  FO 10637 2042
10  SHC 10644 539
3
50  FO 8237 2055
30  SHC 8951 533
10  SHC 9627 514
4
50  SHC 7872 552
30  FO 8422 2127
10  FO 9837 2079
5
50  SHC 8052 501
30  FO 8487 2036
10  FO 9789 2067
6
50  SHC 6757 549
30  FO 8478 2053
10  FO 8720 2121
7
50  SHC 7710 459
30  SHC 7723 479
10  FO 7744 2061
8
50  FO 6400 2077
30  FO 6997 2094
10  SHC 7306 502
9
50  FO 3181 2050
30  SHC 3479 481
10  SHC 3513 528
10
50  FO 2470 2128
30  FO 2776 2049
10  SHC 3037 565
11
50  FO 2071 2043
30  FO 2090 2078
10  SHC 2143 564
12
50  FO 1906 2065
30  FO 2293 2107
10  FO 2300 2101
13
50  SHC 3514 492
30  SHC 3799 547
10  SHC 3929 522
14
50  FO 4140 2042
30  SHC 4207 537
10  FO 4351 2088
15
50  SHC 3479 533
30  SHC 3687 514
10  SHC 3807 515
16
50  SHC 3036 552
30  FO 3571 2066
10  FO 3901 2100
17
50  FO 7118 2036
30  SHC 7129 546
10  FO 7692 2071
18
50  SHC 7143 493
30  FO 7319 2121
10  FO 7333 2053
19
50  SHC 6655 479
30  FO 6721 2061
10  SHC 6933 459
20
50  FO 5738 2077
30  FO 5938 2094
10  SHC 5949 490
21
50  SHC 2812 540
30  SHC 3757 481
10  FO 3857 2050
22
50  FO 2925 2128
30  SHC 3253 565
10  FO 3814 2049
23
50  SHC 2502 564
30  FO 2619 2139
10  FO 2720 2043
24
50  FO 2552 2065
30  SHC 2900 464
10  FO 2965 2090
25
50  SHC 2013 550
30  SHC 2044 513
10  SHC 2203 547
26
50  FO 2225 2048
30  FO 2312 2114
10  FO 2352 2042
27
50  FO 3759 2055
30  SHC 4386 533
10  FO 4467 2109
28
50  FO 4134 2127
30  FO 4747 2066
10  SHC 4765 451
29
50  SHC 3509 546
30  FO 4128 2067
10  FO 4135 2060
30
50  FO 4253 2121
30  SHC 4305 493
10  FO 4432 2047
31
80  SHC 3706 558
40  SHC 3828 458
0  SHC 4017 489
32
80  FO 3047 2077
40  SHC 3169 502
0  FO 3414 2076
33
80  FO 2181 2139
40  FO 2381 2078
0  FO 2700 2043
34
80  FO 3806 2120
40  SHC 3849 511
35
50  SHC 1906 463
30  FO 2208 2035
10  SHC 2377 524
36
50  SHC 2075 537
30  FO 2122 2104
10  SHC 2173 539
37
50  SHC 4158 514
30  SHC 4610 487
10  FO 4659 2109
38
50  SHC 3333 552
30  FO 4043 2127
10  SHC 4793 525
39
50  SHC 3290 501
30  SHC 3653 546
10  FO 3744 2036
40
50  SHC 2951 549
30  SHC 3667 493
10  FO 3906 2053
41
50  SHC 3356 459
30  SHC 3443 479
10  FO 3459 2061
42
50  FO 2884 2094
30  SHC 2906 490
10  SHC 3016 502
43
50  FO 2740 2139
30  SHC 3154 553
10  SHC 3207 469
44
50  SHC 3788 464
45
50  SHC 2141 550
30  SHC 2513 522
10  SHC 2620 524
46
50  SHC 2295 475
30  FO 2462 2104
10  SHC 2475 539
47
50  FO 4008 2055
30  FO 5244 2109
10  SHC 5463 482
48
50  FO 4576 2066
30  SHC 5134 542
10  SHC 5643 466
49
50  FO 4431 2092
30  SHC 4671 478
10  FO 4695 2071
50
50  SHC 3461 549
30  FO 4110 2053
10  FO 4971 2047
51
50  FO 3932 2061
30  SHC 4114 458
10  SHC 4837 489
52
50  FO 3541 2077
30  FO 3725 2094
10  SHC 3760 490
53
50  FO 14008 1854
30  SHC 16298 1670
54
50  FO 9738 1838
55
50  SHC 14927 1665
30  FO 19576 1843
56
50  FO 18719 1846
30  SHC 18851 1666
57
50  FO 15307 1849
30  SHC 18766 1667
58
50  FO 14984 1850
59
50  FO 15100 1853
SCORE:SHC,FO,2600,2630,-3.0
