SHC-FR
1
50  SHC 8773 492
30  FR 9756 1771
10  SHC 10263 463
2
50  SHC 10517 475
30  SHC 10644 539
10  SHC 12246 531
3
50  SHC 8951 533
30  FR 9077 1829
10  SHC 9627 514
4
50  FR 7209 1825
30  SHC 7872 552
10  FR 10057 1800
5
50  FR 7641 1767
30  SHC 8052 501
10  FR 9555 1833
6
50  SHC 6757 549
30  FR 8712 1781
10  FR 9324 1756
7
50  SHC 7710 459
30  SHC 7723 479
10  FR 8011 1828
8
50  SHC 7306 502
30  SHC 7419 497
10  FR 7819 1749
9
50  SHC 3479 481
30  SHC 3513 528
10  SHC 3803 486
10
50  SHC 3037 565
30  SHC 3619 471
10  SHC 3666 534
11
50  FR 2003 1815
30  SHC 2143 564
10  FR 2238 1778
12
50  FR 2009 1740
30  FR 2057 1770
10  SHC 2783 535
13
50  SHC 3514 492
30  SHC 3799 547
10  SHC 3929 522
14
50  SHC 4207 537
30  SHC 4694 559
10  SHC 4865 531
15
50  SHC 3479 533
30  FR 3487 1785
10  SHC 3687 514
16
50  FR 2909 1825
30  SHC 3036 552
10  FR 3730 1826
17
50  SHC 7129 546
30  SHC 7729 478
10  FR 8153 1833
18
50  SHC 7143 493
30  FR 7796 1831
10  FR 7883 1756
19
50  SHC 6655 479
30  SHC 6933 459
10  FR 6978 1828
20
50  SHC 5949 490
30  SHC 6294 497
10  SHC 6959 450
21
50  SHC 2812 540
30  SHC 3757 481
10  SHC 4366 528
22
50  SHC 3253 565
30  SHC 3894 471
10  SHC 4737 534
23
50  FR 2359 1815
30  SHC 2502 564
10  FR 2628 1778
24
50  FR 2369 1740
30  SHC 2900 464
10  FR 3435 1746
25
50  SHC 2013 550
30  SHC 2044 513
10  FR 2137 1771
26
50  FR 2488 1837
30  SHC 2653 457
10  SHC 2657 538
27
50  SHC 4386 533
30  FR 4456 1785
10  FR 4617 1797
28
50  FR 4469 1826
30  SHC 4765 451
10  FR 4849 1784
29
50  SHC 3509 546
30  FR 3559 1767
10  FR 4101 1833
30
50  FR 4107 1781
30  FR 4263 1831
10  SHC 4305 493
31
80  FR 3485 1765
40  SHC 3706 558
0  SHC 3828 458
32
80  SHC 3169 502
40  FR 3537 1749
0  SHC 3619 526
33
80  FR 2371 1815
40  FR 2673 1820
0  SHC 2923 554
34
80  FR 2468 1740
40  FR 2562 1770
0  SHC 3849 511
35
50  SHC 1906 463
30  FR 2038 1771
10  FR 2295 1786
36
50  SHC 2075 537
30  SHC 2173 539
10  SHC 2534 506
37
50  FR 4082 1785
30  SHC 4158 514
10  SHC 4610 487
38
50  SHC 3333 552
30  FR 3378 1825
10  FR 4474 1784
39
50  SHC 3290 501
30  FR 3359 1767
10  SHC 3653 546
40
50  SHC 2951 549
30  SHC 3667 493
10  FR 3883 1781
41
50  FR 3181 1765
30  SHC 3356 459
10  SHC 3443 479
42
50  SHC 2906 490
30  SHC 3016 502
10  FR 3447 1749
43
50  SHC 3154 553
30  FR 3201 1778
10  SHC 3207 469
44
50  FR 2806 1770
30  SHC 3788 464
10  FR 4503 1746
45
50  SHC 2141 550
30  FR 2412 1771
10  SHC 2513 522
46
50  SHC 2295 475
30  SHC 2475 539
10  FR 2884 1794
47
50  FR 4369 1829
30  FR 5456 1821
10  SHC 5463 482
48
50  FR 3828 1825
30  FR 5026 1800
10  FR 5087 1826
49
50  FR 4196 1767
30  FR 4599 1833
10  SHC 4671 478
50
50  SHC 3461 549
30  FR 4141 1781
10  FR 5093 1756
51
50  FR 3700 1765
30  SHC 4114 458
10  FR 4614 1769
52
50  SHC 3760 490
30  SHC 3804 497
10  SHC 4231 496
53
50  SHC 16298 1670
30  FR 30704 1814
54
50  FR 11241 1805
55
50  SHC 14927 1665
30  FR 23538 1808
56
50  SHC 18851 1666
30  FR 25100 1809
57
50  FR 15370 1811
30  SHC 18766 1667
58
50  FR 15968 1812
61
50  FR 12000 1813
SCORE:SHC,FR,2980,2290,69.0
