SHC-ROR
1
50  SHC 8773 492
30  ROR 9794 13
10  SHC 10263 463
2
50  ROR 10266 6
30  SHC 10517 475
10  SHC 10644 539
3
50  ROR 7756 33
30  ROR 8009 14
10  SHC 8951 533
4
50  SHC 7872 552
30  ROR 7966 7
10  ROR 9978 43
5
50  ROR 7441 10
30  SHC 8052 501
6
50  SHC 6757 549
30  ROR 7169 27
10  ROR 8022 64
7
50  ROR 7410 35
30  SHC 7710 459
10  SHC 7723 479
8
50  ROR 6656 68
30  SHC 7306 502
10  SHC 7419 497
9
50  ROR 2537 63
30  ROR 3150 31
10  SHC 3479 481
10
50  SHC 3037 565
30  ROR 3291 67
10  SHC 3619 471
11
50  ROR 1994 48
30  SHC 2143 564
10  SHC 2346 491
12
50  ROR 2081 32
30  ROR 2137 5
10  ROR 2206 49
13
50  SHC 3514 492
30  SHC 3799 547
10  SHC 3929 522
14
50  SHC 4207 537
30  ROR 4316 20
10  ROR 4440 40
15
50  SHC 3479 533
30  SHC 3687 514
10  SHC 3807 515
16
50  SHC 3036 552
30  ROR 3175 36
10  SHC 3941 542
17
50  ROR 6372 47
30  ROR 7128 57
10  SHC 7129 546
18
50  ROR 6254 28
30  ROR 6944 64
10  SHC 7143 493
19
50  ROR 6487 35
30  SHC 6655 479
10  SHC 6933 459
20
50  ROR 5890 68
30  SHC 5949 490
10  SHC 6294 497
21
50  SHC 2812 540
30  ROR 2909 63
10  SHC 3757 481
22
50  SHC 3253 565
30  SHC 3894 471
10  ROR 3997 67
23
50  SHC 2502 564
30  ROR 2778 21
10  SHC 2827 554
24
50  ROR 2470 5
30  ROR 2659 49
10  SHC 2900 464
25
50  SHC 2013 550
30  SHC 2044 513
10  SHC 2203 547
26
50  ROR 2088 26
30  SHC 2653 457
10  SHC 2657 538
27
50  ROR 3778 16
30  SHC 4386 533
10  SHC 4756 487
28
50  ROR 3850 36
30  SHC 4765 451
10  ROR 4956 59
29
50  SHC 3509 546
30  ROR 3806 57
10  ROR 4128 69
30
50  ROR 3847 25
30  SHC 4305 493
10  SHC 4891 488
31
80  ROR 3550 35
40  SHC 3706 558
0  SHC 3828 458
32
80  SHC 3169 502
40  SHC 3619 526
33
80  ROR 2116 34
40  ROR 2636 48
0  SHC 2923 554
34
80  ROR 2250 38
40  ROR 2288 5
0  ROR 2943 32
35
50  ROR 1889 61
30  SHC 1906 463
10  SHC 2377 524
36
50  ROR 1883 6
30  SHC 2075 537
10  SHC 2173 539
37
50  ROR 3327 33
30  ROR 3482 14
10  SHC 4158 514
38
50  SHC 3333 552
30  ROR 3441 7
10  SHC 4793 525
39
50  ROR 3241 10
30  SHC 3290 501
10  ROR 3500 18
40
50  SHC 2951 549
30  ROR 3207 28
10  SHC 3667 493
41
50  SHC 3356 459
30  SHC 3443 479
10  ROR 3589 23
42
50  SHC 2906 490
30  SHC 3016 502
10  SHC 4039 496
43
50  ROR 2875 34
30  SHC 3154 553
10  SHC 3207 469
44
50  ROR 2753 38
30  ROR 3152 55
10  ROR 3333 32
45
50  SHC 2141 550
30  ROR 2326 61
10  SHC 2513 522
46
50  SHC 2295 475
30  SHC 2475 539
10  ROR 2672 20
47
50  ROR 5050 16
30  ROR 5462 42
10  SHC 5463 482
48
50  SHC 5134 542
30  ROR 5233 43
10  SHC 5643 466
49
50  ROR 3527 47
30  ROR 4453 22
10  SHC 4671 478
50
50  SHC 3461 549
30  ROR 3632 27
10  SHC 5967 476
51
50  SHC 4114 458
30  SHC 4837 489
10  ROR 5203 23
52
50  ROR 3534 68
30  SHC 3760 490
10  SHC 3804 497
53
50  SHC 16298 1670
54
50  ROR 9445 1624
55
50  SHC 14927 1665
30  ROR 18003 1627
56
50  ROR 16518 1628
30  SHC 18851 1666
57
50  ROR 13885 1629
30  SHC 18766 1667
58
50  ROR 14409 1630
59
50  ROR 12591 1631
60
50  ROR 12175 1632
SCORE:SHC,ROR,2490,2790,-30.0
