SHC-WST
1
50  SHC 8773 492
30  WST 9560 1393
10  WST 10214 1445
2
50  WST 10409 1384
30  SHC 10517 475
10  SHC 10644 539
3
50  SHC 8951 533
30  WST 9201 1410
10  SHC 9627 514
4
50  SHC 7872 552
30  WST 8631 1444
10  WST 13321 1412
5
50  WST 7806 1401
30  SHC 8052 501
10  WST 8877 1387
6
50  SHC 6757 549
30  WST 9363 1376
10  WST 9634 1370
7
50  SHC 7710 459
30  SHC 7723 479
10  SHC 8297 558
8
50  WST 6800 1380
30  SHC 7306 502
10  SHC 7419 497
9
50  SHC 3479 481
30  SHC 3513 528
10  SHC 3803 486
10
50  SHC 3037 565
30  WST 3581 1423
10  SHC 3619 471
11
50  WST 1954 1411
30  SHC 2143 564
10  WST 2237 1389
12
50  WST 1846 1421
30  WST 2390 1388
10  WST 2517 1372
13
50  SHC 3514 492
30  SHC 3799 547
10  SHC 3929 522
14
50  WST 3938 1384
30  SHC 4207 537
10  WST 4257 1392
15
50  SHC 3479 533
30  WST 3622 1448
10  SHC 3687 514
16
50  SHC 3036 552
30  WST 3387 1444
10  SHC 3941 542
17
50  SHC 7129 546
30  SHC 7729 478
10  WST 7747 1425
18
50  SHC 7143 493
30  WST 7996 1370
10  WST 8036 1460
19
50  SHC 6655 479
30  SHC 6933 459
10  WST 7150 1461
20
50  SHC 5949 490
30  WST 5963 1380
10  SHC 6294 497
21
50  SHC 2812 540
30  SHC 3757 481
10  SHC 4366 528
22
50  SHC 3253 565
30  WST 3468 1423
10  SHC 3894 471
23
50  SHC 2502 564
30  WST 2557 1389
10  WST 2771 1404
24
50  WST 2217 1421
30  SHC 2900 464
10  WST 3152 1415
25
50  SHC 2013 550
30  SHC 2044 513
10  WST 2062 1393
26
50  WST 2282 1392
30  SHC 2653 457
10  SHC 2657 538
27
50  SHC 4386 533
30  WST 4415 1391
10  WST 4528 1410
28
50  SHC 4765 451
30  SHC 5445 525
10  SHC 6153 456
29
50  WST 3400 1401
30  SHC 3509 546
10  WST 3975 1387
30
50  SHC 4305 493
30  WST 4352 1376
10  WST 4367 1369
31
80  SHC 3706 558
40  WST 3713 1461
0  SHC 3828 458
32
80  SHC 3169 502
40  SHC 3619 526
0  WST 4072 1463
33
80  WST 2529 1411
40  WST 2560 1389
0  WST 2919 1455
34
80  WST 2022 1421
40  SHC 3849 511
0  WST 4708 1372
35
50  WST 1716 1393
30  SHC 1906 463
10  WST 2115 1396
36
50  SHC 2075 537
30  SHC 2173 539
10  SHC 2534 506
37
50  SHC 4158 514
30  SHC 4610 487
10  WST 4690 1448
38
50  SHC 3333 552
30  WST 4603 1444
10  SHC 4793 525
39
50  SHC 3290 501
30  SHC 3653 546
10  WST 3694 1387
40
50  SHC 2951 549
30  SHC 3667 493
10  WST 4535 1370
41
50  SHC 3356 459
30  SHC 3443 479
10  WST 3744 1461
42
50  SHC 2906 490
30  WST 2927 1380
10  SHC 3016 502
43
50  WST 2528 1411
30  SHC 3154 553
10  SHC 3207 469
44
50  WST 3463 1421
30  WST 3545 1388
10  SHC 3788 464
45
50  SHC 2141 550
30  WST 2255 1445
10  WST 2335 1396
46
50  SHC 2295 475
30  SHC 2475 539
10  WST 2591 1392
47
50  WST 4922 1409
30  WST 5107 1402
10  SHC 5463 482
48
50  WST 4406 1444
30  SHC 5134 542
10  SHC 5643 466
49
50  WST 4372 1456
30  WST 4502 1401
10  SHC 4671 478
50
50  SHC 3461 549
30  WST 5246 1460
10  WST 5342 1369
51
50  SHC 4114 458
30  WST 4490 1399
10  SHC 4837 489
52
50  SHC 3760 490
30  SHC 3804 497
10  WST 4178 1463
53
50  SHC 16298 1670
30  WST 18453 1763
54
50  WST 8588 1752
55
50  SHC 14927 1665
30  WST 16994 1755
56
50  SHC 18851 1666
57
50  WST 15310 1758
30  SHC 18766 1667
59
50  WST 13947 1760
60
50  WST 14387 1761
61
50  WST 15394 1762
SCORE:SHC,WST,3080,2210,87.0
