SHC-WM
1
50  SHC 8773 492
30  SHC 10263 463
10  SHC 10669 513
2
50  WM 9257 442
30  WM 10290 397
10  SHC 10517 475
3
50  SHC 8951 533
30  SHC 9627 514
10  WM 9647 413
4
50  SHC 7872 552
30  WM 8102 420
10  WM 10572 426
5
50  WM 7746 354
30  SHC 8052 501
10  WM 8813 396
6
50  SHC 6757 549
30  WM 9098 366
10  SHC 11721 476
7
50  WM 7315 362
30  SHC 7710 459
10  SHC 7723 479
8
50  WM 6781 429
30  SHC 7306 502
10  SHC 7419 497
9
50  WM 2723 424
30  SHC 3479 481
10  SHC 3513 528
10
50  WM 2822 399
30  SHC 3037 565
10  SHC 3619 471
11
50  SHC 2143 564
30  WM 2259 410
10  SHC 2346 491
12
50  WM 1872 422
30  WM 2007 398
10  WM 2278 393
13
50  SHC 3514 492
30  SHC 3799 547
10  SHC 3929 522
14
50  WM 3604 344
30  WM 3605 370
10  WM 3615 442
15
50  WM 3354 413
30  SHC 3479 533
10  SHC 3687 514
16
50  SHC 3036 552
30  WM 3172 419
10  WM 3212 420
17
50  WM 6889 447
30  SHC 7129 546
10  SHC 7729 478
18
50  WM 6745 449
30  SHC 7143 493
10  WM 7763 417
19
50  WM 6491 362
30  SHC 6655 479
10  WM 6744 395
20
50  SHC 5949 490
30  SHC 6294 497
10  WM 6571 418
21
50  SHC 2812 540
30  SHC 3757 481
10  WM 3807 424
22
50  SHC 3253 565
30  WM 3663 399
10  WM 3854 438
23
50  SHC 2502 564
30  SHC 2827 554
10  SHC 2833 553
24
50  WM 2235 422
30  WM 2456 398
10  SHC 2900 464
25
50  SHC 2013 550
30  SHC 2044 513
10  SHC 2203 547
26
50  WM 1956 357
30  WM 2032 442
10  WM 2334 364
27
50  SHC 4386 533
30  WM 4469 421
10  SHC 4756 487
28
50  WM 3978 419
30  WM 4551 426
10  SHC 4765 451
29
50  SHC 3509 546
30  WM 3591 447
10  WM 3647 354
30
50  WM 3774 449
30  WM 4159 366
10  SHC 4305 493
31
80  WM 3342 362
40  WM 3633 395
0  SHC 3706 558
32
80  SHC 3169 502
40  SHC 3619 526
0  WM 4063 339
33
80  SHC 2923 554
40  SHC 2977 491
0  SHC 2997 540
34
80  WM 2535 422
40  WM 3318 434
0  SHC 3849 511
35
50  SHC 1906 463
30  WM 2172 368
10  WM 2301 435
36
50  WM 1782 370
30  WM 1856 344
10  SHC 2075 537
37
50  WM 3887 413
30  SHC 4158 514
10  WM 4606 392
38
50  SHC 3333 552
30  WM 3441 419
10  SHC 4793 525
39
50  SHC 3290 501
30  SHC 3653 546
10  WM 3809 447
40
50  SHC 2951 549
30  SHC 3667 493
41
50  SHC 3356 459
30  SHC 3443 479
42
50  WM 2804 429
30  SHC 2906 490
10  SHC 3016 502
43
50  WM 2913 410
30  SHC 3154 553
10  SHC 3207 469
44
50  WM 3271 398
30  WM 3397 373
10  SHC 3788 464
45
50  SHC 2141 550
30  SHC 2513 522
10  SHC 2620 524
46
50  SHC 2295 475
30  WM 2401 397
10  WM 2450 361
47
50  SHC 5463 482
30  WM 5535 342
10  SHC 5543 515
48
50  WM 4140 420
30  SHC 5134 542
10  SHC 5643 466
49
50  WM 3902 354
30  WM 4207 396
10  WM 4446 428
50
50  SHC 3461 549
30  WM 4287 449
10  WM 5900 406
51
50  SHC 4114 458
30  WM 4555 382
10  SHC 4837 489
52
50  WM 3656 429
30  SHC 3760 490
10  SHC 3804 497
53
50  SHC 16298 1670
30  WM 18189 1662
54
50  WM 11382 1658
55
50  SHC 14927 1665
56
50  SHC 18851 1666
57
50  SHC 18766 1667
59
50  WM 14150 1660
61
50  WM 14309 1661
SCORE:SHC,WM,2660,2500,16.0
