SL-AND
1
50  AND 9931 1090
30  AND 10053 1040
10  AND 10600 1107
2
50  SL 8346 2877
30  SL 8361 2923
10  AND 15182 1134
3
50  AND 8533 1041
30  SL 8950 2918
10  SL 9075 2884
4
50  AND 8178 1089
30  AND 8422 1120
10  SL 9534 2909
5
50  SL 7340 2901
30  AND 7363 1095
10  SL 7391 2928
6
50  SL 7120 2921
30  SL 7529 2886
10  SL 7588 2883
7
50  AND 7909 1094
30  AND 9389 1155
8
50  SL 7163 2917
30  AND 8629 1101
9
50  AND 4037 1072
30  AND 4153 1046
10  AND 4725 1149
10
50  AND 3468 1139
30  SL 4113 2913
10  AND 4798 1146
11
50  SL 1652 2876
30  SL 1699 2908
10  SL 1840 2885
12
50  SL 1650 2874
30  AND 2387 1066
10  SL 2522 2922
13
50  AND 3820 1054
30  AND 3843 1107
10  AND 4206 1171
14
50  SL 3409 2923
30  AND 4141 1080
10  SL 4400 2894
15
50  SL 3377 2884
30  AND 3380 1122
10  AND 3537 1059
16
50  SL 3384 2909
30  AND 3513 1079
10  SL 3680 2880
17
50  SL 6280 2928
30  AND 6284 1121
10  AND 6286 1095
18
50  SL 6249 2921
30  SL 6403 2883
10  SL 7270 2932
19
50  AND 7168 1108
30  AND 7177 1137
10  AND 7929 1113
20
50  AND 5943 1125
30  SL 5976 2917
10  AND 7119 1116
21
50  AND 4686 1072
30  AND 4868 1174
10  AND 5023 1170
22
50  AND 4911 1139
30  AND 4974 1143
10  AND 6090 1146
23
50  SL 1968 2876
30  SL 2090 2908
10  SL 2282 2885
24
50  SL 2070 2874
30  AND 2843 1066
10  AND 3783 1070
25
50  AND 2055 1044
30  AND 2282 1171
10  AND 2349 1073
26
50  SL 1912 2877
30  SL 2043 2899
10  SL 2310 2894
27
50  AND 3713 1122
30  AND 4077 1041
10  SL 4425 2918
28
50  AND 3865 1120
30  SL 4029 2909
10  AND 4801 1053
29
50  SL 3388 2928
30  AND 3901 1068
10  AND 4043 1124
30
50  SL 3439 2883
30  SL 4214 2932
10  AND 4322 1127
31
80  AND 3907 1108
40  AND 4229 1113
0  AND 4313 1155
32
80  AND 3183 1125
40  SL 3410 2917
0  AND 3636 1118
33
80  SL 1860 2876
40  SL 2121 2908
0  SL 2362 2885
34
80  SL 2033 2874
35
50  AND 1935 1090
30  AND 1953 1040
10  AND 2132 1054
36
50  SL 1757 2877
30  SL 2149 2899
10  AND 2289 1035
37
50  AND 3932 1122
30  AND 3956 1059
10  SL 4031 2920
38
50  AND 3591 1089
30  AND 3613 1120
10  SL 4922 2909
39
50  AND 3193 1121
30  AND 3229 1095
10  SL 3265 2928
40
50  AND 3823 1045
30  AND 4450 1100
10  SL 4456 2932
41
50  AND 3548 1137
30  AND 4334 1162
10  AND 4565 1113
42
50  SL 2859 2917
30  AND 3808 1116
43
50  SL 2284 2876
30  SL 2790 2885
10  AND 3225 1034
44
50  SL 2286 2874
45
50  AND 2051 1044
30  AND 2537 1054
10  AND 2609 1171
46
50  SL 1938 2923
30  SL 2446 2899
10  AND 2599 1077
47
50  AND 4259 1041
30  SL 4651 2912
10  SL 4742 2918
48
50  AND 4420 1089
30  AND 5038 1079
10  AND 5982 1053
49
50  SL 3903 2901
30  AND 4009 1121
10  SL 4117 2916
50
50  SL 3447 2921
30  SL 3884 2904
10  AND 4404 1081
51
50  AND 4211 1094
30  AND 4288 1108
10  AND 4814 1097
52
50  AND 4413 1101
53
50  SL 23862 1969
54
50  AND 11193 1724
30  SL 11727 1961
55
50  AND 16214 1726
30  SL 20788 1963
56
50  SL 15044 1965
30  AND 19643 1728
57
50  SL 15791 1966
30  AND 20541 1729
59
50  AND 14394 1731
30  SL 15156 1967
60
50  SL 12371 1968
61
50  AND 12242 1732
SCORE:SL,AND,2340,2860,-52.0
