SL-CVST
1
50  CVST 11587 2418
30  SL 11744 2907
10  CVST 13418 2455
2
50  SL 8346 2877
30  SL 8361 2923
10  CVST 12734 2437
3
50  SL 8950 2918
30  SL 9075 2884
10  SL 9347 2920
4
50  SL 9534 2909
30  CVST 9787 2472
10  CVST 10762 2415
5
50  SL 7340 2901
30  SL 7391 2928
10  CVST 8095 2417
6
50  SL 7120 2921
30  SL 7529 2886
10  SL 7588 2883
7
50  CVST 8300 2486
30  CVST 9113 2471
10  CVST 9977 2428
8
50  CVST 7131 2460
30  SL 7163 2917
9
50  CVST 5503 2431
30  SL 5934 2911
10  SL 5950 2896
10
50  CVST 4087 2450
30  SL 4113 2913
10  SL 4840 2875
11
50  SL 1652 2876
30  SL 1699 2908
10  SL 1840 2885
12
50  SL 1650 2874
30  CVST 2072 2430
10  CVST 2494 2479
13
50  CVST 4397 2469
30  SL 4839 2905
10  CVST 4878 2455
14
50  SL 3409 2923
30  CVST 4356 2416
10  SL 4400 2894
15
50  SL 3377 2884
30  SL 3550 2920
10  SL 3600 2918
16
50  SL 3384 2909
30  SL 3680 2880
10  CVST 3974 2415
17
50  SL 6280 2928
30  SL 6354 2901
10  CVST 7332 2417
18
50  SL 6249 2921
30  SL 6403 2883
10  SL 7270 2932
19
50  CVST 7231 2447
30  CVST 7352 2486
10  CVST 7602 2467
20
50  SL 5976 2917
30  CVST 6471 2460
10  CVST 7039 2475
22
50  CVST 7122 2450
23
50  SL 1968 2876
30  SL 2090 2908
10  SL 2282 2885
24
50  SL 2070 2874
30  CVST 2544 2430
10  CVST 3310 2453
25
50  SL 2450 2907
30  CVST 2453 2418
10  SL 2592 2905
26
50  SL 1912 2877
30  SL 2043 2899
10  SL 2310 2894
27
50  SL 4425 2918
30  SL 4534 2897
10  SL 4710 2912
28
50  SL 4029 2909
30  CVST 4787 2472
10  CVST 5099 2408
29
50  SL 3388 2928
30  CVST 4394 2454
10  CVST 4825 2423
30
50  SL 3439 2883
30  SL 4214 2932
10  SL 4382 2904
31
80  CVST 3768 2467
40  CVST 4033 2447
0  CVST 4566 2428
32
80  SL 3410 2917
40  CVST 3903 2443
0  CVST 3967 2475
33
80  SL 1860 2876
40  SL 2121 2908
0  SL 2362 2885
34
80  SL 2033 2874
40  CVST 2670 2430
35
50  CVST 2464 2418
30  SL 2492 2907
10  SL 2657 2905
36
50  SL 1757 2877
30  SL 2149 2899
10  SL 2374 2894
37
50  SL 4031 2920
30  SL 5065 2897
10  CVST 5131 2463
38
50  SL 4922 2909
30  CVST 5369 2472
10  CVST 5604 2415
39
50  SL 3265 2928
30  SL 3427 2901
10  CVST 3459 2417
40
50  SL 4456 2932
30  CVST 4744 2480
10  CVST 5309 2458
41
50  CVST 3789 2486
30  CVST 3790 2447
10  CVST 3822 2467
42
50  SL 2859 2917
30  CVST 4069 2475
10  CVST 4834 2407
43
50  SL 2284 2876
30  SL 2790 2885
10  CVST 3090 2433
44
50  SL 2286 2874
30  CVST 3410 2429
45
50  CVST 2777 2478
30  CVST 2878 2469
10  SL 2892 2907
46
50  SL 1938 2923
30  SL 2446 2899
10  CVST 2589 2437
47
50  SL 4651 2912
30  SL 4742 2918
10  SL 5238 2920
48
50  CVST 5286 2408
30  CVST 6513 2481
10  SL 6701 2931
49
50  SL 3903 2901
30  SL 4117 2916
10  CVST 4415 2417
50
50  SL 3447 2921
30  SL 3884 2904
10  CVST 4978 2480
51
50  CVST 4631 2471
30  CVST 5069 2456
10  CVST 5203 2428
52
50  CVST 3446 2460
30  CVST 5103 2443
53
50  SL 23862 1969
54
50  CVST 9359 1890
30  SL 11727 1961
55
50  CVST 19053 1892
30  SL 20788 1963
56
50  SL 15044 1965
30  CVST 18637 1894
57
50  SL 15791 1966
30  CVST 17503 1896
58
50  CVST 17620 1898
59
50  SL 15156 1967
30  CVST 17112 1900
60
50  SL 12371 1968
30  CVST 15547 1901
61
50  CVST 12697 1902
SCORE:SL,CVST,3230,2040,119.0
