SL-CCC
1
50  CCC 9365 2014
30  SL 11744 2907
2
50  SL 8346 2877
30  SL 8361 2923
10  CCC 10441 2005
3
50  SL 8950 2918
30  SL 9075 2884
10  SL 9347 2920
4
50  CCC 8866 2012
30  CCC 9346 2027
10  SL 9534 2909
5
50  SL 7340 2901
30  SL 7391 2928
10  CCC 7445 2031
6
50  SL 7120 2921
30  SL 7529 2886
10  SL 7588 2883
7
50  CCC 7696 1992
30  CCC 8435 2028
10  CCC 8545 1998
8
50  SL 7163 2917
30  CCC 7524 2002
9
50  CCC 3709 1996
30  CCC 3804 2009
10  SL 5934 2911
10
50  SL 4113 2913
30  SL 4840 2875
11
50  SL 1652 2876
30  SL 1699 2908
10  SL 1840 2885
12
50  CCC 1634 2020
30  SL 1650 2874
10  SL 2522 2922
13
50  CCC 4404 1995
30  CCC 4490 2006
10  SL 4839 2905
14
50  SL 3409 2923
30  CCC 4125 2019
10  SL 4400 2894
15
50  SL 3377 2884
30  SL 3550 2920
10  SL 3600 2918
16
50  SL 3384 2909
30  CCC 3407 2012
10  SL 3680 2880
17
50  SL 6280 2928
30  SL 6354 2901
10  SL 8231 2915
18
50  SL 6249 2921
30  SL 6403 2883
10  SL 7270 2932
19
50  CCC 7116 1992
30  CCC 7469 2028
10  CCC 7747 1998
20
50  SL 5976 2917
30  CCC 6632 2002
10  SL 7788 2925
21
50  CCC 4272 1996
30  CCC 6403 2016
10  CCC 7363 1999
23
50  SL 1968 2876
30  SL 2090 2908
10  SL 2282 2885
24
50  SL 2070 2874
30  SL 4209 2878
10  CCC 4210 2000
25
50  SL 2450 2907
30  SL 2592 2905
10  CCC 2734 1995
26
50  SL 1912 2877
30  CCC 1947 2005
10  SL 2043 2899
27
50  SL 4425 2918
30  SL 4534 2897
10  SL 4710 2912
28
50  SL 4029 2909
30  CCC 4247 2012
10  SL 5410 2880
29
50  SL 3388 2928
30  CCC 3810 2030
10  CCC 4488 2018
30
50  SL 3439 2883
30  SL 4214 2932
10  SL 4382 2904
31
80  CCC 3662 1992
40  CCC 3813 1998
0  CCC 4203 2013
32
80  SL 3410 2917
40  SL 5208 2925
33
80  SL 1860 2876
40  SL 2121 2908
0  CCC 2228 2026
34
80  SL 2033 2874
35
50  CCC 1819 2014
30  SL 2492 2907
10  SL 2657 2905
36
50  SL 1757 2877
30  CCC 1891 2005
10  SL 2149 2899
37
50  SL 4031 2920
30  CCC 4146 1991
10  SL 5065 2897
38
50  CCC 4041 2027
30  CCC 4268 2012
10  SL 4922 2909
39
50  SL 3265 2928
30  SL 3427 2901
10  CCC 3515 2031
40
50  SL 4456 2932
41
50  CCC 3413 1992
30  CCC 3736 2028
10  CCC 3934 1998
42
50  SL 2859 2917
43
50  SL 2284 2876
30  SL 2790 2885
10  CCC 3622 2024
44
50  SL 2286 2874
45
50  CCC 2209 2014
30  CCC 2592 1995
10  CCC 2700 2006
46
50  SL 1938 2923
30  SL 2446 2899
10  CCC 3109 1997
47
50  SL 4651 2912
30  SL 4742 2918
10  CCC 5041 1991
48
50  CCC 5066 2027
30  SL 6701 2931
10  SL 6857 2880
49
50  CCC 3880 2031
30  SL 3903 2901
10  SL 4117 2916
50
50  SL 3447 2921
30  SL 3884 2904
51
50  CCC 4305 2028
30  CCC 4529 2013
10  CCC 4956 1990
53
50  SL 23862 1969
54
50  SL 11727 1961
30  CCC 11834 1834
55
50  CCC 19756 1835
30  SL 20788 1963
56
50  SL 15044 1965
30  CCC 20399 1836
57
50  SL 15791 1966
59
50  SL 15156 1967
60
50  SL 12371 1968
SCORE:SL,CCC,3160,1700,146.0
