SL-CR
1
50  CR 11712 3318
30  SL 11744 2907
10  CR 12022 3334
2
50  SL 8346 2877
30  SL 8361 2923
10  CR 13265 3320
3
50  SL 8950 2918
30  SL 9075 2884
10  CR 9232 3319
4
50  CR 8600 3475
30  SL 9534 2909
10  CR 10240 3470
5
50  SL 7340 2901
30  SL 7391 2928
10  CR 8527 3299
6
50  SL 7120 2921
30  SL 7529 2886
10  SL 7588 2883
7
50  CR 9051 3476
8
50  CR 6896 3314
30  SL 7163 2917
10  CR 7457 3298
9
50  CR 2966 3340
30  CR 2986 3297
10  CR 3035 3342
10
50  CR 3769 3292
30  SL 4113 2913
10  CR 4727 3291
11
50  SL 1652 2876
30  SL 1699 2908
10  SL 1840 2885
12
50  SL 1650 2874
30  CR 2227 3313
10  SL 2522 2922
13
50  CR 4676 3318
30  SL 4839 2905
10  CR 4850 3321
14
50  SL 3409 2923
30  SL 4400 2894
10  CR 4819 3320
15
50  SL 3377 2884
30  CR 3501 3319
10  SL 3550 2920
16
50  CR 3247 3475
30  SL 3384 2909
10  CR 3667 3315
17
50  SL 6280 2928
30  SL 6354 2901
10  CR 7574 3299
18
50  SL 6249 2921
30  SL 6403 2883
10  SL 7270 2932
19
50  CR 8297 3476
20
50  SL 5976 2917
30  CR 6211 3314
10  CR 6259 3298
21
50  CR 3135 3340
30  CR 3330 3342
10  CR 3584 3297
23
50  SL 1968 2876
30  SL 2090 2908
10  SL 2282 2885
24
50  SL 2070 2874
30  CR 2928 3313
10  SL 4209 2878
25
50  CR 2378 3334
30  SL 2450 2907
10  CR 2545 3321
26
50  SL 1912 2877
30  SL 2043 2899
10  SL 2310 2894
27
50  CR 4382 3319
30  SL 4425 2918
10  SL 4534 2897
28
50  CR 3958 3475
30  SL 4029 2909
10  CR 4915 3315
29
50  SL 3388 2928
30  CR 3934 3299
10  SL 4860 2902
30
50  SL 3439 2883
30  SL 4214 2932
10  SL 4382 2904
31
80  CR 4231 3476
32
80  CR 3125 3314
40  SL 3410 2917
0  SL 5208 2925
33
80  SL 1860 2876
40  SL 2121 2908
0  SL 2362 2885
34
80  SL 2033 2874
40  CR 3214 3313
35
50  CR 2349 3321
30  SL 2492 2907
10  CR 2500 3334
36
50  SL 1757 2877
30  SL 2149 2899
10  SL 2374 2894
37
50  SL 4031 2920
30  SL 5065 2897
38
50  CR 3709 3475
30  CR 4460 3470
10  SL 4922 2909
39
50  SL 3265 2928
30  SL 3427 2901
10  CR 4012 3299
40
50  SL 4456 2932
41
50  CR 3916 3476
42
50  SL 2859 2917
30  CR 3003 3298
43
50  SL 2284 2876
30  SL 2790 2885
10  CR 3545 3332
44
50  SL 2286 2874
45
50  CR 2738 3321
30  SL 2892 2907
10  CR 3376 3318
46
50  SL 1938 2923
30  SL 2446 2899
10  CR 2711 3301
47
50  SL 4651 2912
30  SL 4742 2918
10  CR 4747 3319
48
50  CR 6163 3312
30  SL 6701 2931
10  SL 6857 2880
49
50  SL 3903 2901
30  SL 4117 2916
10  SL 4626 2902
50
50  SL 3447 2921
30  SL 3884 2904
52
50  CR 3675 3314
30  CR 3995 3298
53
50  SL 23862 1969
54
50  SL 11727 1961
30  CR 12468 2010
55
50  SL 20788 1963
56
50  SL 15044 1965
57
50  SL 15791 1966
58
50  CR 15619 2063
59
50  SL 15156 1967
30  CR 17846 2014
60
50  SL 12371 1968
SCORE:SL,CR,3020,1780,124.0
