SL-CH
1
50  CH 9387 3108
30  CH 9994 3070
10  CH 10944 3066
2
50  SL 8346 2877
30  SL 8361 2923
10  CH 13943 3123
3
50  CH 8038 3083
30  SL 8950 2918
10  SL 9075 2884
4
50  SL 9534 2909
30  CH 10107 3111
10  CH 10791 3081
5
50  SL 7340 2901
30  SL 7391 2928
10  CH 8338 3086
6
50  SL 7120 2921
30  SL 7529 2886
10  SL 7588 2883
8
50  SL 7163 2917
30  CH 9731 3107
10  CH 9974 3102
9
50  CH 2656 3080
30  CH 3053 3062
10  CH 3434 3118
10
50  CH 2587 3076
30  CH 3566 3067
10  CH 3896 3117
11
50  SL 1652 2876
30  SL 1699 2908
10  SL 1840 2885
12
50  SL 1650 2874
30  CH 2153 3119
10  SL 2522 2922
13
50  CH 3818 3108
30  CH 3875 3070
10  CH 4100 3066
14
50  SL 3409 2923
30  SL 4400 2894
10  CH 5110 3074
15
50  CH 3274 3083
30  SL 3377 2884
10  SL 3550 2920
16
50  SL 3384 2909
30  SL 3680 2880
10  CH 4012 3111
17
50  SL 6280 2928
30  SL 6354 2901
10  CH 7585 3086
18
50  SL 6249 2921
30  SL 6403 2883
10  CH 7168 3085
20
50  SL 5976 2917
30  SL 7788 2925
10  CH 8722 3107
21
50  CH 3358 3062
30  CH 3632 3080
10  CH 4530 3118
22
50  CH 4122 3076
30  CH 5985 3117
10  CH 6728 3109
23
50  SL 1968 2876
30  SL 2090 2908
10  SL 2282 2885
24
50  SL 2070 2874
30  CH 3088 3119
10  CH 3578 3110
25
50  CH 2178 3108
30  CH 2381 3121
10  SL 2450 2907
26
50  SL 1912 2877
30  SL 2043 2899
10  SL 2310 2894
27
50  CH 3922 3083
30  SL 4425 2918
10  SL 4534 2897
28
50  SL 4029 2909
30  CH 4947 3073
10  CH 4950 3111
29
50  SL 3388 2928
30  CH 3618 3086
10  SL 4860 2902
30
50  SL 3439 2883
30  SL 4214 2932
10  SL 4382 2904
32
80  SL 3410 2917
40  CH 5087 3107
0  SL 5208 2925
33
80  SL 1860 2876
40  SL 2121 2908
0  SL 2362 2885
34
80  SL 2033 2874
40  CH 2778 3119
35
50  CH 1913 3066
30  CH 1999 3108
10  CH 2381 3121
36
50  SL 1757 2877
30  SL 2149 2899
10  SL 2374 2894
37
50  CH 3868 3083
30  SL 4031 2920
10  CH 4818 3088
38
50  SL 4922 2909
30  CH 5581 3111
10  SL 5777 2880
39
50  SL 3265 2928
30  SL 3427 2901
10  CH 3546 3086
40
50  CH 4072 3085
30  SL 4456 2932
42
50  SL 2859 2917
30  CH 4947 3107
43
50  SL 2284 2876
30  SL 2790 2885
10  CH 3694 3120
44
50  SL 2286 2874
30  CH 4025 3119
45
50  CH 2458 3070
30  CH 2618 3089
10  CH 2705 3082
46
50  SL 1938 2923
30  SL 2446 2899
47
50  SL 4651 2912
30  SL 4742 2918
10  SL 5238 2920
48
50  SL 6701 2931
30  CH 6846 3060
10  SL 6857 2880
49
50  SL 3903 2901
30  SL 4117 2916
10  SL 4626 2902
50
50  SL 3447 2921
30  SL 3884 2904
10  CH 5263 3095
52
50  CH 4908 3102
53
50  CH 14214 1989
30  SL 23862 1969
54
50  SL 11727 1961
30  CH 12912 1982
55
50  CH 17409 1984
30  SL 20788 1963
56
50  SL 15044 1965
30  CH 25353 1985
57
50  SL 15791 1966
30  CH 18681 1986
58
50  CH 21965 1987
59
50  SL 15156 1967
60
50  SL 12371 1968
30  CH 15906 1988
SCORE:SL,CH,2920,1900,102.0
