SL-FR
1
50  FR 9756 1771
30  FR 11123 1757
10  SL 11744 2907
2
50  SL 8346 2877
30  SL 8361 2923
10  FR 14198 1805
3
50  SL 8950 2918
30  SL 9075 2884
10  FR 9077 1829
4
50  FR 7209 1825
30  SL 9534 2909
10  FR 10057 1800
5
50  SL 7340 2901
30  SL 7391 2928
10  FR 7641 1767
6
50  SL 7120 2921
30  SL 7529 2886
10  SL 7588 2883
7
50  FR 8011 1828
30  FR 9367 1769
10  FR 10173 1824
8
50  SL 7163 2917
30  FR 7819 1749
9
50  FR 4226 1823
30  FR 5019 1798
10  FR 5146 1762
10
50  SL 4113 2913
30  SL 4840 2875
10  FR 6518 1775
11
50  SL 1652 2876
30  SL 1699 2908
10  SL 1840 2885
12
50  SL 1650 2874
30  FR 2009 1740
10  FR 2057 1770
13
50  FR 4397 1757
30  FR 4501 1786
10  FR 4539 1741
14
50  SL 3409 2923
30  SL 4400 2894
10  FR 5036 1794
15
50  SL 3377 2884
30  FR 3487 1785
10  SL 3550 2920
16
50  FR 2909 1825
30  SL 3384 2909
10  SL 3680 2880
17
50  SL 6280 2928
30  SL 6354 2901
10  FR 8153 1833
18
50  SL 6249 2921
30  SL 6403 2883
10  SL 7270 2932
19
50  FR 6978 1828
30  FR 8397 1769
10  FR 8701 1824
20
50  SL 5976 2917
30  FR 7289 1748
10  SL 7788 2925
21
50  FR 4902 1798
30  FR 6624 1823
10  FR 7689 1755
22
50  FR 5597 1775
23
50  SL 1968 2876
30  SL 2090 2908
10  SL 2282 2885
24
50  SL 2070 2874
30  FR 2369 1740
10  FR 3435 1746
25
50  FR 2137 1771
30  SL 2450 2907
10  FR 2467 1799
26
50  SL 1912 2877
30  SL 2043 2899
10  SL 2310 2894
27
50  SL 4425 2918
30  FR 4456 1785
10  SL 4534 2897
28
50  SL 4029 2909
30  FR 4469 1826
10  FR 4849 1784
29
50  SL 3388 2928
30  FR 3559 1767
10  FR 4101 1833
30
50  SL 3439 2883
30  FR 4107 1781
10  SL 4214 2932
31
80  FR 3485 1765
40  FR 4595 1835
0  FR 4778 1812
32
80  SL 3410 2917
40  FR 3537 1749
0  FR 3950 1748
33
80  SL 1860 2876
40  SL 2121 2908
0  SL 2362 2885
34
80  SL 2033 2874
40  FR 2468 1740
0  FR 2562 1770
35
50  FR 2038 1771
30  FR 2295 1786
10  FR 2337 1757
36
50  SL 1757 2877
30  SL 2149 2899
10  SL 2374 2894
37
50  SL 4031 2920
30  FR 4082 1785
10  FR 4656 1829
38
50  FR 3378 1825
30  FR 4474 1784
10  SL 4922 2909
39
50  SL 3265 2928
30  FR 3359 1767
10  SL 3427 2901
40
50  FR 3883 1781
30  FR 3989 1756
10  FR 4378 1831
41
50  FR 3181 1765
30  FR 3494 1828
10  FR 4517 1769
42
50  SL 2859 2917
30  FR 3447 1749
43
50  SL 2284 2876
30  SL 2790 2885
10  FR 3201 1778
44
50  SL 2286 2874
30  FR 2806 1770
10  FR 4503 1746
45
50  FR 2412 1771
30  FR 2652 1741
10  FR 2765 1757
46
50  SL 1938 2923
30  SL 2446 2899
10  FR 2884 1794
47
50  FR 4369 1829
30  SL 4651 2912
10  SL 4742 2918
48
50  FR 3828 1825
30  FR 5026 1800
10  FR 5087 1826
49
50  SL 3903 2901
30  SL 4117 2916
10  FR 4196 1767
50
50  SL 3447 2921
30  SL 3884 2904
10  FR 4141 1781
51
50  FR 3700 1765
30  FR 4614 1769
10  FR 4743 1835
52
50  FR 4293 1748
53
50  SL 23862 1969
30  FR 30704 1814
54
50  FR 11241 1805
30  SL 11727 1961
55
50  SL 20788 1963
30  FR 23538 1808
56
50  SL 15044 1965
30  FR 25100 1809
57
50  FR 15370 1811
30  SL 15791 1966
58
50  FR 15968 1812
59
50  SL 15156 1967
60
50  SL 12371 1968
61
50  FR 12000 1813
SCORE:SL,FR,2790,2510,28.0
