SL-HSC
1
50  SL 11744 2907
30  HSC 12582 3422
2
50  SL 8346 2877
30  SL 8361 2923
10  HSC 13133 3465
3
50  SL 8950 2918
30  SL 9075 2884
10  SL 9347 2920
4
50  HSC 8441 3463
30  SL 9534 2909
5
50  SL 7340 2901
30  SL 7391 2928
10  HSC 7740 3466
6
50  SL 7120 2921
30  SL 7529 2886
10  SL 7588 2883
7
50  HSC 8442 3457
30  HSC 8729 3447
8
50  HSC 6592 3462
30  SL 7163 2917
10  HSC 7912 3461
9
50  HSC 5143 3442
30  HSC 5829 3441
10  SL 5934 2911
10
50  HSC 3999 3459
30  SL 4113 2913
10  SL 4840 2875
11
50  SL 1652 2876
30  SL 1699 2908
10  SL 1840 2885
12
50  SL 1650 2874
30  SL 2522 2922
10  SL 3010 2906
13
50  HSC 4509 3422
30  HSC 4704 3467
10  SL 4839 2905
14
50  SL 3409 2923
30  HSC 4084 3420
10  SL 4400 2894
15
50  SL 3377 2884
30  SL 3550 2920
10  SL 3600 2918
16
50  HSC 3251 3453
30  HSC 3253 3463
10  SL 3384 2909
17
50  SL 6280 2928
30  SL 6354 2901
10  HSC 6734 3466
18
50  SL 6249 2921
30  SL 6403 2883
10  HSC 6803 3423
19
50  HSC 7373 3448
30  HSC 7776 3447
20
50  HSC 5558 3462
30  HSC 5947 3460
10  SL 5976 2917
21
50  HSC 5788 3441
30  HSC 7357 3442
10  HSC 17095 3443
22
50  HSC 8421 3459
23
50  SL 1968 2876
30  SL 2090 2908
10  SL 2282 2885
24
50  SL 2070 2874
30  SL 4209 2878
10  HSC 4538 3452
25
50  SL 2450 2907
30  HSC 2488 3422
10  SL 2592 2905
26
50  SL 1912 2877
30  SL 2043 2899
10  SL 2310 2894
27
50  SL 4425 2918
30  SL 4534 2897
10  SL 4710 2912
28
50  SL 4029 2909
30  HSC 4294 3421
10  HSC 4380 3453
29
50  SL 3388 2928
30  HSC 3789 3444
10  SL 4860 2902
30
50  SL 3439 2883
30  HSC 3802 3446
10  HSC 3893 3423
31
80  HSC 3913 3448
40  HSC 4225 3447
32
80  SL 3410 2917
40  HSC 3721 3461
0  HSC 4294 3454
33
80  SL 1860 2876
40  SL 2121 2908
0  SL 2362 2885
34
80  SL 2033 2874
35
50  SL 2492 2907
30  SL 2657 2905
36
50  SL 1757 2877
30  SL 2149 2899
10  SL 2374 2894
37
50  SL 4031 2920
30  HSC 4920 3445
10  SL 5065 2897
38
50  HSC 4317 3453
30  SL 4922 2909
10  SL 5777 2880
39
50  SL 3265 2928
30  SL 3427 2901
10  HSC 3635 3424
40
50  HSC 3304 3446
30  HSC 3927 3423
10  SL 4456 2932
41
50  HSC 3312 3457
30  HSC 4225 3448
42
50  HSC 2639 3462
30  SL 2859 2917
10  HSC 2925 3460
43
50  SL 2284 2876
30  SL 2790 2885
10  HSC 2932 3430
44
50  SL 2286 2874
45
50  SL 2892 2907
30  HSC 3075 3440
10  SL 3801 2881
46
50  SL 1938 2923
30  SL 2446 2899
10  HSC 3058 3420
47
50  SL 4651 2912
30  SL 4742 2918
10  SL 5238 2920
48
50  HSC 4691 3463
30  HSC 5188 3435
10  HSC 6285 3421
49
50  SL 3903 2901
30  HSC 4065 3466
10  SL 4117 2916
50
50  SL 3447 2921
30  SL 3884 2904
10  HSC 4279 3423
51
50  HSC 4470 3448
30  HSC 4532 3457
52
50  HSC 3407 3460
30  HSC 3845 3454
10  HSC 4113 3461
53
50  SL 23862 1969
54
50  SL 11727 1961
55
50  SL 20788 1963
56
50  SL 15044 1965
30  HSC 19928 2040
57
50  SL 15791 1966
58
50  HSC 15277 2041
59
50  HSC 12869 2042
30  SL 15156 1967
60
50  SL 12371 1968
30  HSC 12747 2043
61
50  HSC 12104 2044
SCORE:SL,HSC,3090,2060,103.0
