SL-HH
1
50  HH 10833 2255
30  HH 10937 2250
10  HH 11558 2276
2
50  SL 8346 2877
30  SL 8361 2923
10  HH 11531 2218
3
50  HH 8407 2211
30  SL 8950 2918
10  SL 9075 2884
4
50  SL 9534 2909
30  HH 11712 2279
10  HH 11944 2266
5
50  SL 7340 2901
30  SL 7391 2928
10  HH 7706 2236
6
50  SL 7120 2921
30  SL 7529 2886
10  SL 7588 2883
7
50  HH 7733 2237
30  HH 8933 2246
10  HH 9082 2206
8
50  SL 7163 2917
30  HH 7209 2235
10  HH 8647 2270
9
50  HH 4109 2220
30  HH 5221 2214
10  SL 5934 2911
10
50  HH 3377 2222
30  HH 3744 2225
10  SL 4113 2913
11
50  SL 1652 2876
30  SL 1699 2908
10  SL 1840 2885
12
50  SL 1650 2874
30  SL 2522 2922
10  HH 2565 2260
13
50  HH 4202 2249
30  HH 4503 2255
10  SL 4839 2905
14
50  SL 3409 2923
30  SL 4400 2894
10  HH 4512 2221
15
50  HH 3227 2211
30  SL 3377 2884
10  SL 3550 2920
16
50  SL 3384 2909
30  SL 3680 2880
10  HH 3967 2266
17
50  SL 6280 2928
30  SL 6354 2901
10  HH 6947 2240
18
50  SL 6249 2921
30  SL 6403 2883
10  SL 7270 2932
19
50  HH 6752 2237
30  HH 7974 2206
10  HH 8820 2217
20
50  SL 5976 2917
30  HH 6551 2234
10  SL 7788 2925
21
50  HH 5075 2214
30  HH 5333 2220
22
50  HH 5363 2225
30  HH 5694 2222
10  HH 7483 2290
23
50  SL 1968 2876
30  SL 2090 2908
10  SL 2282 2885
24
50  SL 2070 2874
30  SL 4209 2878
10  HH 4215 2274
25
50  HH 2290 2255
30  HH 2331 2249
10  SL 2450 2907
26
50  SL 1912 2877
30  SL 2043 2899
10  SL 2310 2894
27
50  SL 4425 2918
30  SL 4534 2897
10  SL 4710 2912
28
50  SL 4029 2909
30  HH 4889 2248
10  HH 5064 2266
29
50  SL 3388 2928
30  HH 3628 2236
10  HH 3878 2223
30
50  SL 3439 2883
30  SL 4214 2932
10  SL 4382 2904
31
80  HH 3649 2237
40  HH 4100 2246
0  HH 4405 2217
32
80  SL 3410 2917
40  HH 3688 2235
0  HH 4219 2270
33
80  SL 1860 2876
40  SL 2121 2908
0  SL 2362 2885
34
80  SL 2033 2874
40  HH 4222 2260
0  HH 5513 2239
35
50  HH 1913 2263
30  HH 2028 2249
10  HH 2307 2250
36
50  SL 1757 2877
30  SL 2149 2899
10  SL 2374 2894
37
50  HH 3806 2211
30  SL 4031 2920
10  HH 4734 2285
38
50  SL 4922 2909
30  HH 5450 2268
10  HH 5463 2248
39
50  SL 3265 2928
30  SL 3427 2901
10  HH 3508 2240
40
50  SL 4456 2932
30  HH 4760 2269
10  HH 5189 2204
41
50  HH 3301 2237
30  HH 3977 2246
10  HH 4113 2206
42
50  SL 2859 2917
30  HH 3522 2234
10  HH 3852 2270
43
50  SL 2284 2876
30  SL 2790 2885
10  HH 4070 2198
44
50  SL 2286 2874
45
50  HH 2358 2250
30  HH 2470 2263
10  HH 2633 2276
46
50  SL 1938 2923
30  SL 2446 2899
10  HH 2822 2218
47
50  SL 4651 2912
30  SL 4742 2918
10  HH 4890 2285
48
50  SL 6701 2931
30  SL 6857 2880
49
50  HH 3832 2236
30  SL 3903 2901
10  SL 4117 2916
50
50  SL 3447 2921
30  SL 3884 2904
10  HH 5039 2271
51
50  HH 4534 2246
30  HH 6394 2199
52
50  HH 3701 2234
30  HH 3822 2235
10  HH 4650 2252
53
50  HH 18253 1874
30  SL 23862 1969
54
50  HH 11083 1862
30  SL 11727 1961
55
50  HH 17450 1864
30  SL 20788 1963
56
50  SL 15044 1965
30  HH 20332 1866
57
50  HH 15031 1868
30  SL 15791 1966
58
50  HH 18633 1869
59
50  HH 13502 1870
30  SL 15156 1967
60
50  SL 12371 1968
61
50  HH 12364 1873
SCORE:SL,HH,2940,2420,52.0
