SL-ML
1
50  ML 7733 3026
30  ML 8827 3040
10  SL 11744 2907
2
50  SL 8346 2877
30  SL 8361 2923
3
50  ML 7653 3039
30  ML 8387 3030
10  ML 8627 3021
4
50  SL 9534 2909
5
50  SL 7340 2901
30  SL 7391 2928
10  ML 7646 2976
6
50  SL 7120 2921
30  SL 7529 2886
10  SL 7588 2883
8
50  ML 6856 3009
30  SL 7163 2917
9
50  ML 2362 3027
30  ML 3564 3035
10  ML 3747 3038
10
50  ML 3708 3055
30  SL 4113 2913
10  ML 4282 3004
11
50  SL 1652 2876
30  SL 1699 2908
10  ML 1763 3018
12
50  SL 1650 2874
30  ML 1841 3057
10  ML 2006 3058
13
50  ML 4123 2974
30  SL 4839 2905
10  ML 4884 2994
14
50  ML 3347 3007
30  SL 3409 2923
10  ML 3845 3052
15
50  ML 3038 3039
30  ML 3094 2983
10  SL 3377 2884
16
50  SL 3384 2909
30  SL 3680 2880
10  ML 3797 3008
17
50  SL 6280 2928
30  SL 6354 2901
10  ML 6728 3025
18
50  SL 6249 2921
30  SL 6403 2883
10  SL 7270 2932
20
50  ML 5822 3009
30  SL 5976 2917
10  SL 7788 2925
21
50  ML 3140 3027
30  ML 4009 2975
10  ML 4740 3035
22
50  ML 5102 3004
30  ML 5881 3055
10  ML 6240 3033
23
50  SL 1968 2876
30  SL 2090 2908
10  SL 2282 2885
24
50  SL 2070 2874
30  ML 2428 3058
10  ML 2614 3057
25
50  ML 2282 2979
30  ML 2409 2974
10  SL 2450 2907
26
50  ML 1775 3007
30  SL 1912 2877
10  SL 2043 2899
27
50  ML 3468 3028
30  ML 3828 3030
10  ML 4069 3021
28
50  SL 4029 2909
30  ML 5208 3053
10  SL 5410 2880
29
50  SL 3388 2928
30  ML 3495 3025
10  ML 3766 2976
30
50  SL 3439 2883
30  SL 4214 2932
10  SL 4382 2904
32
80  ML 3295 3009
40  SL 3410 2917
0  SL 5208 2925
33
80  SL 1860 2876
40  SL 2121 2908
0  SL 2362 2885
34
80  SL 2033 2874
35
50  ML 1494 3026
30  ML 1822 3040
10  SL 2492 2907
36
50  SL 1757 2877
30  ML 1976 3007
10  SL 2149 2899
37
50  ML 3107 3028
30  ML 3506 3039
10  ML 3809 3030
38
50  ML 4734 3008
30  SL 4922 2909
10  ML 5303 3053
39
50  ML 3244 2976
30  SL 3265 2928
10  SL 3427 2901
40
50  SL 4456 2932
30  ML 4843 3006
42
50  SL 2859 2917
30  ML 2864 3009
43
50  SL 2284 2876
30  SL 2790 2885
10  ML 2798 3018
44
50  SL 2286 2874
30  ML 2996 2998
45
50  ML 1895 3026
30  ML 2352 3040
10  ML 2645 2974
46
50  SL 1938 2923
30  SL 2446 2899
10  ML 2939 3031
47
50  ML 3656 3028
30  ML 4203 2983
10  ML 4350 2999
48
50  ML 4858 3008
30  SL 6701 2931
10  SL 6857 2880
49
50  SL 3903 2901
30  SL 4117 2916
10  ML 4165 3025
50
50  SL 3447 2921
30  SL 3884 2904
10  ML 4115 3023
53
50  ML 16500 1973
30  SL 23862 1969
54
50  ML 9222 1974
30  SL 11727 1961
55
50  ML 16363 1977
30  SL 20788 1963
56
50  SL 15044 1965
30  ML 18044 1978
57
50  ML 12776 1980
30  SL 15791 1966
59
50  SL 15156 1967
60
50  SL 12371 1968
30  ML 14843 1981
SCORE:SL,ML,2410,2220,19.0
