SL-NJST
1
50  NJST 10050 3229
30  SL 11744 2907
2
50  SL 8346 2877
30  SL 8361 2923
10  NJST 11875 3221
3
50  NJST 7090 3206
30  NJST 7422 3238
10  NJST 8059 3224
4
50  SL 9534 2909
30  NJST 10567 3243
5
50  SL 7340 2901
30  SL 7391 2928
10  NJST 8025 3231
6
50  SL 7120 2921
30  SL 7529 2886
10  SL 7588 2883
7
50  NJST 7619 3234
30  NJST 8972 3211
10  NJST 9154 3240
8
50  SL 7163 2917
30  NJST 7947 3230
9
50  NJST 2247 3222
30  NJST 3979 3235
10  SL 5934 2911
10
50  SL 4113 2913
30  SL 4840 2875
11
50  SL 1652 2876
30  SL 1699 2908
10  SL 1840 2885
12
50  SL 1650 2874
30  NJST 2010 3225
10  SL 2522 2922
13
50  NJST 4263 3229
30  NJST 4753 3212
10  NJST 4789 3196
14
50  SL 3409 2923
30  NJST 4209 3226
10  SL 4400 2894
15
50  NJST 2836 3206
30  NJST 2929 3238
10  NJST 3194 3191
16
50  NJST 3353 3236
30  SL 3384 2909
10  SL 3680 2880
17
50  SL 6280 2928
30  SL 6354 2901
10  SL 8231 2915
18
50  SL 6249 2921
30  SL 6403 2883
10  SL 7270 2932
19
50  NJST 6731 3234
30  NJST 7723 3240
10  NJST 8363 3211
20
50  SL 5976 2917
30  SL 7788 2925
21
50  NJST 2794 3222
30  NJST 5043 3235
23
50  SL 1968 2876
30  SL 2090 2908
10  SL 2282 2885
24
50  SL 2070 2874
30  NJST 2287 3225
10  NJST 3470 3192
25
50  NJST 2256 3212
30  NJST 2372 3196
10  SL 2450 2907
26
50  SL 1912 2877
30  SL 2043 2899
10  SL 2310 2894
27
50  NJST 3425 3213
30  NJST 3872 3191
10  SL 4425 2918
28
50  SL 4029 2909
30  NJST 4575 3236
10  NJST 5369 3214
29
50  SL 3388 2928
30  NJST 3852 3231
10  SL 4860 2902
30
50  SL 3439 2883
30  SL 4214 2932
10  SL 4382 2904
31
80  NJST 3781 3234
40  NJST 4162 3211
32
80  SL 3410 2917
40  NJST 3987 3230
0  SL 5208 2925
33
80  SL 1860 2876
40  SL 2121 2908
0  SL 2362 2885
34
80  SL 2033 2874
35
50  NJST 2103 3229
30  SL 2492 2907
10  NJST 2528 3196
36
50  SL 1757 2877
30  NJST 2091 3226
10  SL 2149 2899
37
50  NJST 3407 3206
30  NJST 3522 3238
10  NJST 3778 3224
38
50  SL 4922 2909
30  SL 5777 2880
10  SL 6623 2931
39
50  SL 3265 2928
30  SL 3427 2901
10  NJST 3557 3231
40
50  SL 4456 2932
41
50  NJST 3315 3234
30  NJST 4063 3240
42
50  SL 2859 2917
30  NJST 3604 3230
43
50  SL 2284 2876
30  SL 2790 2885
10  NJST 3128 3219
44
50  SL 2286 2874
30  NJST 3275 3225
10  NJST 4603 3205
45
50  NJST 2662 3194
30  SL 2892 2907
10  SL 3801 2881
46
50  SL 1938 2923
30  SL 2446 2899
10  NJST 3038 3221
47
50  NJST 4290 3224
30  SL 4651 2912
10  SL 4742 2918
48
50  NJST 5291 3214
30  NJST 5836 3236
10  SL 6701 2931
49
50  SL 3903 2901
30  SL 4117 2916
10  NJST 4193 3231
50
50  SL 3447 2921
30  SL 3884 2904
51
50  NJST 4359 3211
30  NJST 4675 3240
52
50  NJST 3787 3230
53
50  SL 23862 1969
54
50  NJST 10675 1997
30  SL 11727 1961
55
50  NJST 19643 1998
30  SL 20788 1963
56
50  SL 15044 1965
30  NJST 22728 1999
57
50  NJST 12482 2000
30  SL 15791 1966
58
50  NJST 18127 2002
59
50  SL 15156 1967
60
50  SL 12371 1968
SCORE:SL,NJST,2820,2190,63.0
