SL-OMST
1
50  OMST 11741 3251
30  SL 11744 2907
2
50  OMST 8160 3253
30  SL 8346 2877
10  SL 8361 2923
3
50  OMST 8244 3275
30  SL 8950 2918
10  SL 9075 2884
4
50  SL 9534 2909
30  OMST 12479 3247
5
50  SL 7340 2901
30  SL 7391 2928
10  OMST 7843 3258
6
50  SL 7120 2921
30  SL 7529 2886
10  SL 7588 2883
7
50  OMST 7093 3269
30  OMST 7725 3285
8
50  OMST 6319 3274
30  SL 7163 2917
9
50  OMST 4425 3259
30  SL 5934 2911
10  SL 5950 2896
10
50  SL 4113 2913
30  SL 4840 2875
10  OMST 6597 3248
11
50  SL 1652 2876
30  SL 1699 2908
10  SL 1840 2885
12
50  SL 1650 2874
30  SL 2522 2922
10  OMST 2603 3284
13
50  SL 4839 2905
30  OMST 5372 3268
10  SL 5380 2881
14
50  SL 3409 2923
30  OMST 3975 3261
10  OMST 4353 3256
15
50  SL 3377 2884
30  OMST 3544 3279
10  SL 3550 2920
16
50  SL 3384 2909
30  OMST 3447 3266
10  SL 3680 2880
17
50  SL 6280 2928
30  SL 6354 2901
10  SL 8231 2915
18
50  SL 6249 2921
30  SL 6403 2883
10  OMST 7259 3257
19
50  OMST 6744 3285
20
50  SL 5976 2917
30  OMST 7432 3288
10  SL 7788 2925
21
50  OMST 4632 3259
23
50  SL 1968 2876
30  SL 2090 2908
10  SL 2282 2885
24
50  SL 2070 2874
30  OMST 3206 3284
10  SL 4209 2878
25
50  OMST 2406 3251
30  SL 2450 2907
10  SL 2592 2905
26
50  OMST 1790 3253
30  SL 1912 2877
10  SL 2043 2899
27
50  OMST 3878 3275
30  SL 4425 2918
10  SL 4534 2897
28
50  SL 4029 2909
30  SL 5410 2880
10  OMST 5844 3283
29
50  SL 3388 2928
30  OMST 3722 3258
10  OMST 4518 3271
30
50  SL 3439 2883
30  OMST 4116 3263
10  SL 4214 2932
31
80  OMST 3750 3285
32
80  SL 3410 2917
40  OMST 4363 3288
0  SL 5208 2925
33
80  SL 1860 2876
40  SL 2121 2908
0  SL 2362 2885
34
80  SL 2033 2874
35
50  SL 2492 2907
30  OMST 2550 3251
10  SL 2657 2905
36
50  OMST 1563 3253
30  SL 1757 2877
10  SL 2149 2899
37
50  SL 4031 2920
30  OMST 4713 3279
10  SL 5065 2897
38
50  SL 4922 2909
30  SL 5777 2880
10  OMST 6100 3283
39
50  SL 3265 2928
30  SL 3427 2901
10  OMST 3721 3258
40
50  OMST 3669 3257
30  SL 4456 2932
41
50  OMST 3053 3269
42
50  OMST 2766 3274
30  SL 2859 2917
10  OMST 4310 3288
43
50  SL 2284 2876
30  SL 2790 2885
10  OMST 4881 3260
44
50  SL 2286 2874
30  OMST 3195 3284
45
50  SL 2892 2907
30  SL 3801 2881
46
50  SL 1938 2923
30  SL 2446 2899
10  OMST 2777 3246
47
50  OMST 4560 3275
30  SL 4651 2912
10  SL 4742 2918
48
50  OMST 4907 3266
30  OMST 5397 3249
10  OMST 6220 3247
49
50  SL 3903 2901
30  SL 4117 2916
10  SL 4626 2902
50
50  SL 3447 2921
30  SL 3884 2904
10  OMST 6900 3273
51
50  OMST 3703 3269
52
50  OMST 3415 3274
53
50  SL 23862 1969
54
50  SL 11727 1961
30  OMST 12837 2003
55
50  SL 20788 1963
30  OMST 27406 2004
56
50  SL 15044 1965
30  OMST 16499 2005
57
50  SL 15791 1966
58
50  OMST 17262 2007
59
50  SL 15156 1967
30  OMST 15246 2008
60
50  SL 12371 1968
61
50  OMST 12078 2009
SCORE:SL,OMST,3080,1850,123.0
