SL-RW
1
50  RW 10009 718
30  RW 11222 768
10  SL 11744 2907
2
50  SL 8346 2877
30  SL 8361 2923
10  RW 8968 753
3
50  SL 8950 2918
30  RW 8982 725
10  SL 9075 2884
4
50  SL 9534 2909
30  RW 10600 736
5
50  SL 7340 2901
30  SL 7391 2928
10  RW 7908 773
6
50  SL 7120 2921
30  SL 7529 2886
10  SL 7588 2883
7
50  RW 7459 772
8
50  RW 6948 733
30  RW 7027 763
10  SL 7163 2917
9
50  RW 2557 688
30  RW 4166 684
10  RW 4424 744
10
50  RW 3534 751
30  RW 4054 720
10  SL 4113 2913
11
50  SL 1652 2876
30  SL 1699 2908
10  SL 1840 2885
12
50  SL 1650 2874
30  RW 1829 726
10  RW 2055 696
13
50  RW 3735 718
30  RW 3906 701
10  RW 4695 760
14
50  SL 3409 2923
30  RW 3905 762
10  SL 4400 2894
15
50  SL 3377 2884
30  RW 3539 727
10  SL 3550 2920
16
50  SL 3384 2909
30  RW 3402 724
10  SL 3680 2880
17
50  SL 6280 2928
30  SL 6354 2901
10  RW 7229 735
18
50  SL 6249 2921
30  SL 6403 2883
10  RW 6623 752
19
50  RW 6387 772
20
50  RW 5551 716
30  RW 5951 763
10  SL 5976 2917
21
50  RW 3450 688
30  RW 4716 684
10  RW 6230 744
22
50  RW 4079 695
30  RW 4291 751
10  RW 6353 717
23
50  SL 1968 2876
30  SL 2090 2908
10  SL 2282 2885
24
50  SL 2070 2874
30  RW 2427 726
10  RW 2718 737
25
50  RW 1989 701
30  RW 2244 715
10  SL 2450 2907
26
50  RW 1908 753
30  SL 1912 2877
10  SL 2043 2899
27
50  SL 4425 2918
30  SL 4534 2897
10  RW 4563 743
28
50  SL 4029 2909
30  RW 4728 724
10  RW 4906 766
29
50  SL 3388 2928
30  RW 3721 735
10  RW 4257 754
30
50  SL 3439 2883
30  SL 4214 2932
10  SL 4382 2904
31
80  RW 3927 722
32
80  RW 3041 716
40  RW 3259 742
0  SL 3410 2917
33
80  SL 1860 2876
40  SL 2121 2908
0  SL 2362 2885
34
80  SL 2033 2874
40  RW 2609 696
0  RW 2669 747
35
50  RW 1973 718
30  SL 2492 2907
10  RW 2525 758
36
50  SL 1757 2877
30  RW 1899 762
10  SL 2149 2899
37
50  SL 4031 2920
30  RW 4372 686
10  RW 4780 689
38
50  RW 4420 736
30  RW 4496 766
10  SL 4922 2909
39
50  SL 3265 2928
30  SL 3427 2901
10  RW 3435 773
40
50  SL 4456 2932
30  RW 5377 769
41
50  RW 3266 772
30  RW 4106 722
42
50  RW 2739 716
30  SL 2859 2917
10  RW 2939 733
43
50  SL 2284 2876
30  RW 2462 771
10  SL 2790 2885
44
50  SL 2286 2874
30  RW 2621 726
10  RW 3435 748
45
50  RW 2351 701
30  SL 2892 2907
10  RW 3161 715
46
50  SL 1938 2923
30  RW 2123 753
10  SL 2446 2899
47
50  RW 4334 725
30  SL 4651 2912
10  SL 4742 2918
48
50  RW 5496 766
30  SL 6701 2931
10  SL 6857 2880
49
50  SL 3903 2901
30  RW 3988 773
10  SL 4117 2916
50
50  SL 3447 2921
30  SL 3884 2904
10  RW 4049 752
51
50  RW 4707 722
52
50  RW 3837 763
30  RW 4031 710
53
50  RW 17717 1691
30  SL 23862 1969
54
50  RW 10673 1686
30  SL 11727 1961
55
50  RW 18245 1687
30  SL 20788 1963
56
50  SL 15044 1965
30  RW 19983 1688
57
50  RW 15355 1689
30  SL 15791 1966
59
50  SL 15156 1967
60
50  SL 12371 1968
SCORE:SL,RW,2540,2560,-2.0
