SL-SH
1
50  SH 10278 2639
30  SH 11089 2607
10  SH 11656 2638
2
50  SL 8346 2877
30  SL 8361 2923
3
50  SH 8498 2619
30  SL 8950 2918
10  SL 9075 2884
4
50  SL 9534 2909
30  SH 9948 2647
10  SH 12226 2625
5
50  SL 7340 2901
30  SL 7391 2928
10  SH 7836 2618
6
50  SL 7120 2921
30  SL 7529 2886
10  SL 7588 2883
7
50  SH 9090 2631
8
50  SH 6485 2605
30  SH 7027 2613
10  SL 7163 2917
9
50  SH 4522 2646
30  SL 5934 2911
10  SL 5950 2896
10
50  SL 4113 2913
30  SL 4840 2875
10  SH 5726 2645
11
50  SL 1652 2876
30  SL 1699 2908
10  SL 1840 2885
12
50  SL 1650 2874
30  SH 2009 2642
10  SL 2522 2922
13
50  SH 3852 2639
30  SH 4190 2603
10  SH 4442 2607
14
50  SL 3409 2923
30  SL 4400 2894
10  SH 5275 2599
15
50  SL 3377 2884
30  SH 3463 2619
10  SL 3550 2920
16
50  SL 3384 2909
30  SL 3680 2880
10  SH 3946 2630
17
50  SL 6280 2928
30  SL 6354 2901
10  SH 6858 2618
18
50  SL 6249 2921
30  SL 6403 2883
10  SL 7270 2932
19
50  SH 8136 2631
20
50  SH 5747 2605
30  SL 5976 2917
10  SH 6437 2613
23
50  SL 1968 2876
30  SL 2090 2908
10  SL 2282 2885
24
50  SL 2070 2874
30  SH 2892 2642
10  SL 4209 2878
25
50  SH 2416 2639
30  SL 2450 2907
10  SH 2471 2643
26
50  SL 1912 2877
30  SL 2043 2899
10  SL 2310 2894
27
50  SL 4425 2918
30  SH 4434 2612
10  SL 4534 2897
28
50  SL 4029 2909
30  SH 4732 2630
10  SH 5383 2625
29
50  SL 3388 2928
30  SH 3769 2618
10  SH 4517 2637
30
50  SL 3439 2883
30  SL 4214 2932
10  SL 4382 2904
32
80  SH 3178 2605
40  SL 3410 2917
0  SL 5208 2925
33
80  SL 1860 2876
40  SL 2121 2908
0  SL 2362 2885
34
80  SL 2033 2874
40  SH 2623 2642
35
50  SH 2202 2638
30  SH 2288 2607
10  SH 2381 2603
36
50  SL 1757 2877
30  SL 2149 2899
10  SL 2374 2894
37
50  SH 3979 2619
30  SL 4031 2920
10  SL 5065 2897
38
50  SL 4922 2909
30  SH 5382 2636
10  SH 5677 2625
39
50  SL 3265 2928
30  SL 3427 2901
10  SH 3807 2640
40
50  SL 4456 2932
42
50  SL 2859 2917
30  SH 2953 2605
10  SH 3161 2613
43
50  SL 2284 2876
30  SL 2790 2885
10  SH 2875 2629
44
50  SL 2286 2874
30  SH 2983 2642
10  SH 3532 2644
45
50  SH 2408 2639
30  SH 2480 2603
10  SH 2784 2635
46
50  SL 1938 2923
30  SL 2446 2899
10  SH 2964 2617
47
50  SH 4632 2619
30  SL 4651 2912
10  SL 4742 2918
48
50  SL 6701 2931
30  SL 6857 2880
10  SH 6956 2597
49
50  SL 3903 2901
30  SL 4117 2916
10  SH 4600 2640
50
50  SL 3447 2921
30  SL 3884 2904
51
50  SH 4738 2631
52
50  SH 3350 2613
53
50  SL 23862 1969
54
50  SH 11370 1919
30  SL 11727 1961
55
50  SH 19413 1921
30  SL 20788 1963
56
50  SL 15044 1965
57
50  SL 15791 1966
58
50  SH 19108 1923
59
50  SH 13886 1924
30  SL 15156 1967
60
50  SL 12371 1968
SCORE:SL,SH,2940,1740,120.0
