SL-SD
1
50  SD 10430 3496
30  SL 11744 2907
10  SD 12639 3479
2
50  SL 8346 2877
30  SL 8361 2923
10  SD 13250 3516
3
50  SL 8950 2918
30  SD 9045 3497
10  SL 9075 2884
4
50  SL 9534 2909
30  SD 10282 3500
10  SD 12127 3483
5
50  SL 7340 2901
30  SL 7391 2928
10  SL 9206 2915
6
50  SL 7120 2921
30  SD 7475 3498
10  SL 7529 2886
7
50  SD 9537 3481
8
50  SL 7163 2917
30  SD 8732 3501
10  SD 10220 3495
9
50  SD 3290 3514
30  SD 3633 3515
10  SD 4007 3491
10
50  SD 2538 3513
30  SD 3182 3519
10  SD 3209 3512
11
50  SL 1652 2876
30  SL 1699 2908
10  SL 1840 2885
12
50  SL 1650 2874
30  SD 1883 3478
10  SD 2227 3499
13
50  SL 4839 2905
30  SD 4896 3508
10  SL 5380 2881
14
50  SL 3409 2923
30  SL 4400 2894
10  SD 4775 3504
15
50  SL 3377 2884
30  SL 3550 2920
10  SL 3600 2918
16
50  SL 3384 2909
30  SL 3680 2880
10  SL 4277 2931
17
50  SL 6280 2928
30  SL 6354 2901
10  SL 8231 2915
18
50  SD 6208 3498
30  SL 6249 2921
10  SL 6403 2883
20
50  SL 5976 2917
30  SL 7788 2925
10  SD 8545 3495
21
50  SD 3746 3506
30  SD 3990 3515
10  SD 4595 3491
22
50  SD 3064 3513
30  SD 3569 3519
10  SD 4264 3512
23
50  SL 1968 2876
30  SL 2090 2908
10  SL 2282 2885
24
50  SL 2070 2874
30  SD 2452 3478
10  SD 2613 3499
25
50  SD 2087 3496
30  SL 2450 2907
10  SL 2592 2905
26
50  SL 1912 2877
30  SL 2043 2899
10  SL 2310 2894
27
50  SD 4000 3497
30  SL 4425 2918
10  SL 4534 2897
28
50  SL 4029 2909
30  SD 4532 3500
10  SL 5410 2880
29
50  SL 3388 2928
30  SD 4327 3521
10  SD 4726 3487
30
50  SL 3439 2883
30  SL 4214 2932
10  SL 4382 2904
31
80  SD 4613 3481
32
80  SL 3410 2917
40  SD 4585 3501
0  SL 5208 2925
33
80  SL 1860 2876
40  SL 2121 2908
0  SL 2362 2885
34
80  SL 2033 2874
40  SD 2528 3478
0  SD 2935 3499
35
50  SD 2064 3496
30  SL 2492 2907
10  SD 2643 3479
36
50  SL 1757 2877
30  SL 2149 2899
10  SL 2374 2894
37
50  SL 4031 2920
30  SD 4327 3497
10  SL 5065 2897
38
50  SL 4922 2909
30  SD 5521 3500
10  SL 5777 2880
39
50  SL 3265 2928
30  SL 3427 2901
10  SL 4104 2915
40
50  SL 4456 2932
30  SD 4488 3480
41
50  SD 4363 3481
42
50  SL 2859 2917
30  SD 3970 3501
43
50  SL 2284 2876
30  SL 2790 2885
10  SD 4865 3505
44
50  SL 2286 2874
30  SD 2788 3478
10  SD 3101 3499
45
50  SD 2541 3479
30  SL 2892 2907
10  SD 2955 3508
46
50  SL 1938 2923
30  SL 2446 2899
10  SD 3234 3510
47
50  SL 4651 2912
30  SD 4700 3497
10  SL 4742 2918
48
50  SD 5057 3500
30  SD 6591 3483
10  SL 6701 2931
49
50  SL 3903 2901
30  SL 4117 2916
10  SL 4626 2902
50
50  SL 3447 2921
30  SL 3884 2904
10  SD 5284 3480
51
50  SD 5034 3481
52
50  SD 4000 3501
30  SD 4808 3495
53
50  SD 15585 2067
30  SL 23862 1969
54
50  SL 11727 1961
30  SD 12488 2064
55
50  SL 20788 1963
30  SD 21624 2065
56
50  SL 15044 1965
30  SD 19897 2066
57
50  SL 15791 1966
59
50  SL 15156 1967
60
50  SL 12371 1968
SCORE:SL,SD,3120,1870,125.0
