SL-SCSC
1
50  SCSC 9422 83
30  SCSC 9644 126
10  SL 11744 2907
2
50  SL 8346 2877
30  SL 8361 2923
10  SCSC 10856 129
3
50  SCSC 8177 125
30  SCSC 8218 208
10  SL 8950 2918
4
50  SCSC 8071 200
30  SCSC 9385 128
10  SL 9534 2909
5
50  SL 7340 2901
30  SL 7391 2928
10  SCSC 7622 107
6
50  SCSC 6832 178
30  SL 7120 2921
10  SCSC 7156 151
7
50  SCSC 8853 117
30  SCSC 9719 135
8
50  SCSC 6738 176
30  SL 7163 2917
10  SCSC 8626 142
9
50  SCSC 3301 182
30  SCSC 3619 94
10  SCSC 3926 97
10
50  SCSC 2637 185
30  SCSC 4081 123
10  SL 4113 2913
11
50  SL 1652 2876
30  SL 1699 2908
10  SL 1840 2885
12
50  SL 1650 2874
30  SCSC 1919 154
10  SCSC 2425 195
13
50  SCSC 3635 126
30  SCSC 3641 83
10  SCSC 3885 146
14
50  SL 3409 2923
30  SCSC 3983 80
10  SCSC 4257 168
15
50  SCSC 2862 159
30  SCSC 3194 208
10  SL 3377 2884
16
50  SCSC 3125 200
30  SCSC 3216 82
10  SL 3384 2909
17
50  SCSC 6237 199
30  SL 6280 2928
10  SL 6354 2901
18
50  SL 6249 2921
30  SL 6403 2883
10  SCSC 6556 133
19
50  SCSC 6151 108
30  SCSC 8854 135
20
50  SCSC 5587 156
30  SL 5976 2917
10  SCSC 7509 142
21
50  SCSC 4619 182
30  SCSC 5152 183
10  SCSC 5334 94
22
50  SCSC 4701 173
30  SCSC 5191 123
10  SCSC 5756 167
23
50  SL 1968 2876
30  SL 2090 2908
10  SL 2282 2885
24
50  SL 2070 2874
30  SCSC 2425 154
10  SCSC 3058 147
25
50  SCSC 2089 126
30  SCSC 2406 171
10  SL 2450 2907
26
50  SL 1912 2877
30  SL 2043 2899
10  SCSC 2220 196
27
50  SCSC 3313 159
30  SCSC 3831 208
10  SL 4425 2918
28
50  SCSC 3633 200
30  SL 4029 2909
10  SCSC 4544 144
29
50  SL 3388 2928
30  SCSC 4034 114
10  SCSC 4203 198
30
50  SCSC 3432 120
30  SL 3439 2883
10  SCSC 3545 178
31
80  SCSC 3306 108
40  SCSC 4070 121
32
80  SL 3410 2917
40  SCSC 3432 176
0  SCSC 3878 142
33
80  SL 1860 2876
40  SL 2121 2908
0  SL 2362 2885
34
80  SL 2033 2874
40  SCSC 3219 147
0  SCSC 3240 160
35
50  SCSC 1728 83
30  SCSC 1995 146
10  SL 2492 2907
36
50  SL 1757 2877
30  SL 2149 2899
10  SCSC 2366 164
37
50  SCSC 3894 166
30  SL 4031 2920
10  SCSC 4683 118
38
50  SCSC 4764 144
30  SCSC 4775 109
10  SL 4922 2909
39
50  SCSC 3078 199
30  SL 3265 2928
10  SL 3427 2901
40
50  SCSC 3012 151
30  SCSC 3447 192
10  SCSC 3459 120
41
50  SCSC 4072 117
42
50  SCSC 2747 156
30  SCSC 2783 201
10  SL 2859 2917
43
50  SL 2284 2876
30  SL 2790 2885
10  SCSC 3153 172
44
50  SL 2286 2874
30  SCSC 2935 160
10  SCSC 3825 137
45
50  SCSC 2507 184
30  SCSC 2697 171
10  SCSC 2766 96
46
50  SL 1938 2923
30  SL 2446 2899
10  SCSC 2757 88
47
50  SCSC 4256 125
30  SL 4651 2912
10  SL 4742 2918
48
50  SCSC 4256 82
30  SCSC 4665 169
10  SCSC 5169 109
49
50  SL 3903 2901
30  SCSC 3997 107
10  SL 4117 2916
50
50  SCSC 3432 178
30  SL 3447 2921
10  SCSC 3800 133
51
50  SCSC 4337 117
30  SCSC 5038 121
52
50  SCSC 3234 156
30  SCSC 3339 201
53
50  SCSC 16759 1641
30  SL 23862 1969
54
50  SCSC 9056 1633
30  SL 11727 1961
55
50  SCSC 19565 1634
30  SL 20788 1963
56
50  SL 15044 1965
30  SCSC 18470 1635
57
50  SCSC 13178 1636
30  SL 15791 1966
58
50  SCSC 14856 1637
59
50  SCSC 13296 1638
30  SL 15156 1967
60
50  SL 12371 1968
30  SCSC 12758 1639
61
50  SCSC 11516 1640
SCORE:SL,SCSC,2020,3360,-134.0
