SL-SPL
1
50  SPL 8802 1687
30  SL 11744 2907
2
50  SL 8346 2877
30  SL 8361 2923
10  SPL 8844 1719
3
50  SL 8950 2918
30  SPL 8969 1739
10  SL 9075 2884
4
50  SPL 9290 1705
30  SL 9534 2909
10  SPL 9620 1671
5
50  SL 7340 2901
30  SL 7391 2928
10  SPL 7969 1720
6
50  SL 7120 2921
30  SPL 7284 1689
10  SL 7529 2886
7
50  SPL 7357 1698
30  SPL 7863 1697
10  SPL 8531 1664
8
50  SL 7163 2917
30  SPL 8085 1680
9
50  SPL 3863 1722
30  SPL 4440 1735
10  SPL 5306 1696
10
50  SPL 3256 1677
30  SL 4113 2913
10  SPL 4251 1702
11
50  SL 1652 2876
30  SL 1699 2908
10  SL 1840 2885
12
50  SL 1650 2874
30  SPL 2437 1691
10  SL 2522 2922
13
50  SPL 3444 1687
30  SL 4839 2905
10  SPL 4902 1713
14
50  SL 3409 2923
30  SPL 3591 1719
10  SPL 3692 1670
15
50  SL 3377 2884
30  SPL 3532 1739
10  SL 3550 2920
16
50  SL 3384 2909
30  SPL 3479 1665
10  SL 3680 2880
17
50  SL 6280 2928
30  SL 6354 2901
10  SPL 6478 1718
18
50  SL 6249 2921
30  SL 6403 2883
10  SPL 6409 1689
19
50  SPL 6384 1698
30  SPL 7006 1697
10  SPL 8173 1712
20
50  SL 5976 2917
30  SL 7788 2925
10  SPL 7947 1688
21
50  SPL 4433 1722
30  SPL 5750 1696
22
50  SPL 5737 1677
30  SPL 5804 1716
10  SPL 6652 1658
23
50  SL 1968 2876
30  SL 2090 2908
10  SL 2282 2885
24
50  SL 2070 2874
30  SPL 2646 1726
10  SPL 3702 1707
25
50  SL 2450 2907
30  SPL 2515 1647
10  SPL 2518 1717
26
50  SL 1912 2877
30  SPL 1913 1719
10  SL 2043 2899
27
50  SPL 4400 1709
30  SL 4425 2918
10  SL 4534 2897
28
50  SL 4029 2909
30  SPL 5351 1669
10  SL 5410 2880
29
50  SL 3388 2928
30  SPL 4667 1711
10  SL 4860 2902
30
50  SL 3439 2883
30  SPL 3484 1689
10  SPL 3934 1666
31
80  SPL 3483 1698
40  SPL 3735 1649
0  SPL 4627 1648
32
80  SL 3410 2917
40  SL 5208 2925
33
80  SL 1860 2876
40  SL 2121 2908
0  SL 2362 2885
34
80  SL 2033 2874
35
50  SPL 2331 1690
30  SL 2492 2907
10  SPL 2627 1731
36
50  SL 1757 2877
30  SPL 1860 1670
10  SL 2149 2899
37
50  SL 4031 2920
30  SPL 4055 1739
10  SPL 4759 1709
38
50  SPL 3981 1705
30  SPL 4577 1671
10  SPL 4672 1679
39
50  SPL 3246 1718
30  SL 3265 2928
10  SL 3427 2901
40
50  SPL 4193 1727
30  SL 4456 2932
41
50  SPL 3366 1697
30  SPL 3625 1649
10  SPL 3772 1664
42
50  SL 2859 2917
30  SPL 3697 1680
43
50  SL 2284 2876
30  SPL 2652 1672
10  SL 2790 2885
44
50  SL 2286 2874
30  SPL 3371 1699
10  SPL 3403 1726
45
50  SPL 2033 1687
30  SPL 2546 1738
10  SPL 2765 1728
46
50  SL 1938 2923
30  SPL 2422 1653
10  SL 2446 2899
47
50  SL 4651 2912
30  SL 4742 2918
10  SPL 5018 1652
48
50  SPL 5462 1700
30  SL 6701 2931
10  SL 6857 2880
49
50  SL 3903 2901
30  SL 4117 2916
10  SL 4626 2902
50
50  SL 3447 2921
30  SL 3884 2904
10  SPL 4475 1666
51
50  SPL 4402 1712
30  SPL 4475 1664
10  SPL 4639 1656
52
50  SPL 4552 1688
53
50  SPL 18907 1804
30  SL 23862 1969
54
50  SPL 9289 1796
30  SL 11727 1961
55
50  SPL 20778 1798
30  SL 20788 1963
56
50  SL 15044 1965
57
50  SL 15791 1966
30  SPL 17312 1800
58
50  SPL 15425 1801
59
50  SPL 13914 1802
30  SL 15156 1967
60
50  SL 12371 1968
61
50  SPL 13256 1803
SCORE:SL,SPL,2780,2490,29.0
