SL-SHC
1
50  SHC 8773 492
30  SHC 10263 463
10  SHC 10669 513
2
50  SL 8346 2877
30  SL 8361 2923
10  SHC 10517 475
3
50  SL 8950 2918
30  SHC 8951 533
10  SL 9075 2884
4
50  SHC 7872 552
30  SL 9534 2909
5
50  SL 7340 2901
30  SL 7391 2928
10  SHC 8052 501
6
50  SHC 6757 549
30  SL 7120 2921
10  SL 7529 2886
7
50  SHC 7710 459
30  SHC 7723 479
10  SHC 8297 558
8
50  SL 7163 2917
30  SHC 7306 502
10  SHC 7419 497
9
50  SHC 3479 481
30  SHC 3513 528
10  SHC 3803 486
10
50  SHC 3037 565
30  SHC 3619 471
10  SHC 3666 534
11
50  SL 1652 2876
30  SL 1699 2908
10  SL 1840 2885
12
50  SL 1650 2874
30  SL 2522 2922
10  SHC 2783 535
13
50  SHC 3514 492
30  SHC 3799 547
10  SHC 3929 522
14
50  SL 3409 2923
30  SHC 4207 537
10  SL 4400 2894
15
50  SL 3377 2884
30  SHC 3479 533
10  SL 3550 2920
16
50  SHC 3036 552
30  SL 3384 2909
10  SL 3680 2880
17
50  SL 6280 2928
30  SL 6354 2901
10  SHC 7129 546
18
50  SL 6249 2921
30  SL 6403 2883
10  SHC 7143 493
19
50  SHC 6655 479
30  SHC 6933 459
10  SHC 7867 489
20
50  SHC 5949 490
30  SL 5976 2917
10  SHC 6294 497
21
50  SHC 2812 540
30  SHC 3757 481
10  SHC 4366 528
22
50  SHC 3253 565
30  SHC 3894 471
10  SHC 4737 534
23
50  SL 1968 2876
30  SL 2090 2908
10  SL 2282 2885
24
50  SL 2070 2874
30  SHC 2900 464
10  SHC 3818 512
25
50  SHC 2013 550
30  SHC 2044 513
10  SHC 2203 547
26
50  SL 1912 2877
30  SL 2043 2899
10  SL 2310 2894
27
50  SHC 4386 533
30  SL 4425 2918
10  SL 4534 2897
28
50  SL 4029 2909
30  SHC 4765 451
10  SL 5410 2880
29
50  SL 3388 2928
30  SHC 3509 546
10  SL 4860 2902
30
50  SL 3439 2883
30  SL 4214 2932
10  SHC 4305 493
31
80  SHC 3706 558
40  SHC 3828 458
0  SHC 4017 489
32
80  SHC 3169 502
40  SL 3410 2917
0  SHC 3619 526
33
80  SL 1860 2876
40  SL 2121 2908
0  SL 2362 2885
34
80  SL 2033 2874
40  SHC 3849 511
35
50  SHC 1906 463
30  SHC 2377 524
10  SL 2492 2907
36
50  SL 1757 2877
30  SHC 2075 537
10  SL 2149 2899
37
50  SL 4031 2920
30  SHC 4158 514
10  SHC 4610 487
38
50  SHC 3333 552
30  SHC 4793 525
10  SL 4922 2909
39
50  SL 3265 2928
30  SHC 3290 501
10  SL 3427 2901
40
50  SHC 2951 549
30  SHC 3667 493
10  SL 4456 2932
41
50  SHC 3356 459
30  SHC 3443 479
42
50  SL 2859 2917
30  SHC 2906 490
10  SHC 3016 502
43
50  SL 2284 2876
30  SL 2790 2885
10  SHC 3154 553
44
50  SL 2286 2874
30  SHC 3788 464
45
50  SHC 2141 550
30  SHC 2513 522
10  SHC 2620 524
46
50  SL 1938 2923
30  SHC 2295 475
10  SL 2446 2899
47
50  SL 4651 2912
30  SL 4742 2918
10  SL 5238 2920
48
50  SHC 5134 542
30  SHC 5643 466
10  SHC 5672 451
49
50  SL 3903 2901
30  SL 4117 2916
10  SL 4626 2902
50
50  SL 3447 2921
30  SHC 3461 549
10  SL 3884 2904
51
50  SHC 4114 458
30  SHC 4837 489
52
50  SHC 3760 490
30  SHC 3804 497
10  SHC 4231 496
53
50  SHC 16298 1670
30  SL 23862 1969
54
50  SL 11727 1961
55
50  SHC 14927 1665
30  SL 20788 1963
56
50  SL 15044 1965
30  SHC 18851 1666
57
50  SL 15791 1966
30  SHC 18766 1667
59
50  SL 15156 1967
60
50  SL 12371 1968
SCORE:SL,SHC,2560,2670,-11.0
