SL-TVT
1
50  TVT 11250 1868
30  SL 11744 2907
10  TVT 11778 1909
2
50  SL 8346 2877
30  SL 8361 2923
10  TVT 9773 1951
3
50  TVT 7662 1866
30  TVT 8557 1845
10  SL 8950 2918
4
50  TVT 9433 1917
30  SL 9534 2909
10  TVT 11734 1880
5
50  SL 7340 2901
30  SL 7391 2928
10  TVT 7571 1867
6
50  SL 7120 2921
30  TVT 7397 1888
10  SL 7529 2886
7
50  TVT 9332 1900
30  TVT 9869 1844
8
50  TVT 6297 1874
30  SL 7163 2917
10  TVT 8188 1860
9
50  TVT 4928 1875
30  TVT 5723 1865
10  SL 5934 2911
10
50  TVT 3245 1950
30  TVT 3347 1908
10  SL 4113 2913
11
50  SL 1652 2876
30  SL 1699 2908
10  SL 1840 2885
12
50  SL 1650 2874
30  TVT 2033 1946
10  TVT 2513 1903
13
50  TVT 4097 1868
30  TVT 4514 1853
10  SL 4839 2905
14
50  SL 3409 2923
30  TVT 3875 1951
10  TVT 4012 1879
15
50  TVT 3063 1866
30  TVT 3357 1845
10  SL 3377 2884
16
50  SL 3384 2909
30  SL 3680 2880
10  TVT 4169 1880
17
50  SL 6280 2928
30  SL 6354 2901
10  TVT 6991 1867
18
50  SL 6249 2921
30  TVT 6400 1911
10  SL 6403 2883
19
50  TVT 8321 1900
20
50  TVT 5377 1899
30  TVT 5753 1874
10  SL 5976 2917
21
50  TVT 4982 1875
30  TVT 6514 1865
10  TVT 6537 1870
22
50  TVT 3774 1908
30  TVT 4170 1950
10  TVT 5940 1839
23
50  SL 1968 2876
30  SL 2090 2908
10  SL 2282 2885
24
50  SL 2070 2874
30  TVT 2567 1946
10  TVT 3113 1935
25
50  SL 2450 2907
30  TVT 2553 1909
10  SL 2592 2905
26
50  SL 1912 2877
30  SL 2043 2899
10  SL 2310 2894
27
50  TVT 4013 1845
30  SL 4425 2918
10  SL 4534 2897
28
50  SL 4029 2909
30  TVT 5289 1880
10  SL 5410 2880
29
50  SL 3388 2928
30  TVT 3845 1910
10  SL 4860 2902
30
50  SL 3439 2883
30  TVT 3535 1888
10  TVT 3733 1911
31
80  TVT 4059 1900
32
80  TVT 2849 1899
40  SL 3410 2917
0  TVT 3656 1860
33
80  SL 1860 2876
40  SL 2121 2908
0  SL 2362 2885
34
80  SL 2033 2874
40  TVT 2670 1946
0  TVT 3389 1896
35
50  TVT 2166 1868
30  SL 2492 2907
10  TVT 2603 1909
36
50  SL 1757 2877
30  TVT 2050 1856
10  TVT 2078 1951
37
50  TVT 3427 1866
30  SL 4031 2920
10  TVT 4109 1913
38
50  TVT 4381 1917
30  SL 4922 2909
10  SL 5777 2880
39
50  SL 3265 2928
30  SL 3427 2901
10  TVT 3496 1867
40
50  TVT 3217 1888
30  SL 4456 2932
42
50  TVT 2764 1899
30  TVT 2776 1874
10  SL 2859 2917
43
50  SL 2284 2876
30  SL 2790 2885
10  TVT 3133 1952
44
50  SL 2286 2874
30  TVT 2528 1946
10  TVT 3303 1896
45
50  TVT 2798 1853
30  SL 2892 2907
10  TVT 3004 1920
46
50  SL 1938 2923
30  SL 2446 2899
10  TVT 2600 1856
47
50  TVT 4616 1913
30  SL 4651 2912
10  TVT 4678 1916
48
50  TVT 5013 1917
30  TVT 5643 1886
10  SL 6701 2931
49
50  SL 3903 2901
30  SL 4117 2916
10  TVT 4377 1910
50
50  SL 3447 2921
30  TVT 3877 1911
10  SL 3884 2904
51
50  TVT 4934 1885
52
50  TVT 3306 1874
30  TVT 3969 1860
10  TVT 4577 1947
53
50  TVT 16803 1828
30  SL 23862 1969
54
50  SL 11727 1961
30  TVT 12231 1815
55
50  TVT 19785 1818
30  SL 20788 1963
56
50  SL 15044 1965
30  TVT 17443 1820
57
50  TVT 14320 1822
30  SL 15791 1966
58
50  TVT 17419 1825
59
50  TVT 15096 1826
30  SL 15156 1967
60
50  SL 12371 1968
61
50  TVT 13181 1827
SCORE:SL,TVT,2480,2720,-24.0
