SL-WAW
1
50  WAW 9200 1022
30  WAW 11537 930
10  SL 11744 2907
2
50  SL 8346 2877
30  SL 8361 2923
10  WAW 8528 1033
3
50  SL 8950 2918
30  WAW 9045 931
10  SL 9075 2884
4
50  WAW 7781 940
30  SL 9534 2909
5
50  SL 7340 2901
30  SL 7391 2928
10  WAW 7833 908
6
50  WAW 6684 904
30  SL 7120 2921
10  SL 7529 2886
7
50  WAW 7606 975
30  WAW 10288 957
8
50  WAW 6267 1012
30  SL 7163 2917
10  WAW 7387 1026
9
50  WAW 2516 959
30  WAW 4256 933
10  WAW 4412 913
10
50  WAW 2569 916
30  WAW 3534 947
10  WAW 4040 932
11
50  SL 1652 2876
30  SL 1699 2908
10  SL 1840 2885
12
50  SL 1650 2874
30  WAW 2056 961
10  WAW 2233 956
13
50  WAW 3626 939
30  SL 4839 2905
10  SL 5380 2881
14
50  SL 3409 2923
30  WAW 3897 964
10  WAW 4081 996
15
50  WAW 3166 938
30  SL 3377 2884
10  SL 3550 2920
16
50  SL 3384 2909
30  SL 3680 2880
10  WAW 4262 998
17
50  SL 6280 2928
30  SL 6354 2901
10  WAW 7038 929
18
50  SL 6249 2921
30  SL 6403 2883
10  WAW 6524 1030
19
50  WAW 7012 975
30  WAW 8919 957
10  WAW 10325 1018
20
50  SL 5976 2917
30  WAW 6546 1026
10  WAW 7147 948
21
50  WAW 3312 959
30  WAW 4987 913
10  WAW 5907 933
22
50  WAW 3255 916
30  WAW 3816 947
10  WAW 6113 960
23
50  SL 1968 2876
30  SL 2090 2908
10  SL 2282 2885
24
50  SL 2070 2874
30  WAW 2659 902
10  WAW 2953 956
25
50  WAW 2369 906
30  SL 2450 2907
10  SL 2592 2905
26
50  WAW 1809 915
30  SL 1912 2877
10  SL 2043 2899
27
50  SL 4425 2918
30  WAW 4452 918
10  SL 4534 2897
28
50  WAW 3533 940
30  SL 4029 2909
10  SL 5410 2880
29
50  SL 3388 2928
30  WAW 3721 929
10  SL 4860 2902
30
50  WAW 3430 1030
30  SL 3439 2883
10  SL 4214 2932
31
80  WAW 5869 1018
32
80  WAW 3298 976
40  WAW 3409 948
0  SL 3410 2917
33
80  SL 1860 2876
40  SL 2121 2908
0  SL 2362 2885
34
80  SL 2033 2874
35
50  WAW 2463 906
30  SL 2492 2907
10  SL 2657 2905
36
50  SL 1757 2877
30  WAW 1765 915
10  SL 2149 2899
37
50  WAW 3497 938
30  SL 4031 2920
10  WAW 4319 970
38
50  WAW 3681 940
30  SL 4922 2909
10  SL 5777 2880
39
50  SL 3265 2928
30  SL 3427 2901
10  WAW 3972 1004
40
50  WAW 2938 904
30  SL 4456 2932
10  WAW 4697 951
41
50  WAW 3582 971
42
50  SL 2859 2917
30  WAW 2976 976
10  WAW 3246 1026
43
50  SL 2284 2876
30  WAW 2456 1021
10  SL 2790 2885
44
50  SL 2286 2874
30  WAW 3223 902
10  WAW 4112 945
45
50  WAW 2035 1022
30  WAW 2119 939
10  WAW 2477 930
46
50  WAW 1937 1033
30  SL 1938 2923
10  SL 2446 2899
47
50  WAW 4628 931
30  SL 4651 2912
10  SL 4742 2918
48
50  WAW 5776 998
30  SL 6701 2931
10  SL 6857 2880
49
50  SL 3903 2901
30  WAW 4032 908
10  SL 4117 2916
50
50  SL 3447 2921
30  WAW 3637 1032
10  SL 3884 2904
51
50  WAW 3975 971
30  WAW 4857 957
10  WAW 5494 1018
52
50  WAW 3347 1012
30  WAW 3827 948
10  WAW 4470 937
53
50  WAW 14403 1722
30  SL 23862 1969
54
50  WAW 9827 1709
30  SL 11727 1961
55
50  WAW 16351 1711
30  SL 20788 1963
56
50  SL 15044 1965
30  WAW 15537 1713
57
50  WAW 14803 1715
30  SL 15791 1966
58
50  WAW 30791 1717
59
50  WAW 13606 1718
30  SL 15156 1967
60
50  WAW 11946 1720
30  SL 12371 1968
61
50  WAW 11575 1721
SCORE:SL,WAW,2420,2900,-48.0
