SL-WRC
1
50  WRC 10759 2171
30  SL 11744 2907
2
50  SL 8346 2877
30  SL 8361 2923
10  WRC 10377 2161
3
50  WRC 8371 2156
30  SL 8950 2918
10  SL 9075 2884
4
50  SL 9534 2909
30  WRC 10200 2180
10  WRC 10965 2188
5
50  SL 7340 2901
30  SL 7391 2928
10  WRC 8003 2147
6
50  SL 7120 2921
30  SL 7529 2886
10  SL 7588 2883
7
50  WRC 8182 2146
30  WRC 8594 2169
8
50  SL 7163 2917
30  WRC 7292 2182
10  WRC 7447 2177
9
50  WRC 3100 2162
30  SL 5934 2911
10  SL 5950 2896
10
50  WRC 3732 2165
30  SL 4113 2913
10  SL 4840 2875
11
50  SL 1652 2876
30  SL 1699 2908
10  SL 1840 2885
12
50  SL 1650 2874
30  WRC 2313 2150
10  SL 2522 2922
13
50  WRC 3889 2175
30  SL 4839 2905
10  SL 5380 2881
14
50  SL 3409 2923
30  WRC 4383 2191
10  SL 4400 2894
15
50  SL 3377 2884
30  SL 3550 2920
10  WRC 3553 2167
16
50  SL 3384 2909
30  SL 3680 2880
10  SL 4277 2931
17
50  SL 6280 2928
30  SL 6354 2901
10  WRC 6896 2147
18
50  SL 6249 2921
30  SL 6403 2883
10  WRC 6674 2174
19
50  WRC 6727 2145
30  WRC 7127 2146
20
50  SL 5976 2917
30  WRC 6001 2181
10  WRC 6272 2182
21
50  WRC 3722 2162
22
50  WRC 4550 2165
23
50  SL 1968 2876
30  SL 2090 2908
10  WRC 2194 2196
24
50  SL 2070 2874
30  WRC 3389 2183
10  SL 4209 2878
25
50  WRC 2256 2171
30  SL 2450 2907
10  SL 2592 2905
26
50  SL 1912 2877
30  SL 2043 2899
10  WRC 2103 2161
27
50  WRC 4144 2151
30  WRC 4376 2167
10  SL 4425 2918
28
50  SL 4029 2909
30  SL 5410 2880
10  WRC 5894 2188
29
50  SL 3388 2928
30  WRC 3476 2178
10  WRC 4006 2153
30
50  SL 3439 2883
30  WRC 3546 2174
10  WRC 4187 2189
31
80  WRC 3850 2146
40  WRC 4171 2169
32
80  WRC 3201 2181
40  SL 3410 2917
0  WRC 3499 2177
33
80  SL 1860 2876
40  SL 2121 2908
0  WRC 2358 2196
34
80  SL 2033 2874
35
50  WRC 1814 2175
30  SL 2492 2907
10  SL 2657 2905
36
50  SL 1757 2877
30  WRC 2018 2161
10  SL 2149 2899
37
50  WRC 3987 2156
30  SL 4031 2920
10  WRC 4400 2167
38
50  SL 4922 2909
30  SL 5777 2880
10  SL 6623 2931
39
50  SL 3265 2928
30  SL 3427 2901
10  WRC 3559 2178
40
50  WRC 3512 2174
30  WRC 4271 2189
10  SL 4456 2932
41
50  WRC 3456 2145
30  WRC 3719 2169
42
50  SL 2859 2917
30  WRC 3052 2182
10  WRC 3094 2181
43
50  SL 2284 2876
30  WRC 2683 2176
10  SL 2790 2885
44
50  SL 2286 2874
45
50  WRC 2627 2171
30  WRC 2653 2175
10  SL 2892 2907
46
50  SL 1938 2923
30  WRC 2445 2161
10  SL 2446 2899
47
50  WRC 4069 2156
30  SL 4651 2912
10  SL 4742 2918
48
50  WRC 4896 2188
30  SL 6701 2931
10  SL 6857 2880
49
50  SL 3903 2901
30  SL 4117 2916
10  WRC 4226 2147
50
50  SL 3447 2921
30  SL 3884 2904
10  WRC 4032 2189
51
50  WRC 3802 2145
30  WRC 4565 2169
52
50  WRC 3662 2177
30  WRC 3976 2173
10  WRC 4022 2170
53
50  SL 23862 1969
54
50  WRC 9339 1855
30  SL 11727 1961
55
50  WRC 20388 1858
30  SL 20788 1963
56
50  SL 15044 1965
57
50  WRC 14518 1859
30  SL 15791 1966
59
50  WRC 13206 1860
30  SL 15156 1967
60
50  SL 12371 1968
61
50  WRC 13246 1861
SCORE:SL,WRC,2870,2240,63.0
