SL-WV
1
50  WV 9634 3126
30  WV 10830 3164
10  WV 10963 3154
2
50  SL 8346 2877
30  SL 8361 2923
10  WV 9582 3183
3
50  WV 8547 3175
30  SL 8950 2918
10  SL 9075 2884
4
50  WV 9062 3187
30  SL 9534 2909
10  WV 10928 3153
5
50  SL 7340 2901
30  SL 7391 2928
10  WV 8203 3127
6
50  SL 7120 2921
30  SL 7529 2886
10  SL 7588 2883
7
50  WV 7778 3180
30  WV 8888 3143
10  WV 9674 3142
8
50  SL 7163 2917
30  WV 8844 3162
10  WV 9831 3172
9
50  WV 2925 3155
30  WV 4315 3166
10  SL 5934 2911
10
50  SL 4113 2913
30  WV 4763 3145
10  SL 4840 2875
11
50  SL 1652 2876
30  SL 1699 2908
10  SL 1840 2885
12
50  SL 1650 2874
30  WV 2122 3186
10  WV 2162 3157
13
50  WV 3669 3126
30  WV 4250 3154
10  WV 4362 3173
14
50  SL 3409 2923
30  WV 3866 3137
10  WV 4043 3183
15
50  WV 3300 3175
30  SL 3377 2884
10  SL 3550 2920
16
50  SL 3384 2909
30  SL 3680 2880
10  SL 4277 2931
17
50  SL 6280 2928
30  SL 6354 2901
10  SL 8231 2915
18
50  SL 6249 2921
30  SL 6403 2883
10  WV 7144 3169
19
50  WV 6813 3180
30  WV 8390 3142
10  WV 8453 3144
20
50  SL 5976 2917
30  WV 7485 3178
10  WV 7778 3162
21
50  WV 4028 3155
30  WV 4987 3166
10  WV 6575 3156
22
50  WV 5456 3161
30  WV 9569 3145
10  WV 16103 3149
23
50  SL 1968 2876
30  SL 2090 2908
10  SL 2282 2885
24
50  SL 2070 2874
30  WV 2869 3157
10  WV 3056 3136
25
50  SL 2450 2907
30  WV 2540 3173
10  SL 2592 2905
26
50  SL 1912 2877
30  SL 2043 2899
10  SL 2310 2894
27
50  WV 3719 3175
30  SL 4425 2918
10  SL 4534 2897
28
50  SL 4029 2909
30  SL 5410 2880
10  SL 5932 2931
29
50  SL 3388 2928
30  WV 3922 3127
10  SL 4860 2902
30
50  SL 3439 2883
30  SL 4214 2932
10  SL 4382 2904
31
80  WV 4296 3143
40  WV 4431 3144
0  WV 4956 3163
32
80  SL 3410 2917
40  WV 4203 3178
0  WV 4375 3134
33
80  SL 1860 2876
40  SL 2121 2908
0  SL 2362 2885
34
80  SL 2033 2874
40  WV 3246 3157
0  WV 3944 3148
35
50  WV 2047 3126
30  WV 2066 3164
10  SL 2492 2907
36
50  SL 1757 2877
30  WV 2003 3183
10  SL 2149 2899
37
50  SL 4031 2920
30  SL 5065 2897
10  WV 5409 3151
38
50  SL 4922 2909
30  WV 5762 3153
10  SL 5777 2880
39
50  SL 3265 2928
30  SL 3427 2901
10  WV 3641 3127
40
50  WV 3619 3169
30  SL 4456 2932
41
50  WV 4306 3163
30  WV 4394 3144
42
50  SL 2859 2917
30  WV 3808 3162
10  WV 4391 3134
43
50  SL 2284 2876
30  SL 2790 2885
10  WV 3034 3125
44
50  SL 2286 2874
30  WV 2947 3186
10  WV 4212 3168
45
50  WV 2325 3173
30  WV 2512 3154
10  SL 2892 2907
46
50  SL 1938 2923
30  SL 2446 2899
10  WV 2850 3138
47
50  SL 4651 2912
30  WV 4675 3175
10  SL 4742 2918
48
50  WV 5571 3153
30  SL 6701 2931
10  SL 6857 2880
49
50  SL 3903 2901
30  SL 4117 2916
10  WV 4422 3127
50
50  SL 3447 2921
30  SL 3884 2904
10  WV 4337 3169
51
50  WV 4218 3180
30  WV 4663 3143
10  WV 5228 3142
52
50  WV 4388 3178
30  WV 4837 3134
10  WV 5015 3172
53
50  SL 23862 1969
30  WV 28353 1996
54
50  WV 9372 1991
30  SL 11727 1961
55
50  WV 16756 1993
30  SL 20788 1963
56
50  SL 15044 1965
30  WV 16555 1994
57
50  SL 15791 1966
59
50  SL 15156 1967
60
50  SL 12371 1968
61
50  WV 13737 1995
SCORE:SL,WV,2990,2310,68.0
