SPD-CR
1
50  SPD 10483 2543
30  CR 11712 3318
10  CR 12022 3334
2
50  SPD 8459 2533
30  SPD 9968 2525
10  CR 13265 3320
3
50  CR 9232 3319
30  SPD 10200 2513
10  SPD 10800 2550
4
50  CR 8600 3475
30  SPD 10001 2510
10  SPD 10160 2549
5
50  SPD 7938 2532
30  CR 8527 3299
10  SPD 8957 2503
6
50  SPD 8395 2544
30  SPD 11019 2502
10  SPD 11081 2542
7
50  CR 9051 3476
30  SPD 10866 2557
10  SPD 12740 2494
8
50  CR 6896 3314
30  CR 7457 3298
10  SPD 8953 2540
9
50  CR 2966 3340
30  CR 2986 3297
10  CR 3035 3342
10
50  CR 3769 3292
30  CR 4727 3291
10  CR 5039 3468
11
50  CR 2470 3325
30  SPD 2582 2526
10  CR 2591 3332
12
50  CR 2227 3313
30  CR 3017 3316
10  SPD 3370 2496
13
50  SPD 4588 2541
30  CR 4676 3318
10  CR 4850 3321
14
50  SPD 3450 2533
30  SPD 4704 2520
10  CR 4819 3320
15
50  CR 3501 3319
30  SPD 3909 2511
10  SPD 3928 2531
16
50  CR 3247 3475
30  CR 3667 3315
10  SPD 3708 2553
17
50  SPD 6896 2532
30  CR 7574 3299
10  SPD 8813 2548
18
50  SPD 7106 2544
30  SPD 8412 2551
10  SPD 8768 2529
19
50  CR 8297 3476
30  SPD 8300 2539
10  SPD 11350 2494
20
50  CR 6211 3314
30  CR 6259 3298
10  SPD 7422 2552
21
50  CR 3135 3340
30  CR 3330 3342
10  CR 3584 3297
22
50  SPD 5433 2536
30  SPD 7209 2554
23
50  CR 2932 3302
30  CR 3135 3340
10  SPD 3184 2515
24
50  CR 2928 3313
30  SPD 4159 2496
10  CR 4290 3322
25
50  SPD 2138 2543
30  CR 2378 3334
10  SPD 2449 2512
26
50  SPD 1891 2533
30  SPD 2140 2525
10  CR 2584 3337
27
50  CR 4382 3319
30  SPD 4615 2511
10  SPD 4970 2513
28
50  CR 3958 3475
30  SPD 4881 2509
10  CR 4915 3315
29
50  CR 3934 3299
30  SPD 4043 2518
10  SPD 4679 2522
30
50  SPD 4387 2508
30  SPD 4707 2542
10  SPD 4803 2551
31
80  SPD 4170 2539
40  CR 4231 3476
0  SPD 4820 2516
32
80  CR 3125 3314
40  SPD 4063 2552
33
80  CR 3483 3332
40  SPD 4375 2534
0  CR 5117 3325
34
80  CR 3214 3313
35
50  CR 2349 3321
30  SPD 2403 2543
10  SPD 2406 2541
36
50  SPD 2102 2525
30  SPD 2956 2520
37
50  SPD 4592 2550
30  SPD 4819 2511
10  SPD 4969 2487
38
50  CR 3709 3475
30  CR 4460 3470
10  SPD 4631 2553
39
50  SPD 3639 2532
30  SPD 3788 2503
10  SPD 3997 2518
40
50  SPD 3814 2544
30  SPD 6559 2502
41
50  CR 3916 3476
30  SPD 4227 2539
10  SPD 4878 2557
42
50  CR 3003 3298
43
50  CR 3545 3332
30  SPD 3899 2526
10  SPD 3971 2534
45
50  SPD 2703 2512
30  CR 2738 3321
10  SPD 3088 2505
46
50  SPD 2083 2533
30  SPD 2428 2525
10  CR 2711 3301
47
50  CR 4747 3319
30  SPD 4937 2513
10  SPD 5538 2523
48
50  SPD 5052 2510
30  SPD 5469 2553
10  SPD 5490 2506
49
50  SPD 4663 2547
30  SPD 4725 2503
10  CR 4819 3299
50
50  SPD 4334 2551
30  SPD 4456 2502
10  SPD 5021 2508
51
50  SPD 5278 2516
30  SPD 5333 2557
10  SPD 6908 2494
52
50  CR 3675 3314
30  CR 3995 3298
10  SPD 4607 2540
53
50  SPD 27334 1912
54
50  CR 12468 2010
30  SPD 15415 1904
55
50  SPD 18900 1906
57
50  SPD 16523 1907
58
50  CR 15619 2063
30  SPD 15638 1908
59
50  SPD 13778 1909
30  CR 17846 2014
60
50  SPD 14566 1910
61
50  SPD 17680 1911
SCORE:SPD,CR,2820,2270,55.0
