SPD-CASC
1
50  CASC 10350 2559
30  SPD 10483 2543
10  SPD 13000 2541
2
50  SPD 8459 2533
30  SPD 9968 2525
3
50  CASC 8249 2560
30  CASC 9192 2568
10  SPD 10200 2513
4
50  CASC 9625 2570
30  CASC 9843 2565
10  SPD 10001 2510
5
50  SPD 7938 2532
30  SPD 8957 2503
10  SPD 9878 2546
6
50  SPD 8395 2544
30  SPD 11019 2502
10  SPD 11081 2542
7
50  CASC 7566 2596
30  SPD 10866 2557
10  SPD 12740 2494
8
50  CASC 6676 2589
30  CASC 7000 2582
10  CASC 7362 2566
9
50  SPD 3385 2489
30  SPD 4118 2490
10  CASC 4132 2558
10
50  SPD 7354 2554
11
50  SPD 2582 2526
30  SPD 2895 2517
10  CASC 3012 2590
12
50  CASC 1967 2569
30  CASC 2387 2571
10  SPD 3370 2496
13
50  SPD 4588 2541
30  CASC 5127 2583
10  CASC 5346 2562
14
50  SPD 3450 2533
30  CASC 3920 2567
10  CASC 4271 2592
15
50  CASC 3326 2560
30  CASC 3459 2595
10  CASC 3795 2576
16
50  SPD 3708 2553
30  SPD 3714 2510
10  CASC 3723 2565
17
50  SPD 6896 2532
30  SPD 8813 2548
10  SPD 8985 2522
18
50  SPD 7106 2544
30  SPD 8412 2551
10  SPD 8768 2529
19
50  CASC 7263 2581
30  SPD 8300 2539
10  SPD 11350 2494
20
50  CASC 5976 2589
30  CASC 6106 2585
10  CASC 6517 2593
21
50  SPD 3859 2489
30  SPD 3863 2490
10  CASC 4897 2558
22
50  SPD 5433 2536
30  SPD 7209 2554
23
50  CASC 3091 2590
30  SPD 3184 2515
10  SPD 3613 2517
24
50  CASC 2707 2569
30  CASC 2839 2571
10  SPD 4159 2496
25
50  SPD 2138 2543
30  CASC 2255 2559
10  SPD 2449 2512
26
50  SPD 1891 2533
30  SPD 2140 2525
10  CASC 2159 2567
27
50  CASC 4156 2595
30  CASC 4365 2568
10  CASC 4599 2580
28
50  SPD 4881 2509
30  CASC 5026 2573
10  SPD 5303 2549
29
50  SPD 4043 2518
30  SPD 4679 2522
10  SPD 4860 2546
30
50  SPD 4387 2508
30  SPD 4707 2542
10  SPD 4803 2551
31
80  CASC 3307 2596
40  CASC 3897 2581
0  SPD 4170 2539
32
80  CASC 3368 2582
40  CASC 3454 2593
0  CASC 3535 2585
33
80  SPD 4375 2534
35
50  CASC 2100 2559
30  SPD 2403 2543
10  SPD 2406 2541
36
50  SPD 2102 2525
30  CASC 2600 2561
10  CASC 2771 2592
37
50  CASC 3762 2560
30  SPD 4592 2550
10  CASC 4798 2580
38
50  SPD 4631 2553
30  SPD 4950 2549
10  SPD 5247 2493
39
50  SPD 3639 2532
30  SPD 3788 2503
10  SPD 3997 2518
40
50  SPD 3814 2544
30  SPD 6559 2502
41
50  CASC 3334 2596
30  CASC 4049 2594
10  SPD 4227 2539
42
50  CASC 3113 2593
30  CASC 3183 2585
10  CASC 3367 2566
43
50  SPD 3899 2526
30  SPD 3971 2534
10  CASC 4173 2590
44
50  CASC 2689 2569
45
50  CASC 2417 2559
30  SPD 2703 2512
10  CASC 2814 2583
46
50  SPD 2083 2533
30  CASC 2299 2567
10  SPD 2428 2525
47
50  CASC 4506 2568
30  CASC 4766 2595
10  SPD 4937 2513
48
50  CASC 4834 2565
30  SPD 5052 2510
10  SPD 5469 2553
49
50  SPD 4663 2547
30  SPD 4725 2503
10  SPD 4888 2522
50
50  SPD 4334 2551
30  SPD 4456 2502
10  SPD 5021 2508
51
50  CASC 4516 2594
30  CASC 4555 2581
10  SPD 5278 2516
52
50  CASC 3417 2589
30  CASC 3541 2585
10  CASC 3601 2593
53
50  SPD 27334 1912
54
50  CASC 12204 1913
30  SPD 15415 1904
55
50  SPD 18900 1906
56
50  CASC 18359 1914
57
50  CASC 14158 1915
30  SPD 16523 1907
58
50  SPD 15638 1908
30  CASC 16135 1917
59
50  SPD 13778 1909
60
50  SPD 14566 1910
61
50  CASC 12488 1918
30  SPD 17680 1911
SCORE:SPD,CASC,2790,2310,48.0
