SPD-SL
1
50  SPD 10483 2543
30  SL 11744 2907
10  SPD 13000 2541
2
50  SL 8346 2877
30  SL 8361 2923
10  SPD 8459 2533
3
50  SL 8950 2918
30  SL 9075 2884
10  SL 9347 2920
4
50  SL 9534 2909
30  SPD 10001 2510
10  SPD 10160 2549
5
50  SL 7340 2901
30  SL 7391 2928
10  SPD 7938 2532
6
50  SL 7120 2921
30  SL 7529 2886
10  SL 7588 2883
7
50  SPD 10866 2557
30  SPD 12740 2494
8
50  SL 7163 2917
30  SPD 8953 2540
9
50  SPD 3385 2489
30  SPD 4118 2490
10  SPD 4586 2556
10
50  SL 4113 2913
30  SL 4840 2875
10  SPD 7354 2554
11
50  SL 1652 2876
30  SL 1699 2908
10  SL 1840 2885
12
50  SL 1650 2874
30  SL 2522 2922
10  SL 3010 2906
13
50  SPD 4588 2541
30  SL 4839 2905
10  SL 5380 2881
14
50  SL 3409 2923
30  SPD 3450 2533
10  SL 4400 2894
15
50  SL 3377 2884
30  SL 3550 2920
10  SL 3600 2918
16
50  SL 3384 2909
30  SL 3680 2880
10  SPD 3708 2553
17
50  SL 6280 2928
30  SL 6354 2901
10  SPD 6896 2532
18
50  SL 6249 2921
30  SL 6403 2883
10  SPD 7106 2544
19
50  SPD 8300 2539
30  SPD 11350 2494
20
50  SL 5976 2917
30  SPD 7422 2552
10  SL 7788 2925
21
50  SPD 3859 2489
30  SPD 3863 2490
10  SPD 7130 2556
22
50  SPD 5433 2536
30  SPD 7209 2554
23
50  SL 1968 2876
30  SL 2090 2908
10  SL 2282 2885
24
50  SL 2070 2874
30  SPD 4159 2496
10  SL 4209 2878
25
50  SPD 2138 2543
30  SPD 2449 2512
10  SL 2450 2907
26
50  SPD 1891 2533
30  SL 1912 2877
10  SL 2043 2899
27
50  SL 4425 2918
30  SL 4534 2897
10  SPD 4615 2511
28
50  SL 4029 2909
30  SPD 4881 2509
10  SPD 5303 2549
29
50  SL 3388 2928
30  SPD 4043 2518
10  SPD 4679 2522
30
50  SL 3439 2883
30  SL 4214 2932
10  SL 4382 2904
31
80  SPD 4170 2539
40  SPD 4820 2516
32
80  SL 3410 2917
40  SPD 4063 2552
0  SL 5208 2925
33
80  SL 1860 2876
40  SL 2121 2908
0  SL 2362 2885
34
80  SL 2033 2874
35
50  SPD 2403 2543
30  SPD 2406 2541
10  SPD 2426 2512
36
50  SL 1757 2877
30  SPD 2102 2525
10  SL 2149 2899
37
50  SL 4031 2920
30  SPD 4592 2550
10  SPD 4819 2511
38
50  SPD 4631 2553
30  SL 4922 2909
10  SPD 4950 2549
39
50  SL 3265 2928
30  SL 3427 2901
10  SPD 3639 2532
40
50  SPD 3814 2544
30  SL 4456 2932
10  SPD 6559 2502
41
50  SPD 4227 2539
30  SPD 4878 2557
10  SPD 4997 2516
42
50  SL 2859 2917
43
50  SL 2284 2876
30  SL 2790 2885
10  SPD 3899 2526
44
50  SL 2286 2874
45
50  SPD 2703 2512
30  SL 2892 2907
10  SPD 3088 2505
46
50  SL 1938 2923
30  SPD 2083 2533
10  SPD 2428 2525
47
50  SL 4651 2912
30  SL 4742 2918
10  SPD 4937 2513
48
50  SPD 5052 2510
30  SPD 5469 2553
10  SPD 5490 2506
49
50  SL 3903 2901
30  SL 4117 2916
10  SL 4626 2902
50
50  SL 3447 2921
30  SL 3884 2904
10  SPD 4334 2551
51
50  SPD 5278 2516
30  SPD 5333 2557
10  SPD 6908 2494
52
50  SPD 4607 2540
30  SPD 4683 2552
53
50  SL 23862 1969
30  SPD 27334 1912
54
50  SL 11727 1961
30  SPD 15415 1904
55
50  SPD 18900 1906
30  SL 20788 1963
56
50  SL 15044 1965
57
50  SL 15791 1966
30  SPD 16523 1907
58
50  SPD 15638 1908
59
50  SPD 13778 1909
30  SL 15156 1967
60
50  SL 12371 1968
30  SPD 14566 1910
61
50  SPD 17680 1911
SCORE:SPD,SL,2220,3040,-82.0
