SPD-GBP
1
50  SPD 10483 2543
30  GBP 11741 3412
10  SPD 13000 2541
2
50  SPD 8459 2533
30  GBP 9298 3408
10  GBP 9322 3416
3
50  SPD 10200 2513
30  SPD 10800 2550
10  SPD 10821 2531
4
50  SPD 10001 2510
30  SPD 10160 2549
10  GBP 10451 3407
5
50  SPD 7938 2532
30  SPD 8957 2503
10  SPD 9878 2546
6
50  GBP 7190 3414
30  SPD 8395 2544
10  GBP 8906 3399
7
50  GBP 7477 3415
30  SPD 10866 2557
10  SPD 12740 2494
8
50  GBP 8403 3393
30  SPD 8953 2540
9
50  GBP 2550 3410
30  SPD 3385 2489
10  GBP 3697 3404
10
50  SPD 7354 2554
11
50  GBP 2046 3413
30  GBP 2550 3410
10  SPD 2582 2526
12
50  GBP 1853 3388
30  GBP 2656 3403
10  GBP 2874 3386
13
50  GBP 3943 3412
30  SPD 4588 2541
10  SPD 5603 2497
14
50  GBP 3432 3408
30  SPD 3450 2533
10  GBP 4485 3411
15
50  SPD 3909 2511
30  SPD 3928 2531
10  GBP 4221 3417
16
50  SPD 3708 2553
30  SPD 3714 2510
10  GBP 3813 3407
17
50  SPD 6896 2532
30  SPD 8813 2548
10  SPD 8985 2522
18
50  SPD 7106 2544
30  GBP 8007 3399
10  GBP 8147 3400
19
50  GBP 6648 3415
30  GBP 7221 3418
10  SPD 8300 2539
20
50  GBP 7038 3392
30  SPD 7422 2552
10  GBP 7637 3393
21
50  GBP 3449 3404
30  SPD 3859 2489
10  SPD 3863 2490
22
50  SPD 5433 2536
30  SPD 7209 2554
23
50  GBP 2762 3396
30  SPD 3184 2515
10  GBP 3449 3404
24
50  GBP 2508 3388
30  GBP 2585 3395
10  GBP 3559 3394
25
50  SPD 2138 2543
30  GBP 2384 3412
10  SPD 2449 2512
26
50  SPD 1891 2533
30  GBP 1909 3416
10  SPD 2140 2525
27
50  SPD 4615 2511
30  SPD 4970 2513
10  GBP 5013 3417
28
50  SPD 4881 2509
30  SPD 5303 2549
10  GBP 5637 3407
29
50  SPD 4043 2518
30  SPD 4679 2522
10  SPD 4860 2546
30
50  GBP 3294 3414
30  SPD 4387 2508
10  SPD 4707 2542
31
80  SPD 4170 2539
40  SPD 4820 2516
32
80  GBP 4038 3393
40  SPD 4063 2552
0  GBP 4409 3392
33
80  GBP 2384 3413
40  SPD 4375 2534
34
80  GBP 2772 3388
40  GBP 3281 3395
35
50  SPD 2403 2543
30  SPD 2406 2541
10  SPD 2426 2512
36
50  GBP 1660 3408
30  SPD 2102 2525
10  GBP 2481 3391
37
50  SPD 4592 2550
30  SPD 4819 2511
10  SPD 4969 2487
38
50  SPD 4631 2553
30  SPD 4950 2549
10  SPD 5247 2493
39
50  SPD 3639 2532
30  SPD 3788 2503
10  SPD 3997 2518
40
50  GBP 3096 3414
30  SPD 3814 2544
10  GBP 4228 3399
41
50  SPD 4227 2539
30  SPD 4878 2557
10  SPD 4997 2516
42
50  GBP 3747 3392
43
50  GBP 3213 3413
30  SPD 3899 2526
10  SPD 3971 2534
44
50  GBP 3047 3403
30  GBP 3172 3388
10  GBP 3785 3395
45
50  SPD 2703 2512
30  SPD 3088 2505
10  GBP 3181 3402
46
50  SPD 2083 2533
30  GBP 2090 3416
10  SPD 2428 2525
47
50  SPD 4937 2513
30  SPD 5538 2523
10  SPD 5751 2550
48
50  SPD 5052 2510
30  GBP 5239 3407
10  SPD 5469 2553
49
50  SPD 4663 2547
30  SPD 4725 2503
10  SPD 4888 2522
50
50  SPD 4334 2551
30  SPD 4456 2502
10  GBP 4584 3400
51
50  GBP 4132 3418
30  SPD 5278 2516
10  SPD 5333 2557
52
50  GBP 3738 3393
30  GBP 4054 3392
10  SPD 4607 2540
53
50  SPD 27334 1912
54
50  GBP 9875 2033
30  SPD 15415 1904
55
50  SPD 18900 1906
56
50  GBP 16283 2035
57
50  SPD 16523 1907
58
50  SPD 15638 1908
59
50  SPD 13778 1909
60
50  GBP 13453 2036
30  SPD 14566 1910
61
50  SPD 17680 1911
SCORE:SPD,GBP,3150,2060,109.0
