SPD-RW
1
50  RW 10009 718
30  SPD 10483 2543
10  RW 11222 768
2
50  SPD 8459 2533
30  RW 8968 753
10  RW 9600 762
3
50  RW 8982 725
30  RW 10153 686
10  SPD 10200 2513
4
50  SPD 10001 2510
30  SPD 10160 2549
10  RW 10600 736
5
50  RW 7908 773
30  SPD 7938 2532
10  RW 8319 735
6
50  RW 7729 752
30  SPD 8395 2544
10  SPD 11019 2502
7
50  RW 7459 772
30  SPD 10866 2557
10  SPD 12740 2494
8
50  RW 6948 733
30  RW 7027 763
10  RW 7268 742
9
50  RW 2557 688
30  SPD 3385 2489
10  SPD 4118 2490
10
50  RW 3534 751
30  RW 4054 720
10  RW 4172 695
11
50  RW 1975 771
30  RW 2544 703
10  SPD 2582 2526
12
50  RW 1829 726
30  RW 2055 696
10  RW 2206 761
13
50  RW 3735 718
30  RW 3906 701
10  SPD 4588 2541
14
50  SPD 3450 2533
30  RW 3905 762
10  SPD 4704 2520
15
50  RW 3539 727
30  RW 3832 725
10  RW 3900 743
16
50  RW 3402 724
30  SPD 3708 2553
10  SPD 3714 2510
17
50  SPD 6896 2532
30  RW 7229 735
10  RW 8526 767
18
50  RW 6623 752
30  SPD 7106 2544
10  SPD 8412 2551
19
50  RW 6387 772
30  SPD 8300 2539
10  SPD 11350 2494
20
50  RW 5551 716
30  RW 5951 763
10  RW 6060 733
21
50  RW 3450 688
30  SPD 3859 2489
10  SPD 3863 2490
22
50  RW 4079 695
30  RW 4291 751
10  SPD 5433 2536
23
50  SPD 3184 2515
30  SPD 3613 2517
10  RW 3624 703
24
50  RW 2427 726
30  RW 2718 737
10  RW 2770 747
25
50  RW 1989 701
30  SPD 2138 2543
10  RW 2244 715
26
50  SPD 1891 2533
30  RW 1908 753
10  SPD 2140 2525
27
50  RW 4563 743
30  SPD 4615 2511
10  RW 4912 729
28
50  RW 4728 724
30  SPD 4881 2509
10  RW 4906 766
29
50  RW 3721 735
30  SPD 4043 2518
10  RW 4257 754
30
50  SPD 4387 2508
30  SPD 4707 2542
10  SPD 4803 2551
31
80  RW 3927 722
40  SPD 4170 2539
0  SPD 4820 2516
32
80  RW 3041 716
40  RW 3259 742
0  RW 3425 690
33
80  RW 2497 771
40  RW 2947 740
0  RW 3059 750
34
80  RW 2609 696
40  RW 2669 747
0  RW 3215 748
35
50  RW 1973 718
30  SPD 2403 2543
10  SPD 2406 2541
36
50  RW 1899 762
30  SPD 2102 2525
10  RW 2556 730
37
50  RW 4372 686
30  SPD 4592 2550
10  RW 4780 689
38
50  RW 4420 736
30  RW 4496 766
10  SPD 4631 2553
39
50  RW 3435 773
30  SPD 3639 2532
10  SPD 3788 2503
40
50  SPD 3814 2544
30  RW 5377 769
10  SPD 6559 2502
41
50  RW 3266 772
30  RW 4106 722
10  SPD 4227 2539
42
50  RW 2739 716
30  RW 2939 733
10  RW 3106 742
43
50  RW 2462 771
30  SPD 3899 2526
10  SPD 3971 2534
44
50  RW 2621 726
30  RW 3435 748
45
50  RW 2351 701
30  SPD 2703 2512
10  SPD 3088 2505
46
50  SPD 2083 2533
30  RW 2123 753
10  SPD 2428 2525
47
50  RW 4334 725
30  RW 4809 727
10  SPD 4937 2513
48
50  SPD 5052 2510
30  SPD 5469 2553
10  SPD 5490 2506
49
50  RW 3988 773
30  SPD 4663 2547
10  SPD 4725 2503
50
50  RW 4049 752
30  SPD 4334 2551
10  SPD 4456 2502
51
50  RW 4707 722
30  SPD 5278 2516
10  SPD 5333 2557
52
50  RW 3837 763
30  RW 4031 710
10  SPD 4607 2540
53
50  RW 17717 1691
30  SPD 27334 1912
54
50  RW 10673 1686
30  SPD 15415 1904
55
50  RW 18245 1687
30  SPD 18900 1906
56
50  RW 19983 1688
57
50  RW 15355 1689
30  SPD 16523 1907
58
50  SPD 15638 1908
59
50  SPD 13778 1909
60
50  SPD 14566 1910
61
50  SPD 17680 1911
SCORE:SPD,RW,1920,3440,-152.0
