SPD-SA
1
50  SPD 10483 2543
30  SPD 13000 2541
10  SPD 13208 2505
2
50  SPD 8459 2533
30  SPD 9968 2525
3
50  SPD 10200 2513
30  SPD 10800 2550
10  SPD 10821 2531
4
50  SPD 10001 2510
30  SPD 10160 2549
10  SPD 10875 2509
5
50  SPD 7938 2532
30  SPD 8957 2503
10  SPD 9878 2546
6
50  SPD 8395 2544
30  SPD 11019 2502
10  SPD 11081 2542
7
50  SPD 10866 2557
30  SPD 12740 2494
8
50  SPD 8953 2540
9
50  SPD 3385 2489
30  SPD 4118 2490
10  SPD 4586 2556
10
50  SPD 7354 2554
11
50  SPD 2582 2526
30  SPD 2895 2517
10  SPD 3083 2515
12
50  SPD 3370 2496
30  SPD 5332 2491
13
50  SPD 4588 2541
30  SPD 5603 2497
10  SPD 5621 2492
14
50  SPD 3450 2533
30  SPD 4704 2520
15
50  SPD 3909 2511
30  SPD 3928 2531
10  SPD 4270 2550
16
50  SPD 3708 2553
30  SPD 3714 2510
10  SPD 3970 2493
17
50  SPD 6896 2532
30  SPD 8813 2548
10  SPD 8985 2522
18
50  SPD 7106 2544
30  SPD 8412 2551
10  SPD 8768 2529
19
50  SPD 8300 2539
30  SPD 11350 2494
20
50  SPD 7422 2552
21
50  SPD 3859 2489
30  SPD 3863 2490
10  SPD 7130 2556
22
50  SPD 5433 2536
30  SPD 7209 2554
23
50  SPD 3184 2515
30  SPD 3613 2517
10  SPD 3683 2545
24
50  SPD 4159 2496
30  SPD 9429 2491
25
50  SPD 2138 2543
30  SPD 2449 2512
10  SPD 2653 2501
26
50  SPD 1891 2533
30  SPD 2140 2525
10  SPD 3025 2520
27
50  SPD 4615 2511
30  SPD 4970 2513
10  SPD 5751 2523
28
50  SPD 4881 2509
30  SPD 5303 2549
10  SPD 5803 2514
29
50  SPD 4043 2518
30  SPD 4679 2522
10  SPD 4860 2546
30
50  SPD 4387 2508
30  SPD 4707 2542
10  SPD 4803 2551
31
80  SPD 4170 2539
40  SPD 4820 2516
32
80  SPD 4063 2552
33
80  SPD 4375 2534
35
50  SPD 2403 2543
30  SPD 2406 2541
10  SPD 2426 2512
36
50  SPD 2102 2525
30  SPD 2956 2520
37
50  SPD 4592 2550
30  SPD 4819 2511
10  SPD 4969 2487
38
50  SPD 4631 2553
30  SPD 4950 2549
10  SPD 5247 2493
39
50  SPD 3639 2532
30  SPD 3788 2503
10  SPD 3997 2518
40
50  SPD 3814 2544
30  SPD 6559 2502
41
50  SPD 4227 2539
30  SPD 4878 2557
10  SPD 4997 2516
43
50  SPD 3899 2526
30  SPD 3971 2534
45
50  SPD 2703 2512
30  SPD 3088 2505
46
50  SPD 2083 2533
30  SPD 2428 2525
10  SPD 3140 2520
47
50  SPD 4937 2513
30  SPD 5538 2523
10  SPD 5751 2550
48
50  SPD 5052 2510
30  SPD 5469 2553
10  SPD 5490 2506
49
50  SPD 4663 2547
30  SPD 4725 2503
10  SPD 4888 2522
50
50  SPD 4334 2551
30  SPD 4456 2502
10  SPD 5021 2508
51
50  SPD 5278 2516
30  SPD 5333 2557
10  SPD 6908 2494
52
50  SPD 4607 2540
30  SPD 4683 2552
53
50  SPD 27334 1912
54
50  SPD 15415 1904
55
50  SPD 18900 1906
57
50  SPD 16523 1907
58
50  SPD 15638 1908
59
50  SPD 13778 1909
60
50  SPD 14566 1910
61
50  SPD 17680 1911
SCORE:SPD,SA,4580,0,458.0
