SPD-LCC
1
50  SPD 10483 2543
30  LCC 12900 2855
10  SPD 13000 2541
2
50  SPD 8459 2533
30  SPD 9968 2525
3
50  LCC 7247 2844
30  LCC 9800 2860
10  SPD 10200 2513
4
50  LCC 7346 2868
30  SPD 10001 2510
10  SPD 10160 2549
5
50  LCC 7149 2861
30  LCC 7241 2846
10  SPD 7938 2532
6
50  LCC 8146 2867
30  SPD 8395 2544
10  SPD 11019 2502
7
50  LCC 6395 2845
30  LCC 8620 2858
10  SPD 10866 2557
8
50  LCC 6350 2871
30  LCC 6572 2836
10  LCC 7900 2851
9
50  SPD 3385 2489
30  SPD 4118 2490
10  SPD 4586 2556
10
50  SPD 7354 2554
11
50  LCC 2278 2859
30  LCC 2345 2832
10  SPD 2582 2526
12
50  LCC 2865 2837
30  SPD 3370 2496
10  SPD 5332 2491
13
50  LCC 3277 2869
30  LCC 4483 2855
10  SPD 4588 2541
14
50  SPD 3450 2533
30  SPD 4704 2520
10  LCC 5203 2831
15
50  SPD 3909 2511
30  SPD 3928 2531
10  LCC 4085 2864
16
50  LCC 2821 2868
30  SPD 3708 2553
10  SPD 3714 2510
17
50  LCC 6550 2862
30  SPD 6896 2532
10  LCC 8026 2829
18
50  SPD 7106 2544
30  LCC 7280 2867
10  SPD 8412 2551
19
50  SPD 8300 2539
30  SPD 11350 2494
20
50  LCC 5634 2836
30  LCC 5829 2835
10  LCC 6720 2870
21
50  SPD 3859 2489
30  SPD 3863 2490
10  LCC 4821 2842
22
50  SPD 5433 2536
30  SPD 7209 2554
23
50  LCC 2705 2832
30  LCC 3055 2859
10  SPD 3184 2515
24
50  LCC 3932 2837
30  SPD 4159 2496
10  SPD 9429 2491
25
50  LCC 1880 2869
30  SPD 2138 2543
10  SPD 2449 2512
26
50  SPD 1891 2533
30  SPD 2140 2525
10  LCC 2887 2831
27
50  LCC 3373 2844
30  SPD 4615 2511
10  SPD 4970 2513
28
50  SPD 4881 2509
30  SPD 5303 2549
10  SPD 5803 2514
29
50  LCC 3544 2862
30  SPD 4043 2518
10  LCC 4528 2829
30
50  SPD 4387 2508
30  LCC 4645 2847
10  SPD 4707 2542
31
80  LCC 3887 2858
40  SPD 4170 2539
0  SPD 4820 2516
32
80  LCC 2945 2871
40  LCC 3756 2834
0  LCC 4034 2833
33
80  LCC 4011 2859
40  SPD 4375 2534
35
50  SPD 2403 2543
30  SPD 2406 2541
10  SPD 2426 2512
36
50  SPD 2102 2525
30  SPD 2956 2520
37
50  LCC 3470 2844
30  SPD 4592 2550
10  SPD 4819 2511
38
50  SPD 4631 2553
30  SPD 4950 2549
10  SPD 5247 2493
39
50  LCC 3019 2861
30  LCC 3026 2846
10  LCC 3614 2862
40
50  SPD 3814 2544
30  LCC 3952 2867
10  SPD 6559 2502
41
50  LCC 2770 2845
30  LCC 3963 2858
10  SPD 4227 2539
42
50  LCC 2625 2871
30  LCC 3019 2835
10  LCC 3132 2851
43
50  SPD 3899 2526
30  SPD 3971 2534
45
50  SPD 2703 2512
30  SPD 3088 2505
10  LCC 5274 2854
46
50  SPD 2083 2533
30  SPD 2428 2525
10  LCC 2716 2831
47
50  SPD 4937 2513
30  LCC 5133 2860
10  SPD 5538 2523
48
50  SPD 5052 2510
30  SPD 5469 2553
10  SPD 5490 2506
49
50  LCC 3773 2861
30  LCC 3821 2846
10  SPD 4663 2547
50
50  SPD 4334 2551
30  SPD 4456 2502
10  SPD 5021 2508
51
50  LCC 3654 2845
30  SPD 5278 2516
10  SPD 5333 2557
52
50  LCC 3518 2836
30  LCC 3734 2851
10  LCC 3784 2835
53
50  SPD 27334 1912
54
50  SPD 15415 1904
55
50  SPD 18900 1906
30  LCC 20217 1954
57
50  LCC 16435 1955
30  SPD 16523 1907
58
50  SPD 15638 1908
59
50  LCC 11929 1956
30  SPD 13778 1909
60
50  SPD 14566 1910
30  LCC 17576 1957
61
50  LCC 11533 1959
30  SPD 17680 1911
SCORE:SPD,LCC,2690,2360,33.0
