SPD-NC
1
50  NC 9537 1485
30  SPD 10483 2543
10  NC 11022 1472
2
50  SPD 8459 2533
30  SPD 9968 2525
10  NC 10859 1532
3
50  NC 7906 1477
30  NC 9235 1504
10  NC 9563 1519
4
50  NC 8479 1533
30  NC 9094 1471
10  SPD 10001 2510
5
50  SPD 7938 2532
30  NC 8092 1476
10  SPD 8957 2503
6
50  SPD 8395 2544
30  NC 9079 1524
10  NC 9428 1514
7
50  NC 8569 1497
30  NC 9537 1466
10  SPD 10866 2557
8
50  NC 7103 1483
30  NC 7146 1492
10  NC 7450 1509
9
50  NC 2950 1526
30  SPD 3385 2489
10  SPD 4118 2490
10
50  SPD 7354 2554
11
50  NC 2056 1515
30  SPD 2582 2526
10  NC 2663 1510
12
50  NC 2144 1487
30  NC 2181 1530
10  NC 2388 1489
13
50  NC 4184 1474
30  SPD 4588 2541
10  NC 5063 1520
14
50  SPD 3450 2533
30  NC 4309 1528
10  SPD 4704 2520
15
50  NC 3160 1477
30  NC 3698 1522
10  SPD 3909 2511
16
50  NC 3250 1517
30  NC 3447 1533
10  SPD 3708 2553
17
50  SPD 6896 2532
30  NC 7388 1470
10  NC 8268 1535
18
50  SPD 7106 2544
30  NC 7797 1537
10  NC 7947 1524
19
50  NC 7391 1497
30  SPD 8300 2539
10  NC 8413 1505
20
50  NC 6181 1483
30  NC 6473 1509
10  NC 7400 1496
21
50  SPD 3859 2489
30  SPD 3863 2490
10  NC 4007 1526
22
50  SPD 5433 2536
30  SPD 7209 2554
23
50  NC 2606 1516
30  NC 3179 1527
10  SPD 3184 2515
24
50  NC 2572 1487
30  NC 3022 1489
10  NC 3553 1521
25
50  NC 1994 1485
30  SPD 2138 2543
10  NC 2363 1475
26
50  SPD 1891 2533
30  SPD 2140 2525
10  NC 2422 1525
27
50  NC 3567 1477
30  NC 4549 1504
10  SPD 4615 2511
28
50  NC 4119 1533
30  NC 4179 1471
10  SPD 4881 2509
29
50  NC 3790 1470
30  SPD 4043 2518
10  NC 4284 1506
30
50  SPD 4387 2508
30  NC 4540 1537
10  SPD 4707 2542
31
80  NC 3954 1497
40  SPD 4170 2539
0  NC 4604 1466
32
80  NC 3181 1492
40  NC 3437 1509
0  SPD 4063 2552
33
80  NC 2860 1516
40  NC 2900 1515
0  NC 2912 1510
34
80  NC 2659 1530
40  NC 3803 1487
35
50  NC 1873 1485
30  NC 2172 1472
10  SPD 2403 2543
36
50  SPD 2102 2525
30  NC 2300 1525
10  NC 2389 1532
37
50  NC 4296 1519
30  NC 4328 1504
10  NC 4475 1522
38
50  NC 3571 1517
30  NC 4003 1471
10  SPD 4631 2553
39
50  NC 3541 1470
30  NC 3618 1476
10  SPD 3639 2532
40
50  SPD 3814 2544
30  NC 4068 1537
10  NC 4128 1514
41
50  NC 3763 1497
30  SPD 4227 2539
10  NC 4526 1505
42
50  NC 2993 1483
30  NC 3113 1492
10  NC 3359 1509
43
50  NC 3047 1516
30  NC 3862 1515
10  SPD 3899 2526
44
50  NC 2992 1494
30  NC 3066 1489
10  NC 3369 1530
45
50  NC 2462 1474
30  NC 2653 1472
10  SPD 2703 2512
46
50  SPD 2083 2533
30  SPD 2428 2525
10  NC 2525 1532
47
50  NC 4322 1477
30  NC 4701 1519
10  NC 4796 1522
48
50  NC 4507 1517
30  SPD 5052 2510
10  NC 5165 1502
49
50  NC 4160 1476
30  SPD 4663 2547
10  SPD 4725 2503
50
50  SPD 4334 2551
30  NC 4410 1524
10  SPD 4456 2502
51
50  NC 4844 1505
30  NC 4958 1466
10  SPD 5278 2516
52
50  NC 3615 1483
30  NC 3750 1492
10  NC 4497 1496
53
50  SPD 27334 1912
54
50  NC 9591 1764
30  SPD 15415 1904
55
50  NC 18144 1766
30  SPD 18900 1906
56
50  NC 18106 1768
57
50  NC 15191 1770
30  SPD 16523 1907
58
50  NC 14393 1772
30  SPD 15638 1908
59
50  SPD 13778 1909
30  NC 14019 1773
60
50  SPD 14566 1910
30  NC 14844 1774
61
50  NC 14235 1775
30  SPD 17680 1911
SCORE:SPD,NC,1730,3680,-195.0
