SPD-FO
1
50  SPD 10483 2543
30  FO 10771 2035
10  FO 12495 2122
2
50  SPD 8459 2533
30  SPD 9968 2525
10  FO 10637 2042
3
50  FO 8237 2055
30  SPD 10200 2513
10  FO 10522 2051
4
50  FO 8422 2127
30  FO 9837 2079
10  SPD 10001 2510
5
50  SPD 7938 2532
30  FO 8487 2036
10  SPD 8957 2503
6
50  SPD 8395 2544
30  FO 8478 2053
10  FO 8720 2121
7
50  FO 7744 2061
30  SPD 10866 2557
10  SPD 12740 2494
8
50  FO 6400 2077
30  FO 6997 2094
10  FO 7566 2076
9
50  FO 3181 2050
30  SPD 3385 2489
10  FO 4028 2064
10
50  FO 2470 2128
30  FO 2776 2049
10  FO 3569 2106
11
50  FO 2071 2043
30  FO 2090 2078
10  SPD 2582 2526
12
50  FO 1906 2065
30  FO 2293 2107
10  FO 2300 2101
13
50  FO 4515 2110
30  SPD 4588 2541
10  FO 4844 2074
14
50  SPD 3450 2533
30  FO 4140 2042
10  FO 4351 2088
15
50  SPD 3909 2511
30  SPD 3928 2531
10  SPD 4270 2550
16
50  FO 3571 2066
30  SPD 3708 2553
10  SPD 3714 2510
17
50  SPD 6896 2532
30  FO 7118 2036
10  FO 7692 2071
18
50  SPD 7106 2544
30  FO 7319 2121
10  FO 7333 2053
19
50  FO 6721 2061
30  SPD 8300 2539
10  FO 9947 2039
20
50  FO 5738 2077
30  FO 5938 2094
10  FO 6503 2076
21
50  FO 3857 2050
30  SPD 3859 2489
10  SPD 3863 2490
22
50  FO 2925 2128
30  FO 3814 2049
10  SPD 5433 2536
23
50  FO 2619 2139
30  FO 2720 2043
10  FO 2837 2078
24
50  FO 2552 2065
30  FO 2965 2090
10  FO 3384 2124
25
50  SPD 2138 2543
30  FO 2372 2074
10  FO 2381 2035
26
50  SPD 1891 2533
30  SPD 2140 2525
10  FO 2225 2048
27
50  FO 3759 2055
30  FO 4467 2109
10  SPD 4615 2511
28
50  FO 4134 2127
30  FO 4747 2066
10  SPD 4881 2509
29
50  SPD 4043 2518
30  FO 4128 2067
10  FO 4135 2060
30
50  FO 4253 2121
30  SPD 4387 2508
10  FO 4432 2047
31
80  SPD 4170 2539
40  FO 4765 2039
0  SPD 4820 2516
32
80  FO 3047 2077
40  FO 3414 2076
0  SPD 4063 2552
33
80  FO 2181 2139
40  FO 2381 2078
0  FO 2700 2043
34
80  FO 3806 2120
35
50  FO 2208 2035
30  SPD 2403 2543
10  SPD 2406 2541
36
50  SPD 2102 2525
30  FO 2122 2104
10  FO 2222 2048
37
50  SPD 4592 2550
30  FO 4659 2109
10  SPD 4819 2511
38
50  FO 4043 2127
30  SPD 4631 2553
10  SPD 4950 2549
39
50  SPD 3639 2532
30  FO 3744 2036
10  SPD 3788 2503
40
50  SPD 3814 2544
30  FO 3906 2053
10  SPD 6559 2502
41
50  FO 3459 2061
30  SPD 4227 2539
10  SPD 4878 2557
42
50  FO 2884 2094
30  FO 3478 2076
10  FO 3989 2132
43
50  FO 2740 2139
30  FO 3895 2097
10  SPD 3899 2526
45
50  SPD 2703 2512
30  FO 2901 2110
10  SPD 3088 2505
46
50  SPD 2083 2533
30  SPD 2428 2525
10  FO 2462 2104
47
50  FO 4008 2055
30  SPD 4937 2513
10  FO 5244 2109
48
50  FO 4576 2066
30  SPD 5052 2510
10  SPD 5469 2553
49
50  FO 4431 2092
30  SPD 4663 2547
10  FO 4695 2071
50
50  FO 4110 2053
30  SPD 4334 2551
10  SPD 4456 2502
51
50  FO 3932 2061
30  SPD 5278 2516
10  SPD 5333 2557
52
50  FO 3541 2077
30  FO 3725 2094
10  FO 4119 2132
53
50  FO 14008 1854
30  SPD 27334 1912
54
50  FO 9738 1838
30  SPD 15415 1904
55
50  SPD 18900 1906
30  FO 19576 1843
56
50  FO 18719 1846
57
50  FO 15307 1849
30  SPD 16523 1907
58
50  FO 14984 1850
30  SPD 15638 1908
59
50  SPD 13778 1909
30  FO 15100 1853
60
50  SPD 14566 1910
61
50  SPD 17680 1911
SCORE:SPD,FO,2060,3240,-118.0
