SPD-WH
1
50  WH 9640 1193
30  SPD 10483 2543
10  WH 11865 1245
2
50  SPD 8459 2533
30  SPD 9968 2525
10  WH 10577 1271
3
50  WH 8247 1194
30  WH 9784 1222
10  SPD 10200 2513
4
50  WH 9193 1192
30  SPD 10001 2510
10  SPD 10160 2549
5
50  WH 7892 1191
30  SPD 7938 2532
10  SPD 8957 2503
6
50  SPD 8395 2544
30  WH 10114 1226
10  WH 10162 1274
7
50  WH 8651 1276
30  SPD 10866 2557
10  SPD 12740 2494
8
50  WH 8286 1280
30  WH 8650 1198
10  SPD 8953 2540
9
50  SPD 3385 2489
30  WH 3735 1229
10  SPD 4118 2490
10
50  WH 4124 1181
30  WH 4823 1257
10  WH 5578 1265
11
50  WH 2018 1188
30  WH 2124 1236
10  WH 2493 1234
12
50  WH 2443 1211
30  WH 2872 1258
10  WH 3022 1256
13
50  SPD 4588 2541
30  WH 4773 1288
10  WH 4802 1239
14
50  SPD 3450 2533
30  WH 4037 1228
10  SPD 4704 2520
15
50  WH 3344 1194
30  WH 3856 1222
10  SPD 3909 2511
16
50  WH 3582 1197
30  SPD 3708 2553
10  SPD 3714 2510
17
50  SPD 6896 2532
30  WH 7845 1178
10  WH 8026 1224
18
50  WH 6598 1277
30  SPD 7106 2544
10  SPD 8412 2551
19
50  WH 6868 1187
30  WH 7183 1240
10  WH 7575 1276
20
50  WH 6743 1246
30  WH 7183 1247
10  SPD 7422 2552
21
50  SPD 3859 2489
30  SPD 3863 2490
10  WH 5483 1229
22
50  SPD 5433 2536
30  SPD 7209 2554
23
50  WH 2603 1188
30  WH 2802 1236
10  WH 2865 1234
24
50  WH 3673 1256
30  WH 4091 1211
10  SPD 4159 2496
25
50  SPD 2138 2543
30  WH 2213 1193
10  WH 2308 1245
26
50  SPD 1891 2533
30  SPD 2140 2525
10  WH 2321 1271
27
50  WH 3950 1194
30  SPD 4615 2511
10  SPD 4970 2513
28
50  WH 4251 1192
30  WH 4716 1197
10  SPD 4881 2509
29
50  WH 3513 1191
30  SPD 4043 2518
10  WH 4098 1178
30
50  WH 3788 1277
30  SPD 4387 2508
10  WH 4543 1226
31
80  WH 3613 1240
40  WH 3877 1187
0  SPD 4170 2539
32
80  WH 3597 1247
40  WH 3989 1183
0  SPD 4063 2552
33
80  SPD 4375 2534
35
50  WH 2132 1245
30  SPD 2403 2543
10  SPD 2406 2541
36
50  WH 1815 1189
30  SPD 2102 2525
10  WH 2148 1228
37
50  SPD 4592 2550
30  SPD 4819 2511
10  WH 4920 1176
38
50  WH 4260 1192
30  SPD 4631 2553
10  WH 4851 1221
39
50  WH 3611 1191
30  SPD 3639 2532
10  SPD 3788 2503
40
50  SPD 3814 2544
30  WH 4022 1274
10  SPD 6559 2502
41
50  WH 3517 1187
30  WH 3852 1276
10  SPD 4227 2539
42
50  WH 3502 1280
30  WH 3724 1198
10  WH 4302 1183
43
50  WH 3268 1188
30  WH 3453 1279
10  WH 3673 1234
45
50  WH 2335 1193
30  SPD 2703 2512
10  WH 2814 1281
46
50  SPD 2083 2533
30  WH 2147 1271
10  SPD 2428 2525
47
50  SPD 4937 2513
30  WH 5269 1195
10  WH 5319 1176
48
50  SPD 5052 2510
30  WH 5403 1197
10  SPD 5469 2553
49
50  WH 4345 1220
30  WH 4565 1178
10  SPD 4663 2547
50
50  WH 3827 1277
30  SPD 4334 2551
10  SPD 4456 2502
51
50  WH 4341 1240
30  WH 4961 1196
10  SPD 5278 2516
52
50  WH 4106 1280
30  WH 4311 1247
10  WH 4359 1182
53
50  WH 24955 1733
30  SPD 27334 1912
54
50  WH 11963 1734
30  SPD 15415 1904
55
50  SPD 18900 1906
30  WH 28845 1735
56
50  WH 27833 1736
57
50  SPD 16523 1907
30  WH 23321 1737
58
50  SPD 15638 1908
30  WH 21021 1738
59
50  SPD 13778 1909
60
50  SPD 14566 1910
61
50  WH 15727 1739
30  SPD 17680 1911
SCORE:SPD,WH,2000,3170,-117.0
