SPD-WST
1
50  WST 9560 1393
30  WST 10214 1445
10  SPD 10483 2543
2
50  SPD 8459 2533
30  SPD 9968 2525
10  WST 10409 1384
3
50  WST 9201 1410
30  WST 9728 1391
10  SPD 10200 2513
4
50  WST 8631 1444
30  SPD 10001 2510
10  SPD 10160 2549
5
50  WST 7806 1401
30  SPD 7938 2532
10  WST 8877 1387
6
50  SPD 8395 2544
30  WST 9363 1376
10  WST 9634 1370
7
50  WST 9084 1399
30  SPD 10866 2557
10  SPD 12740 2494
8
50  WST 6800 1380
30  WST 8740 1463
10  SPD 8953 2540
9
50  SPD 3385 2489
30  SPD 4118 2490
10  SPD 4586 2556
10
50  WST 3581 1423
30  WST 3746 1405
10  WST 3935 1442
11
50  WST 1954 1411
30  WST 2237 1389
10  WST 2277 1455
12
50  WST 1846 1421
30  WST 2390 1388
10  WST 2517 1372
13
50  WST 4119 1445
30  WST 4175 1366
10  WST 4283 1386
14
50  SPD 3450 2533
30  WST 3938 1384
10  WST 4257 1392
15
50  WST 3622 1448
30  WST 3751 1410
10  WST 3823 1391
16
50  WST 3387 1444
30  SPD 3708 2553
10  SPD 3714 2510
17
50  SPD 6896 2532
30  WST 7747 1425
10  WST 7844 1456
18
50  SPD 7106 2544
30  WST 7996 1370
10  WST 8036 1460
19
50  WST 7150 1461
30  WST 7878 1399
10  SPD 8300 2539
20
50  WST 5963 1380
30  SPD 7422 2552
21
50  SPD 3859 2489
30  SPD 3863 2490
10  SPD 7130 2556
22
50  WST 3468 1423
30  WST 4919 1405
10  SPD 5433 2536
23
50  WST 2557 1389
30  WST 2771 1404
10  WST 3094 1418
24
50  WST 2217 1421
30  WST 3152 1415
10  WST 3157 1388
25
50  WST 2062 1393
30  SPD 2138 2543
10  WST 2282 1366
26
50  SPD 1891 2533
30  SPD 2140 2525
10  WST 2282 1392
27
50  WST 4415 1391
30  WST 4528 1410
10  WST 4606 1375
28
50  SPD 4881 2509
30  SPD 5303 2549
10  SPD 5803 2514
29
50  WST 3400 1401
30  WST 3975 1387
10  SPD 4043 2518
30
50  WST 4352 1376
30  WST 4367 1369
10  SPD 4387 2508
31
80  WST 3713 1461
40  WST 4152 1399
0  SPD 4170 2539
32
80  SPD 4063 2552
40  WST 4072 1463
33
80  WST 2529 1411
40  WST 2560 1389
0  WST 2919 1455
34
80  WST 2022 1421
40  WST 4708 1372
0  WST 4744 1408
35
50  WST 1716 1393
30  WST 2115 1396
10  WST 2315 1386
36
50  SPD 2102 2525
30  SPD 2956 2520
10  WST 2963 1378
37
50  SPD 4592 2550
30  WST 4690 1448
10  SPD 4819 2511
38
50  WST 4603 1444
30  SPD 4631 2553
10  SPD 4950 2549
39
50  SPD 3639 2532
30  WST 3694 1387
10  SPD 3788 2503
40
50  SPD 3814 2544
30  WST 4535 1370
10  WST 4549 1369
41
50  WST 3744 1461
30  SPD 4227 2539
10  WST 4652 1454
42
50  WST 2927 1380
43
50  WST 2528 1411
30  WST 3299 1455
10  SPD 3899 2526
44
50  WST 3463 1421
30  WST 3545 1388
45
50  WST 2255 1445
30  WST 2335 1396
10  WST 2484 1379
46
50  SPD 2083 2533
30  SPD 2428 2525
10  WST 2591 1392
47
50  WST 4922 1409
30  SPD 4937 2513
10  WST 5107 1402
48
50  WST 4406 1444
30  SPD 5052 2510
10  SPD 5469 2553
49
50  WST 4372 1456
30  WST 4502 1401
10  SPD 4663 2547
50
50  SPD 4334 2551
30  SPD 4456 2502
10  SPD 5021 2508
51
50  WST 4490 1399
30  SPD 5278 2516
10  SPD 5333 2557
52
50  WST 4178 1463
30  SPD 4607 2540
10  SPD 4683 2552
53
50  WST 18453 1763
30  SPD 27334 1912
54
50  WST 8588 1752
30  SPD 15415 1904
55
50  WST 16994 1755
30  SPD 18900 1906
57
50  WST 15310 1758
30  SPD 16523 1907
58
50  SPD 15638 1908
59
50  SPD 13778 1909
30  WST 13947 1760
60
50  WST 14387 1761
30  SPD 14566 1910
61
50  WST 15394 1762
30  SPD 17680 1911
SCORE:SPD,WST,1930,3420,-149.0
