SPD-ML
1
50  ML 7733 3026
30  ML 8827 3040
10  SPD 10483 2543
2
50  SPD 8459 2533
30  SPD 9968 2525
3
50  ML 7653 3039
30  ML 8387 3030
10  ML 8627 3021
4
50  SPD 10001 2510
30  SPD 10160 2549
10  SPD 10875 2509
5
50  ML 7646 2976
30  SPD 7938 2532
10  SPD 8957 2503
6
50  SPD 8395 2544
30  ML 8587 3042
10  ML 8838 3041
7
50  SPD 10866 2557
30  SPD 12740 2494
8
50  ML 6856 3009
30  SPD 8953 2540
9
50  ML 2362 3027
30  SPD 3385 2489
10  ML 3564 3035
10
50  ML 3708 3055
30  ML 4282 3004
10  ML 4460 2966
11
50  ML 1763 3018
30  ML 2138 2990
10  ML 2240 2985
12
50  ML 1841 3057
30  ML 2006 3058
10  ML 2091 3016
13
50  ML 4123 2974
30  SPD 4588 2541
10  ML 4884 2994
14
50  ML 3347 3007
30  SPD 3450 2533
10  ML 3845 3052
15
50  ML 3038 3039
30  ML 3094 2983
10  ML 3537 2977
16
50  SPD 3708 2553
30  SPD 3714 2510
10  ML 3797 3008
17
50  ML 6728 3025
30  SPD 6896 2532
10  ML 7035 2976
18
50  SPD 7106 2544
30  ML 7318 3042
10  ML 7769 3041
19
50  SPD 8300 2539
30  SPD 11350 2494
20
50  ML 5822 3009
30  SPD 7422 2552
21
50  ML 3140 3027
30  SPD 3859 2489
10  SPD 3863 2490
22
50  ML 5102 3004
30  SPD 5433 2536
10  ML 5881 3055
23
50  ML 2434 2968
30  ML 2446 3018
10  ML 2706 2985
24
50  ML 2428 3058
30  ML 2614 3057
10  ML 2625 3016
25
50  SPD 2138 2543
30  ML 2282 2979
10  ML 2409 2974
26
50  ML 1775 3007
30  SPD 1891 2533
10  ML 2128 3052
27
50  ML 3468 3028
30  ML 3828 3030
10  ML 4069 3021
28
50  SPD 4881 2509
30  ML 5208 3053
10  SPD 5303 2549
29
50  ML 3495 3025
30  ML 3766 2976
10  SPD 4043 2518
30
50  SPD 4387 2508
30  ML 4514 3006
10  SPD 4707 2542
31
80  SPD 4170 2539
40  SPD 4820 2516
32
80  ML 3295 3009
40  SPD 4063 2552
33
80  SPD 4375 2534
35
50  ML 1494 3026
30  ML 1822 3040
10  SPD 2403 2543
36
50  ML 1976 3007
30  SPD 2102 2525
10  ML 2253 3017
37
50  ML 3107 3028
30  ML 3506 3039
10  ML 3809 3030
38
50  SPD 4631 2553
30  ML 4734 3008
10  SPD 4950 2549
39
50  ML 3244 2976
30  ML 3546 3025
10  SPD 3639 2532
40
50  SPD 3814 2544
30  ML 4843 3006
10  SPD 6559 2502
41
50  SPD 4227 2539
30  SPD 4878 2557
10  SPD 4997 2516
42
50  ML 2864 3009
43
50  ML 2798 3018
30  ML 2884 2968
10  SPD 3899 2526
44
50  ML 2996 2998
45
50  ML 1895 3026
30  ML 2352 3040
10  ML 2645 2974
46
50  SPD 2083 2533
30  SPD 2428 2525
10  ML 2939 3031
47
50  ML 3656 3028
30  ML 4203 2983
10  ML 4350 2999
48
50  ML 4858 3008
30  SPD 5052 2510
10  SPD 5469 2553
49
50  ML 4165 3025
30  SPD 4663 2547
10  SPD 4725 2503
50
50  ML 4115 3023
30  SPD 4334 2551
10  ML 4447 3041
51
50  SPD 5278 2516
30  SPD 5333 2557
10  SPD 6908 2494
52
50  SPD 4607 2540
30  SPD 4683 2552
53
50  ML 16500 1973
30  SPD 27334 1912
54
50  ML 9222 1974
30  SPD 15415 1904
55
50  ML 16363 1977
30  SPD 18900 1906
56
50  ML 18044 1978
57
50  ML 12776 1980
30  SPD 16523 1907
58
50  SPD 15638 1908
59
50  SPD 13778 1909
60
50  SPD 14566 1910
30  ML 14843 1981
61
50  SPD 17680 1911
SCORE:SPD,ML,2210,2890,-68.0
