SPD-ROR
1
50  ROR 9794 13
30  ROR 10469 56
10  SPD 10483 2543
2
50  SPD 8459 2533
30  SPD 9968 2525
10  ROR 10266 6
3
50  ROR 7756 33
30  ROR 8009 14
10  SPD 10200 2513
4
50  ROR 7966 7
30  ROR 9978 43
10  SPD 10001 2510
5
50  ROR 7441 10
30  SPD 7938 2532
10  SPD 8957 2503
6
50  ROR 7169 27
30  ROR 8022 64
10  SPD 8395 2544
7
50  ROR 7410 35
30  ROR 9194 23
10  SPD 10866 2557
8
50  ROR 6656 68
30  SPD 8953 2540
9
50  ROR 2537 63
30  ROR 3150 31
10  SPD 3385 2489
10
50  ROR 3291 67
30  ROR 4050 39
10  ROR 5797 9
11
50  ROR 1994 48
30  ROR 2388 21
10  ROR 2540 58
12
50  ROR 2081 32
30  ROR 2137 5
10  ROR 2206 49
13
50  ROR 3966 15
30  ROR 3968 56
10  ROR 3978 13
14
50  SPD 3450 2533
30  ROR 4316 20
10  ROR 4440 40
15
50  ROR 3890 42
30  SPD 3909 2511
10  SPD 3928 2531
16
50  ROR 3175 36
30  SPD 3708 2553
10  SPD 3714 2510
17
50  ROR 6372 47
30  SPD 6896 2532
10  ROR 7128 57
18
50  ROR 6254 28
30  ROR 6944 64
10  SPD 7106 2544
19
50  ROR 6487 35
30  ROR 7791 24
10  SPD 8300 2539
20
50  ROR 5890 68
30  SPD 7422 2552
21
50  ROR 2909 63
30  SPD 3859 2489
10  SPD 3863 2490
22
50  ROR 3997 67
30  SPD 5433 2536
10  ROR 5540 39
23
50  ROR 2778 21
30  ROR 3097 66
10  SPD 3184 2515
24
50  ROR 2470 5
30  ROR 2659 49
10  ROR 3528 3
25
50  ROR 2044 56
30  SPD 2138 2543
10  ROR 2278 15
26
50  SPD 1891 2533
30  ROR 2088 26
10  SPD 2140 2525
27
50  ROR 3778 16
30  SPD 4615 2511
10  SPD 4970 2513
28
50  ROR 3850 36
30  SPD 4881 2509
10  ROR 4956 59
29
50  ROR 3806 57
30  SPD 4043 2518
10  ROR 4128 69
30
50  ROR 3847 25
30  SPD 4387 2508
10  SPD 4707 2542
31
80  ROR 3550 35
40  ROR 3828 24
0  SPD 4170 2539
32
80  SPD 4063 2552
33
80  ROR 2116 34
40  ROR 2636 48
0  ROR 3409 66
34
80  ROR 2250 38
40  ROR 2288 5
0  ROR 2943 32
35
50  ROR 1889 61
30  SPD 2403 2543
10  SPD 2406 2541
36
50  ROR 1883 6
30  SPD 2102 2525
10  ROR 2194 26
37
50  ROR 3327 33
30  ROR 3482 14
10  SPD 4592 2550
38
50  ROR 3441 7
30  SPD 4631 2553
10  SPD 4950 2549
39
50  ROR 3241 10
30  ROR 3500 18
10  ROR 3513 57
40
50  ROR 3207 28
30  ROR 3788 25
10  SPD 3814 2544
41
50  ROR 3589 23
30  ROR 3606 24
10  SPD 4227 2539
43
50  ROR 2875 34
30  SPD 3899 2526
10  SPD 3971 2534
44
50  ROR 2753 38
30  ROR 3152 55
10  ROR 3333 32
45
50  ROR 2326 61
30  SPD 2703 2512
10  ROR 2839 50
46
50  SPD 2083 2533
30  SPD 2428 2525
10  ROR 2672 20
47
50  SPD 4937 2513
30  ROR 5050 16
10  ROR 5462 42
48
50  SPD 5052 2510
30  ROR 5233 43
10  SPD 5469 2553
49
50  ROR 3527 47
30  ROR 4453 22
10  SPD 4663 2547
50
50  ROR 3632 27
30  SPD 4334 2551
10  SPD 4456 2502
51
50  ROR 5203 23
30  SPD 5278 2516
10  SPD 5333 2557
52
50  ROR 3534 68
30  SPD 4607 2540
10  SPD 4683 2552
53
50  SPD 27334 1912
54
50  ROR 9445 1624
30  SPD 15415 1904
55
50  ROR 18003 1627
30  SPD 18900 1906
56
50  ROR 16518 1628
57
50  ROR 13885 1629
30  SPD 16523 1907
58
50  ROR 14409 1630
30  SPD 15638 1908
59
50  ROR 12591 1631
30  SPD 13778 1909
60
50  ROR 12175 1632
30  SPD 14566 1910
61
50  SPD 17680 1911
SCORE:SPD,ROR,1620,3660,-204.0
