SPD-HSC
1
50  SPD 10483 2543
30  HSC 12582 3422
10  SPD 13000 2541
2
50  SPD 8459 2533
30  SPD 9968 2525
10  HSC 13133 3465
3
50  SPD 10200 2513
30  HSC 10519 3445
10  SPD 10800 2550
4
50  HSC 8441 3463
30  SPD 10001 2510
10  SPD 10160 2549
5
50  HSC 7740 3466
30  HSC 7854 3424
10  SPD 7938 2532
6
50  HSC 7907 3446
30  SPD 8395 2544
10  HSC 8508 3458
7
50  HSC 8442 3457
30  HSC 8729 3447
10  SPD 10866 2557
8
50  HSC 6592 3462
30  HSC 7912 3461
10  SPD 8953 2540
9
50  SPD 3385 2489
30  SPD 4118 2490
10  SPD 4586 2556
10
50  HSC 3999 3459
30  SPD 7354 2554
11
50  HSC 1977 3430
30  HSC 2019 3464
10  SPD 2582 2526
12
50  SPD 3370 2496
30  HSC 3999 3459
10  HSC 4838 3452
13
50  HSC 4509 3422
30  SPD 4588 2541
10  HSC 4704 3467
14
50  SPD 3450 2533
30  HSC 4084 3420
10  SPD 4704 2520
15
50  SPD 3909 2511
30  SPD 3928 2531
10  HSC 3963 3445
16
50  HSC 3251 3453
30  HSC 3253 3463
10  HSC 3521 3421
17
50  HSC 6734 3466
30  HSC 6821 3424
10  SPD 6896 2532
18
50  HSC 6803 3423
30  SPD 7106 2544
10  HSC 7347 3458
19
50  HSC 7373 3448
30  HSC 7776 3447
10  SPD 8300 2539
20
50  HSC 5558 3462
30  HSC 5947 3460
10  HSC 6588 3454
21
50  SPD 3859 2489
30  SPD 3863 2490
10  HSC 5788 3441
22
50  SPD 5433 2536
30  SPD 7209 2554
10  HSC 8421 3459
23
50  HSC 2976 3430
30  SPD 3184 2515
10  HSC 3307 3456
24
50  SPD 4159 2496
30  HSC 4538 3452
10  HSC 8421 3459
25
50  SPD 2138 2543
30  SPD 2449 2512
10  HSC 2488 3422
26
50  SPD 1891 2533
30  SPD 2140 2525
10  HSC 2844 3420
27
50  SPD 4615 2511
30  SPD 4970 2513
10  SPD 5751 2523
28
50  HSC 4294 3421
30  HSC 4380 3453
10  SPD 4881 2509
29
50  HSC 3789 3444
30  SPD 4043 2518
10  SPD 4679 2522
30
50  HSC 3802 3446
30  HSC 3893 3423
10  SPD 4387 2508
31
80  HSC 3913 3448
40  SPD 4170 2539
0  HSC 4225 3447
32
80  HSC 3721 3461
40  SPD 4063 2552
0  HSC 4294 3454
33
80  SPD 4375 2534
35
50  SPD 2403 2543
30  SPD 2406 2541
10  SPD 2426 2512
36
50  SPD 2102 2525
30  SPD 2956 2520
10  HSC 3654 3436
37
50  SPD 4592 2550
30  SPD 4819 2511
10  HSC 4920 3445
38
50  HSC 4317 3453
30  SPD 4631 2553
10  SPD 4950 2549
39
50  HSC 3635 3424
30  SPD 3639 2532
10  SPD 3788 2503
40
50  HSC 3304 3446
30  SPD 3814 2544
10  HSC 3927 3423
41
50  HSC 3312 3457
30  HSC 4225 3448
10  SPD 4227 2539
42
50  HSC 2639 3462
30  HSC 2925 3460
10  HSC 3327 3454
43
50  HSC 2932 3430
30  HSC 3033 3464
10  HSC 3675 3431
45
50  SPD 2703 2512
30  HSC 3075 3440
10  SPD 3088 2505
46
50  SPD 2083 2533
30  SPD 2428 2525
10  HSC 3058 3420
47
50  SPD 4937 2513
30  SPD 5538 2523
10  SPD 5751 2550
48
50  HSC 4691 3463
30  SPD 5052 2510
10  HSC 5188 3435
49
50  HSC 4065 3466
30  SPD 4663 2547
10  SPD 4725 2503
50
50  HSC 4279 3423
30  SPD 4334 2551
10  SPD 4456 2502
51
50  HSC 4470 3448
30  HSC 4532 3457
10  SPD 5278 2516
52
50  HSC 3407 3460
30  HSC 3845 3454
10  HSC 4113 3461
53
50  SPD 27334 1912
54
50  SPD 15415 1904
55
50  SPD 18900 1906
56
50  HSC 19928 2040
57
50  SPD 16523 1907
58
50  HSC 15277 2041
30  SPD 15638 1908
59
50  HSC 12869 2042
30  SPD 13778 1909
60
50  HSC 12747 2043
30  SPD 14566 1910
61
50  HSC 12104 2044
30  SPD 17680 1911
SCORE:SPD,HSC,2450,2660,-21.0
