SPD-BJCCS
1
50  SPD 10483 2543
30  SPD 13000 2541
10  SPD 13208 2505
2
50  BJCCS 7311 1954
30  SPD 8459 2533
10  BJCCS 9619 1983
3
50  BJCCS 9831 1977
30  SPD 10200 2513
10  SPD 10800 2550
4
50  BJCCS 8868 1970
30  BJCCS 8910 1964
10  SPD 10001 2510
5
50  BJCCS 7494 1958
30  SPD 7938 2532
10  SPD 8957 2503
6
50  BJCCS 7580 1985
30  SPD 8395 2544
10  BJCCS 8634 1960
7
50  BJCCS 7577 1975
30  BJCCS 8144 1986
10  SPD 10866 2557
8
50  BJCCS 6444 1974
30  BJCCS 6544 1984
10  BJCCS 7982 1962
9
50  BJCCS 2399 1956
30  SPD 3385 2489
10  BJCCS 3603 1978
10
50  SPD 7354 2554
11
50  BJCCS 2100 1973
30  BJCCS 2530 1957
10  SPD 2582 2526
12
50  BJCCS 1892 1955
30  BJCCS 2070 1981
10  BJCCS 3356 1965
13
50  SPD 4588 2541
30  SPD 5603 2497
10  SPD 5621 2492
14
50  BJCCS 2934 1954
30  SPD 3450 2533
10  BJCCS 4497 1988
15
50  SPD 3909 2511
30  SPD 3928 2531
10  SPD 4270 2550
16
50  BJCCS 3568 1964
30  BJCCS 3666 1970
10  SPD 3708 2553
17
50  SPD 6896 2532
30  BJCCS 7103 1958
10  BJCCS 7806 1972
18
50  BJCCS 6120 1966
30  SPD 7106 2544
10  BJCCS 7762 1960
19
50  BJCCS 6706 1975
30  BJCCS 7454 1986
10  SPD 8300 2539
20
50  BJCCS 5725 1974
30  BJCCS 6940 1962
10  BJCCS 7134 1982
21
50  BJCCS 2962 1956
30  SPD 3859 2489
10  SPD 3863 2490
22
50  SPD 5433 2536
30  SPD 7209 2554
23
50  BJCCS 2553 1973
30  BJCCS 3003 1957
10  SPD 3184 2515
24
50  BJCCS 2342 1955
30  BJCCS 2669 1981
10  BJCCS 3650 1965
25
50  SPD 2138 2543
30  SPD 2449 2512
10  SPD 2653 2501
26
50  SPD 1891 2533
30  BJCCS 2019 1983
10  SPD 2140 2525
27
50  SPD 4615 2511
30  SPD 4970 2513
10  BJCCS 5075 1977
28
50  BJCCS 4400 1970
30  SPD 4881 2509
10  SPD 5303 2549
29
50  BJCCS 3747 1958
30  SPD 4043 2518
10  BJCCS 4150 1972
30
50  BJCCS 3247 1966
30  BJCCS 3419 1985
10  SPD 4387 2508
31
80  BJCCS 3610 1986
40  SPD 4170 2539
0  SPD 4820 2516
32
80  BJCCS 2989 1984
40  BJCCS 3687 1962
0  SPD 4063 2552
33
80  BJCCS 2559 1973
40  BJCCS 3103 1956
0  SPD 4375 2534
34
80  BJCCS 2165 1981
35
50  SPD 2403 2543
30  SPD 2406 2541
10  SPD 2426 2512
36
50  BJCCS 1770 1983
30  SPD 2102 2525
10  BJCCS 2356 1988
37
50  SPD 4592 2550
30  SPD 4819 2511
10  BJCCS 4916 1977
38
50  BJCCS 4031 1970
30  BJCCS 4178 1964
10  SPD 4631 2553
39
50  SPD 3639 2532
30  SPD 3788 2503
10  SPD 3997 2518
40
50  BJCCS 3145 1966
30  SPD 3814 2544
10  BJCCS 4636 1980
41
50  SPD 4227 2539
30  SPD 4878 2557
10  SPD 4997 2516
42
50  BJCCS 3000 1974
30  BJCCS 3739 1962
10  BJCCS 3892 1982
43
50  SPD 3899 2526
30  SPD 3971 2534
10  BJCCS 4025 1957
44
50  BJCCS 3022 1955
45
50  SPD 2703 2512
30  SPD 3088 2505
46
50  BJCCS 1744 1954
30  SPD 2083 2533
10  SPD 2428 2525
47
50  SPD 4937 2513
30  BJCCS 5529 1977
10  SPD 5538 2523
48
50  BJCCS 4834 1964
30  SPD 5052 2510
10  SPD 5469 2553
49
50  BJCCS 3875 1958
30  SPD 4663 2547
10  SPD 4725 2503
50
50  BJCCS 4163 1985
30  SPD 4334 2551
10  BJCCS 4372 1960
51
50  SPD 5278 2516
30  SPD 5333 2557
10  SPD 6908 2494
52
50  BJCCS 3897 1984
30  BJCCS 4203 1982
10  SPD 4607 2540
53
50  SPD 27334 1912
54
50  BJCCS 9233 1830
30  SPD 15415 1904
55
50  SPD 18900 1906
56
50  BJCCS 15437 1831
57
50  SPD 16523 1907
58
50  SPD 15638 1908
59
50  SPD 13778 1909
60
50  BJCCS 12532 1832
30  SPD 14566 1910
61
50  BJCCS 12031 1833
30  SPD 17680 1911
SCORE:SPD,BJCCS,2360,2840,-48.0
