SPD-WAW
1
50  WAW 9200 1022
30  SPD 10483 2543
10  WAW 11537 930
2
50  SPD 8459 2533
30  WAW 8528 1033
10  SPD 9968 2525
3
50  WAW 9045 931
30  WAW 9818 950
10  SPD 10200 2513
4
50  WAW 7781 940
30  SPD 10001 2510
10  SPD 10160 2549
5
50  WAW 7833 908
30  SPD 7938 2532
10  WAW 8719 1004
6
50  WAW 6684 904
30  WAW 7572 1032
10  SPD 8395 2544
7
50  WAW 7606 975
30  WAW 10288 957
10  SPD 10866 2557
8
50  WAW 6267 1012
30  WAW 7387 1026
10  WAW 7867 968
9
50  WAW 2516 959
30  SPD 3385 2489
10  SPD 4118 2490
10
50  WAW 2569 916
30  WAW 3534 947
10  WAW 4040 932
11
50  WAW 1876 1021
30  WAW 2419 1011
10  SPD 2582 2526
12
50  WAW 2056 961
30  WAW 2233 956
10  WAW 2447 945
13
50  WAW 3626 939
30  SPD 4588 2541
10  WAW 5413 989
14
50  SPD 3450 2533
30  WAW 3897 964
10  WAW 4081 996
15
50  WAW 3166 938
30  SPD 3909 2511
10  SPD 3928 2531
16
50  SPD 3708 2553
30  SPD 3714 2510
10  SPD 3970 2493
17
50  SPD 6896 2532
30  WAW 7038 929
10  WAW 7763 909
18
50  WAW 6524 1030
30  SPD 7106 2544
10  WAW 7990 943
19
50  WAW 7012 975
30  SPD 8300 2539
10  WAW 8919 957
20
50  WAW 6546 1026
30  WAW 7147 948
10  WAW 7310 937
21
50  WAW 3312 959
30  SPD 3859 2489
10  SPD 3863 2490
22
50  WAW 3255 916
30  WAW 3816 947
10  SPD 5433 2536
23
50  WAW 2516 1021
30  WAW 3094 980
10  SPD 3184 2515
24
50  WAW 2659 902
30  WAW 2953 956
10  WAW 3110 911
25
50  SPD 2138 2543
30  WAW 2369 906
10  SPD 2449 2512
26
50  WAW 1809 915
30  SPD 1891 2533
10  SPD 2140 2525
27
50  WAW 4452 918
30  SPD 4615 2511
10  SPD 4970 2513
28
50  WAW 3533 940
30  SPD 4881 2509
10  SPD 5303 2549
29
50  WAW 3721 929
30  SPD 4043 2518
10  SPD 4679 2522
30
50  WAW 3430 1030
30  SPD 4387 2508
10  SPD 4707 2542
31
80  SPD 4170 2539
40  SPD 4820 2516
0  WAW 5869 1018
32
80  WAW 3298 976
40  WAW 3409 948
0  WAW 3836 937
33
80  SPD 4375 2534
35
50  SPD 2403 2543
30  SPD 2406 2541
10  SPD 2426 2512
36
50  WAW 1765 915
30  SPD 2102 2525
10  WAW 2451 1031
37
50  WAW 3497 938
30  WAW 4319 970
10  SPD 4592 2550
38
50  WAW 3681 940
30  SPD 4631 2553
10  SPD 4950 2549
39
50  SPD 3639 2532
30  SPD 3788 2503
10  WAW 3972 1004
40
50  WAW 2938 904
30  SPD 3814 2544
10  WAW 4697 951
41
50  WAW 3582 971
30  SPD 4227 2539
10  SPD 4878 2557
42
50  WAW 2976 976
30  WAW 3246 1026
10  WAW 3267 968
43
50  WAW 2456 1021
30  SPD 3899 2526
10  SPD 3971 2534
44
50  WAW 3223 902
30  WAW 4112 945
45
50  WAW 2035 1022
30  WAW 2119 939
10  WAW 2477 930
46
50  WAW 1937 1033
30  SPD 2083 2533
10  SPD 2428 2525
47
50  WAW 4628 931
30  WAW 4840 950
10  WAW 4857 970
48
50  SPD 5052 2510
30  SPD 5469 2553
10  SPD 5490 2506
49
50  WAW 4032 908
30  WAW 4501 909
10  WAW 4536 1023
50
50  WAW 3637 1032
30  SPD 4334 2551
10  SPD 4456 2502
51
50  WAW 3975 971
30  WAW 4857 957
10  SPD 5278 2516
52
50  WAW 3347 1012
30  WAW 3827 948
10  WAW 4470 937
53
50  WAW 14403 1722
30  SPD 27334 1912
54
50  WAW 9827 1709
30  SPD 15415 1904
55
50  WAW 16351 1711
30  SPD 18900 1906
56
50  WAW 15537 1713
57
50  WAW 14803 1715
30  SPD 16523 1907
58
50  SPD 15638 1908
30  WAW 30791 1717
59
50  WAW 13606 1718
30  SPD 13778 1909
60
50  WAW 11946 1720
30  SPD 14566 1910
61
50  WAW 11575 1721
30  SPD 17680 1911
SCORE:SPD,WAW,1880,3440,-156.0
