SPD-SH
1
50  SH 10278 2639
30  SPD 10483 2543
10  SH 11089 2607
2
50  SPD 8459 2533
30  SPD 9968 2525
3
50  SH 8498 2619
30  SH 9564 2612
10  SPD 10200 2513
4
50  SH 9948 2647
30  SPD 10001 2510
10  SPD 10160 2549
5
50  SH 7836 2618
30  SPD 7938 2532
10  SH 8931 2640
6
50  SPD 8395 2544
30  SPD 11019 2502
10  SPD 11081 2542
7
50  SH 9090 2631
30  SPD 10866 2557
10  SPD 12740 2494
8
50  SH 6485 2605
30  SH 7027 2613
10  SPD 8953 2540
9
50  SPD 3385 2489
30  SPD 4118 2490
10  SH 4522 2646
10
50  SH 5726 2645
30  SPD 7354 2554
11
50  SH 2056 2629
30  SH 2378 2626
10  SH 2460 2627
12
50  SH 2009 2642
30  SH 2814 2644
10  SH 2961 2621
13
50  SH 3852 2639
30  SH 4190 2603
10  SH 4442 2607
14
50  SPD 3450 2533
30  SPD 4704 2520
10  SH 5275 2599
15
50  SH 3463 2619
30  SPD 3909 2511
10  SPD 3928 2531
16
50  SPD 3708 2553
30  SPD 3714 2510
10  SH 3946 2630
17
50  SH 6858 2618
30  SPD 6896 2532
10  SH 8035 2641
18
50  SPD 7106 2544
30  SPD 8412 2551
10  SPD 8768 2529
19
50  SH 8136 2631
30  SPD 8300 2539
10  SPD 11350 2494
20
50  SH 5747 2605
30  SH 6437 2613
10  SPD 7422 2552
21
50  SPD 3859 2489
30  SPD 3863 2490
10  SPD 7130 2556
22
50  SPD 5433 2536
30  SPD 7209 2554
23
50  SH 2543 2629
30  SH 3060 2626
10  SPD 3184 2515
24
50  SH 2892 2642
30  SPD 4159 2496
10  SH 5471 2623
25
50  SPD 2138 2543
30  SH 2416 2639
10  SPD 2449 2512
26
50  SPD 1891 2533
30  SPD 2140 2525
10  SH 2762 2599
27
50  SH 4434 2612
30  SPD 4615 2511
10  SH 4963 2608
28
50  SH 4732 2630
30  SPD 4881 2509
10  SPD 5303 2549
29
50  SH 3769 2618
30  SPD 4043 2518
10  SH 4517 2637
30
50  SPD 4387 2508
30  SPD 4707 2542
10  SPD 4803 2551
31
80  SPD 4170 2539
40  SPD 4820 2516
32
80  SH 3178 2605
40  SPD 4063 2552
33
80  SH 2598 2629
40  SH 3369 2626
0  SH 3657 2627
34
80  SH 2623 2642
35
50  SH 2202 2638
30  SH 2288 2607
10  SH 2381 2603
36
50  SPD 2102 2525
30  SPD 2956 2520
10  SH 3525 2614
37
50  SH 3979 2619
30  SPD 4592 2550
10  SPD 4819 2511
38
50  SPD 4631 2553
30  SPD 4950 2549
10  SPD 5247 2493
39
50  SPD 3639 2532
30  SPD 3788 2503
10  SH 3807 2640
40
50  SPD 3814 2544
30  SPD 6559 2502
41
50  SPD 4227 2539
30  SPD 4878 2557
10  SPD 4997 2516
42
50  SH 2953 2605
30  SH 3161 2613
43
50  SH 2875 2629
30  SPD 3899 2526
10  SPD 3971 2534
44
50  SH 2983 2642
30  SH 3532 2644
10  SH 4311 2621
45
50  SH 2408 2639
30  SH 2480 2603
10  SPD 2703 2512
46
50  SPD 2083 2533
30  SPD 2428 2525
10  SH 2964 2617
47
50  SH 4632 2619
30  SPD 4937 2513
10  SH 5171 2612
48
50  SPD 5052 2510
30  SPD 5469 2553
10  SPD 5490 2506
49
50  SH 4600 2640
30  SPD 4663 2547
10  SPD 4725 2503
50
50  SPD 4334 2551
30  SPD 4456 2502
10  SPD 5021 2508
51
50  SH 4738 2631
30  SPD 5278 2516
10  SPD 5333 2557
52
50  SH 3350 2613
30  SPD 4607 2540
10  SPD 4683 2552
53
50  SPD 27334 1912
54
50  SH 11370 1919
30  SPD 15415 1904
55
50  SPD 18900 1906
30  SH 19413 1921
57
50  SPD 16523 1907
58
50  SPD 15638 1908
30  SH 19108 1923
59
50  SPD 13778 1909
30  SH 13886 1924
60
50  SPD 14566 1910
61
50  SPD 17680 1911
SCORE:SPD,SH,2810,2420,39.0
