SPD-WW
1
50  WW 9347 1645
30  SPD 10483 2543
10  SPD 13000 2541
2
50  SPD 8459 2533
30  SPD 9968 2525
10  WW 11716 1597
3
50  WW 9519 1584
30  WW 9887 1634
10  SPD 10200 2513
4
50  SPD 10001 2510
30  SPD 10160 2549
10  WW 10807 1577
5
50  SPD 7938 2532
30  WW 8091 1544
10  WW 8587 1626
6
50  WW 7547 1643
30  SPD 8395 2544
10  WW 9959 1576
7
50  WW 7781 1616
30  WW 9163 1640
10  SPD 10866 2557
8
50  WW 6700 1585
30  WW 7888 1550
10  WW 7994 1627
9
50  SPD 3385 2489
30  WW 3607 1555
10  SPD 4118 2490
10
50  WW 2803 1591
30  WW 4153 1615
10  WW 4281 1593
11
50  WW 1959 1580
30  WW 2100 1573
10  WW 2471 1644
12
50  WW 2186 1619
30  WW 2438 1561
10  WW 2463 1635
13
50  WW 3890 1589
30  WW 4283 1638
10  SPD 4588 2541
14
50  SPD 3450 2533
30  WW 4059 1552
10  WW 4381 1569
15
50  WW 3228 1625
30  WW 3729 1584
10  SPD 3909 2511
16
50  SPD 3708 2553
30  SPD 3714 2510
10  WW 3762 1605
17
50  WW 6844 1581
30  WW 6869 1618
10  SPD 6896 2532
18
50  SPD 7106 2544
30  SPD 8412 2551
10  SPD 8768 2529
19
50  WW 6303 1551
30  WW 7506 1562
10  SPD 8300 2539
20
50  WW 6309 1582
30  WW 6444 1565
10  WW 7222 1627
21
50  SPD 3859 2489
30  SPD 3863 2490
10  WW 4309 1555
22
50  WW 5181 1591
30  SPD 5433 2536
10  WW 5769 1615
23
50  WW 2472 1580
30  SPD 3184 2515
10  WW 3306 1539
24
50  WW 3006 1635
30  WW 3325 1619
10  WW 3415 1541
25
50  WW 2100 1645
30  SPD 2138 2543
10  SPD 2449 2512
26
50  SPD 1891 2533
30  SPD 2140 2525
10  WW 2428 1569
27
50  SPD 4615 2511
30  WW 4756 1634
10  SPD 4970 2513
28
50  WW 4644 1605
30  SPD 4881 2509
10  SPD 5303 2549
29
50  WW 3622 1618
30  WW 3709 1595
10  WW 3993 1553
30
50  WW 3488 1643
30  WW 3675 1583
10  SPD 4387 2508
31
80  WW 3531 1551
40  WW 3584 1616
0  WW 4031 1640
32
80  WW 3043 1585
40  WW 3605 1582
0  WW 3766 1565
33
80  WW 2604 1573
40  WW 3637 1621
0  WW 4053 1614
34
80  WW 3675 1635
35
50  WW 1864 1645
30  SPD 2403 2543
10  SPD 2406 2541
36
50  SPD 2102 2525
30  WW 2463 1639
10  SPD 2956 2520
37
50  WW 3816 1625
30  WW 3966 1572
10  SPD 4592 2550
38
50  WW 4303 1636
30  SPD 4631 2553
10  SPD 4950 2549
39
50  WW 3473 1618
30  WW 3593 1581
10  SPD 3639 2532
40
50  WW 3459 1643
30  SPD 3814 2544
10  WW 4190 1576
41
50  WW 3331 1616
30  WW 3788 1640
10  WW 3844 1562
42
50  WW 2879 1585
30  WW 3316 1565
10  WW 3472 1550
43
50  WW 2591 1573
30  WW 3260 1601
10  WW 3675 1621
44
50  WW 3581 1620
30  WW 7800 1593
45
50  WW 2350 1589
30  WW 2469 1638
10  WW 2637 1542
46
50  SPD 2083 2533
30  SPD 2428 2525
10  WW 2640 1552
47
50  WW 4207 1625
30  WW 4327 1572
10  WW 4363 1584
48
50  WW 4466 1636
30  SPD 5052 2510
10  SPD 5469 2553
49
50  WW 3978 1544
30  WW 4063 1581
10  WW 4550 1637
50
50  WW 4181 1583
30  SPD 4334 2551
10  SPD 4456 2502
51
50  WW 3768 1551
30  WW 4440 1596
10  SPD 5278 2516
52
50  WW 3665 1608
30  WW 3700 1582
10  WW 3838 1550
53
50  WW 11534 1795
30  SPD 27334 1912
54
50  WW 9416 1776
30  SPD 15415 1904
55
50  WW 17160 1779
30  SPD 18900 1906
56
50  WW 18144 1782
57
50  WW 14228 1784
30  SPD 16523 1907
58
50  SPD 15638 1908
30  WW 20981 1788
59
50  WW 12400 1789
30  SPD 13778 1909
60
50  WW 13835 1791
30  SPD 14566 1910
61
50  WW 11479 1792
30  SPD 17680 1911
SCORE:SPD,WW,1610,3830,-222.0
