SPD-AND
1
50  AND 9931 1090
30  AND 10053 1040
10  SPD 10483 2543
2
50  SPD 8459 2533
30  SPD 9968 2525
10  AND 15182 1134
3
50  AND 8533 1041
30  AND 9628 1059
10  SPD 10200 2513
4
50  AND 8178 1089
30  AND 8422 1120
10  SPD 10001 2510
5
50  AND 7363 1095
30  SPD 7938 2532
10  SPD 8957 2503
6
50  SPD 8395 2544
30  AND 8681 1127
10  AND 8847 1045
7
50  AND 7909 1094
30  AND 9389 1155
10  SPD 10866 2557
8
50  AND 8629 1101
30  SPD 8953 2540
9
50  SPD 3385 2489
30  AND 4037 1072
10  SPD 4118 2490
10
50  AND 3468 1139
30  AND 4798 1146
10  AND 5266 1143
11
50  AND 2150 1034
30  AND 2224 1105
10  SPD 2582 2526
12
50  AND 2387 1066
30  AND 2886 1070
10  AND 2930 1132
13
50  AND 3820 1054
30  AND 3843 1107
10  AND 4206 1171
14
50  SPD 3450 2533
30  AND 4141 1080
10  SPD 4704 2520
15
50  AND 3380 1122
30  AND 3537 1059
10  AND 3630 1152
16
50  AND 3513 1079
30  SPD 3708 2553
10  SPD 3714 2510
17
50  AND 6284 1121
30  AND 6286 1095
10  SPD 6896 2532
18
50  SPD 7106 2544
30  AND 7423 1127
10  AND 8120 1100
19
50  AND 7168 1108
30  AND 7177 1137
10  AND 7929 1113
20
50  AND 5943 1125
30  AND 7119 1116
10  AND 7226 1118
21
50  SPD 3859 2489
30  SPD 3863 2490
10  AND 4686 1072
22
50  AND 4911 1139
30  AND 4974 1143
10  SPD 5433 2536
23
50  AND 2751 1034
30  SPD 3184 2515
10  AND 3269 1109
24
50  AND 2843 1066
30  AND 3783 1070
10  AND 3836 1084
25
50  AND 2055 1044
30  SPD 2138 2543
10  AND 2282 1171
26
50  SPD 1891 2533
30  SPD 2140 2525
10  AND 2596 1035
27
50  AND 3713 1122
30  AND 4077 1041
10  SPD 4615 2511
28
50  AND 3865 1120
30  AND 4801 1053
10  SPD 4881 2509
29
50  AND 3901 1068
30  SPD 4043 2518
10  AND 4116 1088
30
50  AND 4322 1127
30  AND 4348 1100
10  SPD 4387 2508
31
80  AND 3907 1108
40  SPD 4170 2539
0  AND 4229 1113
32
80  AND 3183 1125
40  AND 3636 1118
0  SPD 4063 2552
33
80  AND 3553 1105
40  SPD 4375 2534
35
50  AND 1935 1090
30  AND 1953 1040
10  AND 2132 1054
36
50  SPD 2102 2525
30  AND 2289 1035
10  SPD 2956 2520
37
50  AND 3932 1122
30  AND 3956 1059
10  SPD 4592 2550
38
50  AND 3591 1089
30  AND 3613 1120
10  SPD 4631 2553
39
50  AND 3193 1121
30  AND 3229 1095
10  SPD 3639 2532
40
50  SPD 3814 2544
30  AND 3823 1045
10  AND 4450 1100
41
50  AND 3548 1137
30  SPD 4227 2539
10  AND 4334 1162
42
50  AND 3808 1116
43
50  AND 3225 1034
30  AND 3423 1071
10  AND 3657 1109
45
50  AND 2051 1044
30  AND 2537 1054
10  AND 2609 1171
46
50  SPD 2083 2533
30  SPD 2428 2525
10  AND 2599 1077
47
50  AND 4259 1041
30  SPD 4937 2513
10  AND 5474 1126
48
50  AND 4420 1089
30  AND 5038 1079
10  SPD 5052 2510
49
50  AND 4009 1121
30  AND 4613 1124
10  AND 4620 1068
50
50  SPD 4334 2551
30  AND 4404 1081
10  SPD 4456 2502
51
50  AND 4211 1094
30  AND 4288 1108
10  AND 4814 1097
52
50  AND 4413 1101
30  SPD 4607 2540
10  SPD 4683 2552
53
50  SPD 27334 1912
54
50  AND 11193 1724
30  SPD 15415 1904
55
50  AND 16214 1726
30  SPD 18900 1906
56
50  AND 19643 1728
57
50  SPD 16523 1907
30  AND 20541 1729
58
50  SPD 15638 1908
59
50  SPD 13778 1909
30  AND 14394 1731
60
50  SPD 14566 1910
61
50  AND 12242 1732
30  SPD 17680 1911
SCORE:SPD,AND,1570,3570,-200.0
