SPD-SCSC
1
50  SCSC 9422 83
30  SCSC 9644 126
10  SPD 10483 2543
2
50  SPD 8459 2533
30  SPD 9968 2525
10  SCSC 10856 129
3
50  SCSC 8177 125
30  SCSC 8218 208
10  SCSC 9657 138
4
50  SCSC 8071 200
30  SCSC 9385 128
10  SPD 10001 2510
5
50  SCSC 7622 107
30  SPD 7938 2532
10  SPD 8957 2503
6
50  SCSC 6832 178
30  SCSC 7156 151
10  SCSC 7837 192
7
50  SCSC 8853 117
30  SCSC 9719 135
10  SPD 10866 2557
8
50  SCSC 6738 176
30  SCSC 8626 142
10  SPD 8953 2540
9
50  SCSC 3301 182
30  SPD 3385 2489
10  SCSC 3619 94
10
50  SCSC 2637 185
30  SCSC 4081 123
10  SCSC 5639 173
11
50  SCSC 2091 172
30  SCSC 2114 191
10  SPD 2582 2526
12
50  SCSC 1919 154
30  SCSC 2425 195
10  SCSC 2756 137
13
50  SCSC 3635 126
30  SCSC 3641 83
10  SCSC 3885 146
14
50  SPD 3450 2533
30  SCSC 3983 80
10  SCSC 4257 168
15
50  SCSC 2862 159
30  SCSC 3194 208
10  SCSC 3463 166
16
50  SCSC 3125 200
30  SCSC 3216 82
10  SCSC 3457 128
17
50  SCSC 6237 199
30  SPD 6896 2532
10  SCSC 7682 177
18
50  SCSC 6556 133
30  SCSC 6657 192
10  SPD 7106 2544
19
50  SCSC 6151 108
30  SPD 8300 2539
10  SCSC 8854 135
20
50  SCSC 5587 156
30  SPD 7422 2552
10  SCSC 7509 142
21
50  SPD 3859 2489
30  SPD 3863 2490
10  SCSC 4619 182
22
50  SCSC 4701 173
30  SCSC 5191 123
10  SPD 5433 2536
23
50  SCSC 2875 191
30  SPD 3184 2515
10  SPD 3613 2517
24
50  SCSC 2425 154
30  SCSC 3058 147
10  SCSC 3283 140
25
50  SCSC 2089 126
30  SPD 2138 2543
10  SCSC 2406 171
26
50  SPD 1891 2533
30  SPD 2140 2525
10  SCSC 2220 196
27
50  SCSC 3313 159
30  SCSC 3831 208
10  SPD 4615 2511
28
50  SCSC 3633 200
30  SCSC 4544 144
10  SCSC 4628 128
29
50  SCSC 4034 114
30  SPD 4043 2518
10  SCSC 4203 198
30
50  SCSC 3432 120
30  SCSC 3545 178
10  SPD 4387 2508
31
80  SCSC 3306 108
40  SCSC 4070 121
0  SPD 4170 2539
32
80  SCSC 3432 176
40  SCSC 3878 142
0  SPD 4063 2552
33
80  SCSC 2565 105
40  SCSC 3100 191
0  SCSC 3621 77
34
80  SCSC 3219 147
40  SCSC 3240 160
0  SCSC 5418 145
35
50  SCSC 1728 83
30  SCSC 1995 146
10  SPD 2403 2543
36
50  SPD 2102 2525
30  SCSC 2366 164
10  SCSC 2500 134
37
50  SCSC 3894 166
30  SPD 4592 2550
10  SCSC 4683 118
38
50  SPD 4631 2553
30  SCSC 4764 144
10  SCSC 4775 109
39
50  SCSC 3078 199
30  SPD 3639 2532
10  SPD 3788 2503
40
50  SCSC 3012 151
30  SCSC 3447 192
10  SCSC 3459 120
41
50  SCSC 4072 117
30  SPD 4227 2539
10  SPD 4878 2557
42
50  SCSC 2747 156
30  SCSC 2783 201
43
50  SCSC 3153 172
30  SCSC 3250 95
10  SCSC 3331 105
44
50  SCSC 2935 160
30  SCSC 3825 137
10  SCSC 4272 185
45
50  SCSC 2507 184
30  SCSC 2697 171
10  SPD 2703 2512
46
50  SPD 2083 2533
30  SPD 2428 2525
10  SCSC 2757 88
47
50  SCSC 4256 125
30  SPD 4937 2513
10  SCSC 5194 100
48
50  SCSC 4256 82
30  SCSC 4665 169
10  SPD 5052 2510
49
50  SCSC 3997 107
30  SCSC 4313 165
10  SPD 4663 2547
50
50  SCSC 3432 178
30  SCSC 3800 133
10  SCSC 3982 151
51
50  SCSC 4337 117
30  SCSC 5038 121
10  SPD 5278 2516
52
50  SCSC 3234 156
30  SCSC 3339 201
10  SPD 4607 2540
53
50  SCSC 16759 1641
30  SPD 27334 1912
54
50  SCSC 9056 1633
30  SPD 15415 1904
55
50  SPD 18900 1906
30  SCSC 19565 1634
56
50  SCSC 18470 1635
57
50  SCSC 13178 1636
30  SPD 16523 1907
58
50  SCSC 14856 1637
30  SPD 15638 1908
59
50  SCSC 13296 1638
30  SPD 13778 1909
60
50  SCSC 12758 1639
30  SPD 14566 1910
61
50  SCSC 11516 1640
30  SPD 17680 1911
SCORE:SPD,SCSC,1280,4200,-292.0
