SPD-PO
1
50  PO 9340 2358
30  SPD 10483 2543
10  PO 10953 2304
2
50  SPD 8459 2533
30  SPD 9968 2525
10  PO 10430 2359
3
50  PO 9899 2336
30  SPD 10200 2513
10  PO 10541 2295
4
50  PO 9149 2391
30  SPD 10001 2510
10  SPD 10160 2549
5
50  SPD 7938 2532
30  SPD 8957 2503
10  PO 9593 2388
6
50  PO 7628 2297
30  PO 7677 2366
10  SPD 8395 2544
7
50  PO 8925 2320
30  PO 8952 2319
10  PO 9119 2356
8
50  PO 7191 2298
30  PO 8889 2300
10  SPD 8953 2540
9
50  PO 2428 2293
30  PO 3240 2374
10  SPD 3385 2489
10
50  PO 2596 2346
30  PO 3253 2322
10  PO 3576 2305
11
50  PO 2096 2364
30  PO 2269 2351
10  PO 2293 2335
12
50  PO 2075 2402
30  PO 2097 2292
10  PO 2218 2345
13
50  PO 3834 2317
30  PO 4408 2304
10  SPD 4588 2541
14
50  SPD 3450 2533
30  PO 4212 2359
10  PO 4251 2389
15
50  PO 3896 2336
30  SPD 3909 2511
10  SPD 3928 2531
16
50  SPD 3708 2553
30  SPD 3714 2510
10  PO 3749 2349
17
50  SPD 6896 2532
30  PO 8416 2312
10  SPD 8813 2548
18
50  SPD 7106 2544
30  PO 7672 2315
10  PO 8137 2331
19
50  PO 7177 2353
30  PO 7887 2356
10  PO 8106 2320
20
50  PO 7108 2298
30  PO 7330 2340
10  SPD 7422 2552
21
50  PO 3271 2378
30  PO 3409 2293
10  SPD 3859 2489
22
50  PO 3458 2346
30  PO 3540 2322
10  PO 4746 2305
23
50  PO 2579 2351
30  PO 2611 2330
10  PO 2634 2335
24
50  PO 2745 2345
30  PO 2847 2292
10  PO 2897 2367
25
50  SPD 2138 2543
30  PO 2181 2317
10  SPD 2449 2512
26
50  SPD 1891 2533
30  SPD 2140 2525
10  PO 2667 2307
27
50  SPD 4615 2511
30  SPD 4970 2513
10  SPD 5751 2523
28
50  SPD 4881 2509
30  PO 5190 2396
10  SPD 5303 2549
29
50  SPD 4043 2518
30  PO 4596 2361
10  SPD 4679 2522
30
50  PO 3426 2297
30  PO 3614 2366
10  SPD 4387 2508
31
80  PO 4090 2319
40  SPD 4170 2539
0  PO 4220 2320
32
80  SPD 4063 2552
40  PO 4094 2300
0  PO 4133 2340
33
80  PO 2769 2364
40  PO 3434 2330
0  PO 3845 2293
34
80  PO 2833 2345
40  PO 2866 2402
0  PO 2975 2355
35
50  PO 1754 2358
30  PO 1951 2317
10  PO 2282 2304
36
50  PO 2003 2359
30  SPD 2102 2525
10  PO 2400 2400
37
50  SPD 4592 2550
30  SPD 4819 2511
10  SPD 4969 2487
38
50  PO 4129 2391
30  SPD 4631 2553
10  SPD 4950 2549
39
50  SPD 3639 2532
30  SPD 3788 2503
10  SPD 3997 2518
40
50  PO 3357 2297
30  PO 3587 2366
10  SPD 3814 2544
41
50  PO 3582 2353
30  PO 4020 2356
10  SPD 4227 2539
42
50  PO 3243 2298
30  PO 3741 2340
43
50  PO 3567 2390
30  SPD 3899 2526
10  SPD 3971 2534
44
50  PO 3713 2355
45
50  PO 2282 2358
30  SPD 2703 2512
10  PO 2802 2333
46
50  SPD 2083 2533
30  SPD 2428 2525
10  PO 2697 2400
47
50  PO 4839 2336
30  SPD 4937 2513
10  SPD 5538 2523
48
50  SPD 5052 2510
30  PO 5239 2391
10  PO 5258 2349
49
50  SPD 4663 2547
30  SPD 4725 2503
10  PO 4732 2342
50
50  SPD 4334 2551
30  SPD 4456 2502
10  PO 4740 2331
51
50  PO 4338 2320
30  PO 4744 2319
10  PO 5273 2301
52
50  PO 4268 2300
30  SPD 4607 2540
10  SPD 4683 2552
53
50  PO 12839 1888
30  SPD 27334 1912
54
50  PO 9464 1876
30  SPD 15415 1904
55
50  PO 17012 1877
30  SPD 18900 1906
56
50  PO 19939 1879
57
50  SPD 16523 1907
30  PO 19083 1881
58
50  SPD 15638 1908
30  PO 16272 1882
59
50  SPD 13778 1909
30  PO 15543 1884
60
50  PO 13909 1886
30  SPD 14566 1910
61
50  PO 12619 1887
30  SPD 17680 1911
SCORE:SPD,PO,2090,3350,-126.0
