SPD-SD
1
50  SD 10430 3496
30  SPD 10483 2543
10  SD 12639 3479
2
50  SPD 8459 2533
30  SPD 9968 2525
10  SD 13250 3516
3
50  SD 9045 3497
30  SPD 10200 2513
10  SPD 10800 2550
4
50  SPD 10001 2510
30  SPD 10160 2549
10  SD 10282 3500
5
50  SPD 7938 2532
30  SPD 8957 2503
10  SPD 9878 2546
6
50  SD 7475 3498
30  SPD 8395 2544
10  SD 9590 3480
7
50  SD 9537 3481
30  SPD 10866 2557
10  SPD 12740 2494
8
50  SD 8732 3501
30  SPD 8953 2540
10  SD 10220 3495
9
50  SD 3290 3514
30  SPD 3385 2489
10  SD 3633 3515
10
50  SD 2538 3513
30  SD 3182 3519
10  SD 3209 3512
11
50  SPD 2582 2526
30  SPD 2895 2517
10  SPD 3083 2515
12
50  SD 1883 3478
30  SD 2227 3499
10  SD 2453 3502
13
50  SPD 4588 2541
30  SD 4896 3508
10  SPD 5603 2497
14
50  SPD 3450 2533
30  SPD 4704 2520
10  SD 4775 3504
15
50  SPD 3909 2511
30  SPD 3928 2531
10  SPD 4270 2550
16
50  SPD 3708 2553
30  SPD 3714 2510
10  SPD 3970 2493
17
50  SPD 6896 2532
30  SD 8478 3521
10  SPD 8813 2548
18
50  SD 6208 3498
30  SPD 7106 2544
10  SPD 8412 2551
19
50  SPD 8300 2539
30  SPD 11350 2494
20
50  SPD 7422 2552
30  SD 8545 3495
21
50  SD 3746 3506
30  SPD 3859 2489
10  SPD 3863 2490
22
50  SD 3064 3513
30  SD 3569 3519
10  SD 4264 3512
23
50  SPD 3184 2515
30  SPD 3613 2517
10  SPD 3683 2545
24
50  SD 2452 3478
30  SD 2613 3499
10  SD 2721 3509
25
50  SD 2087 3496
30  SPD 2138 2543
10  SPD 2449 2512
26
50  SPD 1891 2533
30  SPD 2140 2525
10  SD 2570 3503
27
50  SD 4000 3497
30  SPD 4615 2511
10  SPD 4970 2513
28
50  SD 4532 3500
30  SPD 4881 2509
10  SPD 5303 2549
29
50  SPD 4043 2518
30  SD 4327 3521
10  SPD 4679 2522
30
50  SPD 4387 2508
30  SD 4615 3480
10  SPD 4707 2542
31
80  SPD 4170 2539
40  SD 4613 3481
0  SPD 4820 2516
32
80  SPD 4063 2552
40  SD 4585 3501
0  SD 5383 3495
33
80  SPD 4375 2534
34
80  SD 2528 3478
40  SD 2935 3499
0  SD 3640 3509
35
50  SD 2064 3496
30  SPD 2403 2543
10  SPD 2406 2541
36
50  SPD 2102 2525
30  SD 2477 3516
10  SPD 2956 2520
37
50  SD 4327 3497
30  SPD 4592 2550
10  SPD 4819 2511
38
50  SPD 4631 2553
30  SPD 4950 2549
10  SPD 5247 2493
39
50  SPD 3639 2532
30  SPD 3788 2503
10  SPD 3997 2518
40
50  SPD 3814 2544
30  SD 4488 3480
10  SPD 6559 2502
41
50  SPD 4227 2539
30  SD 4363 3481
10  SPD 4878 2557
42
50  SD 3970 3501
43
50  SPD 3899 2526
30  SPD 3971 2534
10  SD 4865 3505
44
50  SD 2788 3478
30  SD 3101 3499
10  SD 3502 3509
45
50  SD 2541 3479
30  SPD 2703 2512
10  SD 2955 3508
46
50  SPD 2083 2533
30  SPD 2428 2525
10  SPD 3140 2520
47
50  SD 4700 3497
30  SPD 4937 2513
10  SPD 5538 2523
48
50  SPD 5052 2510
30  SD 5057 3500
10  SPD 5469 2553
49
50  SPD 4663 2547
30  SPD 4725 2503
10  SD 4806 3487
50
50  SPD 4334 2551
30  SPD 4456 2502
10  SPD 5021 2508
51
50  SD 5034 3481
30  SPD 5278 2516
10  SPD 5333 2557
52
50  SD 4000 3501
30  SPD 4607 2540
10  SPD 4683 2552
53
50  SD 15585 2067
30  SPD 27334 1912
54
50  SD 12488 2064
30  SPD 15415 1904
55
50  SPD 18900 1906
30  SD 21624 2065
56
50  SD 19897 2066
57
50  SPD 16523 1907
58
50  SPD 15638 1908
59
50  SPD 13778 1909
60
50  SPD 14566 1910
61
50  SPD 17680 1911
SCORE:SPD,SD,3130,2110,102.0
