SPD-WRC
1
50  SPD 10483 2543
30  WRC 10759 2171
10  SPD 13000 2541
2
50  SPD 8459 2533
30  SPD 9968 2525
10  WRC 10377 2161
3
50  WRC 8371 2156
30  WRC 9470 2151
10  SPD 10200 2513
4
50  SPD 10001 2510
30  SPD 10160 2549
10  WRC 10200 2180
5
50  SPD 7938 2532
30  WRC 8003 2147
10  SPD 8957 2503
6
50  WRC 7619 2174
30  SPD 8395 2544
10  SPD 11019 2502
7
50  WRC 8182 2146
30  WRC 8594 2169
10  SPD 10866 2557
8
50  WRC 7292 2182
30  WRC 7447 2177
10  WRC 8320 2193
9
50  WRC 3100 2162
30  SPD 3385 2489
10  SPD 4118 2490
10
50  WRC 3732 2165
30  WRC 6075 2168
10  SPD 7354 2554
11
50  WRC 1881 2176
30  WRC 1968 2196
10  WRC 2449 2148
12
50  WRC 2313 2150
30  WRC 2594 2183
10  SPD 3370 2496
13
50  WRC 3889 2175
30  SPD 4588 2541
10  SPD 5603 2497
14
50  SPD 3450 2533
30  WRC 4383 2191
10  WRC 4678 2144
15
50  WRC 3553 2167
30  WRC 3638 2151
10  WRC 3659 2152
16
50  SPD 3708 2553
30  SPD 3714 2510
10  SPD 3970 2493
17
50  SPD 6896 2532
30  WRC 7375 2153
10  WRC 7397 2178
18
50  WRC 6674 2174
30  SPD 7106 2544
10  WRC 7522 2189
19
50  WRC 6727 2145
30  WRC 7127 2146
10  SPD 8300 2539
20
50  WRC 6001 2181
30  WRC 6272 2182
10  WRC 7393 2157
21
50  WRC 3722 2162
30  SPD 3859 2489
10  SPD 3863 2490
22
50  WRC 4550 2165
30  SPD 5433 2536
10  SPD 7209 2554
23
50  WRC 2194 2196
30  SPD 3184 2515
10  WRC 3359 2148
24
50  WRC 3389 2183
30  SPD 4159 2496
10  WRC 4241 2154
25
50  SPD 2138 2543
30  WRC 2256 2171
10  SPD 2449 2512
26
50  SPD 1891 2533
30  WRC 2103 2161
10  SPD 2140 2525
27
50  WRC 4144 2151
30  WRC 4376 2167
10  SPD 4615 2511
28
50  SPD 4881 2509
30  SPD 5303 2549
10  SPD 5803 2514
29
50  WRC 3476 2178
30  WRC 4006 2153
10  SPD 4043 2518
30
50  WRC 3546 2174
30  WRC 4187 2189
10  SPD 4387 2508
31
80  WRC 3850 2146
40  SPD 4170 2539
0  WRC 4171 2169
32
80  WRC 3201 2181
40  WRC 3499 2177
0  WRC 3783 2193
33
80  WRC 2358 2196
40  WRC 2458 2176
0  WRC 3150 2148
35
50  WRC 1814 2175
30  SPD 2403 2543
10  SPD 2406 2541
36
50  WRC 2018 2161
30  SPD 2102 2525
10  WRC 2403 2191
37
50  WRC 3987 2156
30  WRC 4400 2167
10  SPD 4592 2550
38
50  SPD 4631 2553
30  SPD 4950 2549
10  SPD 5247 2493
39
50  WRC 3559 2178
30  SPD 3639 2532
10  WRC 3650 2153
40
50  WRC 3512 2174
30  SPD 3814 2544
10  WRC 4271 2189
41
50  WRC 3456 2145
30  WRC 3719 2169
10  SPD 4227 2539
42
50  WRC 3052 2182
30  WRC 3094 2181
10  WRC 3489 2170
43
50  WRC 2683 2176
30  WRC 3264 2184
10  SPD 3899 2526
45
50  WRC 2627 2171
30  WRC 2653 2175
10  SPD 2703 2512
46
50  SPD 2083 2533
30  SPD 2428 2525
10  WRC 2445 2161
47
50  WRC 4069 2156
30  SPD 4937 2513
10  WRC 5535 2152
48
50  WRC 4896 2188
30  SPD 5052 2510
10  SPD 5469 2553
49
50  WRC 4226 2147
30  SPD 4663 2547
10  SPD 4725 2503
50
50  WRC 4032 2189
30  SPD 4334 2551
10  SPD 4456 2502
51
50  WRC 3802 2145
30  WRC 4565 2169
10  SPD 5278 2516
52
50  WRC 3662 2177
30  WRC 3976 2173
10  WRC 4022 2170
53
50  SPD 27334 1912
54
50  WRC 9339 1855
30  SPD 15415 1904
55
50  SPD 18900 1906
30  WRC 20388 1858
57
50  WRC 14518 1859
30  SPD 16523 1907
58
50  SPD 15638 1908
59
50  WRC 13206 1860
30  SPD 13778 1909
60
50  SPD 14566 1910
61
50  WRC 13246 1861
30  SPD 17680 1911
SCORE:SPD,WRC,1910,3230,-132.0
