SPD-HP
1
50  HP 9165 260
30  SPD 10483 2543
10  HP 11713 224
2
50  SPD 8459 2533
30  HP 9344 328
10  HP 9725 237
3
50  HP 7550 269
30  HP 9669 332
10  HP 10075 232
4
50  HP 7934 236
30  SPD 10001 2510
10  SPD 10160 2549
5
50  HP 7225 290
30  SPD 7938 2532
10  HP 8263 234
6
50  HP 7203 256
30  HP 8175 244
10  SPD 8395 2544
7
50  HP 7603 220
30  HP 10002 291
10  HP 10056 321
8
50  HP 7391 303
30  HP 7437 312
10  HP 7757 319
9
50  SPD 3385 2489
30  HP 3975 322
10  HP 3998 273
10
50  HP 3084 255
30  HP 4346 251
10  HP 6640 333
11
50  HP 2162 338
30  HP 2431 214
10  SPD 2582 2526
12
50  HP 2334 331
30  HP 2456 300
10  HP 2522 272
13
50  HP 3703 211
30  HP 4381 226
10  HP 4419 248
14
50  SPD 3450 2533
30  HP 3725 237
10  HP 4106 283
15
50  HP 3207 330
30  HP 3650 335
10  HP 3719 332
16
50  HP 3135 236
30  HP 3422 254
10  SPD 3708 2553
17
50  HP 6384 290
30  SPD 6896 2532
10  HP 8007 235
18
50  SPD 7106 2544
30  HP 7653 241
10  HP 8009 304
19
50  SPD 8300 2539
30  HP 8572 307
10  HP 8647 243
20
50  HP 5659 308
30  HP 6313 312
10  HP 6659 319
21
50  SPD 3859 2489
30  SPD 3863 2490
10  HP 4947 322
22
50  HP 2850 227
30  HP 3722 255
10  SPD 5433 2536
23
50  HP 2685 229
30  HP 2838 338
10  SPD 3184 2515
24
50  HP 2787 331
30  HP 2850 227
10  HP 3178 300
25
50  HP 1963 260
30  SPD 2138 2543
10  HP 2303 233
26
50  SPD 1891 2533
30  SPD 2140 2525
10  HP 2563 246
27
50  HP 3568 269
30  HP 3894 330
10  SPD 4615 2511
28
50  HP 4231 254
30  SPD 4881 2509
10  HP 5281 225
29
50  HP 3984 235
30  SPD 4043 2518
10  SPD 4679 2522
30
50  HP 3275 268
30  HP 4110 288
10  HP 4353 298
31
80  HP 3625 220
40  SPD 4170 2539
0  HP 4468 291
32
80  HP 2865 308
40  HP 3557 289
0  HP 3884 310
33
80  HP 2600 338
40  HP 2612 214
0  SPD 4375 2534
34
80  HP 2722 227
40  HP 3031 331
35
50  HP 1863 260
30  HP 1960 211
10  HP 2296 215
36
50  HP 1747 328
30  SPD 2102 2525
10  HP 2134 283
37
50  HP 3265 269
30  HP 4228 332
10  SPD 4592 2550
38
50  HP 3428 236
30  SPD 4631 2553
10  SPD 4950 2549
39
50  HP 3072 290
30  HP 3618 234
10  SPD 3639 2532
40
50  HP 3075 256
30  HP 3638 244
10  HP 3778 241
41
50  HP 4053 291
30  SPD 4227 2539
10  HP 4466 242
42
50  HP 2698 308
30  HP 3059 303
10  HP 3184 314
43
50  HP 2884 229
30  SPD 3899 2526
10  SPD 3971 2534
44
50  HP 3416 227
30  HP 3853 261
45
50  HP 2439 211
30  SPD 2703 2512
10  HP 2795 215
46
50  SPD 2083 2533
30  SPD 2428 2525
10  HP 2560 282
47
50  HP 4525 330
30  HP 4844 335
10  SPD 4937 2513
48
50  SPD 5052 2510
30  HP 5325 276
10  HP 5327 254
49
50  HP 4641 234
30  SPD 4663 2547
10  SPD 4725 2503
50
50  HP 3669 268
30  SPD 4334 2551
10  HP 4369 288
51
50  HP 3997 220
30  HP 4753 243
10  SPD 5278 2516
52
50  HP 3687 312
30  HP 3715 289
10  HP 3973 314
53
50  HP 18604 1656
30  SPD 27334 1912
54
50  HP 10553 1642
30  SPD 15415 1904
55
50  HP 18650 1644
30  SPD 18900 1906
56
50  HP 15963 1646
57
50  SPD 16523 1907
30  HP 17031 1647
58
50  SPD 15638 1908
30  HP 17835 1649
59
50  SPD 13778 1909
30  HP 15187 1650
60
50  HP 12150 1651
30  SPD 14566 1910
61
50  HP 13259 1653
30  SPD 17680 1911
SCORE:SPD,HP,1450,4030,-258.0
