SPD-FV
1
50  FV 10025 3349
30  SPD 10483 2543
10  SPD 13000 2541
2
50  SPD 8459 2533
30  SPD 9968 2525
10  FV 10634 3383
3
50  FV 8790 3380
30  FV 9695 3377
10  SPD 10200 2513
4
50  SPD 10001 2510
30  SPD 10160 2549
10  SPD 10875 2509
5
50  SPD 7938 2532
30  FV 8295 3351
10  FV 8941 3381
6
50  SPD 8395 2544
30  FV 10438 3367
10  SPD 11019 2502
7
50  FV 10543 3373
30  SPD 10866 2557
10  SPD 12740 2494
8
50  FV 7139 3384
30  FV 7577 3364
10  FV 8072 3358
9
50  FV 3222 3343
30  SPD 3385 2489
10  SPD 4118 2490
10
50  FV 3344 3360
30  SPD 7354 2554
11
50  FV 2181 3382
30  FV 2232 3344
10  SPD 2582 2526
12
50  FV 2238 3368
30  SPD 3370 2496
10  FV 3459 3374
13
50  FV 4412 3375
30  SPD 4588 2541
10  FV 5334 3376
14
50  SPD 3450 2533
30  FV 4650 3369
10  SPD 4704 2520
15
50  FV 3525 3380
30  SPD 3909 2511
10  SPD 3928 2531
16
50  SPD 3708 2553
30  SPD 3714 2510
10  FV 3762 3359
17
50  SPD 6896 2532
30  FV 7303 3351
10  FV 7582 3352
18
50  SPD 7106 2544
30  SPD 8412 2551
10  SPD 8768 2529
19
50  SPD 8300 2539
30  FV 8631 3373
10  SPD 11350 2494
20
50  FV 6359 3384
30  FV 6653 3355
10  FV 6853 3358
21
50  SPD 3859 2489
30  SPD 3863 2490
10  FV 3926 3343
22
50  SPD 5433 2536
30  FV 5770 3360
10  SPD 7209 2554
23
50  FV 2641 3344
30  FV 2675 3382
10  SPD 3184 2515
24
50  FV 3748 3374
30  SPD 4159 2496
10  SPD 9429 2491
25
50  FV 2089 3349
30  SPD 2138 2543
10  SPD 2449 2512
26
50  SPD 1891 2533
30  SPD 2140 2525
10  FV 2464 3369
27
50  FV 4028 3380
30  FV 4595 3377
10  SPD 4615 2511
28
50  FV 4766 3359
30  SPD 4881 2509
10  SPD 5303 2549
29
50  FV 3738 3351
30  SPD 4043 2518
10  FV 4328 3357
30
50  SPD 4387 2508
30  SPD 4707 2542
10  SPD 4803 2551
31
80  SPD 4170 2539
40  SPD 4820 2516
0  FV 5164 3373
32
80  FV 3475 3364
40  FV 3512 3384
0  FV 3645 3355
33
80  FV 3532 3344
40  SPD 4375 2534
34
80  FV 3213 3368
35
50  FV 1908 3349
30  SPD 2403 2543
10  SPD 2406 2541
36
50  SPD 2102 2525
30  FV 2340 3383
10  SPD 2956 2520
37
50  FV 4444 3380
30  FV 4509 3362
10  SPD 4592 2550
38
50  SPD 4631 2553
30  SPD 4950 2549
10  FV 5006 3359
39
50  FV 3577 3351
30  SPD 3639 2532
10  SPD 3788 2503
40
50  SPD 3814 2544
30  FV 5819 3367
10  SPD 6559 2502
41
50  SPD 4227 2539
30  SPD 4878 2557
10  FV 4947 3373
42
50  FV 3234 3384
30  FV 3381 3358
10  FV 3491 3355
43
50  FV 3579 3382
30  SPD 3899 2526
10  SPD 3971 2534
44
50  FV 3925 3368
45
50  SPD 2703 2512
30  FV 3062 3348
10  FV 3069 3376
46
50  SPD 2083 2533
30  SPD 2428 2525
10  FV 2665 3383
47
50  SPD 4937 2513
30  FV 5371 3377
10  SPD 5538 2523
48
50  SPD 5052 2510
30  SPD 5469 2553
10  SPD 5490 2506
49
50  FV 4203 3352
30  SPD 4663 2547
10  SPD 4725 2503
50
50  SPD 4334 2551
30  SPD 4456 2502
10  SPD 5021 2508
51
50  SPD 5278 2516
30  SPD 5333 2557
10  SPD 6908 2494
52
50  FV 4388 3355
30  FV 4463 3364
10  FV 4503 3358
53
50  SPD 27334 1912
54
50  FV 11293 2015
30  SPD 15415 1904
55
50  SPD 18900 1906
30  FV 20352 2016
56
50  FV 19896 2017
57
50  SPD 16523 1907
30  FV 17397 2018
58
50  SPD 15638 1908
30  FV 17403 2019
59
50  SPD 13778 1909
30  FV 16759 2020
60
50  SPD 14566 1910
61
50  SPD 17680 1911
SCORE:SPD,FV,2820,2490,33.0
