SPD-NSC
1
50  SPD 10483 2543
30  NSC 10734 638
10  NSC 10903 666
2
50  SPD 8459 2533
30  SPD 9968 2525
10  NSC 10994 632
3
50  NSC 7928 660
30  NSC 9897 673
10  SPD 10200 2513
4
50  SPD 10001 2510
30  SPD 10160 2549
10  NSC 10388 671
5
50  NSC 7594 612
30  SPD 7938 2532
10  SPD 8957 2503
6
50  NSC 7116 595
30  SPD 8395 2544
10  NSC 8581 601
7
50  NSC 7146 664
30  NSC 7884 584
10  SPD 10866 2557
8
50  NSC 6128 586
30  NSC 7101 569
10  NSC 7756 624
9
50  NSC 2872 634
30  NSC 3075 651
10  SPD 3385 2489
10
50  NSC 3440 644
30  NSC 3666 630
10  NSC 4779 654
11
50  NSC 2137 672
30  NSC 2175 643
10  NSC 2285 611
12
50  NSC 2081 606
30  NSC 2541 657
10  NSC 2725 578
13
50  NSC 4031 640
30  NSC 4131 638
10  NSC 4587 618
14
50  SPD 3450 2533
30  NSC 3841 627
10  NSC 4163 677
15
50  NSC 3797 635
30  NSC 3807 576
10  NSC 3847 593
16
50  SPD 3708 2553
30  SPD 3714 2510
10  NSC 3888 642
17
50  SPD 6896 2532
30  NSC 7472 656
10  NSC 8125 669
18
50  SPD 7106 2544
30  NSC 7620 617
10  NSC 7872 589
19
50  NSC 6697 573
30  NSC 7000 584
10  SPD 8300 2539
20
50  NSC 5459 586
30  NSC 5678 661
10  NSC 6572 605
21
50  SPD 3859 2489
30  SPD 3863 2490
10  NSC 3888 634
22
50  NSC 4485 644
30  SPD 5433 2536
10  NSC 5784 654
23
50  NSC 2553 643
30  NSC 2566 665
10  NSC 2839 648
24
50  NSC 2825 606
30  NSC 3006 578
10  NSC 3125 614
25
50  SPD 2138 2543
30  NSC 2170 666
10  NSC 2409 616
26
50  SPD 1891 2533
30  NSC 2112 627
10  SPD 2140 2525
27
50  NSC 3566 660
30  SPD 4615 2511
10  SPD 4970 2513
28
50  NSC 4747 642
30  SPD 4881 2509
10  SPD 5303 2549
29
50  NSC 3691 612
30  NSC 4012 656
10  SPD 4043 2518
30
50  NSC 4118 592
30  NSC 4137 617
10  SPD 4387 2508
31
80  NSC 3358 664
40  NSC 3612 594
0  NSC 3720 573
32
80  NSC 2969 586
40  NSC 3428 569
0  NSC 3500 605
33
80  NSC 2650 665
40  NSC 2703 672
0  NSC 2825 603
34
80  NSC 2619 606
35
50  NSC 2060 640
30  SPD 2403 2543
10  SPD 2406 2541
36
50  SPD 2102 2525
30  NSC 2269 631
10  NSC 2356 633
37
50  NSC 3546 660
30  NSC 4490 576
10  SPD 4592 2550
38
50  SPD 4631 2553
30  SPD 4950 2549
10  NSC 5213 671
39
50  SPD 3639 2532
30  SPD 3788 2503
10  NSC 3901 656
40
50  SPD 3814 2544
30  NSC 3934 601
10  NSC 3941 592
41
50  NSC 3315 573
30  NSC 3440 567
10  NSC 3545 584
42
50  NSC 2939 661
30  NSC 3104 591
10  NSC 3250 624
43
50  NSC 2800 672
30  NSC 3390 626
10  NSC 3700 648
44
50  NSC 2832 621
30  NSC 4644 614
45
50  NSC 2497 640
30  NSC 2538 666
10  SPD 2703 2512
46
50  SPD 2083 2533
30  NSC 2409 632
10  SPD 2428 2525
47
50  SPD 4937 2513
30  NSC 5122 593
10  NSC 5138 572
48
50  NSC 5044 671
30  SPD 5052 2510
10  NSC 5400 613
49
50  NSC 4059 612
30  NSC 4425 625
10  SPD 4663 2547
50
50  NSC 3590 595
30  SPD 4334 2551
10  NSC 4453 592
51
50  NSC 3763 664
30  NSC 4044 567
10  NSC 4137 594
52
50  NSC 3544 661
30  NSC 3844 569
10  NSC 4475 591
53
50  NSC 15700 1685
30  SPD 27334 1912
54
50  NSC 9860 1672
30  SPD 15415 1904
55
50  SPD 18900 1906
30  NSC 20914 1675
56
50  NSC 17615 1677
57
50  NSC 15450 1679
30  SPD 16523 1907
58
50  SPD 15638 1908
59
50  SPD 13778 1909
30  NSC 14494 1682
60
50  NSC 12959 1683
30  SPD 14566 1910
61
50  NSC 12194 1684
30  SPD 17680 1911
SCORE:SPD,NSC,1670,3740,-207.0
