SPD-SPL
1
50  SPL 8802 1687
30  SPD 10483 2543
10  SPD 13000 2541
2
50  SPD 8459 2533
30  SPL 8844 1719
10  SPD 9968 2525
3
50  SPL 8969 1739
30  SPD 10200 2513
10  SPL 10281 1709
4
50  SPL 9290 1705
30  SPL 9620 1671
10  SPD 10001 2510
5
50  SPD 7938 2532
30  SPL 7969 1720
10  SPD 8957 2503
6
50  SPL 7284 1689
30  SPD 8395 2544
10  SPL 8876 1666
7
50  SPL 7357 1698
30  SPL 7863 1697
10  SPL 8531 1664
8
50  SPL 8085 1680
30  SPD 8953 2540
9
50  SPD 3385 2489
30  SPL 3863 1722
10  SPD 4118 2490
10
50  SPL 3256 1677
30  SPL 4251 1702
10  SPL 4288 1673
11
50  SPL 1950 1672
30  SPL 2012 1708
10  SPL 2412 1657
12
50  SPL 2437 1691
30  SPL 2733 1662
10  SPL 2739 1707
13
50  SPL 3444 1687
30  SPD 4588 2541
10  SPL 4902 1713
14
50  SPD 3450 2533
30  SPL 3591 1719
10  SPL 3692 1670
15
50  SPL 3532 1739
30  SPD 3909 2511
10  SPD 3928 2531
16
50  SPL 3479 1665
30  SPD 3708 2553
10  SPD 3714 2510
17
50  SPL 6478 1718
30  SPD 6896 2532
10  SPL 8753 1704
18
50  SPL 6409 1689
30  SPD 7106 2544
10  SPL 8355 1727
19
50  SPL 6384 1698
30  SPL 7006 1697
10  SPL 8173 1712
20
50  SPD 7422 2552
30  SPL 7947 1688
21
50  SPD 3859 2489
30  SPD 3863 2490
10  SPL 4433 1722
22
50  SPD 5433 2536
30  SPL 5737 1677
10  SPL 5804 1716
23
50  SPL 2555 1708
30  SPL 2828 1715
10  SPL 3084 1729
24
50  SPL 2646 1726
30  SPL 3702 1707
10  SPL 3825 1675
25
50  SPD 2138 2543
30  SPD 2449 2512
10  SPL 2515 1647
26
50  SPD 1891 2533
30  SPL 1913 1719
10  SPD 2140 2525
27
50  SPL 4400 1709
30  SPD 4615 2511
10  SPD 4970 2513
28
50  SPD 4881 2509
30  SPD 5303 2549
10  SPL 5351 1669
29
50  SPD 4043 2518
30  SPL 4667 1711
10  SPD 4679 2522
30
50  SPL 3484 1689
30  SPL 3934 1666
10  SPD 4387 2508
31
80  SPL 3483 1698
40  SPL 3735 1649
0  SPD 4170 2539
32
80  SPD 4063 2552
33
80  SPL 3037 1676
40  SPL 3209 1715
0  SPL 3710 1734
35
50  SPL 2331 1690
30  SPD 2403 2543
10  SPD 2406 2541
36
50  SPL 1860 1670
30  SPD 2102 2525
10  SPL 2421 1653
37
50  SPL 4055 1739
30  SPD 4592 2550
10  SPL 4759 1709
38
50  SPL 3981 1705
30  SPL 4577 1671
10  SPD 4631 2553
39
50  SPL 3246 1718
30  SPL 3531 1720
10  SPD 3639 2532
40
50  SPD 3814 2544
30  SPL 4193 1727
10  SPD 6559 2502
41
50  SPL 3366 1697
30  SPL 3625 1649
10  SPL 3772 1664
42
50  SPL 3697 1680
43
50  SPL 2652 1672
30  SPL 3321 1715
10  SPL 3331 1654
44
50  SPL 3371 1699
30  SPL 3403 1726
10  SPL 3452 1662
45
50  SPL 2033 1687
30  SPL 2546 1738
10  SPD 2703 2512
46
50  SPD 2083 2533
30  SPL 2422 1653
10  SPD 2428 2525
47
50  SPD 4937 2513
30  SPL 5018 1652
10  SPL 5207 1663
48
50  SPD 5052 2510
30  SPL 5462 1700
10  SPD 5469 2553
49
50  SPD 4663 2547
30  SPD 4725 2503
10  SPD 4888 2522
50
50  SPD 4334 2551
30  SPD 4456 2502
10  SPL 4475 1666
51
50  SPL 4402 1712
30  SPL 4475 1664
10  SPL 4639 1656
52
50  SPL 4552 1688
30  SPD 4607 2540
10  SPD 4683 2552
53
50  SPL 18907 1804
30  SPD 27334 1912
54
50  SPL 9289 1796
30  SPD 15415 1904
55
50  SPD 18900 1906
30  SPL 20778 1798
57
50  SPD 16523 1907
30  SPL 17312 1800
58
50  SPL 15425 1801
30  SPD 15638 1908
59
50  SPD 13778 1909
30  SPL 13914 1802
60
50  SPD 14566 1910
61
50  SPL 13256 1803
30  SPD 17680 1911
SCORE:SPD,SPL,2020,3170,-115.0
