SPL-FV
1
50  SPL 8802 1687
30  FV 10025 3349
10  FV 13531 3375
2
50  SPL 8844 1719
30  FV 10634 3383
10  SPL 12689 1653
3
50  FV 8790 3380
30  SPL 8969 1739
10  FV 9695 3377
4
50  SPL 9290 1705
30  SPL 9620 1671
10  FV 11027 3350
5
50  SPL 7969 1720
30  FV 8295 3351
10  FV 8941 3381
6
50  SPL 7284 1689
30  SPL 8876 1666
10  FV 10438 3367
7
50  SPL 7357 1698
30  SPL 7863 1697
10  SPL 8531 1664
8
50  FV 7139 3384
30  FV 7577 3364
10  FV 8072 3358
9
50  FV 3222 3343
30  SPL 3863 1722
10  SPL 4440 1735
10
50  SPL 3256 1677
30  FV 3344 3360
10  SPL 4251 1702
11
50  SPL 1950 1672
30  SPL 2012 1708
10  FV 2181 3382
12
50  FV 2238 3368
30  SPL 2437 1691
10  SPL 2733 1662
13
50  SPL 3444 1687
30  FV 4412 3375
10  SPL 4902 1713
14
50  SPL 3591 1719
30  SPL 3692 1670
10  SPL 4506 1686
15
50  FV 3525 3380
30  SPL 3532 1739
10  FV 3960 3377
16
50  SPL 3479 1665
30  FV 3762 3359
10  FV 3785 3379
17
50  SPL 6478 1718
30  FV 7303 3351
10  FV 7582 3352
18
50  SPL 6409 1689
30  SPL 8355 1727
19
50  SPL 6384 1698
30  SPL 7006 1697
10  SPL 8173 1712
20
50  FV 6359 3384
30  FV 6653 3355
10  FV 6853 3358
21
50  FV 3926 3343
30  SPL 4433 1722
10  SPL 5750 1696
22
50  SPL 5737 1677
30  FV 5770 3360
10  SPL 5804 1716
23
50  SPL 2555 1708
30  FV 2641 3344
10  FV 2675 3382
24
50  SPL 2646 1726
30  SPL 3702 1707
10  FV 3748 3374
25
50  FV 2089 3349
30  SPL 2515 1647
10  SPL 2518 1717
26
50  SPL 1913 1719
30  FV 2464 3369
10  SPL 2665 1686
27
50  FV 4028 3380
30  SPL 4400 1709
10  FV 4595 3377
28
50  FV 4766 3359
30  SPL 5351 1669
10  FV 5353 3379
29
50  FV 3738 3351
30  FV 4328 3357
10  SPL 4667 1711
30
50  SPL 3484 1689
30  SPL 3934 1666
10  FV 5003 3367
31
80  SPL 3483 1698
40  SPL 3735 1649
0  SPL 4627 1648
32
80  FV 3475 3364
40  FV 3512 3384
0  FV 3645 3355
33
80  SPL 3037 1676
40  SPL 3209 1715
0  FV 3532 3344
34
80  FV 3213 3368
35
50  FV 1908 3349
30  SPL 2331 1690
10  SPL 2492 1713
36
50  SPL 1860 1670
30  FV 2340 3383
10  SPL 2421 1653
37
50  SPL 4055 1739
30  FV 4444 3380
10  FV 4509 3362
38
50  SPL 3981 1705
30  SPL 4577 1671
10  SPL 4672 1679
39
50  SPL 3246 1718
30  SPL 3531 1720
10  FV 3577 3351
40
50  SPL 4193 1727
30  FV 5819 3367
41
50  SPL 3366 1697
30  SPL 3625 1649
10  SPL 3772 1664
42
50  FV 3234 3384
30  FV 3381 3358
10  FV 3491 3355
43
50  SPL 2652 1672
30  SPL 3321 1715
10  SPL 3331 1654
44
50  SPL 3371 1699
30  SPL 3403 1726
10  SPL 3452 1662
45
50  SPL 2033 1687
30  SPL 2546 1738
10  SPL 2765 1728
46
50  SPL 2422 1653
30  FV 2665 3383
10  SPL 2747 1655
47
50  SPL 5018 1652
30  SPL 5207 1663
10  FV 5371 3377
48
50  SPL 5462 1700
30  FV 5718 3350
10  FV 5747 3356
49
50  FV 4203 3352
30  FV 4771 3381
10  SPL 5095 1704
50
50  SPL 4475 1666
30  FV 5175 3367
10  SPL 5344 1727
51
50  SPL 4402 1712
30  SPL 4475 1664
10  SPL 4639 1656
52
50  FV 4388 3355
30  FV 4463 3364
10  FV 4503 3358
53
50  SPL 18907 1804
54
50  SPL 9289 1796
30  FV 11293 2015
55
50  FV 20352 2016
30  SPL 20778 1798
56
50  FV 19896 2017
57
50  SPL 17312 1800
30  FV 17397 2018
58
50  SPL 15425 1801
30  FV 17403 2019
59
50  SPL 13914 1802
30  FV 16759 2020
61
50  SPL 13256 1803
SCORE:SPL,FV,3240,2050,119.0
