SPL-PO
1
50  SPL 8802 1687
30  PO 9340 2358
10  PO 10953 2304
2
50  SPL 8844 1719
30  PO 10430 2359
10  PO 12613 2389
3
50  SPL 8969 1739
30  PO 9899 2336
10  SPL 10281 1709
4
50  PO 9149 2391
30  SPL 9290 1705
10  SPL 9620 1671
5
50  SPL 7969 1720
30  PO 9593 2388
10  PO 9719 2312
6
50  SPL 7284 1689
30  PO 7628 2297
10  PO 7677 2366
7
50  SPL 7357 1698
30  SPL 7863 1697
10  SPL 8531 1664
8
50  PO 7191 2298
30  SPL 8085 1680
10  PO 8889 2300
9
50  PO 2428 2293
30  PO 3240 2374
10  PO 3401 2365
10
50  PO 2596 2346
30  PO 3253 2322
10  SPL 3256 1677
11
50  SPL 1950 1672
30  SPL 2012 1708
10  PO 2096 2364
12
50  PO 2075 2402
30  PO 2097 2292
10  PO 2218 2345
13
50  SPL 3444 1687
30  PO 3834 2317
10  PO 4408 2304
14
50  SPL 3591 1719
30  SPL 3692 1670
10  PO 4212 2359
15
50  SPL 3532 1739
30  PO 3896 2336
10  PO 4000 2295
16
50  SPL 3479 1665
30  PO 3749 2349
10  SPL 4002 1679
17
50  SPL 6478 1718
30  PO 8416 2312
10  SPL 8753 1704
18
50  SPL 6409 1689
30  PO 7672 2315
10  PO 8137 2331
19
50  SPL 6384 1698
30  SPL 7006 1697
10  PO 7177 2353
20
50  PO 7108 2298
30  PO 7330 2340
10  SPL 7947 1688
21
50  PO 3271 2378
30  PO 3409 2293
10  PO 3913 2303
22
50  PO 3458 2346
30  PO 3540 2322
10  PO 4746 2305
23
50  SPL 2555 1708
30  PO 2579 2351
10  PO 2611 2330
24
50  SPL 2646 1726
30  PO 2745 2345
10  PO 2847 2292
25
50  PO 2181 2317
30  PO 2479 2321
10  SPL 2515 1647
26
50  SPL 1913 1719
30  SPL 2665 1686
10  PO 2667 2307
27
50  SPL 4400 1709
30  PO 5895 2403
10  PO 5904 2294
28
50  PO 5190 2396
30  SPL 5351 1669
10  SPL 5972 1700
29
50  PO 4596 2361
30  SPL 4667 1711
10  PO 4737 2388
30
50  PO 3426 2297
30  SPL 3484 1689
10  PO 3614 2366
31
80  SPL 3483 1698
40  SPL 3735 1649
0  PO 4090 2319
32
80  PO 4094 2300
40  PO 4133 2340
33
80  PO 2769 2364
40  SPL 3037 1676
0  SPL 3209 1715
34
80  PO 2833 2345
40  PO 2866 2402
0  PO 2975 2355
35
50  PO 1754 2358
30  PO 1951 2317
10  PO 2282 2304
36
50  SPL 1860 1670
30  PO 2003 2359
10  PO 2400 2400
37
50  SPL 4055 1739
30  SPL 4759 1709
10  PO 5814 2403
38
50  SPL 3981 1705
30  PO 4129 2391
10  SPL 4577 1671
39
50  SPL 3246 1718
30  SPL 3531 1720
10  PO 4303 2361
40
50  PO 3357 2297
30  PO 3587 2366
10  SPL 4193 1727
41
50  SPL 3366 1697
30  PO 3582 2353
10  SPL 3625 1649
42
50  PO 3243 2298
30  SPL 3697 1680
10  PO 3741 2340
43
50  SPL 2652 1672
30  SPL 3321 1715
10  SPL 3331 1654
44
50  SPL 3371 1699
30  SPL 3403 1726
10  SPL 3452 1662
45
50  SPL 2033 1687
30  PO 2282 2358
10  SPL 2546 1738
46
50  SPL 2422 1653
30  PO 2697 2400
10  SPL 2747 1655
47
50  PO 4839 2336
30  SPL 5018 1652
10  SPL 5207 1663
48
50  PO 5239 2391
30  PO 5258 2349
10  SPL 5462 1700
49
50  PO 4732 2342
30  SPL 5095 1704
10  PO 5150 2388
50
50  SPL 4475 1666
30  PO 4740 2331
10  PO 4829 2315
51
50  PO 4338 2320
30  SPL 4402 1712
10  SPL 4475 1664
52
50  PO 4268 2300
30  SPL 4552 1688
53
50  PO 12839 1888
30  SPL 18907 1804
54
50  SPL 9289 1796
30  PO 9464 1876
55
50  PO 17012 1877
30  SPL 20778 1798
56
50  PO 19939 1879
57
50  SPL 17312 1800
30  PO 19083 1881
58
50  SPL 15425 1801
30  PO 16272 1882
59
50  SPL 13914 1802
30  PO 15543 1884
60
50  PO 13909 1886
61
50  PO 12619 1887
30  SPL 13256 1803
SCORE:SPL,PO,2610,2840,-23.0
