SPL-SCSC
1
50  SPL 8802 1687
30  SCSC 9422 83
10  SCSC 9644 126
2
50  SPL 8844 1719
30  SCSC 10856 129
10  SCSC 11107 196
3
50  SCSC 8177 125
30  SCSC 8218 208
10  SPL 8969 1739
4
50  SCSC 8071 200
30  SPL 9290 1705
10  SCSC 9385 128
5
50  SCSC 7622 107
30  SPL 7969 1720
10  SCSC 8989 165
6
50  SCSC 6832 178
30  SCSC 7156 151
10  SPL 7284 1689
7
50  SPL 7357 1698
30  SPL 7863 1697
10  SPL 8531 1664
8
50  SCSC 6738 176
30  SPL 8085 1680
10  SCSC 8626 142
9
50  SCSC 3301 182
30  SCSC 3619 94
10  SPL 3863 1722
10
50  SCSC 2637 185
30  SPL 3256 1677
10  SCSC 4081 123
11
50  SPL 1950 1672
30  SPL 2012 1708
10  SCSC 2091 172
12
50  SCSC 1919 154
30  SCSC 2425 195
10  SPL 2437 1691
13
50  SPL 3444 1687
30  SCSC 3635 126
10  SCSC 3641 83
14
50  SPL 3591 1719
30  SPL 3692 1670
10  SCSC 3983 80
15
50  SCSC 2862 159
30  SCSC 3194 208
10  SCSC 3463 166
16
50  SCSC 3125 200
30  SCSC 3216 82
10  SCSC 3457 128
17
50  SCSC 6237 199
30  SPL 6478 1718
10  SCSC 7682 177
18
50  SPL 6409 1689
30  SCSC 6556 133
10  SCSC 6657 192
19
50  SCSC 6151 108
30  SPL 6384 1698
10  SPL 7006 1697
20
50  SCSC 5587 156
30  SCSC 7509 142
10  SPL 7947 1688
21
50  SPL 4433 1722
30  SCSC 4619 182
10  SCSC 5152 183
22
50  SCSC 4701 173
30  SCSC 5191 123
10  SPL 5737 1677
23
50  SPL 2555 1708
30  SPL 2828 1715
10  SCSC 2875 191
24
50  SCSC 2425 154
30  SPL 2646 1726
10  SCSC 3058 147
25
50  SCSC 2089 126
30  SCSC 2406 171
10  SCSC 2469 78
26
50  SPL 1913 1719
30  SCSC 2220 196
10  SCSC 2271 168
27
50  SCSC 3313 159
30  SCSC 3831 208
10  SPL 4400 1709
28
50  SCSC 3633 200
30  SCSC 4544 144
10  SCSC 4628 128
29
50  SCSC 4034 114
30  SCSC 4203 198
10  SCSC 4647 204
30
50  SCSC 3432 120
30  SPL 3484 1689
10  SCSC 3545 178
31
80  SCSC 3306 108
40  SPL 3483 1698
0  SPL 3735 1649
32
80  SCSC 3432 176
40  SCSC 3878 142
33
80  SCSC 2565 105
40  SPL 3037 1676
0  SCSC 3100 191
34
80  SCSC 3219 147
40  SCSC 3240 160
0  SCSC 5418 145
35
50  SCSC 1728 83
30  SCSC 1995 146
10  SPL 2331 1690
36
50  SPL 1860 1670
30  SCSC 2366 164
10  SPL 2421 1653
37
50  SCSC 3894 166
30  SPL 4055 1739
10  SCSC 4683 118
38
50  SPL 3981 1705
30  SPL 4577 1671
10  SPL 4672 1679
39
50  SCSC 3078 199
30  SPL 3246 1718
10  SPL 3531 1720
40
50  SCSC 3012 151
30  SCSC 3447 192
10  SCSC 3459 120
41
50  SPL 3366 1697
30  SPL 3625 1649
10  SPL 3772 1664
42
50  SCSC 2747 156
30  SCSC 2783 201
10  SPL 3697 1680
43
50  SPL 2652 1672
30  SCSC 3153 172
10  SCSC 3250 95
44
50  SCSC 2935 160
30  SPL 3371 1699
10  SPL 3403 1726
45
50  SPL 2033 1687
30  SCSC 2507 184
10  SPL 2546 1738
46
50  SPL 2422 1653
30  SPL 2747 1655
10  SCSC 2757 88
47
50  SCSC 4256 125
30  SPL 5018 1652
10  SCSC 5194 100
48
50  SCSC 4256 82
30  SCSC 4665 169
10  SCSC 5169 109
49
50  SCSC 3997 107
30  SCSC 4313 165
10  SCSC 4750 155
50
50  SCSC 3432 178
30  SCSC 3800 133
10  SCSC 3982 151
51
50  SCSC 4337 117
30  SPL 4402 1712
10  SPL 4475 1664
52
50  SCSC 3234 156
30  SCSC 3339 201
10  SPL 4552 1688
53
50  SCSC 16759 1641
30  SPL 18907 1804
54
50  SCSC 9056 1633
30  SPL 9289 1796
55
50  SCSC 19565 1634
30  SPL 20778 1798
56
50  SCSC 18470 1635
57
50  SCSC 13178 1636
30  SPL 17312 1800
58
50  SCSC 14856 1637
30  SPL 15425 1801
59
50  SCSC 13296 1638
30  SPL 13914 1802
60
50  SCSC 12758 1639
61
50  SCSC 11516 1640
30  SPL 13256 1803
SCORE:SPL,SCSC,1880,3580,-170.0
