SPL-CC
1
50  SPL 8802 1687
30  CC 10921 2939
2
50  SPL 8844 1719
30  CC 8850 2949
10  SPL 12689 1653
3
50  CC 8118 2938
30  CC 8262 2957
10  SPL 8969 1739
4
50  CC 8034 2948
30  SPL 9290 1705
10  SPL 9620 1671
5
50  CC 7882 2954
30  SPL 7969 1720
10  CC 9281 2937
6
50  SPL 7284 1689
30  CC 8156 2963
10  CC 8302 2944
7
50  SPL 7357 1698
30  SPL 7863 1697
10  SPL 8531 1664
8
50  CC 6620 2964
30  CC 7634 2934
10  SPL 8085 1680
9
50  CC 3234 2960
30  SPL 3863 1722
10  SPL 4440 1735
10
50  SPL 3256 1677
30  SPL 4251 1702
10  SPL 4288 1673
11
50  SPL 1950 1672
30  SPL 2012 1708
10  CC 2302 2951
12
50  CC 1919 2950
30  SPL 2437 1691
10  SPL 2733 1662
13
50  SPL 3444 1687
30  CC 4125 2959
10  CC 4578 2958
14
50  SPL 3591 1719
30  SPL 3692 1670
10  SPL 4506 1686
15
50  CC 3222 2938
30  CC 3295 2957
10  CC 3450 2965
16
50  CC 3277 2948
30  SPL 3479 1665
10  SPL 4002 1679
17
50  SPL 6478 1718
30  CC 7166 2937
10  CC 7925 2942
18
50  SPL 6409 1689
30  CC 6925 2944
10  SPL 8355 1727
19
50  SPL 6384 1698
30  SPL 7006 1697
10  SPL 8173 1712
20
50  CC 6203 2934
30  CC 7121 2935
10  SPL 7947 1688
21
50  CC 2950 2960
30  SPL 4433 1722
10  SPL 5750 1696
22
50  SPL 5737 1677
30  SPL 5804 1716
10  SPL 6652 1658
23
50  SPL 2555 1708
30  CC 2725 2951
10  SPL 2828 1715
24
50  CC 2439 2950
30  SPL 2646 1726
10  SPL 3702 1707
25
50  CC 2207 2939
30  CC 2372 2958
10  CC 2463 2961
26
50  CC 1737 2949
30  SPL 1913 1719
10  SPL 2665 1686
27
50  CC 4340 2965
30  SPL 4400 1709
10  SPL 6482 1650
28
50  SPL 5351 1669
30  SPL 5972 1700
10  SPL 7545 1678
29
50  CC 4219 2937
30  CC 4225 2952
10  SPL 4667 1711
30
50  SPL 3484 1689
30  CC 3806 2944
10  CC 3850 2963
31
80  SPL 3483 1698
40  SPL 3735 1649
0  SPL 4627 1648
32
80  CC 3128 2964
40  CC 3500 2934
0  CC 4581 2947
33
80  SPL 3037 1676
40  SPL 3209 1715
0  SPL 3710 1734
34
80  CC 2484 2950
35
50  CC 2038 2939
30  SPL 2331 1690
10  CC 2359 2959
36
50  CC 1658 2949
30  SPL 1860 1670
10  SPL 2421 1653
37
50  CC 3522 2938
30  CC 3640 2957
10  SPL 4055 1739
38
50  CC 3847 2948
30  SPL 3981 1705
10  SPL 4577 1671
39
50  SPL 3246 1718
30  CC 3449 2954
10  SPL 3531 1720
40
50  CC 3527 2944
30  CC 4050 2963
10  SPL 4193 1727
41
50  SPL 3366 1697
30  SPL 3625 1649
10  SPL 3772 1664
42
50  CC 2822 2964
30  CC 3266 2934
10  SPL 3697 1680
43
50  SPL 2652 1672
30  CC 3131 2951
10  SPL 3321 1715
44
50  CC 2945 2950
30  SPL 3371 1699
10  SPL 3403 1726
45
50  SPL 2033 1687
30  CC 2420 2939
10  CC 2485 2958
46
50  SPL 2422 1653
30  CC 2719 2936
10  SPL 2747 1655
47
50  CC 4600 2965
30  SPL 5018 1652
10  SPL 5207 1663
48
50  CC 4097 2948
30  SPL 5462 1700
10  SPL 7987 1678
49
50  CC 3807 2954
30  CC 4456 2942
10  SPL 5095 1704
50
50  CC 4108 2963
30  SPL 4475 1666
10  SPL 5344 1727
51
50  SPL 4402 1712
30  SPL 4475 1664
10  SPL 4639 1656
52
50  CC 3294 2964
30  CC 4506 2947
10  SPL 4552 1688
53
50  SPL 18907 1804
54
50  SPL 9289 1796
55
50  SPL 20778 1798
56
50  CC 19707 1970
57
50  CC 15841 1971
30  SPL 17312 1800
58
50  SPL 15425 1801
59
50  CC 13789 1972
30  SPL 13914 1802
61
50  SPL 13256 1803
SCORE:SPL,CC,2720,2490,23.0
