SPL-SD
1
50  SPL 8802 1687
30  SD 10430 3496
10  SD 12639 3479
2
50  SPL 8844 1719
30  SPL 12689 1653
10  SD 13250 3516
3
50  SPL 8969 1739
30  SD 9045 3497
10  SPL 10281 1709
4
50  SPL 9290 1705
30  SPL 9620 1671
10  SD 10282 3500
5
50  SPL 7969 1720
30  SD 9879 3521
10  SD 9928 3487
6
50  SPL 7284 1689
30  SD 7475 3498
10  SPL 8876 1666
7
50  SPL 7357 1698
30  SPL 7863 1697
10  SPL 8531 1664
8
50  SPL 8085 1680
30  SD 8732 3501
10  SD 10220 3495
9
50  SD 3290 3514
30  SD 3633 3515
10  SPL 3863 1722
10
50  SD 2538 3513
30  SD 3182 3519
10  SD 3209 3512
11
50  SPL 1950 1672
30  SPL 2012 1708
10  SPL 2412 1657
12
50  SD 1883 3478
30  SD 2227 3499
10  SPL 2437 1691
13
50  SPL 3444 1687
30  SD 4896 3508
10  SPL 4902 1713
14
50  SPL 3591 1719
30  SPL 3692 1670
10  SPL 4506 1686
15
50  SPL 3532 1739
30  SPL 4178 1730
10  SPL 4193 1736
16
50  SPL 3479 1665
30  SPL 4002 1679
10  SPL 4230 1700
17
50  SPL 6478 1718
30  SD 8478 3521
10  SPL 8753 1704
18
50  SD 6208 3498
30  SPL 6409 1689
10  SPL 8355 1727
19
50  SPL 6384 1698
30  SPL 7006 1697
10  SPL 8173 1712
20
50  SPL 7947 1688
30  SD 8545 3495
21
50  SD 3746 3506
30  SD 3990 3515
10  SPL 4433 1722
22
50  SD 3064 3513
30  SD 3569 3519
10  SD 4264 3512
23
50  SPL 2555 1708
30  SPL 2828 1715
10  SPL 3084 1729
24
50  SD 2452 3478
30  SD 2613 3499
10  SPL 2646 1726
25
50  SD 2087 3496
30  SPL 2515 1647
10  SPL 2518 1717
26
50  SPL 1913 1719
30  SD 2570 3503
10  SD 2651 3510
27
50  SD 4000 3497
30  SPL 4400 1709
10  SD 5826 3488
28
50  SD 4532 3500
30  SPL 5351 1669
10  SPL 5972 1700
29
50  SD 4327 3521
30  SPL 4667 1711
10  SD 4726 3487
30
50  SPL 3484 1689
30  SPL 3934 1666
10  SD 4615 3480
31
80  SPL 3483 1698
40  SPL 3735 1649
0  SD 4613 3481
32
80  SD 4585 3501
40  SD 5383 3495
33
80  SPL 3037 1676
40  SPL 3209 1715
0  SPL 3710 1734
34
80  SD 2528 3478
40  SD 2935 3499
0  SD 3640 3509
35
50  SD 2064 3496
30  SPL 2331 1690
10  SPL 2492 1713
36
50  SPL 1860 1670
30  SPL 2421 1653
10  SD 2477 3516
37
50  SPL 4055 1739
30  SD 4327 3497
10  SPL 4759 1709
38
50  SPL 3981 1705
30  SPL 4577 1671
10  SPL 4672 1679
39
50  SPL 3246 1718
30  SPL 3531 1720
10  SD 5118 3487
40
50  SPL 4193 1727
30  SD 4488 3480
41
50  SPL 3366 1697
30  SPL 3625 1649
10  SPL 3772 1664
42
50  SPL 3697 1680
30  SD 3970 3501
43
50  SPL 2652 1672
30  SPL 3321 1715
10  SPL 3331 1654
44
50  SD 2788 3478
30  SD 3101 3499
10  SPL 3371 1699
45
50  SPL 2033 1687
30  SD 2541 3479
10  SPL 2546 1738
46
50  SPL 2422 1653
30  SPL 2747 1655
10  SPL 2784 1732
47
50  SD 4700 3497
30  SPL 5018 1652
10  SPL 5207 1663
48
50  SD 5057 3500
30  SPL 5462 1700
10  SD 6591 3483
49
50  SD 4806 3487
30  SPL 5095 1704
10  SPL 5615 1711
50
50  SPL 4475 1666
30  SD 5284 3480
10  SPL 5344 1727
51
50  SPL 4402 1712
30  SPL 4475 1664
10  SPL 4639 1656
52
50  SD 4000 3501
30  SPL 4552 1688
10  SD 4808 3495
53
50  SD 15585 2067
30  SPL 18907 1804
54
50  SPL 9289 1796
30  SD 12488 2064
55
50  SPL 20778 1798
30  SD 21624 2065
56
50  SD 19897 2066
57
50  SPL 17312 1800
58
50  SPL 15425 1801
59
50  SPL 13914 1802
61
50  SPL 13256 1803
SCORE:SPL,SD,3230,2030,120.0
