SPL-CR
1
50  SPL 8802 1687
30  CR 11712 3318
10  CR 12022 3334
2
50  SPL 8844 1719
30  SPL 12689 1653
10  CR 13265 3320
3
50  SPL 8969 1739
30  CR 9232 3319
10  SPL 10281 1709
4
50  CR 8600 3475
30  SPL 9290 1705
10  SPL 9620 1671
5
50  SPL 7969 1720
30  CR 8527 3299
10  CR 9890 3341
6
50  SPL 7284 1689
30  SPL 8876 1666
7
50  SPL 7357 1698
30  SPL 7863 1697
10  SPL 8531 1664
8
50  CR 6896 3314
30  CR 7457 3298
10  SPL 8085 1680
9
50  CR 2966 3340
30  CR 2986 3297
10  CR 3035 3342
10
50  SPL 3256 1677
30  CR 3769 3292
10  SPL 4251 1702
11
50  SPL 1950 1672
30  SPL 2012 1708
10  SPL 2412 1657
12
50  CR 2227 3313
30  SPL 2437 1691
10  SPL 2733 1662
13
50  SPL 3444 1687
30  CR 4676 3318
10  CR 4850 3321
14
50  SPL 3591 1719
30  SPL 3692 1670
10  SPL 4506 1686
15
50  CR 3501 3319
30  SPL 3532 1739
10  SPL 4178 1730
16
50  CR 3247 3475
30  SPL 3479 1665
10  CR 3667 3315
17
50  SPL 6478 1718
30  CR 7574 3299
10  SPL 8753 1704
18
50  SPL 6409 1689
30  SPL 8355 1727
19
50  SPL 6384 1698
30  SPL 7006 1697
10  SPL 8173 1712
20
50  CR 6211 3314
30  CR 6259 3298
10  SPL 7947 1688
21
50  CR 3135 3340
30  CR 3330 3342
10  CR 3584 3297
22
50  SPL 5737 1677
30  SPL 5804 1716
10  SPL 6652 1658
23
50  SPL 2555 1708
30  SPL 2828 1715
10  CR 2932 3302
24
50  SPL 2646 1726
30  CR 2928 3313
10  SPL 3702 1707
25
50  CR 2378 3334
30  SPL 2515 1647
10  SPL 2518 1717
26
50  SPL 1913 1719
30  CR 2584 3337
10  SPL 2665 1686
27
50  CR 4382 3319
30  SPL 4400 1709
10  SPL 6482 1650
28
50  CR 3958 3475
30  CR 4915 3315
10  SPL 5351 1669
29
50  CR 3934 3299
30  SPL 4667 1711
10  CR 4923 3305
30
50  SPL 3484 1689
30  SPL 3934 1666
31
80  SPL 3483 1698
40  SPL 3735 1649
0  CR 4231 3476
32
80  CR 3125 3314
33
80  SPL 3037 1676
40  SPL 3209 1715
0  CR 3483 3332
34
80  CR 3214 3313
35
50  SPL 2331 1690
30  CR 2349 3321
10  SPL 2492 1713
36
50  SPL 1860 1670
30  SPL 2421 1653
10  SPL 2546 1655
37
50  SPL 4055 1739
30  SPL 4759 1709
38
50  CR 3709 3475
30  SPL 3981 1705
10  CR 4460 3470
39
50  SPL 3246 1718
30  SPL 3531 1720
10  CR 4012 3299
40
50  SPL 4193 1727
41
50  SPL 3366 1697
30  SPL 3625 1649
10  SPL 3772 1664
42
50  CR 3003 3298
30  SPL 3697 1680
43
50  SPL 2652 1672
30  SPL 3321 1715
10  SPL 3331 1654
44
50  SPL 3371 1699
30  SPL 3403 1726
10  SPL 3452 1662
45
50  SPL 2033 1687
30  SPL 2546 1738
10  CR 2738 3321
46
50  SPL 2422 1653
30  CR 2711 3301
10  SPL 2747 1655
47
50  CR 4747 3319
30  SPL 5018 1652
10  SPL 5207 1663
48
50  SPL 5462 1700
30  CR 6163 3312
10  SPL 7987 1678
49
50  SPL 5095 1704
30  CR 5183 3305
10  CR 5388 3300
50
50  SPL 4475 1666
30  SPL 5344 1727
51
50  SPL 4402 1712
30  SPL 4475 1664
10  SPL 4639 1656
52
50  CR 3675 3314
30  CR 3995 3298
10  SPL 4552 1688
53
50  SPL 18907 1804
54
50  SPL 9289 1796
30  CR 12468 2010
55
50  SPL 20778 1798
57
50  SPL 17312 1800
58
50  SPL 15425 1801
30  CR 15619 2063
59
50  SPL 13914 1802
30  CR 17846 2014
61
50  SPL 13256 1803
SCORE:SPL,CR,3340,1720,162.0
