SPL-RW
1
50  SPL 8802 1687
30  RW 10009 718
10  RW 11222 768
2
50  SPL 8844 1719
30  RW 8968 753
10  RW 9600 762
3
50  SPL 8969 1739
30  RW 8982 725
10  RW 10153 686
4
50  SPL 9290 1705
30  SPL 9620 1671
10  RW 10600 736
5
50  RW 7908 773
30  SPL 7969 1720
10  RW 8319 735
6
50  SPL 7284 1689
30  RW 7729 752
10  SPL 8876 1666
7
50  SPL 7357 1698
30  RW 7459 772
10  SPL 7863 1697
8
50  RW 6948 733
30  RW 7027 763
10  RW 7268 742
9
50  RW 2557 688
30  SPL 3863 1722
10  RW 4166 684
10
50  SPL 3256 1677
30  RW 3534 751
10  RW 4054 720
11
50  SPL 1950 1672
30  RW 1975 771
10  SPL 2012 1708
12
50  RW 1829 726
30  RW 2055 696
10  RW 2206 761
13
50  SPL 3444 1687
30  RW 3735 718
10  RW 3906 701
14
50  SPL 3591 1719
30  SPL 3692 1670
10  RW 3905 762
15
50  SPL 3532 1739
30  RW 3539 727
10  RW 3832 725
16
50  RW 3402 724
30  SPL 3479 1665
10  RW 3930 736
17
50  SPL 6478 1718
30  RW 7229 735
10  RW 8526 767
18
50  SPL 6409 1689
30  RW 6623 752
10  SPL 8355 1727
19
50  SPL 6384 1698
30  RW 6387 772
10  SPL 7006 1697
20
50  RW 5551 716
30  RW 5951 763
10  RW 6060 733
21
50  RW 3450 688
30  SPL 4433 1722
10  RW 4716 684
22
50  RW 4079 695
30  RW 4291 751
10  SPL 5737 1677
23
50  SPL 2555 1708
30  SPL 2828 1715
10  SPL 3084 1729
24
50  RW 2427 726
30  SPL 2646 1726
10  RW 2718 737
25
50  RW 1989 701
30  RW 2244 715
10  RW 2482 768
26
50  RW 1908 753
30  SPL 1913 1719
10  RW 2256 749
27
50  SPL 4400 1709
30  RW 4563 743
10  RW 4912 729
28
50  RW 4728 724
30  RW 4906 766
10  SPL 5351 1669
29
50  RW 3721 735
30  RW 4257 754
10  SPL 4667 1711
30
50  SPL 3484 1689
30  SPL 3934 1666
10  RW 5444 691
31
80  SPL 3483 1698
40  SPL 3735 1649
0  RW 3927 722
32
80  RW 3041 716
40  RW 3259 742
0  RW 3425 690
33
80  RW 2497 771
40  RW 2947 740
0  SPL 3037 1676
34
80  RW 2609 696
40  RW 2669 747
0  RW 3215 748
35
50  RW 1973 718
30  SPL 2331 1690
10  SPL 2492 1713
36
50  SPL 1860 1670
30  RW 1899 762
10  SPL 2421 1653
37
50  SPL 4055 1739
30  RW 4372 686
10  SPL 4759 1709
38
50  SPL 3981 1705
30  RW 4420 736
10  RW 4496 766
39
50  SPL 3246 1718
30  RW 3435 773
10  SPL 3531 1720
40
50  SPL 4193 1727
30  RW 5377 769
41
50  RW 3266 772
30  SPL 3366 1697
10  SPL 3625 1649
42
50  RW 2739 716
30  RW 2939 733
10  RW 3106 742
43
50  RW 2462 771
30  SPL 2652 1672
10  SPL 3321 1715
44
50  RW 2621 726
30  SPL 3371 1699
10  SPL 3403 1726
45
50  SPL 2033 1687
30  RW 2351 701
10  SPL 2546 1738
46
50  RW 2123 753
30  SPL 2422 1653
10  SPL 2747 1655
47
50  RW 4334 725
30  RW 4809 727
10  SPL 5018 1652
48
50  SPL 5462 1700
30  RW 5496 766
10  SPL 7987 1678
49
50  RW 3988 773
30  RW 4944 754
10  SPL 5095 1704
50
50  RW 4049 752
30  SPL 4475 1666
10  RW 5058 691
51
50  SPL 4402 1712
30  SPL 4475 1664
10  SPL 4639 1656
52
50  RW 3837 763
30  RW 4031 710
10  SPL 4552 1688
53
50  RW 17717 1691
30  SPL 18907 1804
54
50  SPL 9289 1796
30  RW 10673 1686
55
50  RW 18245 1687
30  SPL 20778 1798
56
50  RW 19983 1688
57
50  RW 15355 1689
30  SPL 17312 1800
58
50  SPL 15425 1801
59
50  SPL 13914 1802
61
50  SPL 13256 1803
SCORE:SPL,RW,2400,2910,-51.0
