SPL-WW
1
50  SPL 8802 1687
30  WW 9347 1645
10  WW 13828 1598
2
50  SPL 8844 1719
30  WW 11716 1597
10  SPL 12689 1653
3
50  SPL 8969 1739
30  WW 9519 1584
10  WW 9887 1634
4
50  SPL 9290 1705
30  SPL 9620 1671
10  WW 10807 1577
5
50  SPL 7969 1720
30  WW 8091 1544
10  WW 8587 1626
6
50  SPL 7284 1689
30  WW 7547 1643
10  SPL 8876 1666
7
50  SPL 7357 1698
30  WW 7781 1616
10  SPL 7863 1697
8
50  WW 6700 1585
30  WW 7888 1550
10  WW 7994 1627
9
50  WW 3607 1555
30  SPL 3863 1722
10  SPL 4440 1735
10
50  WW 2803 1591
30  SPL 3256 1677
10  WW 4153 1615
11
50  SPL 1950 1672
30  WW 1959 1580
10  SPL 2012 1708
12
50  WW 2186 1619
30  SPL 2437 1691
10  WW 2438 1561
13
50  SPL 3444 1687
30  WW 3890 1589
10  WW 4283 1638
14
50  SPL 3591 1719
30  SPL 3692 1670
10  WW 4059 1552
15
50  WW 3228 1625
30  SPL 3532 1739
10  WW 3729 1584
16
50  SPL 3479 1665
30  WW 3762 1605
10  SPL 4002 1679
17
50  SPL 6478 1718
30  WW 6844 1581
10  WW 6869 1618
18
50  SPL 6409 1689
30  WW 7106 1583
10  SPL 8355 1727
19
50  WW 6303 1551
30  SPL 6384 1698
10  SPL 7006 1697
20
50  WW 6309 1582
30  WW 6444 1565
10  WW 7222 1627
21
50  WW 4309 1555
30  SPL 4433 1722
10  SPL 5750 1696
22
50  WW 5181 1591
30  SPL 5737 1677
10  WW 5769 1615
23
50  WW 2472 1580
30  SPL 2555 1708
10  SPL 2828 1715
24
50  SPL 2646 1726
30  WW 3006 1635
10  WW 3325 1619
25
50  WW 2100 1645
30  WW 2475 1589
10  SPL 2515 1647
26
50  SPL 1913 1719
30  WW 2428 1569
10  WW 2609 1623
27
50  SPL 4400 1709
30  WW 4756 1634
10  WW 5269 1578
28
50  WW 4644 1605
30  WW 5342 1577
10  SPL 5351 1669
29
50  WW 3622 1618
30  WW 3709 1595
10  WW 3993 1553
30
50  SPL 3484 1689
30  WW 3488 1643
10  WW 3675 1583
31
80  SPL 3483 1698
40  WW 3531 1551
0  WW 3584 1616
32
80  WW 3043 1585
40  WW 3605 1582
0  WW 3766 1565
33
80  WW 2604 1573
40  SPL 3037 1676
0  SPL 3209 1715
34
80  WW 3675 1635
35
50  WW 1864 1645
30  SPL 2331 1690
10  SPL 2492 1713
36
50  SPL 1860 1670
30  SPL 2421 1653
10  WW 2463 1639
37
50  WW 3816 1625
30  WW 3966 1572
10  SPL 4055 1739
38
50  SPL 3981 1705
30  WW 4303 1636
10  SPL 4577 1671
39
50  SPL 3246 1718
30  WW 3473 1618
10  SPL 3531 1720
40
50  WW 3459 1643
30  WW 4190 1576
10  SPL 4193 1727
41
50  WW 3331 1616
30  SPL 3366 1697
10  SPL 3625 1649
42
50  WW 2879 1585
30  WW 3316 1565
10  WW 3472 1550
43
50  WW 2591 1573
30  SPL 2652 1672
10  WW 3260 1601
44
50  SPL 3371 1699
30  SPL 3403 1726
10  SPL 3452 1662
45
50  SPL 2033 1687
30  WW 2350 1589
10  WW 2469 1638
46
50  SPL 2422 1653
30  WW 2640 1552
10  WW 2721 1629
47
50  WW 4207 1625
30  WW 4327 1572
10  WW 4363 1584
48
50  WW 4466 1636
30  SPL 5462 1700
10  WW 5481 1605
49
50  WW 3978 1544
30  WW 4063 1581
10  WW 4550 1637
50
50  WW 4181 1583
30  SPL 4475 1666
10  SPL 5344 1727
51
50  WW 3768 1551
30  SPL 4402 1712
10  WW 4440 1596
52
50  WW 3665 1608
30  WW 3700 1582
10  WW 3838 1550
53
50  WW 11534 1795
30  SPL 18907 1804
54
50  SPL 9289 1796
30  WW 9416 1776
55
50  WW 17160 1779
30  SPL 20778 1798
56
50  WW 18144 1782
57
50  WW 14228 1784
30  SPL 17312 1800
58
50  SPL 15425 1801
30  WW 20981 1788
59
50  WW 12400 1789
30  SPL 13914 1802
60
50  WW 13835 1791
61
50  WW 11479 1792
30  SPL 13256 1803
SCORE:SPL,WW,2260,3160,-90.0
