SPL-SH
1
50  SPL 8802 1687
30  SH 10278 2639
10  SH 11089 2607
2
50  SPL 8844 1719
30  SPL 12689 1653
3
50  SH 8498 2619
30  SPL 8969 1739
10  SH 9564 2612
4
50  SPL 9290 1705
30  SPL 9620 1671
10  SH 9948 2647
5
50  SH 7836 2618
30  SPL 7969 1720
10  SH 8931 2640
6
50  SPL 7284 1689
30  SPL 8876 1666
7
50  SPL 7357 1698
30  SPL 7863 1697
10  SPL 8531 1664
8
50  SH 6485 2605
30  SH 7027 2613
10  SPL 8085 1680
9
50  SPL 3863 1722
30  SPL 4440 1735
10  SH 4522 2646
10
50  SPL 3256 1677
30  SPL 4251 1702
10  SPL 4288 1673
11
50  SPL 1950 1672
30  SPL 2012 1708
10  SH 2056 2629
12
50  SH 2009 2642
30  SPL 2437 1691
10  SPL 2733 1662
13
50  SPL 3444 1687
30  SH 3852 2639
10  SH 4190 2603
14
50  SPL 3591 1719
30  SPL 3692 1670
10  SPL 4506 1686
15
50  SH 3463 2619
30  SPL 3532 1739
10  SH 4058 2612
16
50  SPL 3479 1665
30  SH 3946 2630
10  SPL 4002 1679
17
50  SPL 6478 1718
30  SH 6858 2618
10  SH 8035 2641
18
50  SPL 6409 1689
30  SPL 8355 1727
19
50  SPL 6384 1698
30  SPL 7006 1697
10  SH 8136 2631
20
50  SH 5747 2605
30  SH 6437 2613
10  SPL 7947 1688
21
50  SPL 4433 1722
30  SPL 5750 1696
22
50  SPL 5737 1677
30  SPL 5804 1716
10  SPL 6652 1658
23
50  SH 2543 2629
30  SPL 2555 1708
10  SPL 2828 1715
24
50  SPL 2646 1726
30  SH 2892 2642
10  SPL 3702 1707
25
50  SH 2416 2639
30  SH 2471 2643
10  SH 2480 2607
26
50  SPL 1913 1719
30  SPL 2665 1686
10  SPL 2721 1703
27
50  SPL 4400 1709
30  SH 4434 2612
10  SH 4963 2608
28
50  SH 4732 2630
30  SPL 5351 1669
10  SH 5383 2625
29
50  SH 3769 2618
30  SH 4517 2637
10  SPL 4667 1711
30
50  SPL 3484 1689
30  SPL 3934 1666
31
80  SPL 3483 1698
40  SPL 3735 1649
0  SPL 4627 1648
32
80  SH 3178 2605
33
80  SH 2598 2629
40  SPL 3037 1676
0  SPL 3209 1715
34
80  SH 2623 2642
35
50  SH 2202 2638
30  SH 2288 2607
10  SPL 2331 1690
36
50  SPL 1860 1670
30  SPL 2421 1653
10  SPL 2546 1655
37
50  SH 3979 2619
30  SPL 4055 1739
10  SPL 4759 1709
38
50  SPL 3981 1705
30  SPL 4577 1671
10  SPL 4672 1679
39
50  SPL 3246 1718
30  SPL 3531 1720
10  SH 3807 2640
40
50  SPL 4193 1727
41
50  SPL 3366 1697
30  SPL 3625 1649
10  SPL 3772 1664
42
50  SH 2953 2605
30  SH 3161 2613
10  SPL 3697 1680
43
50  SPL 2652 1672
30  SH 2875 2629
10  SPL 3321 1715
44
50  SH 2983 2642
30  SPL 3371 1699
10  SPL 3403 1726
45
50  SPL 2033 1687
30  SH 2408 2639
10  SH 2480 2603
46
50  SPL 2422 1653
30  SPL 2747 1655
10  SPL 2784 1732
47
50  SH 4632 2619
30  SPL 5018 1652
10  SH 5171 2612
48
50  SPL 5462 1700
30  SH 6956 2597
10  SH 7558 2625
49
50  SH 4600 2640
30  SPL 5095 1704
10  SPL 5615 1711
50
50  SPL 4475 1666
30  SPL 5344 1727
51
50  SPL 4402 1712
30  SPL 4475 1664
10  SPL 4639 1656
52
50  SH 3350 2613
30  SPL 4552 1688
53
50  SPL 18907 1804
54
50  SPL 9289 1796
30  SH 11370 1919
55
50  SH 19413 1921
30  SPL 20778 1798
57
50  SPL 17312 1800
58
50  SPL 15425 1801
30  SH 19108 1923
59
50  SH 13886 1924
30  SPL 13914 1802
61
50  SPL 13256 1803
SCORE:SPL,SH,3210,1870,134.0
