SPL-AND
1
50  SPL 8802 1687
30  AND 9931 1090
10  AND 10053 1040
2
50  SPL 8844 1719
30  SPL 12689 1653
10  AND 15182 1134
3
50  AND 8533 1041
30  SPL 8969 1739
10  AND 9628 1059
4
50  AND 8178 1089
30  AND 8422 1120
10  SPL 9290 1705
5
50  AND 7363 1095
30  SPL 7969 1720
10  AND 9390 1124
6
50  SPL 7284 1689
30  AND 8681 1127
10  AND 8847 1045
7
50  SPL 7357 1698
30  SPL 7863 1697
10  AND 7909 1094
8
50  SPL 8085 1680
30  AND 8629 1101
9
50  SPL 3863 1722
30  AND 4037 1072
10  AND 4153 1046
10
50  SPL 3256 1677
30  AND 3468 1139
10  SPL 4251 1702
11
50  SPL 1950 1672
30  SPL 2012 1708
10  AND 2150 1034
12
50  AND 2387 1066
30  SPL 2437 1691
10  SPL 2733 1662
13
50  SPL 3444 1687
30  AND 3820 1054
10  AND 3843 1107
14
50  SPL 3591 1719
30  SPL 3692 1670
10  AND 4141 1080
15
50  AND 3380 1122
30  SPL 3532 1739
10  AND 3537 1059
16
50  SPL 3479 1665
30  AND 3513 1079
10  AND 3896 1053
17
50  AND 6284 1121
30  AND 6286 1095
10  SPL 6478 1718
18
50  SPL 6409 1689
30  AND 7423 1127
10  AND 8120 1100
19
50  SPL 6384 1698
30  SPL 7006 1697
10  AND 7168 1108
20
50  AND 5943 1125
30  AND 7119 1116
10  AND 7226 1118
21
50  SPL 4433 1722
30  AND 4686 1072
10  AND 4868 1174
22
50  AND 4911 1139
30  AND 4974 1143
10  SPL 5737 1677
23
50  SPL 2555 1708
30  AND 2751 1034
10  SPL 2828 1715
24
50  SPL 2646 1726
30  AND 2843 1066
10  SPL 3702 1707
25
50  AND 2055 1044
30  AND 2282 1171
10  AND 2349 1073
26
50  SPL 1913 1719
30  AND 2596 1035
10  SPL 2665 1686
27
50  AND 3713 1122
30  AND 4077 1041
10  SPL 4400 1709
28
50  AND 3865 1120
30  AND 4801 1053
10  SPL 5351 1669
29
50  AND 3901 1068
30  AND 4043 1124
10  AND 4116 1088
30
50  SPL 3484 1689
30  SPL 3934 1666
10  AND 4322 1127
31
80  SPL 3483 1698
40  SPL 3735 1649
0  AND 3907 1108
32
80  AND 3183 1125
40  AND 3636 1118
0  AND 4537 1101
33
80  SPL 3037 1676
40  SPL 3209 1715
0  AND 3553 1105
35
50  AND 1935 1090
30  AND 1953 1040
10  AND 2132 1054
36
50  SPL 1860 1670
30  AND 2289 1035
10  SPL 2421 1653
37
50  AND 3932 1122
30  AND 3956 1059
10  SPL 4055 1739
38
50  AND 3591 1089
30  AND 3613 1120
10  SPL 3981 1705
39
50  AND 3193 1121
30  AND 3229 1095
10  SPL 3246 1718
40
50  AND 3823 1045
30  SPL 4193 1727
10  AND 4450 1100
41
50  SPL 3366 1697
30  AND 3548 1137
10  SPL 3625 1649
42
50  SPL 3697 1680
30  AND 3808 1116
43
50  SPL 2652 1672
30  AND 3225 1034
10  SPL 3321 1715
44
50  SPL 3371 1699
30  SPL 3403 1726
10  SPL 3452 1662
45
50  SPL 2033 1687
30  AND 2051 1044
10  AND 2537 1054
46
50  SPL 2422 1653
30  AND 2599 1077
10  SPL 2747 1655
47
50  AND 4259 1041
30  SPL 5018 1652
10  SPL 5207 1663
48
50  AND 4420 1089
30  AND 5038 1079
10  SPL 5462 1700
49
50  AND 4009 1121
30  AND 4613 1124
10  AND 4620 1068
50
50  AND 4404 1081
30  AND 4473 1045
10  SPL 4475 1666
51
50  AND 4211 1094
30  AND 4288 1108
10  SPL 4402 1712
52
50  AND 4413 1101
30  SPL 4552 1688
53
50  SPL 18907 1804
54
50  SPL 9289 1796
30  AND 11193 1724
55
50  AND 16214 1726
30  SPL 20778 1798
56
50  AND 19643 1728
57
50  SPL 17312 1800
30  AND 20541 1729
58
50  SPL 15425 1801
59
50  SPL 13914 1802
30  AND 14394 1731
61
50  AND 12242 1732
30  SPL 13256 1803
SCORE:SPL,AND,2440,2760,-32.0
