SPL-NC
1
50  SPL 8802 1687
30  NC 9537 1485
10  NC 11022 1472
2
50  SPL 8844 1719
30  NC 10859 1532
10  SPL 12689 1653
3
50  NC 7906 1477
30  SPL 8969 1739
10  NC 9235 1504
4
50  NC 8479 1533
30  NC 9094 1471
10  SPL 9290 1705
5
50  SPL 7969 1720
30  NC 8092 1476
10  NC 9066 1506
6
50  SPL 7284 1689
30  SPL 8876 1666
10  NC 9079 1524
7
50  SPL 7357 1698
30  SPL 7863 1697
10  SPL 8531 1664
8
50  NC 7103 1483
30  NC 7146 1492
10  NC 7450 1509
9
50  NC 2950 1526
30  SPL 3863 1722
10  SPL 4440 1735
10
50  SPL 3256 1677
30  SPL 4251 1702
10  SPL 4288 1673
11
50  SPL 1950 1672
30  SPL 2012 1708
10  NC 2056 1515
12
50  NC 2144 1487
30  NC 2181 1530
10  NC 2388 1489
13
50  SPL 3444 1687
30  NC 4184 1474
10  SPL 4902 1713
14
50  SPL 3591 1719
30  SPL 3692 1670
10  NC 4309 1528
15
50  NC 3160 1477
30  SPL 3532 1739
10  NC 3698 1522
16
50  NC 3250 1517
30  NC 3447 1533
10  SPL 3479 1665
17
50  SPL 6478 1718
30  NC 7388 1470
10  NC 8268 1535
18
50  SPL 6409 1689
30  NC 7797 1537
10  NC 7947 1524
19
50  SPL 6384 1698
30  SPL 7006 1697
10  NC 7391 1497
20
50  NC 6181 1483
30  NC 6473 1509
10  NC 7400 1496
21
50  NC 4007 1526
30  SPL 4433 1722
10  SPL 5750 1696
22
50  SPL 5737 1677
30  SPL 5804 1716
10  SPL 6652 1658
23
50  SPL 2555 1708
30  NC 2606 1516
10  SPL 2828 1715
24
50  NC 2572 1487
30  SPL 2646 1726
10  NC 3022 1489
25
50  NC 1994 1485
30  NC 2363 1475
10  SPL 2515 1647
26
50  SPL 1913 1719
30  NC 2422 1525
10  NC 2580 1467
27
50  NC 3567 1477
30  SPL 4400 1709
10  NC 4549 1504
28
50  NC 4119 1533
30  NC 4179 1471
10  NC 5222 1518
29
50  NC 3790 1470
30  NC 4284 1506
10  NC 4613 1484
30
50  SPL 3484 1689
30  SPL 3934 1666
10  NC 4540 1537
31
80  SPL 3483 1698
40  SPL 3735 1649
0  NC 3954 1497
32
80  NC 3181 1492
40  NC 3437 1509
0  NC 4197 1496
33
80  NC 2860 1516
40  NC 2900 1515
0  NC 2912 1510
34
80  NC 2659 1530
40  NC 3803 1487
35
50  NC 1873 1485
30  NC 2172 1472
10  SPL 2331 1690
36
50  SPL 1860 1670
30  NC 2300 1525
10  NC 2389 1532
37
50  SPL 4055 1739
30  NC 4296 1519
10  NC 4328 1504
38
50  NC 3571 1517
30  SPL 3981 1705
10  NC 4003 1471
39
50  SPL 3246 1718
30  SPL 3531 1720
10  NC 3541 1470
40
50  NC 4068 1537
30  NC 4128 1514
10  SPL 4193 1727
41
50  SPL 3366 1697
30  SPL 3625 1649
10  NC 3763 1497
42
50  NC 2993 1483
30  NC 3113 1492
10  NC 3359 1509
43
50  SPL 2652 1672
30  NC 3047 1516
10  SPL 3321 1715
44
50  NC 2992 1494
30  NC 3066 1489
10  NC 3369 1530
45
50  SPL 2033 1687
30  NC 2462 1474
10  SPL 2546 1738
46
50  SPL 2422 1653
30  NC 2525 1532
10  SPL 2747 1655
47
50  NC 4322 1477
30  NC 4701 1519
10  NC 4796 1522
48
50  NC 4507 1517
30  NC 5165 1502
10  SPL 5462 1700
49
50  NC 4160 1476
30  SPL 5095 1704
10  NC 5303 1468
50
50  NC 4410 1524
30  SPL 4475 1666
10  SPL 5344 1727
51
50  SPL 4402 1712
30  SPL 4475 1664
10  SPL 4639 1656
52
50  NC 3615 1483
30  NC 3750 1492
10  NC 4497 1496
53
50  SPL 18907 1804
54
50  SPL 9289 1796
30  NC 9591 1764
55
50  NC 18144 1766
30  SPL 20778 1798
56
50  NC 18106 1768
57
50  NC 15191 1770
30  SPL 17312 1800
58
50  NC 14393 1772
30  SPL 15425 1801
59
50  SPL 13914 1802
30  NC 14019 1773
60
50  NC 14844 1774
61
50  SPL 13256 1803
30  NC 14235 1775
SCORE:SPL,NC,2400,3030,-63.0
