SPL-HSC
1
50  SPL 8802 1687
30  HSC 12582 3422
2
50  SPL 8844 1719
30  SPL 12689 1653
10  HSC 13133 3465
3
50  SPL 8969 1739
30  SPL 10281 1709
10  HSC 10519 3445
4
50  HSC 8441 3463
30  SPL 9290 1705
10  SPL 9620 1671
5
50  HSC 7740 3466
30  HSC 7854 3424
10  SPL 7969 1720
6
50  SPL 7284 1689
30  HSC 7907 3446
10  HSC 8508 3458
7
50  SPL 7357 1698
30  SPL 7863 1697
10  HSC 8442 3457
8
50  HSC 6592 3462
30  HSC 7912 3461
10  SPL 8085 1680
9
50  SPL 3863 1722
30  SPL 4440 1735
10  HSC 5143 3442
10
50  SPL 3256 1677
30  HSC 3999 3459
10  SPL 4251 1702
11
50  SPL 1950 1672
30  HSC 1977 3430
10  SPL 2012 1708
12
50  SPL 2437 1691
30  SPL 2733 1662
10  SPL 2739 1707
13
50  SPL 3444 1687
30  HSC 4509 3422
10  HSC 4704 3467
14
50  SPL 3591 1719
30  SPL 3692 1670
10  HSC 4084 3420
15
50  SPL 3532 1739
30  HSC 3963 3445
10  SPL 4178 1730
16
50  HSC 3251 3453
30  HSC 3253 3463
10  SPL 3479 1665
17
50  SPL 6478 1718
30  HSC 6734 3466
10  HSC 6821 3424
18
50  SPL 6409 1689
30  HSC 6803 3423
10  HSC 7347 3458
19
50  SPL 6384 1698
30  SPL 7006 1697
10  HSC 7373 3448
20
50  HSC 5558 3462
30  HSC 5947 3460
10  HSC 6588 3454
21
50  SPL 4433 1722
30  SPL 5750 1696
10  HSC 5788 3441
22
50  SPL 5737 1677
30  SPL 5804 1716
10  SPL 6652 1658
23
50  SPL 2555 1708
30  SPL 2828 1715
10  HSC 2976 3430
24
50  SPL 2646 1726
30  SPL 3702 1707
10  SPL 3825 1675
25
50  HSC 2488 3422
30  SPL 2515 1647
10  SPL 2518 1717
26
50  SPL 1913 1719
30  SPL 2665 1686
10  SPL 2721 1703
27
50  SPL 4400 1709
30  HSC 6280 3425
10  SPL 6482 1650
28
50  HSC 4294 3421
30  HSC 4380 3453
10  HSC 4906 3435
29
50  HSC 3789 3444
30  SPL 4667 1711
10  HSC 5238 3434
30
50  SPL 3484 1689
30  HSC 3802 3446
10  HSC 3893 3423
31
80  SPL 3483 1698
40  SPL 3735 1649
0  HSC 3913 3448
32
80  HSC 3721 3461
40  HSC 4294 3454
0  HSC 4373 3419
33
80  SPL 3037 1676
40  SPL 3209 1715
0  SPL 3710 1734
35
50  SPL 2331 1690
30  SPL 2492 1713
10  SPL 2627 1731
36
50  SPL 1860 1670
30  SPL 2421 1653
10  SPL 2546 1655
37
50  SPL 4055 1739
30  SPL 4759 1709
10  HSC 4920 3445
38
50  SPL 3981 1705
30  HSC 4317 3453
10  SPL 4577 1671
39
50  SPL 3246 1718
30  SPL 3531 1720
10  HSC 3635 3424
40
50  HSC 3304 3446
30  HSC 3927 3423
10  SPL 4193 1727
41
50  HSC 3312 3457
30  SPL 3366 1697
10  SPL 3625 1649
42
50  HSC 2639 3462
30  HSC 2925 3460
10  HSC 3327 3454
43
50  SPL 2652 1672
30  HSC 2932 3430
10  HSC 3033 3464
44
50  SPL 3371 1699
30  SPL 3403 1726
10  SPL 3452 1662
45
50  SPL 2033 1687
30  SPL 2546 1738
10  SPL 2765 1728
46
50  SPL 2422 1653
30  SPL 2747 1655
10  SPL 2784 1732
47
50  SPL 5018 1652
30  SPL 5207 1663
10  SPL 5617 1736
48
50  HSC 4691 3463
30  HSC 5188 3435
10  SPL 5462 1700
49
50  HSC 4065 3466
30  HSC 4831 3429
10  HSC 5062 3434
50
50  HSC 4279 3423
30  SPL 4475 1666
10  HSC 4618 3432
51
50  SPL 4402 1712
30  HSC 4470 3448
10  SPL 4475 1664
52
50  HSC 3407 3460
30  HSC 3845 3454
10  HSC 4113 3461
53
50  SPL 18907 1804
54
50  SPL 9289 1796
55
50  SPL 20778 1798
56
50  HSC 19928 2040
57
50  SPL 17312 1800
58
50  HSC 15277 2041
30  SPL 15425 1801
59
50  HSC 12869 2042
30  SPL 13914 1802
60
50  HSC 12747 2043
61
50  HSC 12104 2044
30  SPL 13256 1803
SCORE:SPL,HSC,3170,2040,113.0
