SPL-CH
1
50  SPL 8802 1687
30  CH 9387 3108
10  CH 9994 3070
2
50  SPL 8844 1719
30  SPL 12689 1653
10  CH 13943 3123
3
50  CH 8038 3083
30  SPL 8969 1739
10  SPL 10281 1709
4
50  SPL 9290 1705
30  SPL 9620 1671
10  CH 10107 3111
5
50  SPL 7969 1720
30  CH 8338 3086
10  CH 10478 3114
6
50  SPL 7284 1689
30  CH 8290 3085
10  SPL 8876 1666
7
50  SPL 7357 1698
30  SPL 7863 1697
10  SPL 8531 1664
8
50  SPL 8085 1680
30  CH 9731 3107
10  CH 9974 3102
9
50  CH 2656 3080
30  CH 3053 3062
10  CH 3434 3118
10
50  CH 2587 3076
30  SPL 3256 1677
10  CH 3566 3067
11
50  SPL 1950 1672
30  SPL 2012 1708
10  CH 2405 3069
12
50  CH 2153 3119
30  SPL 2437 1691
10  SPL 2733 1662
13
50  SPL 3444 1687
30  CH 3818 3108
10  CH 3875 3070
14
50  SPL 3591 1719
30  SPL 3692 1670
10  SPL 4506 1686
15
50  CH 3274 3083
30  SPL 3532 1739
10  SPL 4178 1730
16
50  SPL 3479 1665
30  SPL 4002 1679
10  CH 4012 3111
17
50  SPL 6478 1718
30  CH 7585 3086
10  SPL 8753 1704
18
50  SPL 6409 1689
30  CH 7168 3085
10  SPL 8355 1727
19
50  SPL 6384 1698
30  SPL 7006 1697
10  SPL 8173 1712
20
50  SPL 7947 1688
30  CH 8722 3107
10  CH 9150 3102
21
50  CH 3358 3062
30  CH 3632 3080
10  SPL 4433 1722
22
50  CH 4122 3076
30  SPL 5737 1677
10  SPL 5804 1716
23
50  SPL 2555 1708
30  SPL 2828 1715
10  CH 2922 3120
24
50  SPL 2646 1726
30  CH 3088 3119
10  CH 3578 3110
25
50  CH 2178 3108
30  CH 2381 3121
10  CH 2466 3112
26
50  SPL 1913 1719
30  CH 2538 3087
10  SPL 2665 1686
27
50  CH 3922 3083
30  SPL 4400 1709
10  CH 5050 3088
28
50  CH 4947 3073
30  CH 4950 3111
10  CH 5001 3081
29
50  CH 3618 3086
30  SPL 4667 1711
10  CH 4940 3114
30
50  SPL 3484 1689
30  SPL 3934 1666
10  CH 5310 3071
31
80  SPL 3483 1698
40  SPL 3735 1649
0  SPL 4627 1648
32
80  CH 5087 3107
40  CH 5308 3102
33
80  SPL 3037 1676
40  CH 3087 3069
0  SPL 3209 1715
34
80  CH 2778 3119
35
50  CH 1913 3066
30  CH 1999 3108
10  SPL 2331 1690
36
50  SPL 1860 1670
30  SPL 2421 1653
10  SPL 2546 1655
37
50  CH 3868 3083
30  SPL 4055 1739
10  SPL 4759 1709
38
50  SPL 3981 1705
30  SPL 4577 1671
10  SPL 4672 1679
39
50  SPL 3246 1718
30  SPL 3531 1720
10  CH 3546 3086
40
50  CH 4072 3085
30  SPL 4193 1727
41
50  SPL 3366 1697
30  SPL 3625 1649
10  SPL 3772 1664
42
50  SPL 3697 1680
30  CH 4947 3107
43
50  SPL 2652 1672
30  SPL 3321 1715
10  SPL 3331 1654
44
50  SPL 3371 1699
30  SPL 3403 1726
10  SPL 3452 1662
45
50  SPL 2033 1687
30  CH 2458 3070
10  SPL 2546 1738
46
50  SPL 2422 1653
30  SPL 2747 1655
10  SPL 2784 1732
47
50  SPL 5018 1652
30  SPL 5207 1663
10  CH 5384 3068
48
50  SPL 5462 1700
30  CH 6846 3060
10  CH 7466 3073
49
50  SPL 5095 1704
30  CH 5574 3114
10  SPL 5615 1711
50
50  SPL 4475 1666
30  CH 5263 3095
10  SPL 5344 1727
51
50  SPL 4402 1712
30  SPL 4475 1664
10  SPL 4639 1656
52
50  SPL 4552 1688
30  CH 4908 3102
53
50  CH 14214 1989
30  SPL 18907 1804
54
50  SPL 9289 1796
30  CH 12912 1982
55
50  CH 17409 1984
30  SPL 20778 1798
56
50  CH 25353 1985
57
50  SPL 17312 1800
30  CH 18681 1986
58
50  SPL 15425 1801
30  CH 21965 1987
59
50  SPL 13914 1802
60
50  CH 15906 1988
61
50  SPL 13256 1803
SCORE:SPL,CH,3260,2070,119.0
