SPL-OMST
1
50  SPL 8802 1687
30  OMST 11741 3251
2
50  OMST 8160 3253
30  SPL 8844 1719
10  OMST 11720 3256
3
50  OMST 8244 3275
30  SPL 8969 1739
10  SPL 10281 1709
4
50  SPL 9290 1705
30  SPL 9620 1671
10  OMST 12479 3247
5
50  OMST 7843 3258
30  SPL 7969 1720
6
50  SPL 7284 1689
30  SPL 8876 1666
10  OMST 8919 3263
7
50  OMST 7093 3269
30  SPL 7357 1698
10  OMST 7725 3285
8
50  OMST 6319 3274
30  SPL 8085 1680
9
50  SPL 3863 1722
30  OMST 4425 3259
10  SPL 4440 1735
10
50  SPL 3256 1677
30  SPL 4251 1702
10  SPL 4288 1673
11
50  SPL 1950 1672
30  SPL 2012 1708
10  SPL 2412 1657
12
50  SPL 2437 1691
30  OMST 2603 3284
10  SPL 2733 1662
13
50  SPL 3444 1687
30  SPL 4902 1713
10  SPL 4925 1738
14
50  SPL 3591 1719
30  SPL 3692 1670
10  OMST 3975 3261
15
50  SPL 3532 1739
30  OMST 3544 3279
10  SPL 4178 1730
16
50  OMST 3447 3266
30  SPL 3479 1665
10  SPL 4002 1679
17
50  SPL 6478 1718
30  OMST 8269 3271
10  SPL 8753 1704
18
50  SPL 6409 1689
30  OMST 7259 3257
10  SPL 8355 1727
19
50  SPL 6384 1698
30  OMST 6744 3285
10  SPL 7006 1697
20
50  OMST 7432 3288
30  SPL 7947 1688
21
50  SPL 4433 1722
30  OMST 4632 3259
10  SPL 5750 1696
22
50  SPL 5737 1677
30  SPL 5804 1716
10  SPL 6652 1658
23
50  SPL 2555 1708
30  SPL 2828 1715
10  OMST 3056 3286
24
50  SPL 2646 1726
30  OMST 3206 3284
10  SPL 3702 1707
25
50  OMST 2406 3251
30  SPL 2515 1647
10  SPL 2518 1717
26
50  OMST 1790 3253
30  SPL 1913 1719
10  OMST 2566 3261
27
50  OMST 3878 3275
30  SPL 4400 1709
10  OMST 4726 3279
28
50  SPL 5351 1669
30  OMST 5844 3283
10  SPL 5972 1700
29
50  OMST 3722 3258
30  OMST 4518 3271
10  SPL 4667 1711
30
50  SPL 3484 1689
30  SPL 3934 1666
10  OMST 4116 3263
31
80  SPL 3483 1698
40  SPL 3735 1649
0  OMST 3750 3285
32
80  OMST 4363 3288
40  OMST 6905 3267
33
80  SPL 3037 1676
40  SPL 3209 1715
0  SPL 3710 1734
35
50  SPL 2331 1690
30  SPL 2492 1713
10  OMST 2550 3251
36
50  OMST 1563 3253
30  SPL 1860 1670
10  SPL 2421 1653
37
50  SPL 4055 1739
30  OMST 4713 3279
10  SPL 4759 1709
38
50  SPL 3981 1705
30  SPL 4577 1671
10  SPL 4672 1679
39
50  SPL 3246 1718
30  SPL 3531 1720
10  OMST 3721 3258
40
50  OMST 3669 3257
30  SPL 4193 1727
41
50  OMST 3053 3269
30  SPL 3366 1697
10  SPL 3625 1649
42
50  OMST 2766 3274
30  SPL 3697 1680
10  OMST 4310 3288
43
50  SPL 2652 1672
30  SPL 3321 1715
10  SPL 3331 1654
44
50  OMST 3195 3284
30  SPL 3371 1699
10  SPL 3403 1726
45
50  SPL 2033 1687
30  SPL 2546 1738
10  SPL 2765 1728
46
50  SPL 2422 1653
30  SPL 2747 1655
10  OMST 2777 3246
47
50  OMST 4560 3275
30  SPL 5018 1652
10  SPL 5207 1663
48
50  OMST 4907 3266
30  OMST 5397 3249
10  SPL 5462 1700
49
50  OMST 5025 3265
30  SPL 5095 1704
10  SPL 5615 1711
50
50  SPL 4475 1666
30  SPL 5344 1727
10  OMST 6900 3273
51
50  OMST 3703 3269
30  SPL 4402 1712
10  SPL 4475 1664
52
50  OMST 3415 3274
30  SPL 4552 1688
53
50  SPL 18907 1804
54
50  SPL 9289 1796
30  OMST 12837 2003
55
50  SPL 20778 1798
30  OMST 27406 2004
56
50  OMST 16499 2005
57
50  SPL 17312 1800
58
50  SPL 15425 1801
30  OMST 17262 2007
59
50  SPL 13914 1802
30  OMST 15246 2008
61
50  OMST 12078 2009
30  SPL 13256 1803
SCORE:SPL,OMST,3250,1920,133.0
