SPL-FR
1
50  SPL 8802 1687
30  FR 9756 1771
10  FR 11123 1757
2
50  SPL 8844 1719
30  SPL 12689 1653
10  FR 14198 1805
3
50  SPL 8969 1739
30  FR 9077 1829
10  FR 9742 1797
4
50  FR 7209 1825
30  SPL 9290 1705
10  SPL 9620 1671
5
50  FR 7641 1767
30  SPL 7969 1720
10  FR 9555 1833
6
50  SPL 7284 1689
30  FR 8712 1781
10  SPL 8876 1666
7
50  SPL 7357 1698
30  SPL 7863 1697
10  FR 8011 1828
8
50  FR 7819 1749
30  SPL 8085 1680
9
50  SPL 3863 1722
30  FR 4226 1823
10  SPL 4440 1735
10
50  SPL 3256 1677
30  SPL 4251 1702
10  SPL 4288 1673
11
50  SPL 1950 1672
30  FR 2003 1815
10  SPL 2012 1708
12
50  FR 2009 1740
30  FR 2057 1770
10  SPL 2437 1691
13
50  SPL 3444 1687
30  FR 4397 1757
10  FR 4501 1786
14
50  SPL 3591 1719
30  SPL 3692 1670
10  SPL 4506 1686
15
50  FR 3487 1785
30  SPL 3532 1739
10  FR 3761 1797
16
50  FR 2909 1825
30  SPL 3479 1665
10  FR 3730 1826
17
50  SPL 6478 1718
30  FR 8153 1833
10  SPL 8753 1704
18
50  SPL 6409 1689
30  FR 7796 1831
10  FR 7883 1756
19
50  SPL 6384 1698
30  FR 6978 1828
10  SPL 7006 1697
20
50  FR 7289 1748
30  SPL 7947 1688
21
50  SPL 4433 1722
30  FR 4902 1798
10  SPL 5750 1696
22
50  FR 5597 1775
30  SPL 5737 1677
10  SPL 5804 1716
23
50  FR 2359 1815
30  SPL 2555 1708
10  FR 2628 1778
24
50  FR 2369 1740
30  SPL 2646 1726
10  FR 3435 1746
25
50  FR 2137 1771
30  FR 2467 1799
10  SPL 2515 1647
26
50  SPL 1913 1719
30  FR 2488 1837
10  SPL 2665 1686
27
50  SPL 4400 1709
30  FR 4456 1785
10  FR 4617 1797
28
50  FR 4469 1826
30  FR 4849 1784
10  FR 5253 1780
29
50  FR 3559 1767
30  FR 4101 1833
10  SPL 4667 1711
30
50  SPL 3484 1689
30  SPL 3934 1666
10  FR 4107 1781
31
80  SPL 3483 1698
40  FR 3485 1765
0  SPL 3735 1649
32
80  FR 3537 1749
40  FR 3950 1748
33
80  FR 2371 1815
40  FR 2673 1820
0  SPL 3037 1676
34
80  FR 2468 1740
40  FR 2562 1770
0  FR 4457 1789
35
50  FR 2038 1771
30  FR 2295 1786
10  SPL 2331 1690
36
50  SPL 1860 1670
30  SPL 2421 1653
10  SPL 2546 1655
37
50  SPL 4055 1739
30  FR 4082 1785
10  FR 4656 1829
38
50  FR 3378 1825
30  SPL 3981 1705
10  FR 4474 1784
39
50  SPL 3246 1718
30  FR 3359 1767
10  SPL 3531 1720
40
50  FR 3883 1781
30  FR 3989 1756
10  SPL 4193 1727
41
50  FR 3181 1765
30  SPL 3366 1697
10  FR 3494 1828
42
50  FR 3447 1749
30  SPL 3697 1680
43
50  SPL 2652 1672
30  FR 3201 1778
10  SPL 3321 1715
44
50  FR 2806 1770
30  SPL 3371 1699
10  SPL 3403 1726
45
50  SPL 2033 1687
30  FR 2412 1771
10  SPL 2546 1738
46
50  SPL 2422 1653
30  SPL 2747 1655
10  SPL 2784 1732
47
50  FR 4369 1829
30  SPL 5018 1652
10  SPL 5207 1663
48
50  FR 3828 1825
30  FR 5026 1800
10  FR 5087 1826
49
50  FR 4196 1767
30  FR 4599 1833
10  FR 4828 1783
50
50  FR 4141 1781
30  SPL 4475 1666
10  FR 5093 1756
51
50  FR 3700 1765
30  SPL 4402 1712
10  SPL 4475 1664
52
50  FR 4293 1748
30  SPL 4552 1688
53
50  SPL 18907 1804
30  FR 30704 1814
54
50  SPL 9289 1796
30  FR 11241 1805
55
50  SPL 20778 1798
30  FR 23538 1808
56
50  FR 25100 1809
57
50  FR 15370 1811
30  SPL 17312 1800
58
50  SPL 15425 1801
30  FR 15968 1812
59
50  SPL 13914 1802
61
50  FR 12000 1813
30  SPL 13256 1803
SCORE:SPL,FR,2500,2840,-34.0
