SPL-CVST
1
50  SPL 8802 1687
30  CVST 11587 2418
10  CVST 13418 2455
2
50  SPL 8844 1719
30  SPL 12689 1653
10  CVST 12734 2437
3
50  SPL 8969 1739
30  SPL 10281 1709
10  SPL 10670 1663
4
50  SPL 9290 1705
30  SPL 9620 1671
10  CVST 9787 2472
5
50  SPL 7969 1720
30  CVST 8095 2417
10  CVST 10977 2423
6
50  SPL 7284 1689
30  SPL 8876 1666
10  CVST 10273 2480
7
50  SPL 7357 1698
30  SPL 7863 1697
10  CVST 8300 2486
8
50  CVST 7131 2460
30  SPL 8085 1680
9
50  SPL 3863 1722
30  SPL 4440 1735
10  SPL 5306 1696
10
50  SPL 3256 1677
30  CVST 4087 2450
10  SPL 4251 1702
11
50  SPL 1950 1672
30  SPL 2012 1708
10  CVST 2134 2473
12
50  CVST 2072 2430
30  SPL 2437 1691
10  CVST 2494 2479
13
50  SPL 3444 1687
30  CVST 4397 2469
10  CVST 4878 2455
14
50  SPL 3591 1719
30  SPL 3692 1670
10  CVST 4356 2416
15
50  SPL 3532 1739
30  CVST 3928 2463
10  CVST 4175 2482
16
50  SPL 3479 1665
30  CVST 3974 2415
10  CVST 3988 2483
17
50  SPL 6478 1718
30  CVST 7332 2417
10  CVST 8221 2454
18
50  SPL 6409 1689
30  SPL 8355 1727
10  CVST 9025 2474
19
50  SPL 6384 1698
30  SPL 7006 1697
10  CVST 7231 2447
20
50  CVST 6471 2460
30  CVST 7039 2475
10  SPL 7947 1688
21
50  SPL 4433 1722
30  SPL 5750 1696
22
50  SPL 5737 1677
30  SPL 5804 1716
10  SPL 6652 1658
23
50  CVST 2512 2473
30  SPL 2555 1708
10  SPL 2828 1715
24
50  CVST 2544 2430
30  SPL 2646 1726
10  CVST 3310 2453
25
50  CVST 2453 2418
30  SPL 2515 1647
10  SPL 2518 1717
26
50  SPL 1913 1719
30  CVST 2446 2466
10  SPL 2665 1686
27
50  SPL 4400 1709
30  CVST 4985 2448
10  CVST 5287 2465
28
50  CVST 4787 2472
30  CVST 5099 2408
10  CVST 5134 2481
29
50  CVST 4394 2454
30  SPL 4667 1711
10  CVST 4825 2423
30
50  SPL 3484 1689
30  SPL 3934 1666
10  CVST 5015 2474
31
80  SPL 3483 1698
40  SPL 3735 1649
0  CVST 3768 2467
32
80  CVST 3903 2443
40  CVST 3967 2475
0  CVST 4660 2457
33
80  CVST 2497 2473
40  SPL 3037 1676
0  SPL 3209 1715
34
80  CVST 2670 2430
35
50  SPL 2331 1690
30  CVST 2464 2418
10  SPL 2492 1713
36
50  SPL 1860 1670
30  SPL 2421 1653
10  CVST 2475 2413
37
50  SPL 4055 1739
30  SPL 4759 1709
10  CVST 5131 2463
38
50  SPL 3981 1705
30  SPL 4577 1671
10  SPL 4672 1679
39
50  SPL 3246 1718
30  CVST 3459 2417
10  SPL 3531 1720
40
50  SPL 4193 1727
30  CVST 4744 2480
10  CVST 5309 2458
41
50  SPL 3366 1697
30  SPL 3625 1649
10  SPL 3772 1664
42
50  SPL 3697 1680
30  CVST 4069 2475
10  CVST 4834 2407
43
50  SPL 2652 1672
30  CVST 3090 2433
10  CVST 3214 2414
44
50  SPL 3371 1699
30  SPL 3403 1726
10  CVST 3410 2429
45
50  SPL 2033 1687
30  SPL 2546 1738
10  SPL 2765 1728
46
50  SPL 2422 1653
30  CVST 2589 2437
10  SPL 2747 1655
47
50  SPL 5018 1652
30  SPL 5207 1663
10  SPL 5617 1736
48
50  CVST 5286 2408
30  SPL 5462 1700
10  CVST 6513 2481
49
50  CVST 4415 2417
30  CVST 4738 2442
10  SPL 5095 1704
50
50  SPL 4475 1666
30  CVST 4978 2480
10  SPL 5344 1727
51
50  SPL 4402 1712
30  SPL 4475 1664
10  CVST 4631 2471
52
50  CVST 3446 2460
30  SPL 4552 1688
10  CVST 5103 2443
53
50  SPL 18907 1804
54
50  SPL 9289 1796
30  CVST 9359 1890
55
50  CVST 19053 1892
30  SPL 20778 1798
56
50  CVST 18637 1894
57
50  SPL 17312 1800
30  CVST 17503 1896
58
50  SPL 15425 1801
30  CVST 17620 1898
59
50  SPL 13914 1802
30  CVST 17112 1900
60
50  CVST 15547 1901
61
50  CVST 12697 1902
30  SPL 13256 1803
SCORE:SPL,CVST,3360,2010,135.0
