SPL-CCC
1
50  SPL 8802 1687
30  CCC 9365 2014
2
50  SPL 8844 1719
30  CCC 10441 2005
10  CCC 11056 2019
3
50  SPL 8969 1739
30  CCC 9715 1991
10  SPL 10281 1709
4
50  CCC 8866 2012
30  SPL 9290 1705
10  CCC 9346 2027
5
50  CCC 7445 2031
30  SPL 7969 1720
10  CCC 8137 2030
6
50  SPL 7284 1689
30  SPL 8876 1666
7
50  SPL 7357 1698
30  CCC 7696 1992
10  SPL 7863 1697
8
50  CCC 7524 2002
30  SPL 8085 1680
9
50  CCC 3709 1996
30  CCC 3804 2009
10  SPL 3863 1722
10
50  SPL 3256 1677
30  SPL 4251 1702
10  SPL 4288 1673
11
50  SPL 1950 1672
30  SPL 2012 1708
10  CCC 2076 2026
12
50  CCC 1634 2020
30  SPL 2437 1691
10  SPL 2733 1662
13
50  SPL 3444 1687
30  CCC 4404 1995
10  CCC 4490 2006
14
50  SPL 3591 1719
30  SPL 3692 1670
10  CCC 4125 2019
15
50  SPL 3532 1739
30  CCC 3750 1991
10  SPL 4178 1730
16
50  CCC 3407 2012
30  SPL 3479 1665
10  SPL 4002 1679
17
50  SPL 6478 1718
30  SPL 8753 1704
10  CCC 8815 2029
18
50  SPL 6409 1689
30  SPL 8355 1727
10  CCC 12918 2015
19
50  SPL 6384 1698
30  SPL 7006 1697
10  CCC 7116 1992
20
50  CCC 6632 2002
30  SPL 7947 1688
21
50  CCC 4272 1996
30  SPL 4433 1722
10  SPL 5750 1696
22
50  SPL 5737 1677
30  SPL 5804 1716
10  SPL 6652 1658
23
50  SPL 2555 1708
30  CCC 2706 2023
10  SPL 2828 1715
24
50  SPL 2646 1726
30  SPL 3702 1707
10  SPL 3825 1675
25
50  SPL 2515 1647
30  SPL 2518 1717
10  SPL 2522 1731
26
50  SPL 1913 1719
30  CCC 1947 2005
10  CCC 2432 2025
27
50  SPL 4400 1709
30  SPL 6482 1650
10  CCC 9010 2033
28
50  CCC 4247 2012
30  SPL 5351 1669
10  SPL 5972 1700
29
50  CCC 3810 2030
30  CCC 4488 2018
10  CCC 4572 2029
30
50  SPL 3484 1689
30  SPL 3934 1666
31
80  SPL 3483 1698
40  CCC 3662 1992
0  SPL 3735 1649
33
80  CCC 2228 2026
40  CCC 3034 2024
0  SPL 3037 1676
35
50  CCC 1819 2014
30  SPL 2331 1690
10  SPL 2492 1713
36
50  SPL 1860 1670
30  CCC 1891 2005
10  SPL 2421 1653
37
50  SPL 4055 1739
30  CCC 4146 1991
10  SPL 4759 1709
38
50  SPL 3981 1705
30  CCC 4041 2027
10  CCC 4268 2012
39
50  SPL 3246 1718
30  CCC 3515 2031
10  SPL 3531 1720
40
50  SPL 4193 1727
41
50  SPL 3366 1697
30  CCC 3413 1992
10  SPL 3625 1649
42
50  SPL 3697 1680
43
50  SPL 2652 1672
30  SPL 3321 1715
10  SPL 3331 1654
44
50  SPL 3371 1699
30  SPL 3403 1726
10  SPL 3452 1662
45
50  SPL 2033 1687
30  CCC 2209 2014
10  SPL 2546 1738
46
50  SPL 2422 1653
30  SPL 2747 1655
10  SPL 2784 1732
47
50  SPL 5018 1652
30  CCC 5041 1991
10  SPL 5207 1663
48
50  CCC 5066 2027
30  SPL 5462 1700
10  SPL 7987 1678
49
50  CCC 3880 2031
30  CCC 4603 2029
10  SPL 5095 1704
50
50  SPL 4475 1666
30  SPL 5344 1727
51
50  CCC 4305 2028
30  SPL 4402 1712
10  SPL 4475 1664
52
50  SPL 4552 1688
53
50  SPL 18907 1804
54
50  SPL 9289 1796
30  CCC 11834 1834
55
50  CCC 19756 1835
30  SPL 20778 1798
56
50  CCC 20399 1836
57
50  SPL 17312 1800
58
50  SPL 15425 1801
59
50  SPL 13914 1802
61
50  SPL 13256 1803
SCORE:SPL,CCC,3180,1660,152.0
