SPL-WCSC
1
50  WCSC 8690 844
30  SPL 8802 1687
10  WCSC 9353 884
2
50  SPL 8844 1719
30  WCSC 10839 784
10  SPL 12689 1653
3
50  WCSC 7943 800
30  WCSC 8633 883
10  SPL 8969 1739
4
50  WCSC 8409 810
30  SPL 9290 1705
10  SPL 9620 1671
5
50  WCSC 7784 895
30  SPL 7969 1720
10  WCSC 9901 832
6
50  SPL 7284 1689
30  WCSC 7896 776
10  WCSC 8833 821
7
50  SPL 7357 1698
30  SPL 7863 1697
10  SPL 8531 1664
8
50  WCSC 7650 843
30  WCSC 7728 787
10  SPL 8085 1680
9
50  WCSC 3175 869
30  WCSC 3328 872
10  SPL 3863 1722
10
50  SPL 3256 1677
30  WCSC 3536 830
10  WCSC 3673 786
11
50  WCSC 1889 855
30  SPL 1950 1672
10  SPL 2012 1708
12
50  WCSC 1740 870
30  WCSC 1904 877
10  WCSC 2085 857
13
50  SPL 3444 1687
30  WCSC 3738 871
10  WCSC 3787 884
14
50  SPL 3591 1719
30  SPL 3692 1670
10  WCSC 4129 831
15
50  WCSC 3219 896
30  WCSC 3312 840
10  SPL 3532 1739
16
50  WCSC 3434 775
30  SPL 3479 1665
10  WCSC 3517 863
17
50  SPL 6478 1718
30  WCSC 7082 859
10  WCSC 7348 845
18
50  SPL 6409 1689
30  WCSC 6674 798
10  WCSC 6843 776
19
50  SPL 6384 1698
30  SPL 7006 1697
10  WCSC 7938 860
20
50  WCSC 6297 843
30  WCSC 7173 864
10  WCSC 7327 790
21
50  WCSC 3090 869
30  SPL 4433 1722
10  WCSC 4438 872
22
50  WCSC 4634 830
30  WCSC 5263 777
10  WCSC 5283 822
23
50  WCSC 2098 817
30  SPL 2555 1708
10  WCSC 2637 898
24
50  WCSC 1929 801
30  WCSC 2358 877
10  SPL 2646 1726
25
50  WCSC 2043 816
30  WCSC 2299 839
10  WCSC 2317 805
26
50  SPL 1913 1719
30  WCSC 2111 784
10  WCSC 2634 868
27
50  WCSC 3813 800
30  SPL 4400 1709
10  WCSC 5066 820
28
50  WCSC 4178 810
30  SPL 5351 1669
10  WCSC 5603 847
29
50  WCSC 3500 895
30  WCSC 4621 858
10  SPL 4667 1711
30
50  SPL 3484 1689
30  WCSC 3909 821
10  SPL 3934 1666
31
80  SPL 3483 1698
40  SPL 3735 1649
0  WCSC 3840 803
32
80  WCSC 3606 864
40  WCSC 4593 827
33
80  WCSC 2225 826
40  WCSC 2500 817
0  SPL 3037 1676
34
80  WCSC 2223 877
40  WCSC 2855 857
0  WCSC 3469 812
35
50  WCSC 1938 871
30  WCSC 2327 816
10  SPL 2331 1690
36
50  SPL 1860 1670
30  WCSC 2122 876
10  SPL 2421 1653
37
50  WCSC 3982 840
30  SPL 4055 1739
10  SPL 4759 1709
38
50  SPL 3981 1705
30  WCSC 4317 863
10  SPL 4577 1671
39
50  SPL 3246 1718
30  WCSC 3434 859
10  SPL 3531 1720
40
50  WCSC 3463 798
30  WCSC 4046 880
10  SPL 4193 1727
41
50  SPL 3366 1697
30  SPL 3625 1649
10  SPL 3772 1664
42
50  WCSC 3134 787
30  WCSC 3376 790
10  SPL 3697 1680
43
50  SPL 2652 1672
30  WCSC 2682 855
10  WCSC 3027 826
44
50  WCSC 2112 801
30  WCSC 2583 870
10  SPL 3371 1699
45
50  SPL 2033 1687
30  WCSC 2151 844
10  SPL 2546 1738
46
50  WCSC 2403 831
30  SPL 2422 1653
10  SPL 2747 1655
47
50  WCSC 4162 896
30  SPL 5018 1652
10  SPL 5207 1663
48
50  WCSC 4555 810
30  SPL 5462 1700
10  SPL 7987 1678
49
50  WCSC 4656 845
30  SPL 5095 1704
10  SPL 5615 1711
50
50  WCSC 4113 776
30  SPL 4475 1666
10  WCSC 4549 798
51
50  SPL 4402 1712
30  WCSC 4467 860
10  SPL 4475 1664
52
50  WCSC 3963 864
30  SPL 4552 1688
53
50  WCSC 16033 1707
30  SPL 18907 1804
54
50  WCSC 7650 1692
30  SPL 9289 1796
55
50  WCSC 16081 1695
30  SPL 20778 1798
56
50  WCSC 17798 1697
57
50  WCSC 13322 1699
30  SPL 17312 1800
58
50  SPL 15425 1801
30  WCSC 18199 1702
59
50  WCSC 13190 1703
30  SPL 13914 1802
60
50  WCSC 15089 1704
61
50  WCSC 12596 1705
30  SPL 13256 1803
SCORE:SPL,WCSC,2110,3340,-123.0
