SPL-DUL
1
50  SPL 8802 1687
30  DUL 10606 1303
10  DUL 11379 1307
2
50  SPL 8844 1719
30  SPL 12689 1653
3
50  SPL 8969 1739
30  DUL 9243 1320
10  SPL 10281 1709
4
50  SPL 9290 1705
30  SPL 9620 1671
10  DUL 10659 1300
5
50  SPL 7969 1720
30  DUL 9208 1347
10  DUL 9752 1319
6
50  SPL 7284 1689
30  SPL 8876 1666
7
50  SPL 7357 1698
30  SPL 7863 1697
10  DUL 8048 1349
8
50  DUL 7197 1305
30  DUL 7268 1295
10  SPL 8085 1680
9
50  DUL 3522 1291
30  DUL 3850 1313
10  SPL 3863 1722
10
50  SPL 3256 1677
30  DUL 3298 1361
10  DUL 4187 1325
11
50  SPL 1950 1672
30  SPL 2012 1708
10  DUL 2237 1318
12
50  DUL 2127 1297
30  SPL 2437 1691
10  SPL 2733 1662
13
50  SPL 3444 1687
30  DUL 4160 1303
10  DUL 4350 1338
14
50  SPL 3591 1719
30  SPL 3692 1670
10  SPL 4506 1686
15
50  SPL 3532 1739
30  DUL 4062 1323
10  SPL 4178 1730
16
50  SPL 3479 1665
30  SPL 4002 1679
10  SPL 4230 1700
17
50  SPL 6478 1718
30  SPL 8753 1704
10  DUL 10604 1345
18
50  SPL 6409 1689
30  SPL 8355 1727
19
50  SPL 6384 1698
30  SPL 7006 1697
10  SPL 8173 1712
20
50  DUL 6944 1299
30  DUL 7277 1305
10  SPL 7947 1688
21
50  DUL 3983 1332
30  SPL 4433 1722
10  DUL 4739 1352
22
50  DUL 4059 1361
30  SPL 5737 1677
10  SPL 5804 1716
23
50  SPL 2555 1708
30  DUL 2695 1337
10  SPL 2828 1715
24
50  SPL 2646 1726
30  DUL 2994 1297
10  SPL 3702 1707
25
50  DUL 2093 1303
30  DUL 2238 1304
10  DUL 2359 1344
26
50  SPL 1913 1719
30  SPL 2665 1686
10  SPL 2721 1703
27
50  SPL 4400 1709
30  DUL 4920 1294
10  DUL 5019 1334
28
50  SPL 5351 1669
30  DUL 5527 1300
10  SPL 5972 1700
29
50  DUL 4352 1347
30  DUL 4490 1319
10  SPL 4667 1711
30
50  SPL 3484 1689
30  SPL 3934 1666
31
80  SPL 3483 1698
40  SPL 3735 1649
0  DUL 3909 1349
32
80  DUL 3673 1305
40  DUL 3886 1299
33
80  DUL 2739 1337
40  SPL 3037 1676
0  SPL 3209 1715
35
50  DUL 1873 1303
30  DUL 2175 1304
10  DUL 2234 1344
36
50  SPL 1860 1670
30  SPL 2421 1653
10  SPL 2546 1655
37
50  SPL 4055 1739
30  DUL 4325 1320
10  DUL 4438 1294
38
50  SPL 3981 1705
30  SPL 4577 1671
10  SPL 4672 1679
39
50  SPL 3246 1718
30  SPL 3531 1720
10  DUL 3977 1347
40
50  SPL 4193 1727
41
50  SPL 3366 1697
30  DUL 3374 1349
10  SPL 3625 1649
42
50  DUL 3122 1305
30  SPL 3697 1680
43
50  SPL 2652 1672
30  DUL 2877 1322
10  DUL 3127 1337
44
50  SPL 3371 1699
30  SPL 3403 1726
10  SPL 3452 1662
45
50  SPL 2033 1687
30  DUL 2291 1307
10  SPL 2546 1738
46
50  SPL 2422 1653
30  SPL 2747 1655
10  DUL 2757 1293
47
50  SPL 5018 1652
30  DUL 5163 1320
10  SPL 5207 1663
48
50  SPL 5462 1700
30  DUL 5469 1300
10  DUL 7927 1363
49
50  DUL 4732 1347
30  SPL 5095 1704
10  DUL 5381 1298
50
50  SPL 4475 1666
30  SPL 5344 1727
51
50  DUL 4042 1296
30  DUL 4289 1349
10  DUL 4327 1357
52
50  DUL 3484 1295
30  DUL 3871 1299
10  SPL 4552 1688
53
50  DUL 18537 1749
30  SPL 18907 1804
54
50  SPL 9289 1796
30  DUL 12181 1742
55
50  SPL 20778 1798
30  DUL 24027 1744
57
50  DUL 16909 1746
30  SPL 17312 1800
58
50  SPL 15425 1801
59
50  SPL 13914 1802
61
50  DUL 13150 1748
30  SPL 13256 1803
SCORE:SPL,DUL,3110,1970,114.0
