SR-MD-HC14
skip 1112 org.jytek.leaguemanager.view.TmResult@1592fedskip 1112 org.jytek.leaguemanager.view.TmResult@2add117dskip 1112 org.jytek.leaguemanager.view.TmResult@6345fbd3skip 1112 org.jytek.leaguemanager.view.TmResult@2d8bad1askip 1112 org.jytek.leaguemanager.view.TmResult@6565d901skip 1112 org.jytek.leaguemanager.view.TmResult@27717a29skip 1314 org.jytek.leaguemanager.view.TmResult@6b268677skip 1314 org.jytek.leaguemanager.view.TmResult@1b350574skip 1314 org.jytek.leaguemanager.view.TmResult@50d37ac2skip 1314 org.jytek.leaguemanager.view.TmResult@7cdfe2c3skip 1314 org.jytek.leaguemanager.view.TmResult@3f4452a7skip 1314 org.jytek.leaguemanager.view.TmResult@119d27fskip 1314 org.jytek.leaguemanager.view.TmResult@10868ac6skip 1314 org.jytek.leaguemanager.view.TmResult@24eeeefaskip 1314 org.jytek.leaguemanager.view.TmResult@392241aaskip 1314 org.jytek.leaguemanager.view.TmResult@7667f6dbskip 1314 org.jytek.leaguemanager.view.TmResult@5213926b1
50  SR-MD 2540 759
30  SR-MD 2564 764
10  SR-MD 2651 761
2
50  SR-MD 3020 758
30  SR-MD 3069 1532
10  HC14 3142 2831(Y) 847
3
50  HC14 2895 2609(Y) 889
30  SR-MD 2897 1512
10  HC14 3029 2729(Y) 1575
4
50  SR-MD 3169 768
30  HC14 3207 2890(Y) 845
10  SR-MD 3303 745
5
50  HC14 2727 832
30  HC14 2918 2629(Y) 864
10  HC14 3004 2707(Y) 1716
6
50  SR-MD 3000 786
30  HC14 3288 2963(Y) 1574
10  SR-MD 3347 794
7
50  SR-MD 1575 1511
30  HC14 1596 1438(Y) 862
10  HC14 1668 826
8
50  HC14 1592 1435(Y) 1560
30  SR-MD 1620 762
10  SR-MD 1642 728
9
50  HC14 1803 833
30  SR-MD 1930 1517
10  HC14 2164 1950(Y) 854
10
50  SR-MD 1843 763
30  HC14 1878 852
10  HC14 1982 1786(Y) 860
11
50  SR-MD 2845 773
30  HC14 3055 2753(Y) 878
10  SR-MD 3262 1650
12
50  HC14 2144 842
30  SR-MD 2322 1524
10  HC14 2433 2192(Y) 880
13
50  SR-MD 6159 759
30  HC14 6636 5979(Y) 830
10  HC14 6696 6033(Y) 865
14
50  HC14 7567 6818(Y) 872
30  SR-MD 7764 1532
10  SR-MD 8122 800
15
50  HC14 6788 6116(Y) 1717
30  SR-MD 7320 1512
10  HC14 7657 6899(Y) 1575
16
50  SR-MD 7781 753
30  HC14 8099 7297(Y) 856
10  SR-MD 8191 768
17
50  HC14 6819 832
30  HC14 7530 6784(Y) 864
10  HC14 7915 7131(Y) 881
18
50  HC14 7296 6573(Y) 840
30  SR-MD 7721 786
10  SR-MD 8406 754
19
50  SR-MD 8659 1511
30  HC14 8686 7826(Y) 862
10  HC14 9376 863
20
50  HC14 9004 8112(Y) 831
30  SR-MD 9496 728
10  SR-MD 9665 762
21
50  SR-MD 3254 759
30  SR-MD 3434 717
10  HC14 3501 865
22
50  HC14 3853 3472(Y) 872
30  SR-MD 4401 800
10  HC14 4567 4115(Y) 847
23
50  HC14 3691 3326(Y) 1575
30  SR-MD 3812 1512
10  HC14 4509 889
24
50  SR-MD 4078 753
30  SR-MD 4182 768
10  HC14 4403 827
25
50  HC14 3811 832
30  HC14 4007 3610(Y) 1716
10  HC14 4401 3965(Y) 818
26
50  HC14 3928 840
30  SR-MD 4231 754
10  HC14 4525 1574
27
50  SR-MD 2116 1511
30  HC14 2279 2054(Y) 862
10  HC14 2329 2099(Y) 863
28
50  SR-MD 2167 762
30  HC14 2200 1982(Y) 831
10  HC14 2264 2040(Y) 1560
29
50  HC14 2919 833
30  HC14 3692 3327(Y) 1569
10  HC14 4214 3797(Y) 874
30
50  SR-MD 2438 781
30  SR-MD 2554 763
10  HC14 2666 2402(Y) 1561
31
80  SR-MD 12845 1102
40  HC14 12848 11575(Y) 1064
32
80  HC14 14143 12742(Y) 870
40  SR-MD 15403 1105
33
80  HC14 7878 7098(Y) 872
40  SR-MD 8451 493
34
80  HC14 9700 8739(Y) 874
40  SR-MD 9897 1110
35
50  SR-MD 2895 708
30  SR-MD 2981 759
10  HC14 2988 865
36
50  SR-MD 3477 758
30  HC14 3637 872
10  HC14 3700 3334(Y) 847
37
50  HC14 3176 2862(Y) 1717
30  HC14 3450 3109(Y) 889
10  SR-MD 3478 1512
38
50  HC14 3694 845
30  SR-MD 3745 768
10  HC14 3788 3413(Y) 856
39
50  HC14 3431 3091(Y) 1716
30  HC14 3465 3122(Y) 864
10  HC14 3536 3186(Y) 818
40
50  SR-MD 3478 786
30  HC14 3735 840
10  HC14 3892 839
41
50  HC14 1946 1754(Y) 862
30  SR-MD 1990 1511
10  HC14 2053 863
42
50  SR-MD 1820 728
30  HC14 1871 1686(Y) 1560
10  SR-MD 1975 762
43
50  HC14 2437 2196(Y) 833
30  HC14 2545 2293(Y) 854
10  SR-MD 2862 1517
44
50  HC14 2305 852
30  HC14 2339 2108(Y) 860
10  HC14 2393 2156(Y) 1561
45
50  SR-MD 3175 805
30  HC14 3609 3252(Y) 878
10  SR-MD 3799 773
46
50  HC14 2556 842
30  HC14 2707 2439(Y) 853
10  SR-MD 2831 1524
47
50  SR-MD 5746 708
30  SR-MD 5778 810
10  HC14 5805 5230(Y) 830
48
50  SR-MD 6433 758
30  SR-MD 6727 1532
10  HC14 6836 6159(Y) 872
49
50  HC14 6728 6062(Y) 889
30  HC14 6759 6090(Y) 1575
10  SR-MD 7151 1658
50
50  SR-MD 6843 753
30  HC14 6989 6297(Y) 856
10  SR-MD 7133 745
51
50  HC14 5991 5398(Y) 832
30  HC14 6604 864
10  HC14 6615 5960(Y) 881
52
50  HC14 6303 5679(Y) 840
30  SR-MD 6425 786
10  SR-MD 7489 794
53
50  HC14 3707 863
30  HC14 3765 826
10  SR-MD 3788 778
54
50  SR-MD 3569 728
30  HC14 3597 1560
10  HC14 3715 831
55
50  HC14 4099 3693(Y) 833
30  SR-MD 4476 1517
10  HC14 5612 5056(Y) 854
56
50  HC14 4227 852
30  HC14 4425 3987(Y) 860
10  SR-MD 4810 763
57
50  SR-MD 2938 764
30  HC14 2959 2666(Y) 1624
10  HC14 2970 2676(Y) 865
58
50  SR-MD 3250 730
30  SR-MD 3356 758
10  SR-MD 3557 1532
59
50  HC14 2895 2609(Y) 1717
30  SR-MD 3234 1658
10  HC14 4005 1565
60
50  SR-MD 3540 753
30  HC14 3545 3194(Y) 856
10  SR-MD 3721 1527
61
50  HC14 3452 3110(Y) 1716
30  HC14 3591 3236(Y) 881
10  HC14 3701 3335(Y) 1572
62
50  SR-MD 3582 794
30  HC14 3649 3288(Y) 1574
10  SR-MD 4072 754
63
50  SR-MD 1904 778
30  HC14 2152 1939(Y) 855
10  HC14 2197 884
64
50  HC14 1807 1628(Y) 831
30  SR-MD 1994 727
10  HC14 2067 1863(Y) 850
65
50  SR-MD 4012 773
30  SR-MD 4306 807
10  SR-MD 4626 747
66
50  HC14 2170 852
30  SR-MD 2300 763
10  HC14 2372 842
67
80  HC14 11999 10810(Y) 876
40  SR-MD 13435 499
68
80  SR-MD 13706 321
40  HC14 13886 12510(Y) 879
SCORE:SR-MD,HC14,2890,3410,-52.0
