SR-MD-WRST
1
50  SR-MD 2730 359
30  SR-MD 2784 1658
10  SR-MD 2925 315
2
50  SR-MD 2973 2679(Y) 354
30  WRST 3089 1112
10  WRST 3225 1629
3
50  WRST 2898 2611(Y) 1097
30  SR-MD 2958 362
10  WRST 3226 1149
4
50  SR-MD 3087 355
30  SR-MD 3173 325
10  SR-MD 3303 399
5
50  SR-MD 3231 361
30  SR-MD 3323 2994(Y) 308
10  WRST 3410 1636
6
50  SR-MD 3237 2917(Y) 316
30  WRST 3481 1628
10  SR-MD 3505 3158(Y) 352
7
50  WRST 1718 1092
30  WRST 1738 1089
10  WRST 1751 1578(Y) 1623
8
50  SR-MD 1648 1485(Y) 387
30  SR-MD 1686 1519(Y) 392
10  SR-MD 1770 1595(Y) 368
9
50  SR-MD 1870 1685(Y) 307
30  SR-MD 1916 1727(Y) 375
10  WRST 2105 1897(Y) 1137
10
50  WRST 1849 1666(Y) 1075
30  SR-MD 1973 1778(Y) 323
10  SR-MD 2042 1840(Y) 373
11
50  WRST 3009 1074
30  WRST 3237 1635
10  WRST 3439 1133
12
50  WRST 3422 1106
30  WRST 3482 1095
10  WRST 3739 1090
13
50  SR-MD 6677 6016(Y) 1658
30  SR-MD 7169 359
10  SR-MD 7543 315
14
50  WRST 7266 1111
30  SR-MD 7813 354
10  SR-MD 8490 398
15
50  WRST 7416 1097
30  SR-MD 8124 362
10  SR-MD 8719 314
16
50  SR-MD 7992 325
30  SR-MD 8193 399
10  WRST 9852 1621
17
50  SR-MD 8661 7803(Y) 377
30  WRST 9282 1636
10  SR-MD 9799 308
18
50  SR-MD 8122 316
30  SR-MD 9335 322
10  WRST 9518 1634
19
50  WRST 10718 1092
30  SR-MD 12061 317
10  WRST 12377 1089
20
50  SR-MD 9875 8897(Y) 353
30  SR-MD 10331 9308(Y) 335
10  SR-MD 10799 368
21
50  SR-MD 3704 359
30  SR-MD 3802 1658
10  WRST 4169 1108
22
50  WRST 3837 1111
30  WRST 4459 1629
10  WRST 4460 1109
23
50  SR-MD 3950 3559(Y) 314
30  WRST 4500 1149
10  SR-MD 4886 1410
24
50  SR-MD 4358 3927(Y) 399
30  SR-MD 4500 325
10  SR-MD 5071 401
25
50  SR-MD 4479 4036(Y) 308
30  SR-MD 4719 4252(Y) 377
10  WRST 4766 1636
26
50  SR-MD 4183 3769(Y) 316
30  SR-MD 4514 4067(Y) 352
10  SR-MD 4569 4117(Y) 322
27
50  SR-MD 2577 397
30  SR-MD 2628 2368(Y) 345
10  WRST 2815 1092
28
50  SR-MD 2241 2019(Y) 353
30  SR-MD 2500 403
10  SR-MD 2538 368
29
50  SR-MD 2609 2351(Y) 307
30  SR-MD 2810 357
10  WRST 3131 1091
30
50  SR-MD 2598 2341(Y) 373
30  WRST 2631 2371(Y) 1075
10  WRST 3222 1114
31
80  WRST 13206 1449
40  SR-MD 13766 1954
32
80  SR-MD 16459 1513
40  WRST 17725 1600
33
80  SR-MD 8916 1723
40  WRST 10004 1455
34
80  SR-MD 10391 1519
40  WRST 10989 1236
35
50  SR-MD 3044 2743(Y) 1658
30  SR-MD 3341 3010(Y) 315
10  WRST 3348 3017(Y) 1108
36
50  SR-MD 3384 354
30  WRST 3444 1112
10  WRST 3456 1111
37
50  SR-MD 3765 362
30  SR-MD 4280 390
10  SR-MD 4511 314
38
50  SR-MD 3625 325
30  SR-MD 3747 355
10  SR-MD 4065 3663(Y) 399
39
50  SR-MD 4105 3699(Y) 377
30  SR-MD 4321 3893(Y) 308
10  WRST 4384 1143
40
50  SR-MD 4062 316
30  SR-MD 4170 3757(Y) 322
10  WRST 4194 1628
41
50  WRST 2160 1092
30  WRST 2241 1089
10  SR-MD 2385 2149(Y) 380
42
50  SR-MD 1976 1781(Y) 387
30  SR-MD 2168 1954(Y) 368
10  SR-MD 2212 335
43
50  SR-MD 2204 1986(Y) 307
30  SR-MD 2446 2204(Y) 375
10  SR-MD 2699 2432(Y) 328
44
50  SR-MD 2396 2159(Y) 323
30  WRST 2489 2243(Y) 1075
10  SR-MD 2559 373
45
50  WRST 3393 3057(Y) 1635
30  SR-MD 3749 349
10  WRST 3791 1155
46
50  WRST 3966 1095
30  WRST 4150 1106
10  SR-MD 4259 1403
47
50  SR-MD 6557 315
30  SR-MD 6582 359
10  WRST 6675 1108
48
50  WRST 6540 1112
30  SR-MD 6965 354
10  WRST 7344 1629
49
50  WRST 6372 1097
30  SR-MD 6688 362
10  WRST 7828 1104
50
50  SR-MD 6818 355
30  SR-MD 8231 336
10  WRST 8747 1146
51
50  SR-MD 7549 361
30  WRST 7784 1636
10  SR-MD 7853 377
52
50  SR-MD 7773 7003(Y) 322
30  SR-MD 7930 7145(Y) 352
10  WRST 7978 1634
53
50  WRST 3896 1089
30  WRST 3977 3583(Y) 1623
10  SR-MD 4138 3728(Y) 345
54
50  SR-MD 3722 387
30  SR-MD 3978 3584(Y) 353
10  SR-MD 3997 3601(Y) 392
55
50  SR-MD 4353 3922(Y) 375
30  SR-MD 4780 4307(Y) 328
10  SR-MD 4971 306
56
50  WRST 4257 3836(Y) 1075
30  SR-MD 4532 323
10  SR-MD 5060 372
57
50  WRST 3310 1108
30  WRST 3484 1145
10  SR-MD 3654 313
58
50  WRST 3243 1111
30  SR-MD 3863 398
10  SR-MD 4437 334
59
50  WRST 3177 2863(Y) 1097
30  SR-MD 3913 390
10  WRST 4349 1104
60
50  SR-MD 3484 355
30  SR-MD 4603 336
10  WRST 4681 1146
61
50  SR-MD 3872 361
30  WRST 4103 1638
10  WRST 4662 1128
62
50  SR-MD 4051 3650(Y) 400
30  WRST 4114 1628
10  WRST 4394 1634
63
50  WRST 2295 1623
30  WRST 2378 1624
10  SR-MD 2593 317
64
50  SR-MD 1875 1690(Y) 387
30  SR-MD 1974 1779(Y) 335
10  SR-MD 2034 392
65
50  SR-MD 2261 2037(Y) 307
30  WRST 2713 2445(Y) 1091
10  SR-MD 2835 375
66
50  SR-MD 2317 2088(Y) 323
30  SR-MD 2318 2089(Y) 373
10  SR-MD 2538 372
67
80  WRST 13472 1860
40  SR-MD 13818 1964
68
80  SR-MD 13772 1300
40  WRST 14732 1609
SCORE:SR-MD,WRST,4080,2220,186.0
