TR-LAND
1
50  LAND 3588 1928
30  TR 6097 1862
2
50  LAND 2939 2648(Y) 873
30  LAND 3284 1468
10  LAND 3322 875
3
50  LAND 3066 851
30  LAND 3201 857
10  LAND 3444 1472
4
50  LAND 3324 1467
30  TR 3605 2038
10  LAND 3856 908
5
50  LAND 3036 2736(Y) 863
30  TR 4326 2033
10  LAND 4375 1938
6
50  LAND 3594 3238(Y) 917
30  LAND 3681 856
10  LAND 3981 852
7
50  LAND 2225 907
30  LAND 2357 1471
10  LAND 2419 1932
8
50  LAND 1812 862
30  LAND 1891 891
10  TR 1908 2028
9
50  LAND 2203 858
30  TR 2406 2037
10  LAND 2503 914
10
50  LAND 1931 845
30  LAND 1994 867
10  LAND 2359 906
11
50  LAND 3547 868
12
50  LAND 2540 919
30  LAND 2911 2623(Y) 855
10  LAND 3053 1929
14
50  LAND 7149 6441(Y) 873
30  LAND 8009 875
15
50  LAND 7734 851
30  LAND 9313 857
16
50  LAND 8812 1467
30  LAND 10362 1466
10  LAND 10646 908
17
50  LAND 7584 6833(Y) 863
30  LAND 12016 1938
18
50  LAND 9677 917
30  LAND 10550 856
10  LAND 10575 864
20
50  LAND 11794 891
30  LAND 12506 869
10  LAND 12844 867
21
50  TR 5599 1862
30  LAND 5784 1928
22
50  LAND 3663 3300(Y) 873
30  LAND 3920 3532(Y) 1468
10  LAND 4409 875
23
50  LAND 3937 3547(Y) 851
30  LAND 5044 857
10  LAND 5722 903
24
50  LAND 4795 1466
30  LAND 5037 1467
10  LAND 5254 870
25
50  LAND 3805 3428(Y) 863
30  LAND 5957 905
10  TR 6171 5560(Y) 2033
26
50  LAND 4865 852
30  LAND 5171 864
10  LAND 5637 909
27
50  LAND 3088 865
30  LAND 4231 1471
10  LAND 4653 915
28
50  LAND 2585 2329(Y) 871
30  LAND 2932 869
10  LAND 3016 897
29
50  LAND 3022 858
30  LAND 3844 1937
10  LAND 6828 911
30
50  LAND 3263 867
30  LAND 3769 845
10  LAND 3876 919
31
80  LAND 13863 2322
32
80  LAND 17093 2323
33
80  LAND 9860 1587
34
80  LAND 10919 1884
35
50  LAND 5003 1928
30  TR 7017 6322(Y) 1862
36
50  LAND 3488 3143(Y) 875
30  LAND 3578 873
10  LAND 5056 896
37
50  LAND 4176 857
30  LAND 4607 1472
10  LAND 4639 912
38
50  LAND 3934 1467
30  TR 4684 2038
10  LAND 4984 908
39
50  LAND 3837 863
30  TR 5328 4800(Y) 2033
10  LAND 5468 905
40
50  LAND 4494 856
30  LAND 5138 864
10  LAND 5194 860
41
50  LAND 2706 907
30  LAND 2921 899
10  LAND 2988 886
42
50  LAND 2247 2025(Y) 891
30  TR 2303 2075(Y) 2028
10  LAND 2551 897
43
50  LAND 2628 914
30  LAND 2838 858
10  LAND 2869 872
44
50  LAND 2360 2127(Y) 845
30  LAND 2659 2396(Y) 867
10  LAND 3035 887
45
50  LAND 3963 868
46
50  LAND 2915 919
30  TR 3646 3285(Y) 1858
10  LAND 3690 1929
47
50  LAND 9606 1928
30  TR 15783 14219(Y) 1862
48
50  LAND 7447 1468
30  LAND 8726 896
49
50  LAND 7237 851
30  LAND 8450 912
10  LAND 8522 1472
50
50  TR 9084 2038
30  LAND 9215 908
10  LAND 10653 870
51
50  TR 9951 8965(Y) 2033
30  LAND 10238 1938
10  LAND 11068 905
52
50  LAND 8140 7334(Y) 917
30  LAND 8975 856
10  LAND 9397 918
53
50  LAND 5284 907
30  LAND 5632 1471
10  LAND 5881 915
54
50  LAND 4213 3796(Y) 862
30  LAND 4556 891
10  TR 4748 4278(Y) 2028
55
50  TR 5872 2037
30  LAND 6147 911
10  LAND 6220 858
56
50  LAND 4431 3992(Y) 845
30  LAND 5569 906
10  LAND 6560 861
58
59
50  LAND 4145 1472
30  LAND 4926 912
60
50  LAND 5316 1466
61
50  LAND 6478 1938
62
50  LAND 4637 917
30  LAND 5212 918
10  LAND 5263 916
63
50  LAND 3363 886
30  LAND 3456 915
64
50  LAND 2406 869
30  LAND 2472 862
10  LAND 2506 897
65
50  LAND 4018 1937
66
50  LAND 3444 887
30  LAND 3706 906
67
80  LAND 16500 1885
40  TR 23051 2204
68
80  LAND 15818 2329
40  TR 20652 2205
SCORE:TR,LAND,610,4860,-425.0
