TR-RMR
1
50  RMR 2668 1672
30  RMR 2908 1813
10  RMR 3010 1694
2
50  RMR 3312 2984(Y) 1666
30  RMR 3347 1812
10  RMR 3407 1806
3
50  RMR 3000 2703(Y) 1630
30  RMR 3011 2713(Y) 1671
10  RMR 3021 2722(Y) 1880
4
50  RMR 3194 1703
30  RMR 3344 3013(Y) 1692
10  TR 3605 2038
5
50  RMR 3262 2939(Y) 1665
30  RMR 3421 1629
10  RMR 4269 1650
6
50  RMR 3206 1648
30  RMR 3605 3248(Y) 1643
10  RMR 4038 3638(Y) 1693
7
50  RMR 1795 1618(Y) 1815
30  RMR 1840 1642
10  RMR 1968 1706
8
50  RMR 1722 1552(Y) 1680
30  RMR 1817 1637(Y) 1664
10  TR 1908 2028
9
50  RMR 2253 1651
30  RMR 2288 1660
10  TR 2406 2037
10
50  RMR 2469 1673
30  RMR 2547 1686
10  RMR 2572 1670
11
50  RMR 3618 1637
30  RMR 4795 1717
12
50  RMR 3731 1687
30  TR 3971 3578(Y) 1858
10  RMR 4914 1633
13
50  RMR 6784 6112(Y) 1672
30  RMR 7375 1694
10  RMR 7880 1813
14
50  RMR 8915 1812
30  RMR 9035 1714
10  RMR 9067 8169(Y) 1666
15
50  RMR 7744 1671
30  RMR 8406 1630
10  RMR 8431 1695
16
50  RMR 8248 7431(Y) 1703
30  RMR 8705 7843(Y) 1692
10  RMR 9975 1649
17
50  RMR 8270 1629
30  RMR 9017 1665
10  RMR 12738 1650
18
50  RMR 8552 7705(Y) 1648
30  RMR 10356 1643
10  RMR 10523 9481(Y) 1693
19
50  RMR 10417 1642
30  RMR 15069 1641
20
50  RMR 10130 9127(Y) 1664
30  RMR 10871 9794(Y) 1680
10  RMR 11632 1621
21
50  RMR 3704 3337(Y) 1672
30  RMR 3916 3528(Y) 1694
10  RMR 4181 1805
22
50  RMR 4438 1718
30  RMR 4538 1812
10  RMR 4554 1806
23
50  RMR 4240 1880
30  RMR 4335 3906(Y) 1671
10  RMR 4403 1630
24
50  RMR 4492 4047(Y) 1703
30  RMR 4641 1692
10  RMR 5254 4734(Y) 1649
25
50  RMR 4444 4004(Y) 1629
30  RMR 4586 4132(Y) 1665
10  TR 6171 5560(Y) 2033
26
50  RMR 4589 4135(Y) 1648
30  RMR 5221 4704(Y) 1643
10  RMR 5598 5044(Y) 1693
27
50  RMR 2523 2273(Y) 1642
30  RMR 3659 1641
10  RMR 4321 1720
28
50  RMR 2520 2271(Y) 1664
30  RMR 2644 1621
10  RMR 2784 2509(Y) 1702
30
50  RMR 4941 1686
30  RMR 5544 1673
31
80  RMR 13703 2311
32
80  RMR 16131 2313
33
80  RMR 9257 2182
34
80  RMR 14540 1820
35
50  RMR 3056 1672
30  RMR 3475 3131(Y) 1694
10  RMR 3681 1712
36
50  RMR 4166 1714
30  RMR 4180 3766(Y) 1718
10  RMR 4265 1701
37
50  RMR 3388 1671
30  RMR 3672 3309(Y) 1630
10  RMR 4038 1880
38
50  RMR 3742 1703
30  RMR 3946 3555(Y) 1692
10  TR 4684 2038
39
50  RMR 3765 1629
30  RMR 3852 3471(Y) 1665
10  TR 5328 4800(Y) 2033
40
50  RMR 4093 3688(Y) 1648
30  RMR 4518 4071(Y) 1643
10  RMR 5195 1693
41
50  RMR 2364 2130(Y) 1815
30  RMR 2414 1706
10  RMR 2531 2281(Y) 1642
42
50  RMR 2165 1951(Y) 1680
30  RMR 2272 2047(Y) 1713
10  TR 2303 2075(Y) 2028
43
50  RMR 2753 2481(Y) 1660
30  RMR 2975 2681(Y) 1656
10  RMR 3116 1651
44
50  RMR 2926 1673
30  RMR 3204 2887(Y) 1686
10  RMR 3238 1711
45
50  RMR 5166 1637
30  RMR 5316 4790(Y) 1717
46
50  TR 3646 3285(Y) 1858
30  RMR 4189 1687
10  RMR 5227 1814
47
50  RMR 6635 1813
30  RMR 6881 1805
10  RMR 7061 6362(Y) 1712
48
50  RMR 7619 1812
30  RMR 7800 1666
10  RMR 8069 7270(Y) 1718
49
50  RMR 7489 6747(Y) 1719
30  RMR 7618 1695
10  RMR 7660 1625
50
50  TR 9084 2038
30  RMR 9147 1807
10  RMR 9410 1708
51
50  TR 9951 8965(Y) 2033
30  RMR 10140 1650
10  RMR 11437 1689
52
50  RMR 9847 1811
30  RMR 10194 1661
10  RMR 10676 1685
53
50  RMR 3984 3590(Y) 1815
30  RMR 4473 1706
10  RMR 5186 1641
54
50  RMR 3805 3428(Y) 1680
30  RMR 3968 3575(Y) 1664
10  RMR 4206 3790(Y) 1621
55
50  RMR 5275 1660
30  TR 5872 2037
10  RMR 6172 1651
56
50  RMR 5951 1686
30  RMR 6422 1670
10  RMR 6529 1673
57
50  RMR 3452 1813
30  RMR 3557 1712
10  RMR 3588 1805
58
50  RMR 3931 1714
30  RMR 4089 1666
10  RMR 4321 1659
59
50  RMR 3287 2962(Y) 1880
30  RMR 3792 1695
10  RMR 4312 1884
60
50  RMR 4802 4327(Y) 1708
30  RMR 4918 1649
10  RMR 5016 1710
61
50  RMR 5569 1650
62
50  RMR 5663 1811
30  RMR 6003 1661
10  RMR 7106 1715
63
50  RMR 2337 1815
30  RMR 3219 1641
64
50  RMR 1994 1621
30  RMR 2369 2135(Y) 1702
10  RMR 2612 1713
65
50  RMR 2662 1651
30  RMR 3166 1660
66
50  RMR 5010 1816
67
80  RMR 14534 1756
40  TR 23051 2204
68
80  RMR 16522 2320
40  TR 20652 2205
SCORE:TR,RMR,360,5550,-519.0
