TR-SR-MD
1
50  SR-MD 3063 1820
30  TR 6097 1862
2
50  SR-MD 3122 2813(Y) 1823
30  SR-MD 3184 1368
10  SR-MD 3569 1340
3
50  SR-MD 3046 2745(Y) 1414
30  SR-MD 3126 1359
10  SR-MD 3172 1388
4
50  SR-MD 2948 1353
30  SR-MD 3032 1400
10  SR-MD 3089 1361
5
50  SR-MD 4065 1390
30  SR-MD 4132 1367
10  TR 4326 2033
6
50  SR-MD 3744 1418
30  SR-MD 3765 1833
10  SR-MD 3932 1315
7
50  SR-MD 1702 1534(Y) 1395
30  SR-MD 1846 1967
10  SR-MD 1892 1427
8
50  SR-MD 1700 1532(Y) 1335
30  SR-MD 1859 1316
10  SR-MD 1877 1691(Y) 1318
9
50  SR-MD 1877 1691(Y) 1821
30  SR-MD 1943 1369
10  SR-MD 2103 1426
10
50  SR-MD 2007 1809(Y) 1394
30  SR-MD 2392 1830
10  SR-MD 2532 1326
11
50  SR-MD 3133 1425
30  SR-MD 3144 1829
10  SR-MD 3491 1415
12
50  SR-MD 3434 1407
30  SR-MD 3569 1330
10  SR-MD 3709 1358
13
50  SR-MD 6409 1354
30  SR-MD 8121 1820
14
50  SR-MD 7407 1368
30  SR-MD 8037 1823
10  SR-MD 9319 1351
15
50  SR-MD 7877 1359
30  SR-MD 8044 1414
10  SR-MD 8337 1370
16
50  SR-MD 7127 1353
30  SR-MD 7813 1361
10  SR-MD 7839 1400
17
50  SR-MD 11698 1367
30  SR-MD 12568 1409
10  SR-MD 12596 1390
18
50  SR-MD 9814 1418
30  SR-MD 9862 1350
10  SR-MD 11223 1360
19
50  SR-MD 10132 9128(Y) 1395
30  SR-MD 12404 1427
10  SR-MD 12845 1373
20
50  SR-MD 11007 1335
30  SR-MD 12046 1316
10  SR-MD 12404 1417
21
50  SR-MD 4003 1820
30  TR 5599 1862
22
50  SR-MD 3771 1368
30  SR-MD 3988 3593(Y) 1823
10  SR-MD 4926 1351
23
50  SR-MD 3886 3501(Y) 1414
30  SR-MD 4006 1370
10  SR-MD 4083 1359
24
50  SR-MD 3834 1400
30  SR-MD 4151 1361
10  SR-MD 4752 1320
25
50  SR-MD 5345 1381
30  SR-MD 5633 1409
10  SR-MD 5851 1367
26
50  SR-MD 4817 4340(Y) 1360
30  SR-MD 5083 1418
10  SR-MD 5378 1375
27
50  SR-MD 2509 1395
30  SR-MD 2677 1373
10  SR-MD 2752 1967
28
50  SR-MD 2459 2216(Y) 1335
30  SR-MD 2527 1318
10  SR-MD 2851 1355
29
50  SR-MD 2531 2281(Y) 1821
30  SR-MD 3434 1369
10  SR-MD 3495 1398
30
50  SR-MD 4018 1326
30  SR-MD 4094 1394
31
80  SR-MD 13346 1703
32
80  SR-MD 19166 1764
33
80  SR-MD 9369 2194
34
80  SR-MD 11728 2380
35
50  SR-MD 3116 1354
30  TR 7017 6322(Y) 1862
36
50  SR-MD 3695 3329(Y) 1823
30  SR-MD 3841 1368
10  SR-MD 4286 1340
37
50  SR-MD 3676 1359
30  SR-MD 3718 3350(Y) 1414
10  SR-MD 3954 1370
38
50  SR-MD 3435 1353
30  SR-MD 3591 1361
10  SR-MD 3613 3255(Y) 1400
39
50  SR-MD 4970 1323
30  SR-MD 5160 1367
10  SR-MD 5223 1322
40
50  SR-MD 4205 1833
30  SR-MD 4319 3891(Y) 1350
10  SR-MD 4848 1418
41
50  SR-MD 2249 1395
30  SR-MD 2308 1399
10  SR-MD 2315 2086(Y) 1967
42
50  SR-MD 2245 1335
30  SR-MD 2265 1317
10  TR 2303 2075(Y) 2028
43
50  SR-MD 2239 1821
30  SR-MD 2558 2305(Y) 1344
10  SR-MD 2559 1369
44
50  SR-MD 2331 2100(Y) 1394
30  SR-MD 3002 1321
10  SR-MD 3396 1328
45
50  SR-MD 4501 1337
30  SR-MD 4574 1829
10  SR-MD 4976 1425
46
50  TR 3646 3285(Y) 1858
30  SR-MD 3672 1330
10  SR-MD 4725 1407
47
50  SR-MD 5823 1354
30  SR-MD 7528 1820
10  TR 15783 14219(Y) 1862
48
50  SR-MD 8492 1340
30  SR-MD 8822 1351
10  SR-MD 10050 1401
49
50  SR-MD 7265 1370
30  SR-MD 7351 1389
10  SR-MD 7463 1388
50
50  SR-MD 6488 1353
30  SR-MD 8320 1320
10  TR 9084 2038
51
50  TR 9951 8965(Y) 2033
30  SR-MD 10270 1390
10  SR-MD 10669 1323
52
50  SR-MD 8914 1350
30  SR-MD 9621 1315
10  SR-MD 9942 1405
53
50  SR-MD 4469 1399
30  SR-MD 4519 1967
10  SR-MD 4572 1327
54
50  SR-MD 4150 3739(Y) 1316
30  SR-MD 4241 1317
10  TR 4748 4278(Y) 2028
55
50  SR-MD 4413 3976(Y) 1821
30  SR-MD 4877 1369
10  SR-MD 5307 1426
56
50  SR-MD 4617 4160(Y) 1394
30  SR-MD 6199 1830
10  SR-MD 6719 1321
57
50  SR-MD 3018 1354
58
50  SR-MD 4022 1351
30  SR-MD 4681 1340
59
50  SR-MD 3558 1388
30  SR-MD 4667 1380
10  SR-MD 5098 1428
60
50  SR-MD 4169 1320
30  SR-MD 4606 1336
61
62
50  SR-MD 4718 1833
30  SR-MD 5453 1363
10  SR-MD 5471 1350
63
50  SR-MD 2610 1373
30  SR-MD 2758 1427
10  SR-MD 2852 1399
64
50  SR-MD 2422 1417
30  SR-MD 2715 1316
10  SR-MD 2939 1317
65
50  SR-MD 3030 1426
30  SR-MD 3270 1344
10  SR-MD 3291 1396
66
50  SR-MD 4170 1321
30  SR-MD 4213 1326
67
80  SR-MD 17607 1944
40  TR 23051 2204
68
80  SR-MD 16550 2383
40  TR 20652 2205
SCORE:TR,SR-MD,320,5610,-529.0
