TR-VOU
1
50  VOU 2731 262
30  VOU 3069 310
10  VOU 3115 283
2
50  VOU 3429 1771
30  VOU 3503 1769
10  VOU 3506 245
3
50  VOU 3008 282
30  VOU 3125 333
10  VOU 3483 232
4
50  TR 3605 2038
30  VOU 3669 242
10  VOU 3810 1761
5
50  VOU 2938 274
30  VOU 3116 345
10  VOU 3185 2870(Y) 1786
6
50  VOU 3656 299
30  VOU 3900 253
10  VOU 3975 270
7
50  VOU 1655 1778
30  VOU 1703 246
10  VOU 1726 1555(Y) 269
8
50  VOU 1758 1783
30  VOU 1848 1665(Y) 243
10  VOU 1895 334
9
50  TR 2406 2037
30  VOU 2477 1782
10  VOU 2739 234
10
50  VOU 2219 340
30  VOU 2389 330
10  VOU 2964 1764
11
50  VOU 2348 2116(Y) 230
30  VOU 3181 318
10  VOU 4232 281
12
50  VOU 2649 2387(Y) 1776
30  VOU 2804 2527(Y) 1772
10  VOU 3608 228
13
50  VOU 6277 262
30  VOU 8511 310
10  VOU 8604 283
14
50  VOU 8983 267
30  VOU 8995 1771
15
50  VOU 7890 333
30  VOU 8000 282
16
50  VOU 9295 242
30  VOU 10871 307
10  VOU 11187 277
17
50  VOU 7545 6798(Y) 274
30  VOU 7818 7044(Y) 1786
10  VOU 8516 323
18
50  VOU 9049 8153(Y) 299
30  VOU 11306 278
10  VOU 11610 253
19
50  VOU 11232 269
30  VOU 11354 1778
10  VOU 13360 308
20
50  VOU 12451 236
30  VOU 12715 243
10  VOU 13364 334
21
50  VOU 3171 262
30  VOU 4203 264
10  VOU 4278 280
22
50  VOU 4450 1771
30  VOU 4627 245
10  VOU 4633 302
23
50  VOU 3796 3420(Y) 282
30  VOU 4669 293
10  VOU 4935 335
24
50  VOU 5085 242
30  VOU 5145 277
10  VOU 5312 326
25
50  VOU 3783 1786
30  VOU 3817 3439(Y) 274
10  VOU 4247 3827(Y) 323
26
50  VOU 5080 278
30  VOU 5273 299
10  VOU 5292 254
27
50  VOU 2551 2299(Y) 246
30  VOU 2719 279
10  VOU 2720 269
28
50  VOU 2600 2343(Y) 243
30  VOU 2707 1783
10  VOU 2796 334
29
50  VOU 3126 1782
30
50  VOU 3314 340
30  VOU 4183 1898
10  VOU 4325 330
31
80  VOU 14008 2385
32
80  VOU 15422 2388
33
80  VOU 10073 1323
34
80  VOU 17587 1727
35
50  VOU 3078 262
30  VOU 3838 283
10  VOU 4184 280
36
50  VOU 3983 267
30  VOU 4069 1771
10  VOU 4146 1769
37
50  VOU 3584 333
30  VOU 4487 335
10  VOU 4689 295
38
50  VOU 4538 326
30  TR 4684 2038
10  VOU 4775 307
39
50  VOU 3540 323
30  VOU 3563 345
10  VOU 3788 274
40
50  VOU 4144 3734(Y) 299
30  VOU 4613 253
10  VOU 5271 2055
41
50  VOU 2126 1778
30  VOU 2145 1933(Y) 269
10  VOU 2302 2074(Y) 308
42
50  VOU 2165 1783
30  VOU 2264 2040(Y) 243
10  TR 2303 2075(Y) 2028
43
50  VOU 3365 234
30  TR 3386 2037
10  VOU 3582 1782
44
50  VOU 2987 340
30  VOU 3376 292
10  TR 3462 3119(Y) 1865
45
50  VOU 3795 318
30  VOU 4171 230
10  VOU 5664 281
46
50  VOU 3220 2901(Y) 1772
30  TR 3646 3285(Y) 1858
10  VOU 4391 1776
47
50  VOU 7026 310
30  VOU 7346 283
10  VOU 7588 280
48
50  VOU 7862 267
30  VOU 8200 1769
10  VOU 8290 296
49
50  VOU 6808 333
30  VOU 7934 232
10  VOU 8862 293
50
50  TR 9084 2038
30  VOU 9150 1761
10  VOU 9216 307
51
50  VOU 6856 345
30  VOU 6888 323
10  VOU 7144 1786
52
50  VOU 9138 253
30  VOU 9388 270
10  VOU 10526 260
53
50  VOU 3789 1778
30  VOU 3989 3594(Y) 246
10  VOU 4528 279
54
50  VOU 4583 226
30  TR 4748 4278(Y) 2028
10  VOU 4826 334
55
50  TR 5872 2037
30  VOU 7590 234
10  TR 7760 2027
56
50  VOU 5138 330
30  VOU 7055 1772
10  VOU 7402 1764
57
50  VOU 3521 310
30  VOU 4065 1768
10  VOU 4118 280
58
50  VOU 3813 267
30  VOU 4820 296
59
50  VOU 3438 282
30  VOU 5969 344
60
50  VOU 4139 242
30  VOU 4672 307
10  VOU 5850 277
61
50  VOU 3387 345
30  VOU 4065 1767
10  VOU 4289 313
62
50  VOU 5431 278
63
50  VOU 2079 1873(Y) 308
30  VOU 2977 319
10  VOU 3040 346
64
50  VOU 2191 236
30  VOU 2790 331
10  VOU 3471 291
66
50  VOU 4644 292
67
80  VOU 14034 2216
40  TR 23051 2204
68
80  VOU 16361 2219
40  TR 20652 2205
SCORE:TR,VOU,430,5460,-503.0
