TVT-WM
1
50  TVT 11250 1868
30  WM 11381 409
10  TVT 11778 1909
2
50  WM 9257 442
30  TVT 9773 1951
10  WM 10290 397
3
50  TVT 7662 1866
30  TVT 8557 1845
10  TVT 9372 1913
4
50  WM 8102 420
30  TVT 9433 1917
10  WM 10572 426
5
50  TVT 7571 1867
30  WM 7746 354
10  WM 8813 396
6
50  TVT 7397 1888
30  TVT 7590 1911
10  WM 9098 366
7
50  WM 7315 362
30  WM 7745 395
10  TVT 9332 1900
8
50  TVT 6297 1874
30  WM 6781 429
10  WM 8122 418
9
50  WM 2723 424
30  WM 4715 386
10  WM 4725 349
10
50  WM 2822 399
30  TVT 3245 1950
10  TVT 3347 1908
11
50  TVT 2259 1952
30  TVT 2350 1890
10  TVT 2359 1892
12
50  WM 1872 422
30  WM 2007 398
10  TVT 2033 1946
13
50  WM 4088 368
30  TVT 4097 1868
10  TVT 4514 1853
14
50  WM 3604 344
30  WM 3605 370
10  WM 3615 442
15
50  TVT 3063 1866
30  WM 3354 413
10  TVT 3357 1845
16
50  WM 3172 419
30  WM 3212 420
10  WM 3678 376
17
50  WM 6889 447
30  TVT 6991 1867
10  TVT 7376 1910
18
50  TVT 6400 1911
30  WM 6745 449
10  TVT 6771 1888
19
50  WM 6491 362
30  WM 6744 395
10  TVT 8321 1900
20
50  TVT 5377 1899
30  TVT 5753 1874
10  WM 6571 418
21
50  WM 3807 424
30  WM 4444 369
10  WM 4552 400
22
50  WM 3663 399
30  TVT 3774 1908
10  WM 3854 438
23
50  TVT 2634 1892
30  TVT 2684 1952
10  TVT 2980 1890
24
50  WM 2235 422
30  WM 2456 398
10  TVT 2567 1946
25
50  WM 2297 368
30  TVT 2553 1909
10  WM 2578 409
26
50  WM 1956 357
30  WM 2032 442
10  WM 2334 364
27
50  TVT 4013 1845
30  WM 4469 421
10  TVT 4915 1859
28
50  WM 3978 419
30  WM 4551 426
10  TVT 5289 1880
29
50  WM 3591 447
30  WM 3647 354
10  TVT 3845 1910
30
50  TVT 3535 1888
30  TVT 3733 1911
10  WM 3774 449
31
80  WM 3342 362
40  WM 3633 395
0  WM 3985 382
32
80  TVT 2849 1899
40  TVT 3656 1860
0  WM 4063 339
33
80  TVT 2840 1952
40  TVT 3641 1890
34
80  WM 2535 422
40  TVT 2670 1946
0  WM 3318 434
35
50  TVT 2166 1868
30  WM 2172 368
10  WM 2301 435
36
50  WM 1782 370
30  WM 1856 344
10  TVT 2050 1856
37
50  TVT 3427 1866
30  WM 3887 413
10  TVT 4109 1913
38
50  WM 3441 419
30  TVT 4381 1917
10  WM 5119 426
39
50  TVT 3496 1867
30  WM 3809 447
10  WM 3952 428
40
50  TVT 3217 1888
42
50  TVT 2764 1899
30  TVT 2776 1874
10  WM 2804 429
43
50  WM 2913 410
30  TVT 3133 1952
10  TVT 3244 1892
44
50  TVT 2528 1946
30  WM 3271 398
10  TVT 3303 1896
45
50  WM 2656 425
30  TVT 2798 1853
10  WM 2820 409
46
50  WM 2401 397
30  WM 2450 361
10  TVT 2600 1856
47
50  TVT 4616 1913
30  TVT 4678 1916
10  TVT 5321 1861
48
50  WM 4140 420
30  TVT 5013 1917
10  TVT 5643 1886
49
50  WM 3902 354
30  WM 4207 396
10  TVT 4377 1910
50
50  TVT 3877 1911
30  WM 4287 449
10  WM 5900 406
51
50  WM 4555 382
30  TVT 4934 1885
10  WM 5679 416
52
50  TVT 3306 1874
30  WM 3656 429
10  TVT 3969 1860
53
50  TVT 16803 1828
30  WM 18189 1662
54
50  WM 11382 1658
30  TVT 12231 1815
55
50  TVT 19785 1818
56
50  TVT 17443 1820
57
50  TVT 14320 1822
58
50  TVT 17419 1825
59
50  WM 14150 1660
30  TVT 15096 1826
61
50  TVT 13181 1827
30  WM 14309 1661
SCORE:TVT,WM,2540,2650,-11.0
