TVT-WCSC
1
50  WCSC 8690 844
30  WCSC 9353 884
10  TVT 11250 1868
2
50  TVT 9773 1951
30  TVT 10577 1856
10  WCSC 10839 784
3
50  TVT 7662 1866
30  WCSC 7943 800
10  TVT 8557 1845
4
50  WCSC 8409 810
30  TVT 9433 1917
10  WCSC 9688 775
5
50  TVT 7571 1867
30  WCSC 7784 895
10  WCSC 9901 832
6
50  TVT 7397 1888
30  TVT 7590 1911
10  WCSC 7896 776
7
50  WCSC 8963 860
30  TVT 9332 1900
10  WCSC 9778 900
8
50  TVT 6297 1874
30  WCSC 7650 843
10  WCSC 7728 787
9
50  WCSC 3175 869
30  WCSC 3328 872
10  TVT 4928 1875
10
50  TVT 3245 1950
30  TVT 3347 1908
10  WCSC 3536 830
11
50  WCSC 1889 855
30  WCSC 2129 826
10  WCSC 2194 862
12
50  WCSC 1740 870
30  WCSC 1904 877
10  TVT 2033 1946
13
50  WCSC 3738 871
30  WCSC 3787 884
10  TVT 4097 1868
14
50  TVT 3875 1951
30  TVT 4012 1879
10  WCSC 4129 831
15
50  TVT 3063 1866
30  WCSC 3219 896
10  WCSC 3312 840
16
50  WCSC 3434 775
30  WCSC 3517 863
10  WCSC 3730 847
17
50  TVT 6991 1867
30  WCSC 7082 859
10  WCSC 7348 845
18
50  TVT 6400 1911
30  WCSC 6674 798
10  TVT 6771 1888
19
50  WCSC 7938 860
30  WCSC 7996 881
10  WCSC 8133 835
20
50  TVT 5377 1899
30  TVT 5753 1874
10  WCSC 6297 843
21
50  WCSC 3090 869
30  WCSC 4438 872
10  TVT 4982 1875
22
50  TVT 3774 1908
30  TVT 4170 1950
10  WCSC 4634 830
23
50  WCSC 2098 817
30  TVT 2634 1892
10  WCSC 2637 898
24
50  WCSC 1929 801
30  WCSC 2358 877
10  TVT 2567 1946
25
50  WCSC 2043 816
30  WCSC 2299 839
10  WCSC 2317 805
26
50  WCSC 2111 784
30  TVT 2397 1898
10  TVT 2513 1907
27
50  WCSC 3813 800
30  TVT 4013 1845
10  TVT 4915 1859
28
50  WCSC 4178 810
30  TVT 5289 1880
10  WCSC 5603 847
29
50  WCSC 3500 895
30  TVT 3845 1910
10  WCSC 4621 858
30
50  TVT 3535 1888
30  TVT 3733 1911
10  WCSC 3909 821
31
80  WCSC 3840 803
40  TVT 4059 1900
0  WCSC 4301 835
32
80  TVT 2849 1899
40  WCSC 3606 864
0  TVT 3656 1860
33
80  WCSC 2225 826
40  WCSC 2500 817
0  TVT 2840 1952
34
80  WCSC 2223 877
40  TVT 2670 1946
0  WCSC 2855 857
35
50  WCSC 1938 871
30  TVT 2166 1868
10  WCSC 2327 816
36
50  TVT 2050 1856
30  TVT 2078 1951
10  WCSC 2122 876
37
50  TVT 3427 1866
30  WCSC 3982 840
10  TVT 4109 1913
38
50  WCSC 4317 863
30  TVT 4381 1917
10  WCSC 4653 775
39
50  WCSC 3434 859
30  TVT 3496 1867
10  WCSC 4315 828
40
50  TVT 3217 1888
30  WCSC 3463 798
10  WCSC 4046 880
41
50  WCSC 3803 803
30  WCSC 3928 900
10  WCSC 4422 807
42
50  TVT 2764 1899
30  TVT 2776 1874
10  WCSC 3134 787
43
50  WCSC 2682 855
30  WCSC 3027 826
10  TVT 3133 1952
44
50  WCSC 2112 801
30  TVT 2528 1946
10  WCSC 2583 870
45
50  WCSC 2151 844
30  TVT 2798 1853
10  WCSC 2864 805
46
50  WCSC 2403 831
30  TVT 2600 1856
10  TVT 2637 1907
47
50  WCSC 4162 896
30  TVT 4616 1913
10  TVT 4678 1916
48
50  WCSC 4555 810
30  TVT 5013 1917
10  TVT 5643 1886
49
50  TVT 4377 1910
30  WCSC 4656 845
10  WCSC 6387 788
50
50  TVT 3877 1911
30  WCSC 4113 776
10  WCSC 4549 798
51
50  WCSC 4467 860
30  TVT 4934 1885
10  WCSC 5658 835
52
50  TVT 3306 1874
30  WCSC 3963 864
10  TVT 3969 1860
53
50  WCSC 16033 1707
30  TVT 16803 1828
54
50  WCSC 7650 1692
30  TVT 12231 1815
55
50  WCSC 16081 1695
30  TVT 19785 1818
56
50  TVT 17443 1820
30  WCSC 17798 1697
57
50  WCSC 13322 1699
30  TVT 14320 1822
58
50  TVT 17419 1825
30  WCSC 18199 1702
59
50  WCSC 13190 1703
30  TVT 15096 1826
60
50  WCSC 15089 1704
61
50  WCSC 12596 1705
30  TVT 13181 1827
SCORE:TVT,WCSC,2350,3140,-79.0
