TVT-CR
1
50  TVT 11250 1868
30  CR 11712 3318
10  TVT 11778 1909
2
50  TVT 9773 1951
30  TVT 10577 1856
10  TVT 11309 1879
3
50  TVT 7662 1866
30  TVT 8557 1845
10  CR 9232 3319
4
50  CR 8600 3475
30  TVT 9433 1917
10  CR 10240 3470
5
50  TVT 7571 1867
30  CR 8527 3299
10  CR 9890 3341
6
50  TVT 7397 1888
30  TVT 7590 1911
10  TVT 13171 1905
7
50  CR 9051 3476
30  TVT 9332 1900
10  TVT 9869 1844
8
50  TVT 6297 1874
30  CR 6896 3314
10  CR 7457 3298
9
50  CR 2966 3340
30  CR 2986 3297
10  CR 3035 3342
10
50  TVT 3245 1950
30  TVT 3347 1908
10  CR 3769 3292
11
50  TVT 2259 1952
30  TVT 2350 1890
10  TVT 2359 1892
12
50  TVT 2033 1946
30  CR 2227 3313
10  TVT 2513 1903
13
50  TVT 4097 1868
30  TVT 4514 1853
10  CR 4676 3318
14
50  TVT 3875 1951
30  TVT 4012 1879
10  CR 4819 3320
15
50  TVT 3063 1866
30  TVT 3357 1845
10  CR 3501 3319
16
50  CR 3247 3475
30  CR 3667 3315
10  CR 3858 3470
17
50  TVT 6991 1867
30  TVT 7376 1910
10  CR 7574 3299
18
50  TVT 6400 1911
30  TVT 6771 1888
10  TVT 11457 1905
19
50  CR 8297 3476
30  TVT 8321 1900
20
50  TVT 5377 1899
30  TVT 5753 1874
10  CR 6211 3314
21
50  CR 3135 3340
30  CR 3330 3342
10  CR 3584 3297
22
50  TVT 3774 1908
30  TVT 4170 1950
10  TVT 5940 1839
23
50  TVT 2634 1892
30  TVT 2684 1952
10  CR 2932 3302
24
50  TVT 2567 1946
30  CR 2928 3313
10  TVT 3113 1935
25
50  CR 2378 3334
30  CR 2545 3321
10  TVT 2553 1909
26
50  TVT 2397 1898
30  TVT 2513 1907
10  CR 2584 3337
27
50  TVT 4013 1845
30  CR 4382 3319
10  TVT 4915 1859
28
50  CR 3958 3475
30  CR 4915 3315
10  TVT 5289 1880
29
50  TVT 3845 1910
30  CR 3934 3299
10  CR 4923 3305
30
50  TVT 3535 1888
30  TVT 3733 1911
10  TVT 6939 1905
31
80  TVT 4059 1900
40  CR 4231 3476
32
80  TVT 2849 1899
40  CR 3125 3314
0  TVT 3656 1860
33
80  TVT 2840 1952
40  CR 3483 3332
0  TVT 3641 1890
34
80  TVT 2670 1946
40  CR 3214 3313
0  TVT 3389 1896
35
50  TVT 2166 1868
30  CR 2349 3321
10  CR 2500 3334
36
50  TVT 2050 1856
30  TVT 2078 1951
10  TVT 2336 1898
37
50  TVT 3427 1866
30  TVT 4109 1913
10  TVT 4780 1916
38
50  CR 3709 3475
30  TVT 4381 1917
10  CR 4460 3470
39
50  TVT 3496 1867
30  CR 4012 3299
10  CR 4917 3341
40
50  TVT 3217 1888
41
50  CR 3916 3476
42
50  TVT 2764 1899
30  TVT 2776 1874
10  CR 3003 3298
43
50  TVT 3133 1952
30  TVT 3244 1892
10  CR 3545 3332
44
50  TVT 2528 1946
30  TVT 3303 1896
10  TVT 3571 1903
45
50  CR 2738 3321
30  TVT 2798 1853
10  TVT 3004 1920
46
50  TVT 2600 1856
30  TVT 2637 1907
10  TVT 2667 1879
47
50  TVT 4616 1913
30  TVT 4678 1916
10  CR 4747 3319
48
50  TVT 5013 1917
30  TVT 5643 1886
10  CR 6163 3312
49
50  TVT 4377 1910
30  CR 5183 3305
10  CR 5388 3300
50
50  TVT 3877 1911
51
50  TVT 4934 1885
52
50  TVT 3306 1874
30  CR 3675 3314
10  TVT 3969 1860
53
50  TVT 16803 1828
54
50  TVT 12231 1815
30  CR 12468 2010
55
50  TVT 19785 1818
56
50  TVT 17443 1820
57
50  TVT 14320 1822
58
50  CR 15619 2063
30  TVT 17419 1825
59
50  TVT 15096 1826
30  CR 17846 2014
61
50  TVT 13181 1827
SCORE:TVT,CR,3580,1540,204.0
