TVT-CASC
1
50  CASC 10350 2559
30  TVT 11250 1868
10  TVT 11778 1909
2
50  TVT 9773 1951
30  TVT 10577 1856
10  TVT 11309 1879
3
50  TVT 7662 1866
30  CASC 8249 2560
10  TVT 8557 1845
4
50  TVT 9433 1917
30  CASC 9625 2570
10  CASC 9843 2565
5
50  TVT 7571 1867
6
50  TVT 7397 1888
30  TVT 7590 1911
10  TVT 13171 1905
7
50  CASC 7566 2596
30  TVT 9332 1900
10  TVT 9869 1844
8
50  TVT 6297 1874
30  CASC 6676 2589
10  CASC 7000 2582
9
50  CASC 4132 2558
30  TVT 4928 1875
10  TVT 5723 1865
10
50  TVT 3245 1950
30  TVT 3347 1908
10  TVT 5460 1948
11
50  TVT 2259 1952
30  TVT 2350 1890
10  TVT 2359 1892
12
50  CASC 1967 2569
30  TVT 2033 1946
10  CASC 2387 2571
13
50  TVT 4097 1868
30  TVT 4514 1853
10  CASC 5127 2583
14
50  TVT 3875 1951
30  CASC 3920 2567
10  TVT 4012 1879
15
50  TVT 3063 1866
30  CASC 3326 2560
10  TVT 3357 1845
16
50  CASC 3723 2565
30  CASC 3791 2570
10  TVT 4169 1880
17
50  TVT 6991 1867
30  TVT 7376 1910
18
50  TVT 6400 1911
30  TVT 6771 1888
10  TVT 11457 1905
19
50  CASC 7263 2581
30  TVT 8321 1900
20
50  TVT 5377 1899
30  TVT 5753 1874
10  CASC 5976 2589
21
50  CASC 4897 2558
30  TVT 4982 1875
10  TVT 6514 1865
22
50  TVT 3774 1908
30  TVT 4170 1950
10  TVT 5940 1839
23
50  TVT 2634 1892
30  TVT 2684 1952
10  TVT 2980 1890
24
50  TVT 2567 1946
30  CASC 2707 2569
10  CASC 2839 2571
25
50  CASC 2255 2559
30  TVT 2553 1909
10  TVT 2657 1853
26
50  CASC 2159 2567
30  TVT 2397 1898
10  CASC 2461 2561
27
50  TVT 4013 1845
30  CASC 4156 2595
10  CASC 4365 2568
28
50  CASC 5026 2573
30  TVT 5289 1880
10  CASC 5736 2584
29
50  TVT 3845 1910
30  TVT 5952 1897
30
50  TVT 3535 1888
30  TVT 3733 1911
10  TVT 6939 1905
31
80  CASC 3307 2596
40  CASC 3897 2581
0  TVT 4059 1900
32
80  TVT 2849 1899
40  CASC 3368 2582
0  CASC 3454 2593
33
80  TVT 2840 1952
40  TVT 3641 1890
34
80  TVT 2670 1946
40  TVT 3389 1896
35
50  CASC 2100 2559
30  TVT 2166 1868
10  TVT 2603 1909
36
50  TVT 2050 1856
30  TVT 2078 1951
10  TVT 2336 1898
37
50  TVT 3427 1866
30  CASC 3762 2560
10  TVT 4109 1913
38
50  TVT 4381 1917
30  CASC 6298 2573
10  TVT 7064 1848
39
50  TVT 3496 1867
40
50  TVT 3217 1888
41
50  CASC 3334 2596
30  CASC 4049 2594
42
50  TVT 2764 1899
30  TVT 2776 1874
10  CASC 3113 2593
43
50  TVT 3133 1952
30  TVT 3244 1892
10  TVT 3675 1890
44
50  TVT 2528 1946
30  CASC 2689 2569
10  TVT 3303 1896
45
50  CASC 2417 2559
30  TVT 2798 1853
10  CASC 2814 2583
46
50  CASC 2299 2567
30  TVT 2600 1856
10  TVT 2637 1907
47
50  CASC 4506 2568
30  TVT 4616 1913
10  TVT 4678 1916
48
50  CASC 4834 2565
30  TVT 5013 1917
10  TVT 5643 1886
49
50  TVT 4377 1910
30  TVT 7524 1897
50
50  TVT 3877 1911
51
50  CASC 4516 2594
30  CASC 4555 2581
10  TVT 4934 1885
52
50  TVT 3306 1874
30  CASC 3417 2589
10  CASC 3541 2585
53
50  TVT 16803 1828
54
50  CASC 12204 1913
30  TVT 12231 1815
55
50  TVT 19785 1818
56
50  TVT 17443 1820
30  CASC 18359 1914
57
50  CASC 14158 1915
30  TVT 14320 1822
58
50  CASC 16135 1917
30  TVT 17419 1825
59
50  TVT 15096 1826
61
50  CASC 12488 1918
30  TVT 13181 1827
SCORE:TVT,CASC,3360,1780,158.0
