TVT-AND
1
50  AND 9931 1090
30  AND 10053 1040
10  AND 10600 1107
2
50  TVT 9773 1951
30  TVT 10577 1856
10  TVT 11309 1879
3
50  TVT 7662 1866
30  AND 8533 1041
10  TVT 8557 1845
4
50  AND 8178 1089
30  AND 8422 1120
10  TVT 9433 1917
5
50  AND 7363 1095
30  TVT 7571 1867
10  AND 9390 1124
6
50  TVT 7397 1888
30  TVT 7590 1911
10  AND 8681 1127
7
50  AND 7909 1094
30  TVT 9332 1900
10  AND 9389 1155
8
50  TVT 6297 1874
30  TVT 8188 1860
10  AND 8629 1101
9
50  AND 4037 1072
30  AND 4153 1046
10  AND 4725 1149
10
50  TVT 3245 1950
30  TVT 3347 1908
10  AND 3468 1139
11
50  AND 2150 1034
30  AND 2224 1105
10  TVT 2259 1952
12
50  TVT 2033 1946
30  AND 2387 1066
10  TVT 2513 1903
13
50  AND 3820 1054
30  AND 3843 1107
10  TVT 4097 1868
14
50  TVT 3875 1951
30  TVT 4012 1879
10  AND 4141 1080
15
50  TVT 3063 1866
30  TVT 3357 1845
10  AND 3380 1122
16
50  AND 3513 1079
30  AND 3896 1053
10  AND 4127 1050
17
50  AND 6284 1121
30  AND 6286 1095
10  TVT 6991 1867
18
50  TVT 6400 1911
30  TVT 6771 1888
10  AND 7423 1127
19
50  AND 7168 1108
30  AND 7177 1137
10  AND 7929 1113
20
50  TVT 5377 1899
30  TVT 5753 1874
10  AND 5943 1125
21
50  AND 4686 1072
30  AND 4868 1174
10  TVT 4982 1875
22
50  TVT 3774 1908
30  TVT 4170 1950
10  AND 4911 1139
23
50  TVT 2634 1892
30  TVT 2684 1952
10  AND 2751 1034
24
50  TVT 2567 1946
30  AND 2843 1066
10  TVT 3113 1935
25
50  AND 2055 1044
30  AND 2282 1171
10  AND 2349 1073
26
50  TVT 2397 1898
30  TVT 2513 1907
10  AND 2596 1035
27
50  AND 3713 1122
30  TVT 4013 1845
10  AND 4077 1041
28
50  AND 3865 1120
30  AND 4801 1053
10  TVT 5289 1880
29
50  TVT 3845 1910
30  AND 3901 1068
10  AND 4043 1124
30
50  TVT 3535 1888
30  TVT 3733 1911
10  AND 4322 1127
31
80  AND 3907 1108
40  TVT 4059 1900
0  AND 4229 1113
32
80  TVT 2849 1899
40  AND 3183 1125
0  AND 3636 1118
33
80  TVT 2840 1952
40  AND 3553 1105
0  TVT 3641 1890
34
80  TVT 2670 1946
40  TVT 3389 1896
35
50  AND 1935 1090
30  AND 1953 1040
10  AND 2132 1054
36
50  TVT 2050 1856
30  TVT 2078 1951
10  AND 2289 1035
37
50  TVT 3427 1866
30  AND 3932 1122
10  AND 3956 1059
38
50  AND 3591 1089
30  AND 3613 1120
10  TVT 4381 1917
39
50  AND 3193 1121
30  AND 3229 1095
10  TVT 3496 1867
40
50  TVT 3217 1888
30  AND 3823 1045
10  AND 4450 1100
41
50  AND 3548 1137
30  AND 4334 1162
10  AND 4565 1113
42
50  TVT 2764 1899
30  TVT 2776 1874
10  TVT 3737 1889
43
50  TVT 3133 1952
30  AND 3225 1034
10  TVT 3244 1892
44
50  TVT 2528 1946
30  TVT 3303 1896
10  TVT 3571 1903
45
50  AND 2051 1044
30  AND 2537 1054
10  AND 2609 1171
46
50  AND 2599 1077
30  TVT 2600 1856
10  TVT 2637 1907
47
50  AND 4259 1041
30  TVT 4616 1913
10  TVT 4678 1916
48
50  AND 4420 1089
30  TVT 5013 1917
10  AND 5038 1079
49
50  AND 4009 1121
30  TVT 4377 1910
10  AND 4613 1124
50
50  TVT 3877 1911
30  AND 4404 1081
10  AND 4473 1045
51
50  AND 4211 1094
30  AND 4288 1108
10  AND 4814 1097
52
50  TVT 3306 1874
30  TVT 3969 1860
10  AND 4413 1101
53
50  TVT 16803 1828
54
50  AND 11193 1724
30  TVT 12231 1815
55
50  AND 16214 1726
30  TVT 19785 1818
56
50  TVT 17443 1820
30  AND 19643 1728
57
50  TVT 14320 1822
30  AND 20541 1729
58
50  TVT 17419 1825
59
50  AND 14394 1731
30  TVT 15096 1826
61
50  AND 12242 1732
30  TVT 13181 1827
SCORE:TVT,AND,2700,2680,2.0
