TVT-SHC
1
50  SHC 8773 492
30  SHC 10263 463
10  SHC 10669 513
2
50  TVT 9773 1951
30  SHC 10517 475
10  TVT 10577 1856
3
50  TVT 7662 1866
30  TVT 8557 1845
10  SHC 8951 533
4
50  SHC 7872 552
30  TVT 9433 1917
10  TVT 11734 1880
5
50  TVT 7571 1867
30  SHC 8052 501
6
50  SHC 6757 549
30  TVT 7397 1888
10  TVT 7590 1911
7
50  SHC 7710 459
30  SHC 7723 479
10  SHC 8297 558
8
50  TVT 6297 1874
30  SHC 7306 502
10  SHC 7419 497
9
50  SHC 3479 481
30  SHC 3513 528
10  SHC 3803 486
10
50  SHC 3037 565
30  TVT 3245 1950
10  TVT 3347 1908
11
50  SHC 2143 564
30  TVT 2259 1952
10  SHC 2346 491
12
50  TVT 2033 1946
30  TVT 2513 1903
10  TVT 2745 1935
13
50  SHC 3514 492
30  SHC 3799 547
10  SHC 3929 522
14
50  TVT 3875 1951
30  TVT 4012 1879
10  SHC 4207 537
15
50  TVT 3063 1866
30  TVT 3357 1845
10  SHC 3479 533
16
50  SHC 3036 552
30  SHC 3941 542
10  SHC 3990 525
17
50  TVT 6991 1867
30  SHC 7129 546
10  TVT 7376 1910
18
50  TVT 6400 1911
30  TVT 6771 1888
10  SHC 7143 493
19
50  SHC 6655 479
30  SHC 6933 459
10  SHC 7867 489
20
50  TVT 5377 1899
30  TVT 5753 1874
10  SHC 5949 490
21
50  SHC 2812 540
30  SHC 3757 481
10  SHC 4366 528
22
50  SHC 3253 565
30  TVT 3774 1908
10  SHC 3894 471
23
50  SHC 2502 564
30  TVT 2634 1892
10  TVT 2684 1952
24
50  TVT 2567 1946
30  SHC 2900 464
10  TVT 3113 1935
25
50  SHC 2013 550
30  SHC 2044 513
10  SHC 2203 547
26
50  TVT 2397 1898
30  TVT 2513 1907
10  SHC 2653 457
27
50  TVT 4013 1845
30  SHC 4386 533
10  SHC 4756 487
28
50  SHC 4765 451
30  TVT 5289 1880
10  SHC 5445 525
29
50  SHC 3509 546
30  TVT 3845 1910
10  SHC 5790 462
30
50  TVT 3535 1888
30  TVT 3733 1911
10  SHC 4305 493
31
80  SHC 3706 558
40  SHC 3828 458
0  SHC 4017 489
32
80  TVT 2849 1899
40  SHC 3169 502
0  SHC 3619 526
33
80  TVT 2840 1952
40  SHC 2923 554
0  SHC 2977 491
34
80  TVT 2670 1946
40  TVT 3389 1896
0  SHC 3849 511
35
50  SHC 1906 463
30  TVT 2166 1868
10  SHC 2377 524
36
50  TVT 2050 1856
30  SHC 2075 537
10  TVT 2078 1951
37
50  TVT 3427 1866
30  TVT 4109 1913
10  SHC 4158 514
38
50  SHC 3333 552
30  TVT 4381 1917
10  SHC 4793 525
39
50  SHC 3290 501
30  TVT 3496 1867
10  SHC 3653 546
40
50  SHC 2951 549
30  TVT 3217 1888
10  SHC 3667 493
41
50  SHC 3356 459
30  SHC 3443 479
42
50  TVT 2764 1899
30  TVT 2776 1874
10  SHC 2906 490
43
50  TVT 3133 1952
30  SHC 3154 553
10  SHC 3207 469
44
50  TVT 2528 1946
30  TVT 3303 1896
10  TVT 3571 1903
45
50  SHC 2141 550
30  SHC 2513 522
10  SHC 2620 524
46
50  SHC 2295 475
30  SHC 2475 539
10  TVT 2600 1856
47
50  TVT 4616 1913
30  TVT 4678 1916
10  TVT 5321 1861
48
50  TVT 5013 1917
30  SHC 5134 542
10  TVT 5643 1886
49
50  TVT 4377 1910
30  SHC 4671 478
10  TVT 7524 1897
50
50  SHC 3461 549
30  TVT 3877 1911
10  SHC 5967 476
51
50  SHC 4114 458
30  SHC 4837 489
10  TVT 4934 1885
52
50  TVT 3306 1874
30  SHC 3760 490
10  SHC 3804 497
53
50  SHC 16298 1670
30  TVT 16803 1828
54
50  TVT 12231 1815
55
50  SHC 14927 1665
30  TVT 19785 1818
56
50  TVT 17443 1820
30  SHC 18851 1666
57
50  TVT 14320 1822
30  SHC 18766 1667
58
50  TVT 17419 1825
59
50  TVT 15096 1826
61
50  TVT 13181 1827
SCORE:TVT,SHC,2690,2610,8.0
