TVT-WH
1
50  WH 9640 1193
30  TVT 11250 1868
10  TVT 11778 1909
2
50  TVT 9773 1951
30  TVT 10577 1856
10  WH 10928 1228
3
50  TVT 7662 1866
30  WH 8247 1194
10  TVT 8557 1845
4
50  WH 9193 1192
30  TVT 9433 1917
10  WH 11040 1221
5
50  TVT 7571 1867
30  WH 7892 1191
10  WH 9129 1190
6
50  TVT 7397 1888
30  TVT 7590 1911
10  WH 10114 1226
7
50  WH 8651 1276
30  TVT 9332 1900
10  TVT 9869 1844
8
50  TVT 6297 1874
30  TVT 8188 1860
10  WH 8286 1280
9
50  WH 3735 1229
30  TVT 4928 1875
10  TVT 5723 1865
10
50  TVT 3245 1950
30  TVT 3347 1908
10  WH 4124 1181
11
50  WH 2018 1188
30  WH 2124 1236
10  TVT 2259 1952
12
50  TVT 2033 1946
30  WH 2443 1211
10  TVT 2513 1903
13
50  TVT 4097 1868
30  TVT 4514 1853
10  WH 4773 1288
14
50  TVT 3875 1951
30  TVT 4012 1879
10  WH 4037 1228
15
50  TVT 3063 1866
30  WH 3344 1194
10  TVT 3357 1845
16
50  WH 3582 1197
30  WH 3814 1205
10  WH 3817 1217
17
50  TVT 6991 1867
30  TVT 7376 1910
10  WH 7845 1178
18
50  TVT 6400 1911
30  WH 6598 1277
10  TVT 6771 1888
19
50  WH 6868 1187
30  WH 7183 1240
10  WH 7575 1276
20
50  TVT 5377 1899
30  TVT 5753 1874
10  WH 6743 1246
21
50  TVT 4982 1875
30  WH 5483 1229
10  TVT 6514 1865
22
50  TVT 3774 1908
30  TVT 4170 1950
10  TVT 5940 1839
23
50  WH 2603 1188
30  TVT 2634 1892
10  TVT 2684 1952
24
50  TVT 2567 1946
30  TVT 3113 1935
10  TVT 3182 1903
25
50  WH 2213 1193
30  WH 2308 1245
10  TVT 2553 1909
26
50  WH 2321 1271
30  TVT 2397 1898
10  TVT 2513 1907
27
50  WH 3950 1194
30  TVT 4013 1845
10  TVT 4915 1859
28
50  WH 4251 1192
30  WH 4716 1197
10  WH 5074 1205
29
50  WH 3513 1191
30  TVT 3845 1910
10  WH 4098 1178
30
50  TVT 3535 1888
30  TVT 3733 1911
10  WH 3788 1277
31
80  WH 3613 1240
40  WH 3877 1187
0  TVT 4059 1900
32
80  TVT 2849 1899
40  WH 3597 1247
0  TVT 3656 1860
33
80  TVT 2840 1952
40  TVT 3641 1890
34
80  TVT 2670 1946
40  TVT 3389 1896
35
50  WH 2132 1245
30  TVT 2166 1868
10  TVT 2603 1909
36
50  WH 1815 1189
30  TVT 2050 1856
10  TVT 2078 1951
37
50  TVT 3427 1866
30  TVT 4109 1913
10  TVT 4780 1916
38
50  WH 4260 1192
30  TVT 4381 1917
10  WH 4851 1221
39
50  TVT 3496 1867
30  WH 3611 1191
10  WH 5122 1248
40
50  TVT 3217 1888
30  WH 4022 1274
41
50  WH 3517 1187
30  WH 3852 1276
10  WH 4489 1264
42
50  TVT 2764 1899
30  TVT 2776 1874
10  WH 3502 1280
43
50  TVT 3133 1952
30  TVT 3244 1892
10  WH 3268 1188
44
50  TVT 2528 1946
30  TVT 3303 1896
10  TVT 3571 1903
45
50  WH 2335 1193
30  TVT 2798 1853
10  WH 2814 1281
46
50  WH 2147 1271
30  WH 2444 1189
10  TVT 2600 1856
47
50  TVT 4616 1913
30  TVT 4678 1916
10  WH 5269 1195
48
50  TVT 5013 1917
30  WH 5403 1197
10  TVT 5643 1886
49
50  WH 4345 1220
30  TVT 4377 1910
10  WH 4565 1178
50
50  WH 3827 1277
30  TVT 3877 1911
10  WH 4859 1206
51
50  WH 4341 1240
30  TVT 4934 1885
10  WH 4961 1196
52
50  TVT 3306 1874
30  TVT 3969 1860
10  WH 4106 1280
53
50  TVT 16803 1828
30  WH 24955 1733
54
50  WH 11963 1734
30  TVT 12231 1815
55
50  TVT 19785 1818
30  WH 28845 1735
56
50  TVT 17443 1820
30  WH 27833 1736
57
50  TVT 14320 1822
30  WH 23321 1737
58
50  TVT 17419 1825
30  WH 21021 1738
59
50  TVT 15096 1826
61
50  TVT 13181 1827
30  WH 15727 1739
SCORE:TVT,WH,3170,2230,94.0
