TVT-NJST
1
50  NJST 10050 3229
30  TVT 11250 1868
10  TVT 11778 1909
2
50  TVT 9773 1951
30  TVT 10577 1856
10  TVT 11309 1879
3
50  NJST 7090 3206
30  NJST 7422 3238
10  TVT 7662 1866
4
50  TVT 9433 1917
30  NJST 10567 3243
10  TVT 11734 1880
5
50  TVT 7571 1867
30  NJST 8025 3231
6
50  TVT 7397 1888
30  TVT 7590 1911
10  TVT 13171 1905
7
50  NJST 7619 3234
30  NJST 8972 3211
10  NJST 9154 3240
8
50  TVT 6297 1874
30  NJST 7947 3230
10  TVT 8188 1860
9
50  NJST 2247 3222
30  NJST 3979 3235
10  TVT 4928 1875
10
50  TVT 3245 1950
30  TVT 3347 1908
10  TVT 5460 1948
11
50  NJST 1965 3197
30  TVT 2259 1952
10  NJST 2321 3215
12
50  NJST 2010 3225
30  TVT 2033 1946
10  TVT 2513 1903
13
50  TVT 4097 1868
30  NJST 4263 3229
10  TVT 4514 1853
14
50  TVT 3875 1951
30  TVT 4012 1879
10  NJST 4209 3226
15
50  NJST 2836 3206
30  NJST 2929 3238
10  TVT 3063 1866
16
50  NJST 3353 3236
30  NJST 3959 3243
10  TVT 4169 1880
17
50  TVT 6991 1867
30  TVT 7376 1910
18
50  TVT 6400 1911
30  TVT 6771 1888
10  TVT 11457 1905
19
50  NJST 6731 3234
30  NJST 7723 3240
10  TVT 8321 1900
20
50  TVT 5377 1899
30  TVT 5753 1874
10  TVT 7783 1947
21
50  NJST 2794 3222
30  TVT 4982 1875
10  NJST 5043 3235
22
50  TVT 3774 1908
30  TVT 4170 1950
10  TVT 5940 1839
23
50  NJST 2604 3197
30  NJST 2613 3215
10  TVT 2634 1892
24
50  NJST 2287 3225
30  TVT 2567 1946
10  TVT 3113 1935
25
50  NJST 2256 3212
30  NJST 2372 3196
10  TVT 2553 1909
26
50  NJST 2381 3221
30  TVT 2397 1898
10  NJST 2413 3226
27
50  NJST 3425 3213
30  NJST 3872 3191
10  TVT 4013 1845
28
50  NJST 4575 3236
30  TVT 5289 1880
10  NJST 5369 3214
29
50  TVT 3845 1910
30  NJST 3852 3231
10  TVT 5952 1897
30
50  TVT 3535 1888
30  TVT 3733 1911
10  TVT 6939 1905
31
80  NJST 3781 3234
40  TVT 4059 1900
0  NJST 4162 3211
32
80  TVT 2849 1899
40  TVT 3656 1860
0  NJST 3987 3230
33
80  TVT 2840 1952
40  NJST 3345 3197
0  TVT 3641 1890
34
80  TVT 2670 1946
40  TVT 3389 1896
35
50  NJST 2103 3229
30  TVT 2166 1868
10  NJST 2528 3196
36
50  TVT 2050 1856
30  TVT 2078 1951
10  NJST 2091 3226
37
50  NJST 3407 3206
30  TVT 3427 1866
10  NJST 3522 3238
38
50  TVT 4381 1917
30  TVT 7064 1848
39
50  TVT 3496 1867
30  NJST 3557 3231
40
50  TVT 3217 1888
41
50  NJST 3315 3234
30  NJST 4063 3240
42
50  TVT 2764 1899
30  TVT 2776 1874
10  NJST 3604 3230
43
50  NJST 3128 3219
30  TVT 3133 1952
10  TVT 3244 1892
44
50  TVT 2528 1946
30  NJST 3275 3225
10  TVT 3303 1896
45
50  NJST 2662 3194
30  TVT 2798 1853
10  TVT 3004 1920
46
50  TVT 2600 1856
30  TVT 2637 1907
10  TVT 2667 1879
47
50  NJST 4290 3224
30  TVT 4616 1913
10  TVT 4678 1916
48
50  TVT 5013 1917
30  NJST 5291 3214
10  TVT 5643 1886
49
50  NJST 4193 3231
30  TVT 4377 1910
10  TVT 7524 1897
50
50  TVT 3877 1911
51
50  NJST 4359 3211
30  NJST 4675 3240
10  TVT 4934 1885
52
50  TVT 3306 1874
30  NJST 3787 3230
10  TVT 3969 1860
53
50  TVT 16803 1828
54
50  NJST 10675 1997
30  TVT 12231 1815
55
50  NJST 19643 1998
30  TVT 19785 1818
56
50  TVT 17443 1820
30  NJST 22728 1999
57
50  NJST 12482 2000
30  TVT 14320 1822
58
50  TVT 17419 1825
30  NJST 18127 2002
59
50  TVT 15096 1826
61
50  TVT 13181 1827
SCORE:TVT,NJST,2990,2230,76.0
