TVT-FO
1
50  FO 10771 2035
30  TVT 11250 1868
10  TVT 11778 1909
2
50  TVT 9773 1951
30  TVT 10577 1856
10  FO 10637 2042
3
50  TVT 7662 1866
30  FO 8237 2055
10  TVT 8557 1845
4
50  FO 8422 2127
30  TVT 9433 1917
10  FO 9837 2079
5
50  TVT 7571 1867
30  FO 8487 2036
10  FO 9789 2067
6
50  TVT 7397 1888
30  TVT 7590 1911
10  FO 8478 2053
7
50  FO 7744 2061
30  TVT 9332 1900
10  TVT 9869 1844
8
50  TVT 6297 1874
30  FO 6400 2077
10  FO 6997 2094
9
50  FO 3181 2050
30  FO 4028 2064
10  FO 4659 2143
10
50  FO 2470 2128
30  FO 2776 2049
10  TVT 3245 1950
11
50  FO 2071 2043
30  FO 2090 2078
10  TVT 2259 1952
12
50  FO 1906 2065
30  TVT 2033 1946
10  FO 2293 2107
13
50  TVT 4097 1868
30  TVT 4514 1853
10  FO 4515 2110
14
50  TVT 3875 1951
30  TVT 4012 1879
10  FO 4140 2042
15
50  TVT 3063 1866
30  TVT 3357 1845
10  TVT 3963 1861
16
50  FO 3571 2066
30  FO 3901 2100
10  FO 4127 2137
17
50  TVT 6991 1867
30  FO 7118 2036
10  TVT 7376 1910
18
50  TVT 6400 1911
30  TVT 6771 1888
10  FO 7319 2121
19
50  FO 6721 2061
30  TVT 8321 1900
10  FO 9947 2039
20
50  TVT 5377 1899
30  FO 5738 2077
10  TVT 5753 1874
21
50  FO 3857 2050
30  FO 4878 2143
10  TVT 4982 1875
22
50  FO 2925 2128
30  TVT 3774 1908
10  FO 3814 2049
23
50  FO 2619 2139
30  TVT 2634 1892
10  TVT 2684 1952
24
50  FO 2552 2065
30  TVT 2567 1946
10  FO 2965 2090
25
50  FO 2372 2074
30  FO 2381 2035
10  FO 2458 2110
26
50  FO 2225 2048
30  FO 2312 2114
10  FO 2352 2042
27
50  FO 3759 2055
30  TVT 4013 1845
10  FO 4467 2109
28
50  FO 4134 2127
30  FO 4747 2066
10  FO 4991 2079
29
50  TVT 3845 1910
30  FO 4128 2067
10  FO 4135 2060
30
50  TVT 3535 1888
30  TVT 3733 1911
10  FO 4253 2121
31
80  TVT 4059 1900
40  FO 4765 2039
32
80  TVT 2849 1899
40  FO 3047 2077
0  FO 3414 2076
33
80  FO 2181 2139
40  FO 2381 2078
0  FO 2700 2043
34
80  TVT 2670 1946
40  TVT 3389 1896
0  FO 3806 2120
35
50  TVT 2166 1868
30  FO 2208 2035
10  FO 2598 2122
36
50  TVT 2050 1856
30  TVT 2078 1951
10  FO 2122 2104
37
50  TVT 3427 1866
30  TVT 4109 1913
10  FO 4659 2109
38
50  FO 4043 2127
30  TVT 4381 1917
10  FO 5475 2079
39
50  TVT 3496 1867
30  FO 3744 2036
10  FO 3968 2060
40
50  TVT 3217 1888
30  FO 3906 2053
41
50  FO 3459 2061
30  FO 5570 2039
42
50  TVT 2764 1899
30  TVT 2776 1874
10  FO 2884 2094
43
50  FO 2740 2139
30  TVT 3133 1952
10  TVT 3244 1892
44
50  TVT 2528 1946
30  TVT 3303 1896
10  TVT 3571 1903
45
50  TVT 2798 1853
30  FO 2901 2110
10  TVT 3004 1920
46
50  FO 2462 2104
30  FO 2484 2130
10  TVT 2600 1856
47
50  FO 4008 2055
30  TVT 4616 1913
10  TVT 4678 1916
48
50  FO 4576 2066
30  TVT 5013 1917
10  TVT 5643 1886
49
50  TVT 4377 1910
30  FO 4431 2092
10  FO 4695 2071
50
50  TVT 3877 1911
30  FO 4110 2053
10  FO 4971 2047
51
50  FO 3932 2061
30  TVT 4934 1885
52
50  TVT 3306 1874
30  FO 3541 2077
10  FO 3725 2094
53
50  FO 14008 1854
30  TVT 16803 1828
54
50  FO 9738 1838
30  TVT 12231 1815
55
50  FO 19576 1843
30  TVT 19785 1818
56
50  TVT 17443 1820
30  FO 18719 1846
57
50  TVT 14320 1822
30  FO 15307 1849
58
50  FO 14984 1850
30  TVT 17419 1825
59
50  TVT 15096 1826
30  FO 15100 1853
61
50  TVT 13181 1827
SCORE:TVT,FO,2710,2670,4.0
