TVT-WAW
1
50  WAW 9200 1022
30  TVT 11250 1868
10  WAW 11537 930
2
50  WAW 8528 1033
30  TVT 9773 1951
10  TVT 10577 1856
3
50  TVT 7662 1866
30  TVT 8557 1845
10  WAW 9045 931
4
50  WAW 7781 940
30  TVT 9433 1917
10  TVT 11734 1880
5
50  TVT 7571 1867
30  WAW 7833 908
10  WAW 8719 1004
6
50  WAW 6684 904
30  TVT 7397 1888
10  WAW 7572 1032
7
50  WAW 7606 975
30  TVT 9332 1900
10  TVT 9869 1844
8
50  WAW 6267 1012
30  TVT 6297 1874
10  WAW 7387 1026
9
50  WAW 2516 959
30  WAW 4256 933
10  WAW 4412 913
10
50  WAW 2569 916
30  TVT 3245 1950
10  TVT 3347 1908
11
50  WAW 1876 1021
30  TVT 2259 1952
10  TVT 2350 1890
12
50  TVT 2033 1946
30  WAW 2056 961
10  WAW 2233 956
13
50  WAW 3626 939
30  TVT 4097 1868
10  TVT 4514 1853
14
50  TVT 3875 1951
30  WAW 3897 964
10  TVT 4012 1879
15
50  TVT 3063 1866
30  WAW 3166 938
10  TVT 3357 1845
16
50  TVT 4169 1880
30  WAW 4262 998
10  TVT 4566 1886
17
50  TVT 6991 1867
30  WAW 7038 929
10  TVT 7376 1910
18
50  TVT 6400 1911
30  WAW 6524 1030
10  TVT 6771 1888
19
50  WAW 7012 975
30  TVT 8321 1900
10  WAW 8919 957
20
50  TVT 5377 1899
30  TVT 5753 1874
10  WAW 6546 1026
21
50  WAW 3312 959
30  TVT 4982 1875
10  WAW 4987 913
22
50  WAW 3255 916
30  TVT 3774 1908
10  WAW 3816 947
23
50  WAW 2516 1021
30  TVT 2634 1892
10  TVT 2684 1952
24
50  TVT 2567 1946
30  WAW 2659 902
10  WAW 2953 956
25
50  WAW 2369 906
30  TVT 2553 1909
10  TVT 2657 1853
26
50  WAW 1809 915
30  WAW 2300 996
10  WAW 2371 926
27
50  TVT 4013 1845
30  WAW 4452 918
10  TVT 4915 1859
28
50  WAW 3533 940
30  TVT 5289 1880
10  TVT 7253 1943
29
50  WAW 3721 929
30  TVT 3845 1910
10  WAW 5483 969
30
50  WAW 3430 1030
30  TVT 3535 1888
10  TVT 3733 1911
31
80  TVT 4059 1900
40  WAW 5869 1018
32
80  TVT 2849 1899
40  WAW 3298 976
0  WAW 3409 948
33
80  TVT 2840 1952
40  TVT 3641 1890
34
80  TVT 2670 1946
40  TVT 3389 1896
35
50  TVT 2166 1868
30  WAW 2463 906
10  TVT 2603 1909
36
50  WAW 1765 915
30  TVT 2050 1856
10  TVT 2078 1951
37
50  TVT 3427 1866
30  WAW 3497 938
10  TVT 4109 1913
38
50  WAW 3681 940
30  TVT 4381 1917
10  WAW 5851 998
39
50  TVT 3496 1867
30  WAW 3972 1004
10  WAW 4388 991
40
50  WAW 2938 904
30  TVT 3217 1888
10  WAW 4697 951
41
50  WAW 3582 971
42
50  TVT 2764 1899
30  TVT 2776 1874
10  WAW 2976 976
43
50  WAW 2456 1021
30  TVT 3133 1952
10  TVT 3244 1892
44
50  TVT 2528 1946
30  WAW 3223 902
10  TVT 3303 1896
45
50  WAW 2035 1022
30  WAW 2119 939
10  WAW 2477 930
46
50  WAW 1937 1033
30  WAW 2572 912
10  TVT 2600 1856
47
50  TVT 4616 1913
30  WAW 4628 931
10  TVT 4678 1916
48
50  TVT 5013 1917
30  TVT 5643 1886
10  WAW 5776 998
49
50  WAW 4032 908
30  TVT 4377 1910
10  WAW 4501 909
50
50  WAW 3637 1032
30  TVT 3877 1911
10  WAW 4833 943
51
50  WAW 3975 971
30  WAW 4857 957
10  TVT 4934 1885
52
50  TVT 3306 1874
30  WAW 3347 1012
10  WAW 3827 948
53
50  WAW 14403 1722
30  TVT 16803 1828
54
50  WAW 9827 1709
30  TVT 12231 1815
55
50  WAW 16351 1711
30  TVT 19785 1818
56
50  WAW 15537 1713
30  TVT 17443 1820
57
50  TVT 14320 1822
30  WAW 14803 1715
58
50  TVT 17419 1825
30  WAW 30791 1717
59
50  WAW 13606 1718
30  TVT 15096 1826
60
50  WAW 11946 1720
61
50  WAW 11575 1721
30  TVT 13181 1827
SCORE:TVT,WAW,2680,2770,-9.0
