TVT-CH
1
50  CH 9387 3108
30  CH 9994 3070
10  CH 10944 3066
2
50  TVT 9773 1951
30  TVT 10577 1856
10  TVT 11309 1879
3
50  TVT 7662 1866
30  CH 8038 3083
10  TVT 8557 1845
4
50  TVT 9433 1917
30  CH 10107 3111
10  CH 10791 3081
5
50  TVT 7571 1867
30  CH 8338 3086
10  CH 10478 3114
6
50  TVT 7397 1888
30  TVT 7590 1911
10  CH 8290 3085
7
50  TVT 9332 1900
30  TVT 9869 1844
8
50  TVT 6297 1874
30  TVT 8188 1860
10  TVT 9124 1889
9
50  CH 2656 3080
30  CH 3053 3062
10  CH 3434 3118
10
50  CH 2587 3076
30  TVT 3245 1950
10  TVT 3347 1908
11
50  TVT 2259 1952
30  TVT 2350 1890
10  TVT 2359 1892
12
50  TVT 2033 1946
30  CH 2153 3119
10  TVT 2513 1903
13
50  CH 3818 3108
30  CH 3875 3070
10  TVT 4097 1868
14
50  TVT 3875 1951
30  TVT 4012 1879
10  TVT 4844 1901
15
50  TVT 3063 1866
30  CH 3274 3083
10  TVT 3357 1845
16
50  CH 4012 3111
30  CH 4029 3081
10  TVT 4169 1880
17
50  TVT 6991 1867
30  TVT 7376 1910
10  CH 7585 3086
18
50  TVT 6400 1911
30  TVT 6771 1888
10  CH 7168 3085
19
50  TVT 8321 1900
20
50  TVT 5377 1899
30  TVT 5753 1874
10  TVT 7783 1947
21
50  CH 3358 3062
30  CH 3632 3080
10  CH 4530 3118
22
50  TVT 3774 1908
30  CH 4122 3076
10  TVT 4170 1950
23
50  TVT 2634 1892
30  TVT 2684 1952
10  CH 2922 3120
24
50  TVT 2567 1946
30  CH 3088 3119
10  TVT 3113 1935
25
50  CH 2178 3108
30  CH 2381 3121
10  CH 2466 3112
26
50  TVT 2397 1898
30  TVT 2513 1907
10  CH 2538 3087
27
50  CH 3922 3083
30  TVT 4013 1845
10  TVT 4915 1859
28
50  CH 4947 3073
30  CH 4950 3111
10  CH 5001 3081
29
50  CH 3618 3086
30  TVT 3845 1910
10  CH 4940 3114
30
50  TVT 3535 1888
30  TVT 3733 1911
10  CH 5310 3071
31
80  TVT 4059 1900
32
80  TVT 2849 1899
40  TVT 3656 1860
0  TVT 4069 1947
33
80  TVT 2840 1952
40  CH 3087 3069
0  TVT 3641 1890
34
80  TVT 2670 1946
40  CH 2778 3119
0  TVT 3389 1896
35
50  CH 1913 3066
30  CH 1999 3108
10  TVT 2166 1868
36
50  TVT 2050 1856
30  TVT 2078 1951
10  TVT 2336 1898
37
50  TVT 3427 1866
30  CH 3868 3083
10  TVT 4109 1913
38
50  TVT 4381 1917
30  CH 5581 3111
10  CH 6155 3060
39
50  TVT 3496 1867
30  CH 3546 3086
40
50  TVT 3217 1888
30  CH 4072 3085
42
50  TVT 2764 1899
30  TVT 2776 1874
10  TVT 3737 1889
43
50  TVT 3133 1952
30  TVT 3244 1892
10  TVT 3675 1890
44
50  TVT 2528 1946
30  TVT 3303 1896
10  TVT 3571 1903
45
50  CH 2458 3070
30  CH 2618 3089
10  CH 2705 3082
46
50  TVT 2600 1856
30  TVT 2637 1907
10  TVT 2667 1879
47
50  TVT 4616 1913
30  TVT 4678 1916
10  TVT 5321 1861
48
50  TVT 5013 1917
30  TVT 5643 1886
10  CH 6846 3060
49
50  TVT 4377 1910
30  CH 5574 3114
10  TVT 7524 1897
50
50  TVT 3877 1911
30  CH 5263 3095
10  CH 7240 3059
51
50  TVT 4934 1885
52
50  TVT 3306 1874
30  TVT 3969 1860
10  TVT 4577 1947
53
50  CH 14214 1989
30  TVT 16803 1828
54
50  TVT 12231 1815
30  CH 12912 1982
55
50  CH 17409 1984
30  TVT 19785 1818
56
50  TVT 17443 1820
30  CH 25353 1985
57
50  TVT 14320 1822
30  CH 18681 1986
58
50  TVT 17419 1825
30  CH 21965 1987
59
50  TVT 15096 1826
60
50  CH 15906 1988
61
50  TVT 13181 1827
SCORE:TVT,CH,3400,1790,161.0
