TVT-NC
1
50  NC 9537 1485
30  NC 11022 1472
10  TVT 11250 1868
2
50  TVT 9773 1951
30  TVT 10577 1856
10  NC 10859 1532
3
50  TVT 7662 1866
30  NC 7906 1477
10  TVT 8557 1845
4
50  NC 8479 1533
30  NC 9094 1471
10  TVT 9433 1917
5
50  TVT 7571 1867
30  NC 8092 1476
10  NC 9066 1506
6
50  TVT 7397 1888
30  TVT 7590 1911
10  NC 9079 1524
7
50  NC 8569 1497
30  TVT 9332 1900
10  NC 9537 1466
8
50  TVT 6297 1874
30  NC 7103 1483
10  NC 7146 1492
9
50  NC 2950 1526
30  NC 4638 1486
10  TVT 4928 1875
10
50  TVT 3245 1950
30  TVT 3347 1908
10  TVT 5460 1948
11
50  NC 2056 1515
30  TVT 2259 1952
10  TVT 2350 1890
12
50  TVT 2033 1946
30  NC 2144 1487
10  NC 2181 1530
13
50  TVT 4097 1868
30  NC 4184 1474
10  TVT 4514 1853
14
50  TVT 3875 1951
30  TVT 4012 1879
10  NC 4309 1528
15
50  TVT 3063 1866
30  NC 3160 1477
10  TVT 3357 1845
16
50  NC 3250 1517
30  NC 3447 1533
10  NC 3932 1502
17
50  TVT 6991 1867
30  TVT 7376 1910
10  NC 7388 1470
18
50  TVT 6400 1911
30  TVT 6771 1888
10  NC 7797 1537
19
50  NC 7391 1497
30  TVT 8321 1900
10  NC 8413 1505
20
50  TVT 5377 1899
30  TVT 5753 1874
10  NC 6181 1483
21
50  NC 4007 1526
30  TVT 4982 1875
10  NC 5883 1486
22
50  TVT 3774 1908
30  TVT 4170 1950
10  TVT 5940 1839
23
50  NC 2606 1516
30  TVT 2634 1892
10  TVT 2684 1952
24
50  TVT 2567 1946
30  NC 2572 1487
10  NC 3022 1489
25
50  NC 1994 1485
30  NC 2363 1475
10  TVT 2553 1909
26
50  TVT 2397 1898
30  NC 2422 1525
10  TVT 2513 1907
27
50  NC 3567 1477
30  TVT 4013 1845
10  NC 4549 1504
28
50  NC 4119 1533
30  NC 4179 1471
10  NC 5222 1518
29
50  NC 3790 1470
30  TVT 3845 1910
10  NC 4284 1506
30
50  TVT 3535 1888
30  TVT 3733 1911
10  NC 4540 1537
31
80  NC 3954 1497
40  TVT 4059 1900
0  NC 4604 1466
32
80  TVT 2849 1899
40  NC 3181 1492
0  NC 3437 1509
33
80  TVT 2840 1952
40  NC 2860 1516
0  NC 2900 1515
34
80  NC 2659 1530
40  TVT 2670 1946
0  TVT 3389 1896
35
50  NC 1873 1485
30  TVT 2166 1868
10  NC 2172 1472
36
50  TVT 2050 1856
30  TVT 2078 1951
10  NC 2300 1525
37
50  TVT 3427 1866
30  TVT 4109 1913
10  NC 4296 1519
38
50  NC 3571 1517
30  NC 4003 1471
10  TVT 4381 1917
39
50  TVT 3496 1867
30  NC 3541 1470
10  NC 3618 1476
40
50  TVT 3217 1888
30  NC 4068 1537
10  NC 4128 1514
41
50  NC 3763 1497
30  NC 4526 1505
42
50  TVT 2764 1899
30  TVT 2776 1874
10  NC 2993 1483
43
50  NC 3047 1516
30  TVT 3133 1952
10  TVT 3244 1892
44
50  TVT 2528 1946
30  NC 2992 1494
10  NC 3066 1489
45
50  NC 2462 1474
30  NC 2653 1472
10  TVT 2798 1853
46
50  NC 2525 1532
30  TVT 2600 1856
10  TVT 2637 1907
47
50  NC 4322 1477
30  TVT 4616 1913
10  TVT 4678 1916
48
50  NC 4507 1517
30  TVT 5013 1917
10  NC 5165 1502
49
50  NC 4160 1476
30  TVT 4377 1910
10  NC 5303 1468
50
50  TVT 3877 1911
30  NC 4410 1524
10  NC 5575 1508
51
50  NC 4844 1505
30  TVT 4934 1885
10  NC 4958 1466
52
50  TVT 3306 1874
30  NC 3615 1483
10  NC 3750 1492
53
50  TVT 16803 1828
54
50  NC 9591 1764
30  TVT 12231 1815
55
50  NC 18144 1766
30  TVT 19785 1818
56
50  TVT 17443 1820
30  NC 18106 1768
57
50  TVT 14320 1822
30  NC 15191 1770
58
50  NC 14393 1772
30  TVT 17419 1825
59
50  NC 14019 1773
30  TVT 15096 1826
60
50  NC 14844 1774
61
50  TVT 13181 1827
30  NC 14235 1775
SCORE:TVT,NC,2760,2690,7.0
