TVT-HH
1
50  HH 10833 2255
30  HH 10937 2250
10  TVT 11250 1868
2
50  TVT 9773 1951
30  TVT 10577 1856
10  TVT 11309 1879
3
50  TVT 7662 1866
30  HH 8407 2211
10  TVT 8557 1845
4
50  TVT 9433 1917
30  HH 11712 2279
10  TVT 11734 1880
5
50  TVT 7571 1867
30  HH 7706 2236
10  HH 7812 2240
6
50  TVT 7397 1888
30  TVT 7590 1911
10  HH 8663 2233
7
50  HH 7733 2237
30  HH 8933 2246
10  HH 9082 2206
8
50  TVT 6297 1874
30  HH 7209 2235
10  TVT 8188 1860
9
50  HH 4109 2220
30  TVT 4928 1875
10  HH 5221 2214
10
50  TVT 3245 1950
30  TVT 3347 1908
10  HH 3377 2222
11
50  TVT 2259 1952
30  HH 2287 2212
10  TVT 2350 1890
12
50  TVT 2033 1946
30  TVT 2513 1903
10  HH 2565 2260
13
50  TVT 4097 1868
30  HH 4202 2249
10  HH 4503 2255
14
50  TVT 3875 1951
30  TVT 4012 1879
10  HH 4512 2221
15
50  TVT 3063 1866
30  HH 3227 2211
10  TVT 3357 1845
16
50  HH 3967 2266
30  TVT 4169 1880
10  HH 4259 2248
17
50  HH 6947 2240
30  TVT 6991 1867
10  TVT 7376 1910
18
50  TVT 6400 1911
30  TVT 6771 1888
10  HH 8103 2227
19
50  HH 6752 2237
30  HH 7974 2206
10  TVT 8321 1900
20
50  TVT 5377 1899
30  TVT 5753 1874
10  HH 6551 2234
21
50  TVT 4982 1875
30  HH 5075 2214
10  HH 5333 2220
22
50  TVT 3774 1908
30  TVT 4170 1950
10  HH 5363 2225
23
50  TVT 2634 1892
30  TVT 2684 1952
10  TVT 2980 1890
24
50  TVT 2567 1946
30  TVT 3113 1935
10  TVT 3182 1903
25
50  HH 2290 2255
30  HH 2331 2249
10  TVT 2553 1909
26
50  TVT 2397 1898
30  TVT 2513 1907
10  HH 2983 2259
27
50  TVT 4013 1845
30  TVT 4915 1859
10  HH 5237 2209
28
50  HH 4889 2248
30  HH 5064 2266
10  TVT 5289 1880
29
50  HH 3628 2236
30  TVT 3845 1910
10  HH 3878 2223
30
50  TVT 3535 1888
30  TVT 3733 1911
10  HH 4996 2269
31
80  HH 3649 2237
40  TVT 4059 1900
0  HH 4100 2246
32
80  TVT 2849 1899
40  TVT 3656 1860
0  HH 3688 2235
33
80  TVT 2840 1952
40  HH 3238 2212
0  HH 3519 2230
34
80  TVT 2670 1946
40  TVT 3389 1896
0  HH 4222 2260
35
50  HH 1913 2263
30  HH 2028 2249
10  TVT 2166 1868
36
50  TVT 2050 1856
30  TVT 2078 1951
10  TVT 2336 1898
37
50  TVT 3427 1866
30  HH 3806 2211
10  TVT 4109 1913
38
50  TVT 4381 1917
30  HH 5450 2268
10  HH 5463 2248
39
50  TVT 3496 1867
30  HH 3508 2240
10  HH 3614 2224
40
50  TVT 3217 1888
30  HH 4760 2269
10  HH 5189 2204
41
50  HH 3301 2237
30  HH 3977 2246
10  HH 4113 2206
42
50  TVT 2764 1899
30  TVT 2776 1874
10  HH 3522 2234
43
50  TVT 3133 1952
30  TVT 3244 1892
10  TVT 3675 1890
44
50  TVT 2528 1946
30  TVT 3303 1896
10  TVT 3571 1903
45
50  HH 2358 2250
30  HH 2470 2263
10  HH 2633 2276
46
50  TVT 2600 1856
30  TVT 2637 1907
10  TVT 2667 1879
47
50  TVT 4616 1913
30  TVT 4678 1916
10  HH 4890 2285
48
50  TVT 5013 1917
30  TVT 5643 1886
49
50  HH 3832 2236
30  TVT 4377 1910
10  HH 4790 2278
50
50  TVT 3877 1911
30  HH 5039 2271
10  HH 6403 2201
51
50  HH 4534 2246
30  TVT 4934 1885
10  HH 6394 2199
52
50  TVT 3306 1874
30  HH 3701 2234
10  HH 3822 2235
53
50  TVT 16803 1828
54
50  HH 11083 1862
30  TVT 12231 1815
55
50  HH 17450 1864
30  TVT 19785 1818
56
50  TVT 17443 1820
30  HH 20332 1866
57
50  TVT 14320 1822
30  HH 15031 1868
58
50  TVT 17419 1825
30  HH 18633 1869
59
50  HH 13502 1870
30  TVT 15096 1826
61
50  HH 12364 1873
30  TVT 13181 1827
SCORE:TVT,HH,3350,2050,130.0
