TVT-SD
1
50  SD 10430 3496
30  TVT 11250 1868
10  TVT 11778 1909
2
50  TVT 9773 1951
30  TVT 10577 1856
10  TVT 11309 1879
3
50  TVT 7662 1866
30  TVT 8557 1845
10  SD 9045 3497
4
50  TVT 9433 1917
30  SD 10282 3500
10  TVT 11734 1880
5
50  TVT 7571 1867
30  SD 9879 3521
10  SD 9928 3487
6
50  TVT 7397 1888
30  SD 7475 3498
10  TVT 7590 1911
7
50  TVT 9332 1900
30  SD 9537 3481
10  TVT 9869 1844
8
50  TVT 6297 1874
30  TVT 8188 1860
10  SD 8732 3501
9
50  SD 3290 3514
30  SD 3633 3515
10  SD 4007 3491
10
50  SD 2538 3513
30  SD 3182 3519
10  SD 3209 3512
11
50  TVT 2259 1952
30  TVT 2350 1890
10  TVT 2359 1892
12
50  SD 1883 3478
30  TVT 2033 1946
10  SD 2227 3499
13
50  TVT 4097 1868
30  TVT 4514 1853
10  SD 4896 3508
14
50  TVT 3875 1951
30  TVT 4012 1879
10  SD 4775 3504
15
50  TVT 3063 1866
30  TVT 3357 1845
10  TVT 3963 1861
16
50  TVT 4169 1880
30  TVT 4566 1886
10  TVT 4569 1943
17
50  TVT 6991 1867
30  TVT 7376 1910
10  SD 8478 3521
18
50  SD 6208 3498
30  TVT 6400 1911
10  TVT 6771 1888
19
50  TVT 8321 1900
20
50  TVT 5377 1899
30  TVT 5753 1874
10  TVT 7783 1947
21
50  SD 3746 3506
30  SD 3990 3515
10  SD 4595 3491
22
50  SD 3064 3513
30  SD 3569 3519
10  TVT 3774 1908
23
50  TVT 2634 1892
30  TVT 2684 1952
10  TVT 2980 1890
24
50  SD 2452 3478
30  TVT 2567 1946
10  SD 2613 3499
25
50  SD 2087 3496
30  TVT 2553 1909
10  TVT 2657 1853
26
50  TVT 2397 1898
30  TVT 2513 1907
10  SD 2570 3503
27
50  SD 4000 3497
30  TVT 4013 1845
10  TVT 4915 1859
28
50  SD 4532 3500
30  TVT 5289 1880
10  SD 5972 3483
29
50  TVT 3845 1910
30  SD 4327 3521
10  SD 4726 3487
30
50  TVT 3535 1888
30  TVT 3733 1911
10  SD 4615 3480
31
80  TVT 4059 1900
40  SD 4613 3481
32
80  TVT 2849 1899
40  TVT 3656 1860
0  TVT 4069 1947
33
80  TVT 2840 1952
40  TVT 3641 1890
34
80  SD 2528 3478
40  TVT 2670 1946
0  SD 2935 3499
35
50  SD 2064 3496
30  TVT 2166 1868
10  TVT 2603 1909
36
50  TVT 2050 1856
30  TVT 2078 1951
10  TVT 2336 1898
37
50  TVT 3427 1866
30  TVT 4109 1913
10  SD 4327 3497
38
50  TVT 4381 1917
30  SD 5521 3500
10  TVT 7064 1848
39
50  TVT 3496 1867
30  SD 5118 3487
10  SD 5126 3521
40
50  TVT 3217 1888
30  SD 4488 3480
41
50  SD 4363 3481
42
50  TVT 2764 1899
30  TVT 2776 1874
10  TVT 3737 1889
43
50  TVT 3133 1952
30  TVT 3244 1892
10  TVT 3675 1890
44
50  TVT 2528 1946
30  SD 2788 3478
10  SD 3101 3499
45
50  SD 2541 3479
30  TVT 2798 1853
10  SD 2955 3508
46
50  TVT 2600 1856
30  TVT 2637 1907
10  TVT 2667 1879
47
50  TVT 4616 1913
30  TVT 4678 1916
10  SD 4700 3497
48
50  TVT 5013 1917
30  SD 5057 3500
10  TVT 5643 1886
49
50  TVT 4377 1910
30  SD 4806 3487
10  TVT 7524 1897
50
50  TVT 3877 1911
30  SD 5284 3480
51
50  TVT 4934 1885
30  SD 5034 3481
52
50  TVT 3306 1874
30  TVT 3969 1860
10  SD 4000 3501
53
50  SD 15585 2067
30  TVT 16803 1828
54
50  TVT 12231 1815
30  SD 12488 2064
55
50  TVT 19785 1818
30  SD 21624 2065
56
50  TVT 17443 1820
30  SD 19897 2066
57
50  TVT 14320 1822
58
50  TVT 17419 1825
59
50  TVT 15096 1826
61
50  TVT 13181 1827
SCORE:TVT,SD,3530,1680,185.0
