TVT-FR
1
50  FR 9756 1771
30  FR 11123 1757
10  TVT 11250 1868
2
50  TVT 9773 1951
30  TVT 10577 1856
10  TVT 11309 1879
3
50  TVT 7662 1866
30  TVT 8557 1845
10  FR 9077 1829
4
50  FR 7209 1825
30  TVT 9433 1917
10  FR 10057 1800
5
50  TVT 7571 1867
30  FR 7641 1767
10  FR 9555 1833
6
50  TVT 7397 1888
30  TVT 7590 1911
10  FR 8712 1781
7
50  FR 8011 1828
30  TVT 9332 1900
10  FR 9367 1769
8
50  TVT 6297 1874
30  FR 7819 1749
10  TVT 8188 1860
9
50  FR 4226 1823
30  TVT 4928 1875
10  FR 5019 1798
10
50  TVT 3245 1950
30  TVT 3347 1908
10  TVT 5460 1948
11
50  FR 2003 1815
30  FR 2238 1778
10  TVT 2259 1952
12
50  FR 2009 1740
30  TVT 2033 1946
10  FR 2057 1770
13
50  TVT 4097 1868
30  FR 4397 1757
10  FR 4501 1786
14
50  TVT 3875 1951
30  TVT 4012 1879
10  TVT 4844 1901
15
50  TVT 3063 1866
30  TVT 3357 1845
10  FR 3487 1785
16
50  FR 2909 1825
30  FR 3730 1826
10  FR 4046 1813
17
50  TVT 6991 1867
30  TVT 7376 1910
10  FR 8153 1833
18
50  TVT 6400 1911
30  TVT 6771 1888
10  FR 7796 1831
19
50  FR 6978 1828
30  TVT 8321 1900
10  FR 8397 1769
20
50  TVT 5377 1899
30  TVT 5753 1874
10  FR 7289 1748
21
50  FR 4902 1798
30  TVT 4982 1875
10  TVT 6514 1865
22
50  TVT 3774 1908
30  TVT 4170 1950
10  FR 5597 1775
23
50  FR 2359 1815
30  FR 2628 1778
10  TVT 2634 1892
24
50  FR 2369 1740
30  TVT 2567 1946
10  TVT 3113 1935
25
50  FR 2137 1771
30  FR 2467 1799
10  FR 2547 1801
26
50  TVT 2397 1898
30  FR 2488 1837
10  TVT 2513 1907
27
50  TVT 4013 1845
30  FR 4456 1785
10  FR 4617 1797
28
50  FR 4469 1826
30  FR 4849 1784
10  FR 5253 1780
29
50  FR 3559 1767
30  TVT 3845 1910
10  FR 4101 1833
30
50  TVT 3535 1888
30  TVT 3733 1911
10  FR 4107 1781
31
80  FR 3485 1765
40  TVT 4059 1900
0  FR 4595 1835
32
80  TVT 2849 1899
40  FR 3537 1749
0  TVT 3656 1860
33
80  FR 2371 1815
40  FR 2673 1820
0  TVT 2840 1952
34
80  FR 2468 1740
40  FR 2562 1770
0  TVT 2670 1946
35
50  FR 2038 1771
30  TVT 2166 1868
10  FR 2295 1786
36
50  TVT 2050 1856
30  TVT 2078 1951
10  TVT 2336 1898
37
50  TVT 3427 1866
30  FR 4082 1785
10  TVT 4109 1913
38
50  FR 3378 1825
30  TVT 4381 1917
10  FR 4474 1784
39
50  FR 3359 1767
30  TVT 3496 1867
10  FR 4532 1783
40
50  TVT 3217 1888
30  FR 3883 1781
10  FR 3989 1756
41
50  FR 3181 1765
30  FR 3494 1828
10  FR 4517 1769
42
50  TVT 2764 1899
30  TVT 2776 1874
10  FR 3447 1749
43
50  TVT 3133 1952
30  FR 3201 1778
10  TVT 3244 1892
44
50  TVT 2528 1946
30  FR 2806 1770
10  TVT 3303 1896
45
50  FR 2412 1771
30  FR 2652 1741
10  FR 2765 1757
46
50  TVT 2600 1856
30  TVT 2637 1907
10  TVT 2667 1879
47
50  FR 4369 1829
30  TVT 4616 1913
10  TVT 4678 1916
48
50  FR 3828 1825
30  TVT 5013 1917
10  FR 5026 1800
49
50  FR 4196 1767
30  TVT 4377 1910
10  FR 4599 1833
50
50  TVT 3877 1911
30  FR 4141 1781
10  FR 5093 1756
51
50  FR 3700 1765
30  FR 4614 1769
10  FR 4743 1835
52
50  TVT 3306 1874
30  TVT 3969 1860
10  FR 4293 1748
53
50  TVT 16803 1828
30  FR 30704 1814
54
50  FR 11241 1805
30  TVT 12231 1815
55
50  TVT 19785 1818
30  FR 23538 1808
56
50  TVT 17443 1820
30  FR 25100 1809
57
50  TVT 14320 1822
30  FR 15370 1811
58
50  FR 15968 1812
59
50  TVT 15096 1826
61
50  FR 12000 1813
30  TVT 13181 1827
SCORE:TVT,FR,2710,2670,4.0
