TVT-SPL
1
50  SPL 8802 1687
30  TVT 11250 1868
10  TVT 11778 1909
2
50  SPL 8844 1719
30  TVT 9773 1951
10  TVT 10577 1856
3
50  TVT 7662 1866
30  TVT 8557 1845
10  SPL 8969 1739
4
50  SPL 9290 1705
30  TVT 9433 1917
10  SPL 9620 1671
5
50  TVT 7571 1867
30  SPL 7969 1720
6
50  SPL 7284 1689
30  TVT 7397 1888
10  TVT 7590 1911
7
50  SPL 7357 1698
30  SPL 7863 1697
10  SPL 8531 1664
8
50  TVT 6297 1874
30  SPL 8085 1680
10  TVT 8188 1860
9
50  SPL 3863 1722
30  SPL 4440 1735
10  TVT 4928 1875
10
50  TVT 3245 1950
30  SPL 3256 1677
10  TVT 3347 1908
11
50  SPL 1950 1672
30  SPL 2012 1708
10  TVT 2259 1952
12
50  TVT 2033 1946
30  SPL 2437 1691
10  TVT 2513 1903
13
50  SPL 3444 1687
30  TVT 4097 1868
10  TVT 4514 1853
14
50  SPL 3591 1719
30  SPL 3692 1670
10  TVT 3875 1951
15
50  TVT 3063 1866
30  TVT 3357 1845
10  SPL 3532 1739
16
50  SPL 3479 1665
30  SPL 4002 1679
10  TVT 4169 1880
17
50  SPL 6478 1718
30  TVT 6991 1867
10  TVT 7376 1910
18
50  TVT 6400 1911
30  SPL 6409 1689
10  TVT 6771 1888
19
50  SPL 6384 1698
30  SPL 7006 1697
10  SPL 8173 1712
20
50  TVT 5377 1899
30  TVT 5753 1874
10  TVT 7783 1947
21
50  SPL 4433 1722
30  TVT 4982 1875
10  SPL 5750 1696
22
50  TVT 3774 1908
30  TVT 4170 1950
10  SPL 5737 1677
23
50  SPL 2555 1708
30  TVT 2634 1892
10  TVT 2684 1952
24
50  TVT 2567 1946
30  SPL 2646 1726
10  TVT 3113 1935
25
50  SPL 2515 1647
30  SPL 2518 1717
10  SPL 2522 1731
26
50  SPL 1913 1719
30  TVT 2397 1898
10  TVT 2513 1907
27
50  TVT 4013 1845
30  SPL 4400 1709
10  TVT 4915 1859
28
50  TVT 5289 1880
30  SPL 5351 1669
10  SPL 5972 1700
29
50  TVT 3845 1910
30  SPL 4667 1711
10  TVT 5952 1897
30
50  SPL 3484 1689
30  TVT 3535 1888
10  TVT 3733 1911
31
80  SPL 3483 1698
40  SPL 3735 1649
0  TVT 4059 1900
32
80  TVT 2849 1899
40  TVT 3656 1860
0  TVT 4069 1947
33
80  TVT 2840 1952
40  SPL 3037 1676
0  SPL 3209 1715
34
80  TVT 2670 1946
40  TVT 3389 1896
35
50  TVT 2166 1868
30  SPL 2331 1690
10  SPL 2492 1713
36
50  SPL 1860 1670
30  TVT 2050 1856
10  TVT 2078 1951
37
50  TVT 3427 1866
30  SPL 4055 1739
10  TVT 4109 1913
38
50  SPL 3981 1705
30  TVT 4381 1917
10  SPL 4577 1671
39
50  SPL 3246 1718
30  TVT 3496 1867
10  SPL 3531 1720
40
50  TVT 3217 1888
30  SPL 4193 1727
41
50  SPL 3366 1697
30  SPL 3625 1649
10  SPL 3772 1664
42
50  TVT 2764 1899
30  TVT 2776 1874
10  SPL 3697 1680
43
50  SPL 2652 1672
30  TVT 3133 1952
10  TVT 3244 1892
44
50  TVT 2528 1946
30  TVT 3303 1896
10  SPL 3371 1699
45
50  SPL 2033 1687
30  SPL 2546 1738
10  SPL 2765 1728
46
50  SPL 2422 1653
30  TVT 2600 1856
10  TVT 2637 1907
47
50  TVT 4616 1913
30  TVT 4678 1916
10  SPL 5018 1652
48
50  TVT 5013 1917
30  SPL 5462 1700
10  TVT 5643 1886
49
50  TVT 4377 1910
30  SPL 5095 1704
10  SPL 5615 1711
50
50  TVT 3877 1911
30  SPL 4475 1666
10  SPL 5344 1727
51
50  SPL 4402 1712
30  SPL 4475 1664
10  SPL 4639 1656
52
50  TVT 3306 1874
30  TVT 3969 1860
10  SPL 4552 1688
53
50  TVT 16803 1828
30  SPL 18907 1804
54
50  SPL 9289 1796
30  TVT 12231 1815
55
50  TVT 19785 1818
30  SPL 20778 1798
56
50  TVT 17443 1820
57
50  TVT 14320 1822
30  SPL 17312 1800
58
50  SPL 15425 1801
30  TVT 17419 1825
59
50  SPL 13914 1802
30  TVT 15096 1826
61
50  TVT 13181 1827
30  SPL 13256 1803
SCORE:TVT,SPL,2750,2640,11.0
