TVT-OMST
1
50  TVT 11250 1868
30  OMST 11741 3251
10  TVT 11778 1909
2
50  OMST 8160 3253
30  TVT 9773 1951
10  TVT 10577 1856
3
50  TVT 7662 1866
30  OMST 8244 3275
10  TVT 8557 1845
4
50  TVT 9433 1917
30  TVT 11734 1880
10  TVT 12108 1886
5
50  TVT 7571 1867
30  OMST 7843 3258
6
50  TVT 7397 1888
30  TVT 7590 1911
10  OMST 8919 3263
7
50  OMST 7093 3269
30  OMST 7725 3285
10  TVT 9332 1900
8
50  TVT 6297 1874
30  OMST 6319 3274
10  TVT 8188 1860
9
50  OMST 4425 3259
30  TVT 4928 1875
10  TVT 5723 1865
10
50  TVT 3245 1950
30  TVT 3347 1908
10  TVT 5460 1948
11
50  TVT 2259 1952
30  TVT 2350 1890
10  TVT 2359 1892
12
50  TVT 2033 1946
30  TVT 2513 1903
10  OMST 2603 3284
13
50  TVT 4097 1868
30  TVT 4514 1853
10  OMST 5372 3268
14
50  TVT 3875 1951
30  OMST 3975 3261
10  TVT 4012 1879
15
50  TVT 3063 1866
30  TVT 3357 1845
10  OMST 3544 3279
16
50  OMST 3447 3266
30  OMST 4120 3283
10  TVT 4169 1880
17
50  TVT 6991 1867
30  TVT 7376 1910
10  OMST 8269 3271
18
50  TVT 6400 1911
30  TVT 6771 1888
10  OMST 7259 3257
19
50  OMST 6744 3285
30  TVT 8321 1900
20
50  TVT 5377 1899
30  TVT 5753 1874
10  OMST 7432 3288
21
50  OMST 4632 3259
30  TVT 4982 1875
10  TVT 6514 1865
22
50  TVT 3774 1908
30  TVT 4170 1950
10  TVT 5940 1839
23
50  TVT 2634 1892
30  TVT 2684 1952
10  TVT 2980 1890
24
50  TVT 2567 1946
30  TVT 3113 1935
10  TVT 3182 1903
25
50  OMST 2406 3251
30  TVT 2553 1909
10  TVT 2657 1853
26
50  OMST 1790 3253
30  TVT 2397 1898
10  TVT 2513 1907
27
50  OMST 3878 3275
30  TVT 4013 1845
10  OMST 4726 3279
28
50  TVT 5289 1880
30  OMST 5844 3283
10  OMST 6204 3249
29
50  OMST 3722 3258
30  TVT 3845 1910
10  OMST 4518 3271
30
50  TVT 3535 1888
30  TVT 3733 1911
10  OMST 4116 3263
31
80  OMST 3750 3285
40  TVT 4059 1900
32
80  TVT 2849 1899
40  TVT 3656 1860
0  TVT 4069 1947
33
80  TVT 2840 1952
40  TVT 3641 1890
0  OMST 4259 3289
34
80  TVT 2670 1946
40  TVT 3389 1896
35
50  TVT 2166 1868
30  OMST 2550 3251
10  TVT 2603 1909
36
50  OMST 1563 3253
30  TVT 2050 1856
10  TVT 2078 1951
37
50  TVT 3427 1866
30  TVT 4109 1913
10  OMST 4713 3279
38
50  TVT 4381 1917
30  OMST 6100 3283
10  TVT 7064 1848
39
50  TVT 3496 1867
30  OMST 3721 3258
10  OMST 4880 3271
40
50  TVT 3217 1888
30  OMST 3669 3257
41
50  OMST 3053 3269
42
50  TVT 2764 1899
30  OMST 2766 3274
10  TVT 2776 1874
43
50  TVT 3133 1952
30  TVT 3244 1892
10  TVT 3675 1890
44
50  TVT 2528 1946
30  OMST 3195 3284
10  TVT 3303 1896
45
50  TVT 2798 1853
30  TVT 3004 1920
10  TVT 3976 1849
46
50  TVT 2600 1856
30  TVT 2637 1907
10  TVT 2667 1879
47
50  OMST 4560 3275
30  TVT 4616 1913
10  TVT 4678 1916
48
50  OMST 4907 3266
30  TVT 5013 1917
10  OMST 5397 3249
49
50  TVT 4377 1910
30  OMST 5025 3265
10  OMST 5644 3254
50
50  TVT 3877 1911
30  OMST 6900 3273
51
50  OMST 3703 3269
30  TVT 4934 1885
52
50  TVT 3306 1874
30  OMST 3415 3274
10  TVT 3969 1860
53
50  TVT 16803 1828
54
50  TVT 12231 1815
30  OMST 12837 2003
55
50  TVT 19785 1818
30  OMST 27406 2004
56
50  OMST 16499 2005
30  TVT 17443 1820
57
50  TVT 14320 1822
58
50  OMST 17262 2007
30  TVT 17419 1825
59
50  TVT 15096 1826
30  OMST 15246 2008
61
50  OMST 12078 2009
30  TVT 13181 1827
SCORE:TVT,OMST,3560,1730,183.0
