TVT-SPD
1
50  SPD 10483 2543
30  TVT 11250 1868
10  TVT 11778 1909
2
50  SPD 8459 2533
30  TVT 9773 1951
10  SPD 9968 2525
3
50  TVT 7662 1866
30  TVT 8557 1845
10  TVT 9372 1913
4
50  TVT 9433 1917
30  SPD 10001 2510
10  SPD 10160 2549
5
50  TVT 7571 1867
30  SPD 7938 2532
10  SPD 8957 2503
6
50  TVT 7397 1888
30  TVT 7590 1911
10  SPD 8395 2544
7
50  TVT 9332 1900
30  TVT 9869 1844
10  SPD 10866 2557
8
50  TVT 6297 1874
30  TVT 8188 1860
10  SPD 8953 2540
9
50  SPD 3385 2489
30  SPD 4118 2490
10  SPD 4586 2556
10
50  TVT 3245 1950
30  TVT 3347 1908
10  TVT 5460 1948
11
50  TVT 2259 1952
30  TVT 2350 1890
10  TVT 2359 1892
12
50  TVT 2033 1946
30  TVT 2513 1903
10  TVT 2745 1935
13
50  TVT 4097 1868
30  TVT 4514 1853
10  SPD 4588 2541
14
50  SPD 3450 2533
30  TVT 3875 1951
10  TVT 4012 1879
15
50  TVT 3063 1866
30  TVT 3357 1845
10  SPD 3909 2511
16
50  SPD 3708 2553
30  SPD 3714 2510
10  SPD 3970 2493
17
50  SPD 6896 2532
30  TVT 6991 1867
10  TVT 7376 1910
18
50  TVT 6400 1911
30  TVT 6771 1888
10  SPD 7106 2544
19
50  SPD 8300 2539
30  TVT 8321 1900
10  SPD 11350 2494
20
50  TVT 5377 1899
30  TVT 5753 1874
10  SPD 7422 2552
21
50  SPD 3859 2489
30  SPD 3863 2490
10  TVT 4982 1875
22
50  TVT 3774 1908
30  TVT 4170 1950
10  SPD 5433 2536
23
50  TVT 2634 1892
30  TVT 2684 1952
10  TVT 2980 1890
24
50  TVT 2567 1946
30  TVT 3113 1935
10  TVT 3182 1903
25
50  SPD 2138 2543
30  SPD 2449 2512
10  TVT 2553 1909
26
50  SPD 1891 2533
30  SPD 2140 2525
10  TVT 2397 1898
27
50  TVT 4013 1845
30  SPD 4615 2511
10  TVT 4915 1859
28
50  SPD 4881 2509
30  TVT 5289 1880
10  SPD 5303 2549
29
50  TVT 3845 1910
30  SPD 4043 2518
10  SPD 4679 2522
30
50  TVT 3535 1888
30  TVT 3733 1911
10  SPD 4387 2508
31
80  TVT 4059 1900
40  SPD 4170 2539
0  SPD 4820 2516
32
80  TVT 2849 1899
40  TVT 3656 1860
0  SPD 4063 2552
33
80  TVT 2840 1952
40  TVT 3641 1890
0  SPD 4375 2534
34
80  TVT 2670 1946
40  TVT 3389 1896
35
50  TVT 2166 1868
30  SPD 2403 2543
10  SPD 2406 2541
36
50  TVT 2050 1856
30  TVT 2078 1951
10  SPD 2102 2525
37
50  TVT 3427 1866
30  TVT 4109 1913
10  SPD 4592 2550
38
50  TVT 4381 1917
30  SPD 4631 2553
10  SPD 4950 2549
39
50  TVT 3496 1867
30  SPD 3639 2532
10  SPD 3788 2503
40
50  TVT 3217 1888
30  SPD 3814 2544
10  SPD 6559 2502
41
50  SPD 4227 2539
30  SPD 4878 2557
10  SPD 4997 2516
42
50  TVT 2764 1899
30  TVT 2776 1874
10  TVT 3737 1889
43
50  TVT 3133 1952
30  TVT 3244 1892
10  TVT 3675 1890
44
50  TVT 2528 1946
30  TVT 3303 1896
10  TVT 3571 1903
45
50  SPD 2703 2512
30  TVT 2798 1853
10  TVT 3004 1920
46
50  SPD 2083 2533
30  SPD 2428 2525
10  TVT 2600 1856
47
50  TVT 4616 1913
30  TVT 4678 1916
10  SPD 4937 2513
48
50  TVT 5013 1917
30  SPD 5052 2510
10  SPD 5469 2553
49
50  TVT 4377 1910
30  SPD 4663 2547
10  SPD 4725 2503
50
50  TVT 3877 1911
30  SPD 4334 2551
10  SPD 4456 2502
51
50  TVT 4934 1885
30  SPD 5278 2516
10  SPD 5333 2557
52
50  TVT 3306 1874
30  TVT 3969 1860
10  TVT 4577 1947
53
50  TVT 16803 1828
30  SPD 27334 1912
54
50  TVT 12231 1815
30  SPD 15415 1904
55
50  SPD 18900 1906
30  TVT 19785 1818
56
50  TVT 17443 1820
57
50  TVT 14320 1822
30  SPD 16523 1907
58
50  SPD 15638 1908
30  TVT 17419 1825
59
50  SPD 13778 1909
30  TVT 15096 1826
60
50  SPD 14566 1910
61
50  TVT 13181 1827
SCORE:TVT,SPD,3540,1890,165.0
