TVT-BJCCS
1
50  TVT 11250 1868
30  TVT 11778 1909
10  TVT 12956 1920
2
50  BJCCS 7311 1954
30  BJCCS 9619 1983
10  TVT 9773 1951
3
50  TVT 7662 1866
30  TVT 8557 1845
10  TVT 9372 1913
4
50  BJCCS 8868 1970
30  BJCCS 8910 1964
10  TVT 9433 1917
5
50  BJCCS 7494 1958
30  TVT 7571 1867
10  BJCCS 9193 1972
6
50  TVT 7397 1888
30  BJCCS 7580 1985
10  TVT 7590 1911
7
50  BJCCS 7577 1975
30  BJCCS 8144 1986
10  TVT 9332 1900
8
50  TVT 6297 1874
30  BJCCS 6444 1974
10  BJCCS 6544 1984
9
50  BJCCS 2399 1956
30  BJCCS 3603 1978
10  BJCCS 4022 1963
10
50  TVT 3245 1950
30  TVT 3347 1908
10  TVT 5460 1948
11
50  BJCCS 2100 1973
30  TVT 2259 1952
10  TVT 2350 1890
12
50  BJCCS 1892 1955
30  TVT 2033 1946
10  BJCCS 2070 1981
13
50  TVT 4097 1868
30  TVT 4514 1853
10  TVT 5450 1944
14
50  BJCCS 2934 1954
30  TVT 3875 1951
10  TVT 4012 1879
15
50  TVT 3063 1866
30  TVT 3357 1845
10  TVT 3963 1861
16
50  BJCCS 3568 1964
30  BJCCS 3666 1970
10  TVT 4169 1880
17
50  TVT 6991 1867
30  BJCCS 7103 1958
10  TVT 7376 1910
18
50  BJCCS 6120 1966
30  TVT 6400 1911
10  TVT 6771 1888
19
50  BJCCS 6706 1975
30  BJCCS 7454 1986
10  TVT 8321 1900
20
50  TVT 5377 1899
30  BJCCS 5725 1974
10  TVT 5753 1874
21
50  BJCCS 2962 1956
30  BJCCS 3903 1989
10  TVT 4982 1875
22
50  TVT 3774 1908
30  TVT 4170 1950
10  TVT 5940 1839
23
50  BJCCS 2553 1973
30  TVT 2634 1892
10  TVT 2684 1952
24
50  BJCCS 2342 1955
30  TVT 2567 1946
10  BJCCS 2669 1981
25
50  TVT 2553 1909
30  TVT 2657 1853
10  TVT 2985 1944
26
50  BJCCS 2019 1983
30  BJCCS 2356 1988
10  TVT 2397 1898
27
50  TVT 4013 1845
30  TVT 4915 1859
10  BJCCS 5075 1977
28
50  BJCCS 4400 1970
30  TVT 5289 1880
10  BJCCS 5672 1987
29
50  BJCCS 3747 1958
30  TVT 3845 1910
10  BJCCS 4150 1972
30
50  BJCCS 3247 1966
30  BJCCS 3419 1985
10  TVT 3535 1888
31
80  BJCCS 3610 1986
40  TVT 4059 1900
32
80  TVT 2849 1899
40  BJCCS 2989 1984
0  TVT 3656 1860
33
80  BJCCS 2559 1973
40  TVT 2840 1952
0  BJCCS 3103 1956
34
80  BJCCS 2165 1981
40  TVT 2670 1946
0  TVT 3389 1896
35
50  TVT 2166 1868
30  TVT 2603 1909
10  TVT 2989 1920
36
50  BJCCS 1770 1983
30  TVT 2050 1856
10  TVT 2078 1951
37
50  TVT 3427 1866
30  TVT 4109 1913
10  TVT 4780 1916
38
50  BJCCS 4031 1970
30  BJCCS 4178 1964
10  TVT 4381 1917
39
50  TVT 3496 1867
30  BJCCS 4225 1972
40
50  BJCCS 3145 1966
30  TVT 3217 1888
10  BJCCS 4636 1980
42
50  TVT 2764 1899
30  TVT 2776 1874
10  BJCCS 3000 1974
43
50  TVT 3133 1952
30  TVT 3244 1892
10  TVT 3675 1890
44
50  TVT 2528 1946
30  BJCCS 3022 1955
10  TVT 3303 1896
45
50  TVT 2798 1853
30  TVT 3004 1920
10  TVT 3976 1849
46
50  BJCCS 1744 1954
30  TVT 2600 1856
10  TVT 2637 1907
47
50  TVT 4616 1913
30  TVT 4678 1916
10  TVT 5321 1861
48
50  BJCCS 4834 1964
30  TVT 5013 1917
10  TVT 5643 1886
49
50  BJCCS 3875 1958
30  TVT 4377 1910
10  TVT 7524 1897
50
50  TVT 3877 1911
30  BJCCS 4163 1985
10  BJCCS 4372 1960
51
50  TVT 4934 1885
52
50  TVT 3306 1874
30  BJCCS 3897 1984
10  TVT 3969 1860
53
50  TVT 16803 1828
54
50  BJCCS 9233 1830
30  TVT 12231 1815
55
50  TVT 19785 1818
56
50  BJCCS 15437 1831
30  TVT 17443 1820
57
50  TVT 14320 1822
58
50  TVT 17419 1825
59
50  TVT 15096 1826
60
50  BJCCS 12532 1832
61
50  BJCCS 12031 1833
30  TVT 13181 1827
SCORE:TVT,BJCCS,2870,2330,54.0
