TVT-RW
1
50  RW 10009 718
30  RW 11222 768
10  TVT 11250 1868
2
50  RW 8968 753
30  RW 9600 762
10  TVT 9773 1951
3
50  TVT 7662 1866
30  TVT 8557 1845
10  RW 8982 725
4
50  TVT 9433 1917
30  RW 10600 736
10  TVT 11734 1880
5
50  TVT 7571 1867
30  RW 7908 773
10  RW 8319 735
6
50  TVT 7397 1888
30  TVT 7590 1911
10  RW 7729 752
7
50  RW 7459 772
30  TVT 9332 1900
10  TVT 9869 1844
8
50  TVT 6297 1874
30  RW 6948 733
10  RW 7027 763
9
50  RW 2557 688
30  RW 4166 684
10  RW 4424 744
10
50  TVT 3245 1950
30  TVT 3347 1908
10  RW 3534 751
11
50  RW 1975 771
30  TVT 2259 1952
10  TVT 2350 1890
12
50  RW 1829 726
30  TVT 2033 1946
10  RW 2055 696
13
50  RW 3735 718
30  RW 3906 701
10  TVT 4097 1868
14
50  TVT 3875 1951
30  RW 3905 762
10  TVT 4012 1879
15
50  TVT 3063 1866
30  TVT 3357 1845
10  RW 3539 727
16
50  RW 3402 724
30  RW 3930 736
10  TVT 4169 1880
17
50  TVT 6991 1867
30  RW 7229 735
10  TVT 7376 1910
18
50  TVT 6400 1911
30  RW 6623 752
10  TVT 6771 1888
19
50  RW 6387 772
30  TVT 8321 1900
20
50  TVT 5377 1899
30  RW 5551 716
10  TVT 5753 1874
21
50  RW 3450 688
30  RW 4716 684
10  TVT 4982 1875
22
50  TVT 3774 1908
30  RW 4079 695
10  TVT 4170 1950
23
50  TVT 2634 1892
30  TVT 2684 1952
10  TVT 2980 1890
24
50  RW 2427 726
30  TVT 2567 1946
10  RW 2718 737
25
50  RW 1989 701
30  RW 2244 715
10  RW 2482 768
26
50  RW 1908 753
30  RW 2256 749
10  TVT 2397 1898
27
50  TVT 4013 1845
30  RW 4563 743
10  RW 4912 729
28
50  RW 4728 724
30  RW 4906 766
10  TVT 5289 1880
29
50  RW 3721 735
30  TVT 3845 1910
10  RW 4257 754
30
50  TVT 3535 1888
30  TVT 3733 1911
10  RW 5444 691
31
80  RW 3927 722
40  TVT 4059 1900
32
80  TVT 2849 1899
40  RW 3041 716
0  RW 3259 742
33
80  RW 2497 771
40  TVT 2840 1952
0  RW 2947 740
34
80  RW 2609 696
40  RW 2669 747
0  TVT 2670 1946
35
50  RW 1973 718
30  TVT 2166 1868
10  RW 2525 758
36
50  RW 1899 762
30  TVT 2050 1856
10  TVT 2078 1951
37
50  TVT 3427 1866
30  TVT 4109 1913
10  RW 4372 686
38
50  TVT 4381 1917
30  RW 4420 736
10  RW 4496 766
39
50  RW 3435 773
30  TVT 3496 1867
10  RW 4221 767
40
50  TVT 3217 1888
30  RW 5377 769
41
50  RW 3266 772
30  RW 4106 722
42
50  RW 2739 716
30  TVT 2764 1899
10  TVT 2776 1874
43
50  RW 2462 771
30  TVT 3133 1952
10  TVT 3244 1892
44
50  TVT 2528 1946
30  RW 2621 726
10  TVT 3303 1896
45
50  RW 2351 701
30  TVT 2798 1853
10  TVT 3004 1920
46
50  RW 2123 753
30  TVT 2600 1856
10  TVT 2637 1907
47
50  RW 4334 725
30  TVT 4616 1913
10  TVT 4678 1916
48
50  TVT 5013 1917
30  RW 5496 766
10  TVT 5643 1886
49
50  RW 3988 773
30  TVT 4377 1910
10  RW 4944 754
50
50  TVT 3877 1911
30  RW 4049 752
10  RW 5058 691
51
50  RW 4707 722
30  TVT 4934 1885
52
50  TVT 3306 1874
30  RW 3837 763
10  TVT 3969 1860
53
50  TVT 16803 1828
30  RW 17717 1691
54
50  RW 10673 1686
30  TVT 12231 1815
55
50  RW 18245 1687
30  TVT 19785 1818
56
50  TVT 17443 1820
30  RW 19983 1688
57
50  TVT 14320 1822
30  RW 15355 1689
58
50  TVT 17419 1825
59
50  TVT 15096 1826
61
50  TVT 13181 1827
SCORE:TVT,RW,2560,2750,-19.0
