TVT-SCSC
1
50  SCSC 9422 83
30  SCSC 9644 126
10  TVT 11250 1868
2
50  TVT 9773 1951
30  TVT 10577 1856
10  SCSC 10856 129
3
50  TVT 7662 1866
30  SCSC 8177 125
10  SCSC 8218 208
4
50  SCSC 8071 200
30  SCSC 9385 128
10  TVT 9433 1917
5
50  TVT 7571 1867
30  SCSC 7622 107
10  SCSC 8989 165
6
50  SCSC 6832 178
30  SCSC 7156 151
10  TVT 7397 1888
7
50  SCSC 8853 117
30  TVT 9332 1900
10  SCSC 9719 135
8
50  TVT 6297 1874
30  SCSC 6738 176
10  TVT 8188 1860
9
50  SCSC 3301 182
30  SCSC 3619 94
10  SCSC 3926 97
10
50  SCSC 2637 185
30  TVT 3245 1950
10  TVT 3347 1908
11
50  SCSC 2091 172
30  SCSC 2114 191
10  TVT 2259 1952
12
50  SCSC 1919 154
30  TVT 2033 1946
10  SCSC 2425 195
13
50  SCSC 3635 126
30  SCSC 3641 83
10  SCSC 3885 146
14
50  TVT 3875 1951
30  SCSC 3983 80
10  TVT 4012 1879
15
50  SCSC 2862 159
30  TVT 3063 1866
10  SCSC 3194 208
16
50  SCSC 3125 200
30  SCSC 3216 82
10  SCSC 3457 128
17
50  SCSC 6237 199
30  TVT 6991 1867
10  TVT 7376 1910
18
50  TVT 6400 1911
30  SCSC 6556 133
10  SCSC 6657 192
19
50  SCSC 6151 108
30  TVT 8321 1900
10  SCSC 8854 135
20
50  TVT 5377 1899
30  SCSC 5587 156
10  TVT 5753 1874
21
50  SCSC 4619 182
30  TVT 4982 1875
10  SCSC 5152 183
22
50  TVT 3774 1908
30  TVT 4170 1950
10  SCSC 4701 173
23
50  TVT 2634 1892
30  TVT 2684 1952
10  SCSC 2875 191
24
50  SCSC 2425 154
30  TVT 2567 1946
10  SCSC 3058 147
25
50  SCSC 2089 126
30  SCSC 2406 171
10  SCSC 2469 78
26
50  SCSC 2220 196
30  SCSC 2271 168
10  SCSC 2376 129
27
50  SCSC 3313 159
30  SCSC 3831 208
10  TVT 4013 1845
28
50  SCSC 3633 200
30  SCSC 4544 144
10  SCSC 4628 128
29
50  TVT 3845 1910
30  SCSC 4034 114
10  SCSC 4203 198
30
50  SCSC 3432 120
30  TVT 3535 1888
10  SCSC 3545 178
31
80  SCSC 3306 108
40  TVT 4059 1900
0  SCSC 4070 121
32
80  TVT 2849 1899
40  SCSC 3432 176
0  TVT 3656 1860
33
80  SCSC 2565 105
40  TVT 2840 1952
0  SCSC 3100 191
34
80  TVT 2670 1946
40  SCSC 3219 147
0  SCSC 3240 160
35
50  SCSC 1728 83
30  SCSC 1995 146
10  TVT 2166 1868
36
50  TVT 2050 1856
30  TVT 2078 1951
10  TVT 2336 1898
37
50  TVT 3427 1866
30  SCSC 3894 166
10  TVT 4109 1913
38
50  TVT 4381 1917
30  SCSC 4764 144
10  SCSC 4775 109
39
50  SCSC 3078 199
30  TVT 3496 1867
10  SCSC 4022 114
40
50  SCSC 3012 151
30  TVT 3217 1888
10  SCSC 3447 192
41
50  SCSC 4072 117
42
50  SCSC 2747 156
30  TVT 2764 1899
10  TVT 2776 1874
43
50  TVT 3133 1952
30  SCSC 3153 172
10  TVT 3244 1892
44
50  TVT 2528 1946
30  SCSC 2935 160
10  TVT 3303 1896
45
50  SCSC 2507 184
30  SCSC 2697 171
10  SCSC 2766 96
46
50  TVT 2600 1856
30  TVT 2637 1907
10  TVT 2667 1879
47
50  SCSC 4256 125
30  TVT 4616 1913
10  TVT 4678 1916
48
50  SCSC 4256 82
30  SCSC 4665 169
10  TVT 5013 1917
49
50  SCSC 3997 107
30  SCSC 4313 165
10  TVT 4377 1910
50
50  SCSC 3432 178
30  SCSC 3800 133
10  TVT 3877 1911
51
50  SCSC 4337 117
30  TVT 4934 1885
10  SCSC 5038 121
52
50  SCSC 3234 156
30  TVT 3306 1874
10  SCSC 3339 201
53
50  SCSC 16759 1641
30  TVT 16803 1828
54
50  SCSC 9056 1633
30  TVT 12231 1815
55
50  SCSC 19565 1634
30  TVT 19785 1818
56
50  TVT 17443 1820
30  SCSC 18470 1635
57
50  SCSC 13178 1636
30  TVT 14320 1822
58
50  SCSC 14856 1637
30  TVT 17419 1825
59
50  SCSC 13296 1638
30  TVT 15096 1826
60
50  SCSC 12758 1639
61
50  SCSC 11516 1640
30  TVT 13181 1827
SCORE:TVT,SCSC,2110,3340,-123.0
