TVT-CC
1
50  CC 10921 2939
30  TVT 11250 1868
10  TVT 11778 1909
2
50  CC 8850 2949
30  TVT 9773 1951
10  TVT 10577 1856
3
50  TVT 7662 1866
30  CC 8118 2938
10  CC 8262 2957
4
50  CC 8034 2948
30  TVT 9433 1917
10  TVT 11734 1880
5
50  TVT 7571 1867
30  CC 7882 2954
10  CC 9281 2937
6
50  TVT 7397 1888
30  TVT 7590 1911
10  CC 8156 2963
7
50  TVT 9332 1900
30  CC 9441 2943
10  TVT 9869 1844
8
50  TVT 6297 1874
30  CC 6620 2964
10  CC 7634 2934
9
50  CC 3234 2960
30  TVT 4928 1875
10  TVT 5723 1865
10
50  TVT 3245 1950
30  TVT 3347 1908
10  TVT 5460 1948
11
50  TVT 2259 1952
30  CC 2302 2951
10  TVT 2350 1890
12
50  CC 1919 2950
30  TVT 2033 1946
10  TVT 2513 1903
13
50  TVT 4097 1868
30  CC 4125 2959
10  TVT 4514 1853
14
50  TVT 3875 1951
30  TVT 4012 1879
10  CC 4768 2941
15
50  TVT 3063 1866
30  CC 3222 2938
10  CC 3295 2957
16
50  CC 3277 2948
30  TVT 4169 1880
10  TVT 4566 1886
17
50  TVT 6991 1867
30  CC 7166 2937
10  TVT 7376 1910
18
50  TVT 6400 1911
30  TVT 6771 1888
10  CC 6925 2944
19
50  TVT 8321 1900
20
50  TVT 5377 1899
30  TVT 5753 1874
10  CC 6203 2934
21
50  CC 2950 2960
30  TVT 4982 1875
10  TVT 6514 1865
22
50  TVT 3774 1908
30  TVT 4170 1950
10  TVT 5940 1839
23
50  TVT 2634 1892
30  TVT 2684 1952
10  CC 2725 2951
24
50  CC 2439 2950
30  TVT 2567 1946
10  TVT 3113 1935
25
50  CC 2207 2939
30  CC 2372 2958
10  CC 2463 2961
26
50  CC 1737 2949
30  TVT 2397 1898
10  TVT 2513 1907
27
50  TVT 4013 1845
30  CC 4340 2965
10  TVT 4915 1859
28
50  TVT 5289 1880
30  TVT 7253 1943
10  CC 8178 2956
29
50  TVT 3845 1910
30  CC 4219 2937
10  CC 4225 2952
30
50  TVT 3535 1888
30  TVT 3733 1911
10  CC 3806 2944
31
80  TVT 4059 1900
40  CC 4707 2943
32
80  TVT 2849 1899
40  CC 3128 2964
0  CC 3500 2934
33
80  TVT 2840 1952
40  TVT 3641 1890
34
80  CC 2484 2950
40  TVT 2670 1946
0  TVT 3389 1896
35
50  CC 2038 2939
30  TVT 2166 1868
10  CC 2359 2959
36
50  CC 1658 2949
30  TVT 2050 1856
10  TVT 2078 1951
37
50  TVT 3427 1866
30  CC 3522 2938
10  CC 3640 2957
38
50  CC 3847 2948
30  TVT 4381 1917
10  TVT 7064 1848
39
50  CC 3449 2954
30  TVT 3496 1867
10  CC 3895 2942
40
50  TVT 3217 1888
30  CC 3527 2944
10  CC 4050 2963
41
50  CC 4125 2943
42
50  TVT 2764 1899
30  TVT 2776 1874
10  CC 2822 2964
43
50  CC 3131 2951
30  TVT 3133 1952
10  TVT 3244 1892
44
50  TVT 2528 1946
30  CC 2945 2950
10  TVT 3303 1896
45
50  CC 2420 2939
30  CC 2485 2958
10  TVT 2798 1853
46
50  TVT 2600 1856
30  TVT 2637 1907
10  TVT 2667 1879
47
50  CC 4600 2965
30  TVT 4616 1913
10  TVT 4678 1916
48
50  CC 4097 2948
30  TVT 5013 1917
10  TVT 5643 1886
49
50  CC 3807 2954
30  TVT 4377 1910
10  CC 4456 2942
50
50  TVT 3877 1911
30  CC 4108 2963
51
50  TVT 4934 1885
30  CC 5260 2943
52
50  CC 3294 2964
30  TVT 3306 1874
10  TVT 3969 1860
53
50  TVT 16803 1828
54
50  TVT 12231 1815
55
50  TVT 19785 1818
56
50  TVT 17443 1820
30  CC 19707 1970
57
50  TVT 14320 1822
30  CC 15841 1971
58
50  TVT 17419 1825
59
50  CC 13789 1972
30  TVT 15096 1826
61
50  TVT 13181 1827
SCORE:TVT,CC,3170,2020,115.0
