TVT-WW
1
50  WW 9347 1645
30  TVT 11250 1868
10  TVT 11778 1909
2
50  TVT 9773 1951
30  TVT 10577 1856
10  TVT 11309 1879
3
50  TVT 7662 1866
30  TVT 8557 1845
10  TVT 9372 1913
4
50  TVT 9433 1917
30  WW 10807 1577
10  WW 11487 1587
5
50  TVT 7571 1867
30  WW 8091 1544
10  WW 8587 1626
6
50  TVT 7397 1888
30  WW 7547 1643
10  TVT 7590 1911
7
50  WW 7781 1616
30  WW 9163 1640
10  TVT 9332 1900
8
50  TVT 6297 1874
30  WW 6700 1585
10  WW 7888 1550
9
50  WW 3607 1555
30  TVT 4928 1875
10  TVT 5723 1865
10
50  WW 2803 1591
30  TVT 3245 1950
10  TVT 3347 1908
11
50  WW 1959 1580
30  WW 2100 1573
10  TVT 2259 1952
12
50  TVT 2033 1946
30  WW 2186 1619
10  WW 2438 1561
13
50  WW 3890 1589
30  TVT 4097 1868
10  WW 4283 1638
14
50  TVT 3875 1951
30  TVT 4012 1879
10  WW 4059 1552
15
50  TVT 3063 1866
30  WW 3228 1625
10  TVT 3357 1845
16
50  WW 3762 1605
30  WW 4147 1587
10  TVT 4169 1880
17
50  WW 6844 1581
30  WW 6869 1618
10  TVT 6991 1867
18
50  TVT 6400 1911
30  TVT 6771 1888
10  WW 7106 1583
19
50  WW 6303 1551
30  WW 7506 1562
10  TVT 8321 1900
20
50  TVT 5377 1899
30  TVT 5753 1874
10  WW 6309 1582
21
50  WW 4309 1555
30  TVT 4982 1875
10  TVT 6514 1865
22
50  TVT 3774 1908
30  TVT 4170 1950
10  WW 5181 1591
23
50  WW 2472 1580
30  TVT 2634 1892
10  TVT 2684 1952
24
50  TVT 2567 1946
30  WW 3006 1635
10  TVT 3113 1935
25
50  WW 2100 1645
30  WW 2475 1589
10  WW 2518 1598
26
50  TVT 2397 1898
30  WW 2428 1569
10  TVT 2513 1907
27
50  TVT 4013 1845
30  WW 4756 1634
10  TVT 4915 1859
28
50  WW 4644 1605
30  TVT 5289 1880
10  WW 5342 1577
29
50  WW 3622 1618
30  WW 3709 1595
10  TVT 3845 1910
30
50  WW 3488 1643
30  TVT 3535 1888
10  WW 3675 1583
31
80  WW 3531 1551
40  WW 3584 1616
0  WW 4031 1640
32
80  TVT 2849 1899
40  WW 3043 1585
0  WW 3605 1582
33
80  WW 2604 1573
40  TVT 2840 1952
0  WW 3637 1621
34
80  TVT 2670 1946
40  TVT 3389 1896
0  WW 3675 1635
35
50  WW 1864 1645
30  TVT 2166 1868
10  WW 2529 1638
36
50  TVT 2050 1856
30  TVT 2078 1951
10  TVT 2336 1898
37
50  TVT 3427 1866
30  WW 3816 1625
10  WW 3966 1572
38
50  WW 4303 1636
30  TVT 4381 1917
10  WW 5550 1577
39
50  WW 3473 1618
30  TVT 3496 1867
10  WW 3593 1581
40
50  TVT 3217 1888
30  WW 3459 1643
10  WW 4190 1576
41
50  WW 3331 1616
30  WW 3788 1640
10  WW 3844 1562
42
50  TVT 2764 1899
30  TVT 2776 1874
10  WW 2879 1585
43
50  WW 2591 1573
30  TVT 3133 1952
10  TVT 3244 1892
44
50  TVT 2528 1946
30  TVT 3303 1896
10  TVT 3571 1903
45
50  WW 2350 1589
30  WW 2469 1638
10  WW 2637 1542
46
50  TVT 2600 1856
30  TVT 2637 1907
10  WW 2640 1552
47
50  WW 4207 1625
30  WW 4327 1572
10  WW 4363 1584
48
50  WW 4466 1636
30  TVT 5013 1917
10  WW 5481 1605
49
50  WW 3978 1544
30  WW 4063 1581
10  TVT 4377 1910
50
50  TVT 3877 1911
30  WW 4181 1583
51
50  WW 3768 1551
30  WW 4440 1596
10  TVT 4934 1885
52
50  TVT 3306 1874
30  WW 3665 1608
10  WW 3700 1582
53
50  WW 11534 1795
30  TVT 16803 1828
54
50  WW 9416 1776
30  TVT 12231 1815
55
50  WW 17160 1779
30  TVT 19785 1818
56
50  TVT 17443 1820
30  WW 18144 1782
57
50  WW 14228 1784
30  TVT 14320 1822
58
50  TVT 17419 1825
30  WW 20981 1788
59
50  WW 12400 1789
30  TVT 15096 1826
60
50  WW 13835 1791
61
50  WW 11479 1792
30  TVT 13181 1827
SCORE:TVT,WW,2590,2890,-30.0
