TVT-FV
1
50  FV 10025 3349
30  TVT 11250 1868
10  TVT 11778 1909
2
50  TVT 9773 1951
30  TVT 10577 1856
10  FV 10634 3383
3
50  TVT 7662 1866
30  TVT 8557 1845
10  FV 8790 3380
4
50  TVT 9433 1917
30  FV 11027 3350
10  TVT 11734 1880
5
50  TVT 7571 1867
30  FV 8295 3351
10  FV 8941 3381
6
50  TVT 7397 1888
30  TVT 7590 1911
10  FV 10438 3367
7
50  TVT 9332 1900
30  TVT 9869 1844
10  FV 10543 3373
8
50  TVT 6297 1874
30  FV 7139 3384
10  FV 7577 3364
9
50  FV 3222 3343
30  TVT 4928 1875
10  TVT 5723 1865
10
50  TVT 3245 1950
30  FV 3344 3360
10  TVT 3347 1908
11
50  FV 2181 3382
30  FV 2232 3344
10  TVT 2259 1952
12
50  TVT 2033 1946
30  FV 2238 3368
10  TVT 2513 1903
13
50  TVT 4097 1868
30  FV 4412 3375
10  TVT 4514 1853
14
50  TVT 3875 1951
30  TVT 4012 1879
10  FV 4650 3369
15
50  TVT 3063 1866
30  TVT 3357 1845
10  FV 3525 3380
16
50  FV 3762 3359
30  FV 3785 3379
10  FV 4108 3350
17
50  TVT 6991 1867
30  FV 7303 3351
10  TVT 7376 1910
18
50  TVT 6400 1911
30  TVT 6771 1888
10  TVT 11457 1905
19
50  TVT 8321 1900
30  FV 8631 3373
20
50  TVT 5377 1899
30  TVT 5753 1874
10  FV 6359 3384
21
50  FV 3926 3343
30  TVT 4982 1875
10  TVT 6514 1865
22
50  TVT 3774 1908
30  TVT 4170 1950
10  FV 5770 3360
23
50  TVT 2634 1892
30  FV 2641 3344
10  FV 2675 3382
24
50  TVT 2567 1946
30  TVT 3113 1935
10  TVT 3182 1903
25
50  FV 2089 3349
30  TVT 2553 1909
10  TVT 2657 1853
26
50  TVT 2397 1898
30  FV 2464 3369
10  TVT 2513 1907
27
50  TVT 4013 1845
30  FV 4028 3380
10  FV 4595 3377
28
50  FV 4766 3359
30  TVT 5289 1880
10  FV 5353 3379
29
50  FV 3738 3351
30  TVT 3845 1910
10  FV 4328 3357
30
50  TVT 3535 1888
30  TVT 3733 1911
10  FV 5003 3367
31
80  TVT 4059 1900
40  FV 5164 3373
32
80  TVT 2849 1899
40  FV 3475 3364
0  FV 3512 3384
33
80  TVT 2840 1952
40  FV 3532 3344
0  TVT 3641 1890
34
80  TVT 2670 1946
40  FV 3213 3368
0  TVT 3389 1896
35
50  FV 1908 3349
30  TVT 2166 1868
10  TVT 2603 1909
36
50  TVT 2050 1856
30  TVT 2078 1951
10  TVT 2336 1898
37
50  TVT 3427 1866
30  TVT 4109 1913
10  FV 4444 3380
38
50  TVT 4381 1917
30  FV 5006 3359
10  TVT 7064 1848
39
50  TVT 3496 1867
30  FV 3577 3351
10  FV 3887 3352
40
50  TVT 3217 1888
30  FV 5819 3367
41
50  FV 4947 3373
42
50  TVT 2764 1899
30  TVT 2776 1874
10  FV 3234 3384
43
50  TVT 3133 1952
30  TVT 3244 1892
10  FV 3579 3382
44
50  TVT 2528 1946
30  TVT 3303 1896
10  TVT 3571 1903
45
50  TVT 2798 1853
30  TVT 3004 1920
10  FV 3062 3348
46
50  TVT 2600 1856
30  TVT 2637 1907
10  FV 2665 3383
47
50  TVT 4616 1913
30  TVT 4678 1916
10  TVT 5321 1861
48
50  TVT 5013 1917
30  TVT 5643 1886
10  FV 5718 3350
49
50  FV 4203 3352
30  TVT 4377 1910
10  FV 4771 3381
50
50  TVT 3877 1911
30  FV 5175 3367
51
50  TVT 4934 1885
52
50  TVT 3306 1874
30  TVT 3969 1860
10  FV 4388 3355
53
50  TVT 16803 1828
54
50  FV 11293 2015
30  TVT 12231 1815
55
50  TVT 19785 1818
30  FV 20352 2016
56
50  TVT 17443 1820
30  FV 19896 2017
57
50  TVT 14320 1822
30  FV 17397 2018
58
50  FV 17403 2019
30  TVT 17419 1825
59
50  TVT 15096 1826
30  FV 16759 2020
61
50  TVT 13181 1827
SCORE:TVT,FV,3580,1690,189.0
