UN-BSW
1
50  BSW 2741 691
30  BSW 2934 689
2
50  BSW 3581 706
30  BSW 3761 708
10  BSW 3773 750
3
50  BSW 3103 1696
30  BSW 3364 3031(Y) 725
10  BSW 4665 4203(Y) 710
4
50  BSW 3561 3209(Y) 734
30  BSW 3652 696
10  BSW 4030 3631(Y) 762
5
50  BSW 4160 690
30  BSW 4981 697
10  BSW 5203 743
6
50  BSW 3630 3271(Y) 1851
30  BSW 3736 724
10  BSW 4127 758
7
50  BSW 1637 1475(Y) 735
30  BSW 2359 2126(Y) 726
10  BSW 2557 744
8
50  BSW 1961 1767(Y) 712
30  BSW 2374 713
10  BSW 2399 2162(Y) 695
9
50  BSW 2402 2164(Y) 1824
30  BSW 2428 714
10  BSW 2721 748
10
50  BSW 1965 1771(Y) 701
30  BSW 2534 1701
10  BSW 2571 2317(Y) 1825
11
50  BSW 2431 684
30  BSW 2741 685
10  BSW 3665 755
12
50  BSW 2382 736
30  BSW 3215 2897(Y) 702
10  BSW 3998 3602(Y) 759
13
50  BSW 7329 691
30  BSW 7756 689
14
50  BSW 9009 708
30  BSW 9773 709
10  BSW 10206 677
15
50  BSW 7965 1696
30  BSW 9546 725
16
50  BSW 9299 734
30  BSW 10922 696
10  BSW 10984 9896(Y) 753
17
50  BSW 10570 733
18
50  BSW 10273 724
30  BSW 10853 9778(Y) 1851
10  BSW 11361 10236(Y) 756
19
50  BSW 9665 735
20
50  BSW 12372 11146(Y) 746
30  BSW 13408 12080(Y) 701
10  BSW 13509 695
21
50  BSW 4190 691
22
50  BSW 4800 728
30  BSW 4915 708
10  BSW 4975 709
23
50  BSW 5742 725
24
50  BSW 4830 734
30  BSW 5106 4600(Y) 696
10  BSW 5180 745
25
50  BSW 5697 733
30  BSW 6596 690
10  BSW 7114 697
26
50  BSW 5050 4550(Y) 724
30  BSW 5244 1851
10  BSW 5487 4944(Y) 703
27
50  BSW 2065 735
30  BSW 3246 751
10  BSW 5067 726
28
50  BSW 2731 2461(Y) 752
30  BSW 2833 2553(Y) 712
10  BSW 2849 688
29
50  BSW 3250 714
30  BSW 4034 715
30
50  BSW 3114 2806(Y) 1701
30  BSW 3350 701
10  BSW 3492 3146(Y) 736
31
80  BSW 14828 1844
32
80  BSW 20000 1846
33
80  BSW 10771 1848
34
80  BSW 12562 11318(Y) 2033
35
50  BSW 3334 689
30  BSW 3533 3183(Y) 691
36
50  BSW 4060 3658(Y) 708
30  BSW 5206 750
10  BSW 5560 728
37
50  BSW 3794 1696
30  BSW 4491 725
10  BSW 6244 5626(Y) 698
38
50  BSW 4568 696
30  BSW 5184 1704
10  BSW 5309 1703
39
50  BSW 4961 690
30  BSW 4975 733
10  BSW 5845 697
40
50  BSW 5001 4506(Y) 758
30  BSW 5422 756
10  BSW 5478 692
41
50  BSW 2188 735
30  BSW 3163 726
10  BSW 3330 680
42
50  BSW 2650 713
30  BSW 2832 2552(Y) 695
10  BSW 2899 2612(Y) 752
43
50  BSW 3056 2754(Y) 740
30  BSW 3079 748
10  BSW 3351 1824
44
50  BSW 2915 1701
30  BSW 3082 701
10  BSW 3153 699
45
50  BSW 2922 684
30  BSW 4079 755
10  BSW 4948 4458(Y) 685
46
50  BSW 3080 736
30  BSW 3927 3538(Y) 702
47
50  BSW 6616 689
48
50  BSW 7942 7155(Y) 706
30  BSW 8659 7801(Y) 750
10  BSW 8971 709
49
50  BSW 6741 1696
30  BSW 11697 10538(Y) 710
50
50  BSW 8355 734
30  BSW 9157 8250(Y) 753
10  BSW 10369 1703
51
50  BSW 9057 733
30  BSW 9542 8597(Y) 690
10  BSW 18052 729
52
50  BSW 8691 7830(Y) 724
30  BSW 9694 8734(Y) 758
10  BSW 9851 8875(Y) 756
53
50  BSW 5686 680
30  BSW 6016 744
10  BSW 6203 726
54
50  BSW 4421 3983(Y) 712
30  BSW 4789 4315(Y) 746
10  BSW 5361 713
55
50  BSW 6025 714
30  BSW 6428 5791(Y) 1824
10  BSW 6430 5793(Y) 740
56
50  BSW 5390 1701
30  BSW 5406 736
10  BSW 6590 5937(Y) 699
57
58
50  BSW 4428 3990(Y) 706
30  BSW 5028 709
10  BSW 5732 5164(Y) 763
59
60
50  BSW 5140 4631(Y) 1826
30  BSW 5190 753
61
62
50  BSW 4155 3744(Y) 1851
30  BSW 6109 679
63
64
50  BSW 2580 2325(Y) 746
30  BSW 3034 712
10  BSW 3930 695
66
67
80  BSW 15590 1399
68
80  BSW 17633 1136
SCORE:UN,BSW,0,5230,-523.0
