UN-DB
1
50  DB 2788 2512(Y) 498
30  DB 3203 559
10  DB 3339 557
2
50  DB 3291 2965(Y) 1691
30  DB 3325 1695
10  DB 3553 483
3
50  DB 2954 554
30  DB 3177 2863(Y) 489
10  DB 3207 2890(Y) 549
4
50  DB 3213 572
30  DB 3639 509
10  DB 3904 3518(Y) 536
5
50  DB 3242 556
30  DB 3399 3063(Y) 532
10  DB 3616 500
6
50  DB 3750 550
30  DB 3816 3438(Y) 575
10  DB 3935 524
7
50  DB 1763 564
30  DB 1870 1685(Y) 533
10  DB 1893 1706(Y) 495
8
50  DB 1978 1782(Y) 514
30  DB 2125 1687
10  DB 2132 1921(Y) 486
9
50  DB 1994 1797(Y) 519
30  DB 2201 1983(Y) 487
10  DB 2233 2012(Y) 1694
10
50  DB 1889 1702(Y) 507
30  DB 2109 513
10  DB 2167 1953(Y) 530
11
50  DB 3595 3239(Y) 517
30  DB 4085 3681(Y) 527
12
50  DB 3626 1692
30  DB 3663 3300(Y) 1763
10  DB 3943 3553(Y) 542
13
50  DB 8194 498
30  DB 8359 7531(Y) 559
10  DB 8972 543
14
50  DB 7360 1695
30  DB 9109 483
10  DB 9327 8403(Y) 481
15
50  DB 8091 7290(Y) 554
30  DB 8125 7320(Y) 549
10  DB 9216 8303(Y) 489
16
50  DB 7712 572
30  DB 9370 8442(Y) 509
10  DB 10165 9158(Y) 565
17
50  DB 9228 8314(Y) 556
30  DB 10678 9620(Y) 532
10  DB 11131 500
18
50  DB 9554 8608(Y) 550
30  DB 10856 9781(Y) 567
10  DB 10858 9782(Y) 575
19
50  DB 10540 9496(Y) 564
30  DB 12747 519
20
50  DB 12905 11627(Y) 507
30  DB 13578 1687
10  DB 13953 514
21
50  DB 4162 3750(Y) 559
30  DB 4434 543
10  DB 4779 4306(Y) 557
22
50  DB 4726 4258(Y) 483
30  DB 4847 538
10  DB 4947 1684
23
50  DB 3788 3413(Y) 549
30  DB 4517 4070(Y) 480
10  DB 4707 4241(Y) 577
24
50  DB 4245 3825(Y) 572
30  DB 5248 4728(Y) 506
10  DB 5338 536
25
50  DB 4998 4503(Y) 571
30  DB 5459 1764
10  DB 5631 511
26
50  DB 4855 4374(Y) 490
30  DB 5064 4563(Y) 496
10  DB 5189 4675(Y) 575
27
50  DB 2566 564
30  DB 2685 495
10  DB 2809 2531(Y) 570
28
50  DB 3182 2867(Y) 486
30  DB 3344 3013(Y) 520
10  DB 3868 580
29
50  DB 2933 2643(Y) 519
30  DB 3710 3343(Y) 487
10  DB 4879 4396(Y) 534
30
50  DB 3181 507
30  DB 3341 530
10  DB 3434 3094(Y) 513
31
80  DB 13679 12324(Y) 2016
32
80  DB 17397 15673(Y) 2018
33
80  DB 9658 8701(Y) 2020
34
80  DB 10959 1712
35
50  DB 4460 1689
30  DB 4475 559
10  DB 4533 4084(Y) 557
36
50  DB 3388 3053(Y) 1695
30  DB 3659 3297(Y) 1691
10  DB 4143 3733(Y) 538
37
50  DB 3550 554
30  DB 3894 549
10  DB 4034 485
38
50  DB 3827 572
30  DB 4309 509
10  DB 4897 4412(Y) 565
39
50  DB 4209 556
30  DB 4459 500
10  DB 5066 4564(Y) 497
40
50  DB 4208 3791(Y) 550
30  DB 4840 4361(Y) 524
10  DB 5077 4574(Y) 567
41
50  DB 2259 564
30  DB 2445 2203(Y) 548
10  DB 2544 533
42
50  DB 2374 2139(Y) 514
30  DB 2520 2271(Y) 568
10  DB 2538 2287(Y) 1687
43
50  DB 2453 487
30  DB 2657 2394(Y) 519
10  DB 3146 2835(Y) 1694
44
50  DB 2581 507
30  DB 2673 2409(Y) 513
10  DB 2910 555
45
50  DB 4123 3715(Y) 517
47
50  DB 6536 5889(Y) 498
30  DB 7855 543
10  DB 8066 557
48
50  DB 6271 5650(Y) 1695
30  DB 7157 6448(Y) 1691
10  DB 7676 6916(Y) 483
49
50  DB 6826 554
30  DB 7617 6863(Y) 489
10  DB 8359 7531(Y) 480
50
50  DB 9095 8194(Y) 565
30  DB 9307 8385(Y) 506
10  DB 9653 8697(Y) 1766
51
50  DB 7521 556
30  DB 7815 532
10  DB 8847 7971(Y) 500
52
50  DB 8641 550
30  DB 9090 8190(Y) 575
10  DB 9921 8938(Y) 524
53
50  DB 4405 3969(Y) 533
30  DB 4566 4114(Y) 495
10  DB 4850 566
54
50  DB 4665 4203(Y) 1687
30  DB 4668 4206(Y) 514
10  DB 4670 4208(Y) 568
55
50  DB 5059 4558(Y) 1694
30  DB 5628 487
10  DB 6878 6197(Y) 569
56
50  DB 5235 513
30  DB 5587 5034(Y) 555
10  DB 5881 582
57
50  DB 3181 2866(Y) 498
30  DB 3943 3553(Y) 543
58
50  DB 3998 3602(Y) 538
30  DB 4072 3669(Y) 562
10  DB 4176 3763(Y) 479
59
50  DB 4416 3979(Y) 485
30  DB 4997 4502(Y) 1686
10  DB 5107 4601(Y) 523
60
50  DB 4219 3801(Y) 509
30  DB 4781 4308(Y) 536
61
50  DB 5264 4743(Y) 497
30  DB 6003 1764
62
50  DB 4998 4503(Y) 567
30  DB 5491 524
10  DB 5772 573
63
50  DB 2785 560
30  DB 3213 533
10  DB 3492 3146(Y) 566
64
50  DB 2646 2384(Y) 568
30  DB 2794 525
10  DB 3026 2727(Y) 541
65
66
50  DB 2688 2422(Y) 582
30  DB 3163 2850(Y) 516
10  DB 3459 494
67
80  DB 13944 12563(Y) 1492
68
80  DB 15365 1389
SCORE:UN,DB,0,5790,-579.0
