UN-FCY
1
50  FCY 2521 90
30  FCY 2557 2304(Y) 82
10  FCY 2637 1733
2
50  FCY 3119 2810(Y) 38
30  FCY 3168 93
10  FCY 3177 2863(Y) 81
3
50  FCY 2723 2454(Y) 126
30  FCY 2757 2484(Y) 125
10  FCY 2897 37
4
50  FCY 2949 2657(Y) 91
30  FCY 2986 109
10  FCY 3102 2795(Y) 106
5
50  FCY 2887 2601(Y) 48
30  FCY 3102 112
10  FCY 3608 3251(Y) 78
6
50  FCY 3273 2949(Y) 34
30  FCY 3293 2967(Y) 111
10  FCY 3307 2980(Y) 120
7
50  FCY 1635 1473(Y) 1731
30  FCY 1687 110
10  FCY 1747 55
8
50  FCY 1691 1524(Y) 57
30  FCY 1816 41
10  FCY 1832 1651(Y) 49
9
50  FCY 1819 85
30  FCY 2011 73
10  FCY 2178 40
10
50  FCY 2160 22
30  FCY 2163 16
10  FCY 2453 2210(Y) 77
11
50  FCY 2369 50
12
50  FCY 3280 64
30  FCY 3487 3142(Y) 23
10  FCY 3671 3308(Y) 45
13
50  FCY 6109 82
30  FCY 6319 5693(Y) 90
10  FCY 6627 107
14
50  FCY 7583 6832(Y) 38
30  FCY 7828 7053(Y) 81
10  FCY 7852 7074(Y) 103
15
50  FCY 6561 5911(Y) 126
30  FCY 7238 6521(Y) 1734
10  FCY 7276 6555(Y) 125
16
50  FCY 7480 6739(Y) 91
30  FCY 7528 6782(Y) 109
10  FCY 7622 6867(Y) 70
17
50  FCY 7287 6565(Y) 48
30  FCY 8060 112
10  FCY 9435 8500(Y) 21
18
50  FCY 8205 34
30  FCY 8297 120
10  FCY 8458 7620(Y) 36
19
50  FCY 9533 8589(Y) 1731
30  FCY 9666 55
10  FCY 9861 8884(Y) 65
20
50  FCY 10328 49
30  FCY 10556 79
10  FCY 10587 9538(Y) 41
21
50  FCY 3156 2844(Y) 82
30  FCY 3162 2849(Y) 14
10  FCY 3372 107
22
50  FCY 3823 3445(Y) 11
30  FCY 4022 38
10  FCY 4114 3707(Y) 81
23
50  FCY 3395 126
30  FCY 3649 37
10  FCY 3828 3449(Y) 1734
24
50  FCY 3994 106
30  FCY 4002 3606(Y) 91
10  FCY 4034 109
25
50  FCY 3794 48
30  FCY 4426 112
10  FCY 4464 4022(Y) 78
26
50  FCY 4084 36
30  FCY 4150 3739(Y) 15
10  FCY 4562 4110(Y) 34
27
50  FCY 2200 1982(Y) 1731
30  FCY 2331 65
10  FCY 2432 131
28
50  FCY 2546 2294(Y) 79
30  FCY 2577 49
10  FCY 2581 41
29
50  FCY 2575 85
30  FCY 3145 84
10  FCY 3478 71
30
50  FCY 2917 22
30  FCY 3159 16
31
80  FCY 12181 1874
32
80  FCY 14081 12686(Y) 1424
33
80  FCY 8259 7441(Y) 1427
34
80  FCY 10566 9519(Y) 1430
35
50  FCY 2808 2530(Y) 82
30  FCY 2917 2628(Y) 90
10  FCY 2984 107
36
50  FCY 3493 38
30  FCY 3557 3205(Y) 108
10  FCY 3760 3388(Y) 93
37
50  FCY 3058 2755(Y) 126
30  FCY 3452 69
10  FCY 3460 124
38
50  FCY 3341 3010(Y) 109
30  FCY 3533 3183(Y) 91
10  FCY 3566 106
39
50  FCY 3333 48
30  FCY 4107 112
10  FCY 4441 4001(Y) 1729
40
50  FCY 3739 34
30  FCY 3922 3534(Y) 120
10  FCY 4018 3620(Y) 111
41
50  FCY 2056 55
30  FCY 2147 110
10  FCY 2164 1950(Y) 65
42
50  FCY 2104 1896(Y) 57
30  FCY 2149 49
10  FCY 2221 79
43
50  FCY 2334 2103(Y) 85
30  FCY 2596 73
10  FCY 2683 84
44
50  FCY 2603 22
30  FCY 2781 2506(Y) 77
10  FCY 3102 2795(Y) 16
45
50  FCY 2722 50
46
50  FCY 2959 64
30  FCY 3814 23
10  FCY 4754 4283(Y) 45
47
50  FCY 5744 90
30  FCY 5843 5264(Y) 1733
10  FCY 5970 5379(Y) 1725
48
50  FCY 6853 81
30  FCY 6905 6221(Y) 103
10  FCY 6913 93
49
50  FCY 6136 5528(Y) 125
30  FCY 6450 5811(Y) 1734
10  FCY 6681 6019(Y) 37
50
50  FCY 6780 6109(Y) 70
30  FCY 6846 6168(Y) 1723
10  FCY 6933 6246(Y) 106
51
50  FCY 8449 78
30  FCY 8561 7713(Y) 21
10  FCY 8875 54
52
50  FCY 7244 120
30  FCY 7726 6961(Y) 15
10  FCY 8012 111
53
50  FCY 3852 55
30  FCY 4022 110
10  FCY 4065 118
54
50  FCY 4113 41
30  FCY 4139 3729(Y) 57
10  FCY 4165 3753(Y) 79
55
50  FCY 4420 85
30  FCY 4558 4107(Y) 73
10  FCY 5364 4833(Y) 84
56
50  FCY 5156 16
30  FCY 5321 4794(Y) 22
10  FCY 5669 77
57
50  FCY 2847 107
30  FCY 2969 2675(Y) 1733
10  FCY 2991 35
58
50  FCY 3293 2967(Y) 103
30  FCY 3467 3124(Y) 108
10  FCY 3580 93
59
50  FCY 3185 37
30  FCY 3290 69
10  FCY 3368 3035(Y) 1734
60
50  FCY 3379 3045(Y) 70
30  FCY 3423 1723
10  FCY 3502 12
61
50  FCY 4037 21
30  FCY 4687 4223(Y) 1729
10  FCY 5112 4606(Y) 54
62
50  FCY 4012 36
30  FCY 4146 3736(Y) 99
10  FCY 4182 3768(Y) 33
63
50  FCY 1959 1765(Y) 1731
30  FCY 1994 65
10  FCY 2127 1917(Y) 131
64
50  FCY 2050 57
30  FCY 2338 32
10  FCY 2365 132
65
50  FCY 2954 73
30  FCY 3884 84
66
50  FCY 4344 17
30  FCY 4557 133
67
80  FCY 11871 1885
68
80  FCY 14009 12621(Y) 1434
SCORE:UN,FCY,0,5950,-595.0
