UN-HHCC
1
50  HHCC 2540 937
30  HHCC 2816 947
10  HHCC 2977 1531
2
50  HHCC 3121 936
30  HHCC 3153 979
10  HHCC 3157 990
3
50  HHCC 2873 2589(Y) 934
30  HHCC 2893 958
10  HHCC 2963 938
4
50  HHCC 3514 933
30  HHCC 3796 1527
10  HHCC 3926 980
5
50  HHCC 3321 977
30  HHCC 3726 941
10  HHCC 4297 986
6
50  HHCC 3729 959
30  HHCC 3826 3447(Y) 963
10  HHCC 4133 1529
7
50  HHCC 1581 935
30  HHCC 1634 975
10  HHCC 1839 999
8
50  HHCC 1659 988
30  HHCC 1722 962
10  HHCC 1766 978
9
50  HHCC 1806 950
30  HHCC 1850 1667(Y) 989
10  HHCC 1873 1000
10
50  HHCC 1946 955
30  HHCC 1996 952
10  HHCC 2069 996
11
50  HHCC 3703 995
30  HHCC 3957 940
10  HHCC 7035 969
12
50  HHCC 2284 931
30  HHCC 2828 983
10  HHCC 2920 997
13
50  HHCC 6281 937
30  HHCC 7269 947
14
50  HHCC 7690 936
30  HHCC 8303 979
10  HHCC 8316 1001
15
50  HHCC 6941 958
30  HHCC 7261 6542(Y) 934
10  HHCC 7475 938
16
50  HHCC 9456 8519(Y) 933
30  HHCC 12034 948
17
50  HHCC 8983 977
30  HHCC 9897 941
10  HHCC 13962 986
18
50  HHCC 9143 959
30  HHCC 10516 963
10  HHCC 11475 10338(Y) 1529
19
50  HHCC 9288 8368(Y) 935
30  HHCC 10068 9071(Y) 975
10  HHCC 11206 950
20
50  HHCC 10397 957
30  HHCC 11553 988
10  HHCC 11979 10792(Y) 930
21
50  HHCC 3156 937
30  HHCC 3992 947
10  HHCC 4150 3739(Y) 1530
22
50  HHCC 3880 936
30  HHCC 4206 979
10  HHCC 4529 1001
23
50  HHCC 3594 958
30  HHCC 3806 934
10  HHCC 4334 942
24
50  HHCC 4783 980
30  HHCC 5250 933
10  HHCC 5305 4780(Y) 948
25
50  HHCC 4832 4354(Y) 977
30  HHCC 5107 941
10  HHCC 6147 1534
26
50  HHCC 4857 959
30  HHCC 4940 963
10  HHCC 5799 1529
27
50  HHCC 2302 975
30  HHCC 2340 935
10  HHCC 2499 2252(Y) 981
28
50  HHCC 2534 957
30  HHCC 2560 927
10  HHCC 2654 930
29
50  HHCC 2129 950
30  HHCC 2653 928
10  HHCC 3308 993
30
50  HHCC 2710 996
30  HHCC 2947 2655(Y) 955
10  HHCC 3253 968
31
80  HHCC 12723 1751
32
80  HHCC 16778 1753
33
80  HHCC 8400 7568(Y) 1611
34
80  HHCC 9633 1758
35
50  HHCC 3078 937
30  HHCC 3550 947
10  HHCC 4790 1530
36
50  HHCC 3663 3300(Y) 936
30  HHCC 3797 990
10  HHCC 3845 1001
37
50  HHCC 3062 958
30  HHCC 3325 938
10  HHCC 3396 934
38
50  HHCC 4652 1527
30  HHCC 4734 933
10  HHCC 5187 980
39
50  HHCC 4184 3770(Y) 977
30  HHCC 4691 941
10  HHCC 5153 986
40
50  HHCC 4240 959
30  HHCC 4833 963
10  HHCC 5710 1529
41
50  HHCC 1980 1784(Y) 935
30  HHCC 1994 975
10  HHCC 2298 999
42
50  HHCC 2120 988
30  HHCC 2264 957
10  HHCC 2340 930
43
50  HHCC 2247 950
30  HHCC 2287 989
10  HHCC 2356 1000
44
50  HHCC 2460 952
30  HHCC 2554 2301(Y) 968
10  HHCC 2737 965
45
50  HHCC 4735 995
30  HHCC 4883 940
10  HHCC 6291 969
46
50  HHCC 2675 2410(Y) 931
30  HHCC 3304 997
10  HHCC 3476 953
47
50  HHCC 7625 1531
48
50  HHCC 7000 1001
30  HHCC 7102 979
10  HHCC 7126 990
49
50  HHCC 6352 938
30  HHCC 7725 1533
10  HHCC 8181 942
50
50  HHCC 8969 1527
30  HHCC 9309 8387(Y) 948
10  HHCC 9679 980
51
50  HHCC 10485 9446(Y) 986
30  HHCC 10553 954
10  HHCC 11468 1534
52
53
50  HHCC 4423 999
30  HHCC 4440 987
10  HHCC 4859 960
54
50  HHCC 3881 3497(Y) 988
30  HHCC 3965 962
10  HHCC 4246 3826(Y) 978
55
50  HHCC 4456 989
30  HHCC 4601 993
10  HHCC 4627 1000
56
50  HHCC 4461 4019(Y) 996
30  HHCC 4602 952
10  HHCC 4836 955
57
50  HHCC 4513 4066(Y) 1530
58
50  HHCC 3299 990
30  HHCC 4095 982
10  HHCC 4262 964
59
50  HHCC 3964 942
30  HHCC 4309 970
10  HHCC 4846 961
60
50  HHCC 4763 1527
30  HHCC 5345 4816(Y) 948
61
50  HHCC 7153 954
62
63
50  HHCC 2226 987
30  HHCC 2278 999
10  HHCC 2803 960
64
50  HHCC 2053 962
30  HHCC 2122 1912(Y) 957
10  HHCC 2346 2114(Y) 1823
65
50  HHCC 2268 2044(Y) 989
30  HHCC 2613 1000
10  HHCC 2739 993
66
50  HHCC 2654 968
30  HHCC 2709 2441(Y) 984
10  HHCC 2739 996
67
80  HHCC 12910 1265
68
80  HHCC 14383 1903
SCORE:UN,HHCC,0,5730,-573.0
