UN-LL
1
50  LL 2738 248
30  LL 2920 271
10  LL 2935 160
2
50  LL 3357 178
30  LL 3368 286
10  LL 3437 268
3
50  LL 3060 187
30  LL 3241 184
10  LL 3312 194
4
50  LL 3163 179
30  LL 3298 247
10  LL 3309 1600
5
50  LL 3808 135
30  LL 4082 193
10  LL 4099 138
6
50  LL 3322 180
30  LL 3568 175
10  LL 3747 232
7
50  LL 1755 283
30  LL 1831 259
10  LL 1853 1606
8
50  LL 1660 236
30  LL 1786 274
10  LL 1809 198
9
50  LL 1972 258
30  LL 2085 1786
10  LL 2165 1608
10
50  LL 2025 189
30  LL 2047 204
10  LL 2109 280
11
50  LL 2851 220
30  LL 3131 137
10  LL 3312 285
12
50  LL 2575 149
30  LL 3100 209
10  LL 4788 183
13
50  LL 6259 185
30  LL 7077 248
10  LL 7700 271
14
50  LL 8228 158
30  LL 8647 268
10  LL 8853 286
15
50  LL 8338 187
30  LL 9493 1603
10  LL 9613 194
16
50  LL 7876 179
30  LL 8286 247
10  LL 8525 1600
17
50  LL 11708 193
30  LL 12051 237
18
50  LL 8591 180
30  LL 9510 232
10  LL 10008 281
19
50  LL 11897 214
30  LL 11964 283
20
50  LL 9429 236
30  LL 10020 225
10  LL 10885 198
21
50  LL 3525 185
30  LL 3841 263
10  LL 3943 248
22
50  LL 4463 268
30  LL 4574 158
10  LL 4609 143
23
50  LL 3812 250
30  LL 4095 1603
10  LL 4637 184
24
50  LL 4306 179
30  LL 4399 1600
10  LL 4650 261
25
50  LL 5417 162
30  LL 5463 237
10  LL 6052 138
26
50  LL 4520 180
30  LL 5089 202
10  LL 5131 239
27
50  LL 2463 259
30  LL 2578 283
10  LL 2782 214
28
50  LL 2171 236
30  LL 2333 225
10  LL 2394 243
29
50  LL 2659 258
30  LL 3087 224
10  LL 3173 1786
30
50  LL 2687 189
30  LL 2755 242
10  LL 2924 273
31
80  LL 13810 1314
32
80  LL 17472 1681
33
80  LL 9015 1909
34
80  LL 11366 1323
35
50  LL 2943 185
30  LL 3250 248
10  LL 3457 271
36
50  LL 3889 158
30  LL 3932 268
10  LL 3987 286
37
50  LL 3665 187
30  LL 4228 215
10  LL 4618 184
38
50  LL 3520 179
30  LL 3840 1600
10  LL 3886 247
39
50  LL 4794 193
30  LL 5260 237
10  LL 5294 218
40
50  LL 4034 180
30  LL 4516 202
10  LL 4639 281
41
50  LL 2145 205
30  LL 2252 1606
10  LL 2341 283
42
50  LL 1999 236
30  LL 2225 198
10  LL 2309 225
43
50  LL 2616 258
30  LL 2707 1786
10  LL 2857 249
44
50  LL 2423 204
30  LL 2456 189
10  LL 2528 280
45
50  LL 3971 190
30  LL 4118 220
10  LL 4212 285
46
50  LL 3597 149
30  LL 4192 209
10  LL 5034 183
47
50  LL 5819 185
30  LL 6909 271
10  LL 7050 192
48
50  LL 7164 158
30  LL 8053 286
10  LL 8062 178
49
50  LL 7114 187
30  LL 8154 184
10  LL 8175 1603
50
50  LL 7018 247
30  LL 8637 261
10  LL 8731 172
51
50  LL 8947 135
30  LL 9425 200
10  LL 9772 138
52
50  LL 8522 281
30  LL 8734 151
10  LL 8812 208
53
50  LL 4344 214
30  LL 4355 1606
10  LL 4434 205
54
50  LL 4126 225
30  LL 4137 274
10  LL 4145 198
55
50  LL 4499 258
30  LL 5283 249
10  LL 5329 1786
56
50  LL 4805 189
30  LL 4846 273
10  LL 5057 204
57
50  LL 3113 160
30  LL 3452 263
10  LL 3500 192
58
50  LL 4101 178
30  LL 4871 262
10  LL 5244 255
59
50  LL 4645 194
30  LL 4832 1603
10  LL 5782 230
60
50  LL 4134 261
30  LL 5363 172
61
50  LL 6014 193
30  LL 6857 237
62
50  LL 4073 232
30  LL 4747 175
10  LL 4938 202
63
50  LL 2408 205
30  LL 2478 259
10  LL 2491 214
64
50  LL 2798 227
30  LL 2801 154
66
50  LL 2875 204
30  LL 4341 209
67
80  LL 14094 1912
68
80  LL 14121 1065
SCORE:UN,LL,0,5910,-591.0
