UN-RMR
1
50  RMR 2699 2432(Y) 1212
30  RMR 2740 2469(Y) 1225
10  RMR 2806 2528(Y) 1239
2
50  RMR 2949 2657(Y) 1230
30  RMR 3096 2790(Y) 1238
10  RMR 3154 2842(Y) 1260
3
50  RMR 3115 1198
30  RMR 3343 3012(Y) 1256
4
50  RMR 3256 2934(Y) 1598
30  RMR 3538 1210
10  RMR 3673 1218
5
50  RMR 3427 3088(Y) 1247
30  RMR 3906 3519(Y) 1264
10  RMR 3949 3558(Y) 1585
6
50  RMR 3173 2859(Y) 1244
30  RMR 3721 3353(Y) 1269
10  RMR 3746 3375(Y) 1190
7
50  RMR 1816 1268
30  RMR 1889 1702(Y) 1188
10  RMR 1984 1248
8
50  RMR 1788 1611(Y) 1197
30  RMR 1801 1207
10  RMR 1877 1691(Y) 1189
9
50  RMR 2109 1577
30  RMR 2278 2053(Y) 1234
10  RMR 2390 1202
10
50  RMR 2136 1925(Y) 1265
30  RMR 2321 2091(Y) 1206
10  RMR 2357 1589
11
50  RMR 4928 4440(Y) 1182
12
50  RMR 2588 1194
30  RMR 2658 1583
10  RMR 3534 1211
13
50  RMR 6697 6034(Y) 1212
30  RMR 7422 6687(Y) 1599
10  RMR 7433 6697(Y) 1239
14
50  RMR 7255 1230
30  RMR 7814 7040(Y) 1260
10  RMR 8727 7863(Y) 1257
15
50  RMR 8402 7570(Y) 1198
30  RMR 9037 1256
16
50  RMR 8509 7666(Y) 1210
30  RMR 8924 8040(Y) 1598
10  RMR 9796 1218
17
50  RMR 10061 9064(Y) 1247
30  RMR 10514 1235
10  RMR 10641 1264
18
50  RMR 8026 7231(Y) 1244
30  RMR 10074 9076(Y) 1269
10  RMR 10408 9377(Y) 1190
19
50  RMR 12003 1248
30  RMR 12323 1188
10  RMR 12722 1268
20
50  RMR 9979 1189
30  RMR 12322 11101(Y) 1197
10  RMR 12650 1246
21
50  RMR 3694 3328(Y) 1239
30  RMR 3712 3345(Y) 1599
10  RMR 4319 3891(Y) 1263
22
50  RMR 3672 3309(Y) 1230
30  RMR 4423 3985(Y) 1238
10  RMR 4498 4053(Y) 1185
23
50  RMR 4503 4057(Y) 1256
24
50  RMR 4356 3925(Y) 1598
30  RMR 5191 4677(Y) 1218
10  RMR 5772 5200(Y) 1195
25
50  RMR 5023 4526(Y) 1235
30  RMR 6128 5521(Y) 1247
10  RMR 6129 5522(Y) 1585
26
50  RMR 3797 3421(Y) 1244
30  RMR 5039 4540(Y) 1269
10  RMR 5493 4949(Y) 1232
27
50  RMR 2697 1226
30  RMR 2705 1248
10  RMR 3072 2768(Y) 1188
28
50  RMR 2347 1189
30  RMR 2525 2275(Y) 1246
10  RMR 2988 1197
29
50  RMR 4028 1228
30
50  RMR 2992 2696(Y) 1265
30  RMR 3360 1224
10  RMR 3640 1589
31
80  RMR 12876 11600(Y) 2038
32
80  RMR 16825 15158(Y) 2041
33
80  RMR 9342 1724
34
80  RMR 10950 9865(Y) 2046
35
50  RMR 2988 2692(Y) 1212
30  RMR 3303 2976(Y) 1225
10  RMR 3752 1581
36
50  RMR 3509 3162(Y) 1230
30  RMR 3586 3231(Y) 1260
10  RMR 3694 3328(Y) 1199
37
50  RMR 3587 3232(Y) 1198
30  RMR 4418 3981(Y) 1256
38
50  RMR 3812 3435(Y) 1210
30  RMR 4344 3914(Y) 1598
10  RMR 4840 1218
39
50  RMR 4812 4336(Y) 1264
30  RMR 5168 1247
10  RMR 5375 1235
40
50  RMR 3928 1244
30  RMR 4570 1190
10  RMR 5150 1594
41
50  RMR 2313 2084(Y) 1268
30  RMR 2518 1226
10  RMR 2647 1223
42
50  RMR 2157 1189
30  RMR 2296 1197
10  RMR 2424 2184(Y) 1207
43
50  RMR 2602 1202
30  RMR 2911 2623(Y) 1233
10  RMR 2927 2637(Y) 1577
44
50  RMR 2465 2221(Y) 1265
30  RMR 2473 1206
10  RMR 2816 1224
45
50  RMR 4792 4318(Y) 1182
46
50  RMR 3096 1583
30  RMR 3165 1194
10  RMR 4061 3659(Y) 1211
47
50  RMR 5951 5362(Y) 1212
30  RMR 6374 1239
10  RMR 6385 5753(Y) 1225
48
50  RMR 6849 6171(Y) 1238
30  RMR 6912 1260
10  RMR 7219 6504(Y) 1199
49
50  RMR 6620 5964(Y) 1198
50
50  RMR 7284 6563(Y) 1210
30  RMR 10639 9585(Y) 1208
10  RMR 10959 9873(Y) 1195
51
50  RMR 8841 7965(Y) 1264
30  RMR 9382 8453(Y) 1585
10  RMR 9420 8487(Y) 1235
52
50  RMR 8636 7781(Y) 1190
30  RMR 9438 1269
10  RMR 9716 8754(Y) 1259
53
50  RMR 4144 3734(Y) 1268
30  RMR 4365 1223
10  RMR 4482 4038(Y) 1188
54
50  RMR 4184 1207
30  RMR 4478 4035(Y) 1192
10  RMR 5192 4678(Y) 1200
55
50  RMR 5334 1202
30  RMR 5634 5076(Y) 1234
10  RMR 5938 5350(Y) 1577
56
50  RMR 5267 1265
30  RMR 5512 1224
10  RMR 5700 1589
57
50  RMR 3068 2764(Y) 1225
30  RMR 3441 3100(Y) 1263
10  RMR 3467 3124(Y) 1196
58
50  RMR 3600 3244(Y) 1199
30  RMR 3701 3335(Y) 1257
10  RMR 3747 1238
59
60
50  RMR 5175 1208
61
62
50  RMR 5253 4733(Y) 1594
30  RMR 6662 6002(Y) 1205
10  RMR 6803 1237
63
50  RMR 2553 1223
30  RMR 2844 2563(Y) 1191
10  RMR 3282 2957(Y) 1229
64
50  RMR 2228 1207
30  RMR 2476 2231(Y) 1246
10  RMR 2809 2531(Y) 1192
65
50  RMR 2772 1577
66
50  RMR 3181 2866(Y) 1224
30  RMR 3384 1589
67
80  RMR 13942 12561(Y) 2047
68
80  RMR 14188 1644
SCORE:UN,RMR,0,5560,-556.0
