UN-RSST
1
50  RSST 2687 609
30  RSST 3125 668
10  RSST 3240 2919(Y) 599
2
50  RSST 2861 2578(Y) 637
30  RSST 3119 604
10  RSST 3122 2813(Y) 645
3
50  RSST 3139 2828(Y) 591
30  RSST 3193 595
10  RSST 3733 665
4
50  RSST 2947 2655(Y) 638
30  RSST 3115 596
10  RSST 3221 626
5
50  RSST 3621 590
30  RSST 3724 3355(Y) 655
10  RSST 3903 588
6
50  RSST 3107 632
30  RSST 3143 617
10  RSST 3391 676
7
50  RSST 1625 631
30  RSST 1681 618
10  RSST 1801 1668
8
50  RSST 1648 649
30  RSST 1668 654
10  RSST 1758 628
9
50  RSST 1750 672
30  RSST 1834 648
10  RSST 2229 2009(Y) 671
10
50  RSST 2331 657
30  RSST 2404 2166(Y) 621
10  RSST 2530 2280(Y) 629
11
50  RSST 2567 619
30  RSST 4913 4427(Y) 651
10  RSST 5777 608
12
50  RSST 2825 620
30  RSST 3116 2808(Y) 594
10  RSST 4512 658
13
50  RSST 6666 6006(Y) 609
30  RSST 8464 668
10  RSST 9198 8287(Y) 644
14
50  RSST 7193 6481(Y) 637
30  RSST 7437 6700(Y) 615
10  RSST 7736 604
15
50  RSST 8521 591
30  RSST 10653 665
16
50  RSST 7391 6659(Y) 596
30  RSST 7752 6984(Y) 626
10  RSST 8334 612
17
50  RSST 9179 590
30  RSST 10391 588
10  RSST 10857 656
18
50  RSST 7728 6963(Y) 632
30  RSST 7872 617
10  RSST 8453 585
19
50  RSST 9016 8123(Y) 631
30  RSST 9381 672
10  RSST 11119 618
20
50  RSST 9103 654
30  RSST 9277 649
10  RSST 10600 9550(Y) 628
21
50  RSST 4219 1683
30  RSST 4422 3984(Y) 644
10  RSST 4495 668
22
50  RSST 3599 3243(Y) 637
30  RSST 4088 3683(Y) 604
10  RSST 4151 3740(Y) 645
23
50  RSST 4289 3864(Y) 591
30  RSST 5238 597
10  RSST 6109 665
24
50  RSST 3839 3459(Y) 596
30  RSST 4200 3784(Y) 638
10  RSST 4272 1666
25
50  RSST 4839 590
30  RSST 4909 656
10  RSST 5559 630
26
50  RSST 3843 3463(Y) 617
30  RSST 4141 632
10  RSST 4491 585
27
50  RSST 2360 2127(Y) 1670
30  RSST 2454 631
10  RSST 2556 1668
28
50  RSST 2234 654
30  RSST 2302 649
10  RSST 2409 628
29
50  RSST 2378 672
30  RSST 3455 3113(Y) 592
10  RSST 4201 1675
30
50  RSST 3366 3033(Y) 621
30  RSST 3616 3258(Y) 629
31
80  RSST 12706 11447(Y) 1970
32
80  RSST 14550 13109(Y) 1973
33
80  RSST 7926 7141(Y) 1976
34
80  RSST 10900 1120
35
50  RSST 3659 3297(Y) 668
30  RSST 4216 599
10  RSST 4614 1683
36
50  RSST 3397 615
30  RSST 3596 637
10  RSST 3607 3250(Y) 604
37
50  RSST 4112 591
30  RSST 4226 3808(Y) 595
10  RSST 4876 4393(Y) 665
38
50  RSST 3393 3057(Y) 626
30  RSST 3731 596
10  RSST 3891 612
39
50  RSST 4381 588
30  RSST 4424 3986(Y) 655
10  RSST 5088 656
40
50  RSST 3637 632
30  RSST 3817 3439(Y) 617
10  RSST 4090 585
41
50  RSST 1857 1673(Y) 631
30  RSST 2147 618
10  RSST 2210 610
42
50  RSST 1989 654
30  RSST 2069 649
10  RSST 2234 628
43
50  RSST 1946 672
30  RSST 2373 671
10  RSST 2409 648
44
50  RSST 2702 657
30  RSST 2903 621
10  RSST 3144 1845
45
50  RSST 3538 3188(Y) 619
30  RSST 5078 4575(Y) 608
10  RSST 5719 5153(Y) 651
46
50  RSST 3581 620
30  RSST 3739 3369(Y) 594
10  RSST 4347 658
47
50  RSST 5698 5134(Y) 609
30  RSST 7936 7150(Y) 599
10  RSST 8564 7716(Y) 1671
48
50  RSST 6580 615
30  RSST 7300 645
10  RSST 7447 600
49
50  RSST 7184 595
30  RSST 9208 8296(Y) 597
10  RSST 11431 667
50
50  RSST 6500 638
30  RSST 6935 626
10  RSST 7271 6551(Y) 584
51
50  RSST 8437 7601(Y) 655
30  RSST 8489 590
10  RSST 8606 7754(Y) 588
52
50  RSST 7547 676
30  RSST 7668 585
10  RSST 7963 7174(Y) 662
53
50  RSST 3900 618
30  RSST 4268 1670
10  RSST 4309 642
54
50  RSST 4342 3912(Y) 583
30  RSST 4472 616
10  RSST 4849 4369(Y) 636
55
50  RSST 4209 648
30  RSST 5161 4650(Y) 1675
10  RSST 5212 4696(Y) 671
56
50  RSST 5619 5063(Y) 657
30  RSST 6237 5619(Y) 629
10  RSST 6600 621
57
50  RSST 2797 2520(Y) 609
30  RSST 3968 3575(Y) 1683
58
50  RSST 3400 615
30  RSST 3653 645
10  RSST 4065 647
59
60
50  RSST 3462 612
30  RSST 3778 3404(Y) 584
10  RSST 3885 3500(Y) 624
61
50  RSST 5397 655
62
50  RSST 3681 676
30  RSST 3898 3512(Y) 662
10  RSST 4852 627
63
50  RSST 2264 2040(Y) 1668
30  RSST 2478 2233(Y) 633
10  RSST 2731 659
64
50  RSST 2494 583
30  RSST 2600 616
10  RSST 2712 2444(Y) 663
65
50  RSST 2183 648
66
50  RSST 3157 657
67
80  RSST 14531 13091(Y) 1980
68
80  RSST 14288 1798
SCORE:UN,RSST,0,5820,-582.0
