UN-VOU
1
50  VOU 2727 790
30  VOU 2899 816
10  VOU 2947 922
2
50  VOU 3068 783
30  VOU 3213 1650
10  VOU 3217 907
3
50  VOU 2897 872
30  VOU 2925 771
10  VOU 2956 897
4
50  VOU 3081 838
30  VOU 3526 768
10  VOU 3537 796
5
50  VOU 3437 803
30  VOU 3646 899
10  VOU 3875 918
6
50  VOU 3222 769
30  VOU 3488 871
10  VOU 3541 1625
7
50  VOU 1557 1612
30  VOU 1775 823
10  VOU 1851 776
8
50  VOU 1514 850
30  VOU 1729 848
10  VOU 1778 804
9
50  VOU 1969 853
30  VOU 1986 849
10  VOU 1987 876
10
50  VOU 1963 814
30  VOU 2459 772
10  VOU 2525 835
11
50  VOU 2332 780
30  VOU 2829 787
10  VOU 2980 821
12
50  VOU 3534 794
30  VOU 3571 789
10  VOU 3681 880
13
50  VOU 7472 816
30  VOU 7792 922
10  VOU 7900 790
14
50  VOU 7656 783
30  VOU 8428 1650
10  VOU 8746 860
15
50  VOU 7514 897
30  VOU 7515 872
10  VOU 7758 824
16
50  VOU 7678 838
30  VOU 8266 1798
10  VOU 8859 768
17
50  VOU 9700 887
30  VOU 10015 803
10  VOU 10475 899
18
50  VOU 7981 769
30  VOU 8657 871
10  VOU 9671 1625
19
50  VOU 10370 823
30  VOU 11552 782
10  VOU 12335 776
20
50  VOU 7970 850
30  VOU 9858 848
10  VOU 10650 925
21
50  VOU 3819 790
30  VOU 3877 816
10  VOU 3884 868
22
50  VOU 4282 783
30  VOU 4380 844
10  VOU 4626 784
23
50  VOU 4026 824
30  VOU 4179 872
10  VOU 4184 897
24
50  VOU 4153 1798
30  VOU 4286 768
10  VOU 4384 796
25
50  VOU 4738 899
30  VOU 4925 841
10  VOU 4970 887
26
50  VOU 4262 769
30  VOU 4584 807
10  VOU 4808 1620
27
50  VOU 2287 1612
30  VOU 2339 823
10  VOU 2431 782
28
50  VOU 2037 850
30  VOU 2299 848
10  VOU 2397 925
29
50  VOU 2888 852
30  VOU 3052 786
10  VOU 3075 1797
30
50  VOU 3250 805
30  VOU 3326 1616
10  VOU 3347 795
31
80  VOU 13797 1329
32
80  VOU 15788 1804
33
80  VOU 8183 1807
34
80  VOU 11326 1926
35
50  VOU 3664 790
30  VOU 3669 922
10  VOU 3901 816
36
50  VOU 3532 783
30  VOU 3976 860
10  VOU 4060 1650
37
50  VOU 3463 897
30  VOU 3517 839
10  VOU 3593 872
38
50  VOU 3550 838
30  VOU 4173 796
10  VOU 4269 768
39
50  VOU 4453 803
30  VOU 4702 837
10  VOU 4781 918
40
50  VOU 3676 769
30  VOU 4071 871
10  VOU 4448 1620
41
50  VOU 2087 1612
30  VOU 2123 782
10  VOU 2368 823
42
50  VOU 1778 850
30  VOU 2059 848
10  VOU 2218 925
43
50  VOU 2340 822
30  VOU 2534 786
10  VOU 2584 853
44
50  VOU 2450 814
30  VOU 2706 913
10  VOU 2776 878
45
50  VOU 3082 780
30  VOU 3506 821
10  VOU 3643 787
46
50  VOU 3590 789
30  VOU 3887 880
10  VOU 4668 794
47
50  VOU 6812 922
30  VOU 6975 863
10  VOU 7398 868
48
50  VOU 7087 1650
30  VOU 8266 860
10  VOU 8563 811
49
50  VOU 6881 771
30  VOU 6928 854
10  VOU 6969 839
50
50  VOU 6858 838
30  VOU 7644 1798
10  VOU 8468 914
51
50  VOU 7611 1846
30  VOU 8452 899
10  VOU 8689 803
52
50  VOU 8046 871
30  VOU 8849 1625
10  VOU 9260 915
53
50  VOU 3701 1612
30  VOU 4302 776
10  VOU 4541 782
54
50  VOU 3931 925
30  VOU 4510 804
10  VOU 4608 827
55
50  VOU 4437 853
30  VOU 4591 822
10  VOU 4592 1797
56
50  VOU 4376 814
30  VOU 5459 799
10  VOU 5815 835
57
50  VOU 3803 863
30  VOU 4290 868
10  VOU 4434 911
58
50  VOU 3990 860
30  VOU 4233 844
10  VOU 4354 811
59
50  VOU 3316 839
30  VOU 3499 824
10  VOU 3709 771
60
50  VOU 3632 1798
30  VOU 4242 796
10  VOU 5120 773
61
50  VOU 4643 887
30  VOU 5687 841
10  VOU 6771 832
62
50  VOU 3828 1625
30  VOU 4567 806
10  VOU 4634 833
63
50  VOU 2627 894
30  VOU 2891 1622
10  VOU 3241 815
64
50  VOU 2335 1619
30  VOU 2383 1803
10  VOU 2440 846
65
50  VOU 2791 1797
30  VOU 2913 849
10  VOU 3016 840
66
50  VOU 2545 814
30  VOU 3474 799
10  VOU 4142 805
67
80  VOU 13337 1929
68
80  VOU 15835 1347
SCORE:UN,VOU,0,6060,-606.0
