UN-WKW
1
50  WKW 2574 1440
30  WKW 2677 1492
10  WKW 3156 1437
2
50  WKW 3242 1447
30  WKW 3412 1449
10  WKW 3440 1443
3
50  WKW 3309 1512
30  WKW 3440 1428
10  WKW 3547 1429
4
50  WKW 2997 1406
30  WKW 3481 1510
10  WKW 3638 1491
5
50  WKW 3351 1462
30  WKW 4003 1398
10  WKW 4096 1482
6
50  WKW 3610 1505
30  WKW 3750 1445
10  WKW 3830 1476
7
50  WKW 1561 1506
30  WKW 1717 1518
10  WKW 1775 1468
8
50  WKW 1538 1436
30  WKW 1541 1418
10  WKW 1585 1407
9
50  WKW 1975 1410
30  WKW 2032 1430
10  WKW 2243 1397
10
50  WKW 2135 1519
30  WKW 2169 1513
10  WKW 2715 1484
11
50  WKW 2503 1422
30  WKW 3341 1459
10  WKW 3678 1439
12
50  WKW 2529 1478
30  WKW 3618 1522
10  WKW 3759 1509
13
50  WKW 6069 1440
30  WKW 7091 1492
10  WKW 8490 1437
14
50  WKW 8810 1810
30  WKW 8840 1443
10  WKW 8939 1447
15
50  WKW 9510 1512
30  WKW 9804 1428
10  WKW 10453 1515
16
50  WKW 7220 1406
30  WKW 9225 1510
10  WKW 10059 1457
17
50  WKW 12514 1398
18
50  WKW 9594 1445
30  WKW 9963 1505
10  WKW 10483 1476
19
50  WKW 10077 1506
30  WKW 10857 1518
20
50  WKW 8352 1418
30  WKW 8445 1436
10  WKW 8446 1407
21
50  WKW 3372 1440
30  WKW 4341 1437
10  WKW 4563 1405
22
50  WKW 4269 1489
30  WKW 4485 1443
10  WKW 5099 1401
23
50  WKW 4285 1429
30  WKW 4355 1470
10  WKW 4523 1512
24
50  WKW 3945 1406
30  WKW 4883 1457
10  WKW 5460 1412
25
50  WKW 5755 1398
30  WKW 6131 1456
10  WKW 6581 1460
26
50  WKW 4925 1505
30  WKW 4926 1445
10  WKW 4965 1391
27
50  WKW 2768 1402
30  WKW 3279 1469
10  WKW 3328 1839
28
50  WKW 2182 1418
30  WKW 2231 1436
10  WKW 2459 1399
29
50  WKW 3153 1430
30  WKW 3302 1403
10  WKW 3312 1410
30
50  WKW 2572 1513
30  WKW 4069 1408
10  WKW 4816 1484
31
80  WKW 12825 1946
32
80  WKW 18015 1693
33
80  WKW 7784 1225
34
80  WKW 11219 1952
35
50  WKW 3106 1492
30  WKW 3227 1440
10  WKW 5142 1481
36
50  WKW 3901 1810
30  WKW 4272 1453
10  WKW 4274 1447
37
50  WKW 4238 1512
30  WKW 4260 1428
10  WKW 4469 1470
38
50  WKW 3222 1406
30  WKW 4472 1510
10  WKW 4619 1412
39
50  WKW 4275 1462
30  WKW 5007 1464
10  WKW 5816 1460
40
50  WKW 4529 1476
30  WKW 5205 1391
10  WKW 5380 1812
41
50  WKW 2139 1518
30  WKW 2223 1468
10  WKW 2449 1506
42
50  WKW 1800 1436
30  WKW 1906 1407
10  WKW 1944 1418
43
50  WKW 2397 1410
30  WKW 2399 1430
10  WKW 2607 1397
44
50  WKW 2535 1519
30  WKW 2633 1513
10  WKW 3147 1400
45
50  WKW 3053 1422
30  WKW 3921 1459
10  WKW 4601 1439
46
50  WKW 2991 1478
30  WKW 3339 1404
10  WKW 4243 1517
47
50  WKW 5987 1492
30  WKW 7328 1437
10  WKW 7810 1405
48
50  WKW 6982 1447
30  WKW 7812 1443
10  WKW 7947 1435
49
50  WKW 7659 1428
30  WKW 7740 1429
10  WKW 8576 1470
50
50  WKW 7994 1510
30  WKW 8453 1491
10  WKW 8740 1457
51
50  WKW 8273 1462
30  WKW 9381 1398
10  WKW 9812 1464
52
50  WKW 8407 1445
30  WKW 8687 1476
10  WKW 9264 1391
53
50  WKW 3689 1506
30  WKW 3928 1518
10  WKW 4018 1468
54
50  WKW 3371 1407
30  WKW 4141 1421
10  WKW 4155 1486
55
50  WKW 4571 1410
30  WKW 4869 1430
10  WKW 5353 1397
56
50  WKW 4703 1513
30  WKW 5431 1519
10  WKW 6455 1484
57
50  WKW 6193 1481
58
50  WKW 3751 1435
30  WKW 3752 1810
10  WKW 4216 1449
59
50  WKW 4632 1429
60
50  WKW 4550 1457
61
50  WKW 10322 1813
62
50  WKW 4253 1505
63
50  WKW 2289 1393
30  WKW 2788 1402
64
50  WKW 2307 1399
30  WKW 2311 1486
10  WKW 2485 1414
65
50  WKW 3371 1422
66
50  WKW 2985 1478
67
80  WKW 14350 1700
68
80  WKW 14743 1703
SCORE:UN,WKW,0,5720,-572.0
