VOU-LAND
1
50  VOU 2731 262
30  VOU 3069 310
10  VOU 3115 283
2
50  LAND 2939 2648(Y) 873
30  LAND 3284 1468
10  LAND 3322 875
3
50  VOU 3008 282
30  LAND 3066 851
10  VOU 3125 333
4
50  LAND 3324 1467
30  VOU 3669 242
10  VOU 3810 1761
5
50  VOU 2938 274
30  LAND 3036 2736(Y) 863
10  VOU 3116 345
6
50  LAND 3594 3238(Y) 917
30  VOU 3656 299
10  LAND 3681 856
7
50  VOU 1655 1778
30  VOU 1703 246
10  VOU 1726 1555(Y) 269
8
50  VOU 1758 1783
30  LAND 1812 862
10  VOU 1848 1665(Y) 243
9
50  LAND 2203 858
30  VOU 2477 1782
10  LAND 2503 914
10
50  LAND 1931 845
30  LAND 1994 867
10  VOU 2219 340
11
50  VOU 2348 2116(Y) 230
30  VOU 3181 318
10  LAND 3547 868
12
50  LAND 2540 919
30  VOU 2649 2387(Y) 1776
10  VOU 2804 2527(Y) 1772
13
50  VOU 6277 262
30  VOU 8511 310
10  VOU 8604 283
14
50  LAND 7149 6441(Y) 873
30  LAND 8009 875
10  VOU 8983 267
15
50  LAND 7734 851
30  VOU 7890 333
10  VOU 8000 282
16
50  LAND 8812 1467
30  VOU 9295 242
10  LAND 10362 1466
17
50  VOU 7545 6798(Y) 274
30  LAND 7584 6833(Y) 863
10  VOU 7818 7044(Y) 1786
18
50  VOU 9049 8153(Y) 299
30  LAND 9677 917
10  LAND 10550 856
19
50  VOU 11232 269
30  VOU 11354 1778
10  VOU 13360 308
20
50  LAND 11794 891
30  VOU 12451 236
10  LAND 12506 869
21
50  VOU 3171 262
30  VOU 4203 264
10  VOU 4278 280
22
50  LAND 3663 3300(Y) 873
30  LAND 3920 3532(Y) 1468
10  LAND 4409 875
23
50  VOU 3796 3420(Y) 282
30  LAND 3937 3547(Y) 851
10  VOU 4669 293
24
50  LAND 4795 1466
30  LAND 5037 1467
10  VOU 5085 242
25
50  VOU 3783 1786
30  LAND 3805 3428(Y) 863
10  VOU 3817 3439(Y) 274
26
50  LAND 4865 852
30  VOU 5080 278
10  LAND 5171 864
27
50  VOU 2551 2299(Y) 246
30  VOU 2719 279
10  VOU 2720 269
28
50  LAND 2585 2329(Y) 871
30  VOU 2600 2343(Y) 243
10  VOU 2707 1783
29
50  LAND 3022 858
30  VOU 3126 1782
10  LAND 3844 1937
30
50  LAND 3263 867
30  VOU 3314 340
10  LAND 3769 845
31
80  LAND 13863 2322
40  VOU 14008 2385
32
80  VOU 15422 2388
40  LAND 17093 2323
33
80  LAND 9860 1587
40  VOU 10073 1323
34
80  LAND 10919 1884
40  VOU 17587 1727
35
50  VOU 3078 262
30  VOU 3838 283
10  VOU 4184 280
36
50  LAND 3488 3143(Y) 875
30  LAND 3578 873
10  VOU 3983 267
37
50  VOU 3584 333
30  LAND 4176 857
10  VOU 4487 335
38
50  LAND 3934 1467
30  VOU 4538 326
10  VOU 4775 307
39
50  VOU 3540 323
30  VOU 3563 345
10  VOU 3788 274
40
50  VOU 4144 3734(Y) 299
30  LAND 4494 856
10  VOU 4613 253
41
50  VOU 2126 1778
30  VOU 2145 1933(Y) 269
10  VOU 2302 2074(Y) 308
42
50  VOU 2165 1783
30  LAND 2247 2025(Y) 891
10  VOU 2264 2040(Y) 243
43
50  LAND 2628 914
30  LAND 2838 858
10  LAND 2869 872
44
50  LAND 2360 2127(Y) 845
30  LAND 2659 2396(Y) 867
10  VOU 2987 340
45
50  VOU 3795 318
30  LAND 3963 868
10  VOU 4171 230
46
50  LAND 2915 919
30  VOU 3220 2901(Y) 1772
10  LAND 3690 1929
47
50  VOU 7026 310
30  VOU 7346 283
10  VOU 7588 280
48
50  LAND 7447 1468
30  VOU 7862 267
10  VOU 8200 1769
49
50  VOU 6808 333
30  LAND 7237 851
10  LAND 7400 857
50
50  VOU 9150 1761
30  LAND 9215 908
10  VOU 9216 307
51
50  LAND 6576 5925(Y) 863
30  VOU 6856 345
10  VOU 6888 323
52
50  VOU 7892 299
30  LAND 8140 7334(Y) 917
10  LAND 8975 856
53
50  VOU 3789 1778
30  VOU 3989 3594(Y) 246
10  VOU 4528 279
54
50  VOU 4139 243
30  LAND 4213 3796(Y) 862
10  LAND 4556 891
55
50  LAND 6147 911
30  LAND 6220 858
10  LAND 6259 872
56
50  LAND 4431 3992(Y) 845
30  LAND 4666 867
10  VOU 5138 330
57
50  VOU 3521 310
30  VOU 4065 1768
10  VOU 4118 280
58
50  VOU 3813 267
30  VOU 4820 296
59
50  VOU 3438 282
30  LAND 4145 1472
10  LAND 4234 857
60
50  VOU 4139 242
30  VOU 4672 307
10  LAND 5316 1466
61
50  VOU 3387 345
30  VOU 3588 3233(Y) 1786
10  VOU 4065 1767
62
50  LAND 4637 917
30  LAND 5212 918
10  LAND 5263 916
63
50  VOU 2079 1873(Y) 308
30  VOU 2977 319
10  VOU 3040 346
64
50  VOU 2191 236
30  LAND 2259 891
10  LAND 2406 869
65
50  LAND 4018 1937
66
50  LAND 3444 887
30  LAND 3706 906
10  VOU 4644 292
67
80  VOU 14034 2216
40  LAND 16500 1885
68
80  LAND 15818 2329
40  VOU 16361 2219
SCORE:VOU,LAND,3370,2880,49.0
