VOU-RSST
1
50  RSST 2750 205
30  VOU 2893 1774
10  VOU 2916 976
2
50  VOU 2782 1488
30  VOU 2950 1018
10  RSST 3178 158
3
50  VOU 3142 1478
30  VOU 3149 981
10  VOU 3194 994
4
50  RSST 3153 183
30  VOU 3237 2917(Y) 1476
10  VOU 3260 2937(Y) 1017
5
50  RSST 3086 149
30  VOU 3327 961
10  VOU 3399 3063(Y) 1016
6
50  VOU 3101 2794(Y) 1020
30  RSST 3332 159
10  RSST 3412 212
7
50  RSST 1709 1540(Y) 123
30  VOU 1800 1752
10  VOU 1834 1025
8
50  VOU 1741 1569(Y) 1065
30  RSST 1876 1611
10  RSST 1906 152
9
50  RSST 1897 126
30  RSST 1908 1719(Y) 122
10  RSST 2069 1614
10
50  RSST 1887 1700(Y) 191
30  VOU 2022 1822(Y) 939
10  VOU 2038 936
11
50  VOU 2760 2487(Y) 934
30  VOU 2838 947
10  VOU 2976 973
12
50  VOU 3198 1499
30  VOU 3212 991
10  VOU 3501 1004
13
50  VOU 7023 976
30  RSST 7643 205
10  RSST 7872 189
14
50  VOU 6832 1488
30  RSST 7538 6791(Y) 158
10  VOU 7627 1018
15
50  VOU 7692 981
30  VOU 8313 994
10  VOU 8653 1478
16
50  VOU 8264 1476
30  RSST 8346 7519(Y) 183
10  VOU 8712 1017
17
50  RSST 8047 7250(Y) 149
30  VOU 8804 961
10  VOU 8888 1016
18
50  VOU 7649 1020
30  RSST 8500 159
10  RSST 8826 7952(Y) 146
19
50  VOU 9732 1752
30  VOU 10921 1006
10  VOU 11069 1025
20
50  RSST 11315 201
30  VOU 11465 1065
10  RSST 11503 164
21
50  RSST 3467 3124(Y) 189
30  VOU 3557 976
10  RSST 3928 205
22
50  VOU 3847 941
30  VOU 4107 1018
10  RSST 4172 157
23
50  VOU 3751 981
30  VOU 3933 3544(Y) 1478
10  VOU 4199 3783(Y) 962
24
50  RSST 4215 3798(Y) 183
30  RSST 4626 213
10  VOU 4627 4169(Y) 1017
25
50  VOU 4342 961
30  RSST 4509 149
10  VOU 4646 969
26
50  VOU 3984 1020
30  RSST 4500 159
10  VOU 4617 1005
27
50  VOU 2364 1752
30  VOU 2492 1006
10  VOU 2516 2267(Y) 974
28
50  VOU 2332 982
30  RSST 2360 2127(Y) 135
10  VOU 2429 2189(Y) 959
29
50  RSST 2887 122
30  VOU 3153 1773
10  VOU 3155 963
30
50  RSST 2496 2249(Y) 145
30  RSST 2534 144
10  RSST 2761 2488(Y) 1606
31
80  VOU 12729 1348
40  RSST 13250 1437
32
80  VOU 15516 1353
40  RSST 16562 1984
33
80  VOU 9327 1900
40  RSST 9462 1571
34
80  VOU 10088 1903
40  RSST 10434 1690
35
50  VOU 3434 976
30  VOU 4011 1029
10  RSST 4022 166
36
50  VOU 3260 1488
30  VOU 3416 1018
10  RSST 3503 3156(Y) 158
37
50  VOU 3824 994
30  VOU 3863 981
10  VOU 4270 1478
38
50  VOU 3606 1476
30  VOU 3831 1017
10  RSST 3931 183
39
50  VOU 3965 1016
30  RSST 4107 3700(Y) 127
10  RSST 4254 149
40
50  VOU 3631 1020
30  VOU 4072 942
10  RSST 4230 146
41
50  VOU 2091 1884(Y) 1025
30  VOU 2161 1947(Y) 1007
10  RSST 2185 123
42
50  RSST 2135 1924(Y) 201
30  VOU 2167 1953(Y) 1065
10  VOU 2243 959
43
50  RSST 2403 126
30  RSST 2569 2315(Y) 1614
10  RSST 2664 2400(Y) 142
44
50  VOU 2276 2051(Y) 1049
30  VOU 2360 990
10  RSST 2365 2131(Y) 191
45
50  RSST 3250 2928(Y) 163
30  VOU 3662 947
10  VOU 3709 934
46
50  VOU 3779 1499
30  VOU 3920 983
10  VOU 4616 991
47
50  RSST 6619 205
30  VOU 6803 1774
10  RSST 6969 189
48
50  VOU 6049 5450(Y) 1488
30  RSST 6615 158
10  RSST 6987 157
49
50  VOU 7207 1051
30  VOU 7850 962
10  VOU 7883 994
50
50  VOU 7105 1476
30  VOU 7502 6759(Y) 960
10  RSST 7597 193
51
50  VOU 7660 961
30  RSST 8057 7259(Y) 127
10  VOU 8082 969
52
50  RSST 7250 159
30  RSST 7894 7112(Y) 146
10  VOU 7932 7146(Y) 942
53
50  VOU 3869 1752
30  VOU 4038 1025
10  VOU 4219 1006
54
50  VOU 4105 3699(Y) 1065
30  RSST 4278 173
10  VOU 4353 965
55
50  RSST 4418 126
30  RSST 4509 4063(Y) 122
10  RSST 4745 4275(Y) 1614
56
50  RSST 4471 4028(Y) 164
30  RSST 4529 4081(Y) 191
10  VOU 4585 4131(Y) 939
57
50  RSST 3101 2794(Y) 189
30  VOU 3312 943
10  RSST 3507 166
58
50  RSST 3510 3163(Y) 157
30  VOU 3733 951
10  VOU 3790 935
59
50  VOU 3999 1051
30  VOU 4045 977
10  VOU 4544 962
60
50  RSST 3781 129
30  RSST 4025 193
10  RSST 4166 136
61
50  VOU 3850 1016
30  VOU 5348 1000
10  RSST 6006 1602
62
50  RSST 4054 3653(Y) 146
30  VOU 4293 1005
10  RSST 4325 165
63
50  VOU 2021 1007
30  VOU 2257 1006
10  VOU 2366 1038
64
50  VOU 2109 968
30  VOU 2238 959
10  RSST 2241 201
65
50  RSST 2556 1601
30  RSST 2919 122
10  RSST 3037 126
66
50  RSST 2257 2034(Y) 164
30  VOU 2409 939
10  VOU 2499 936
67
80  VOU 13578 1225
40  RSST 15766 1577
68
80  VOU 13423 1370
40  RSST 14039 1993
SCORE:VOU,RSST,3870,2430,144.0
