VOU-HC14
skip 1314 org.jytek.leaguemanager.view.TmResult@3f4452a7skip 1314 org.jytek.leaguemanager.view.TmResult@119d27fskip 1314 org.jytek.leaguemanager.view.TmResult@10868ac6skip 1314 org.jytek.leaguemanager.view.TmResult@24eeeefaskip 1314 org.jytek.leaguemanager.view.TmResult@392241aaskip 1314 org.jytek.leaguemanager.view.TmResult@7667f6dbskip 1314 org.jytek.leaguemanager.view.TmResult@5213926b1
50  HC14 2728 2458(Y) 830
30  HC14 2735 2464(Y) 865
10  HC14 2752 2480(Y) 1624
2
50  VOU 2713 543
30  VOU 3042 2741(Y) 465
10  HC14 3142 2831(Y) 847
3
50  HC14 2895 2609(Y) 889
30  VOU 2967 579
10  HC14 3029 2729(Y) 1575
4
50  VOU 3018 1378
30  VOU 3093 535
10  HC14 3207 2890(Y) 845
5
50  HC14 2727 832
30  HC14 2918 2629(Y) 864
10  HC14 3004 2707(Y) 1716
6
50  HC14 3288 2963(Y) 1574
30  HC14 3540 834
10  VOU 3577 561
7
50  HC14 1596 1438(Y) 862
30  HC14 1668 826
10  HC14 1697 863
8
50  HC14 1592 1435(Y) 1560
30  HC14 1735 831
10  HC14 1740 850
9
50  HC14 1803 833
30  VOU 2019 503
10  VOU 2087 459
10
50  VOU 1829 1373
30  HC14 1878 852
10  HC14 1982 1786(Y) 860
11
50  VOU 2931 555
30  HC14 3055 2753(Y) 878
10  VOU 3289 453
12
50  HC14 2144 842
30  HC14 2433 2192(Y) 880
10  VOU 2522 494
13
50  HC14 6636 5979(Y) 830
30  HC14 6696 6033(Y) 865
10  HC14 7223 6508(Y) 857
14
50  VOU 6738 543
30  HC14 7567 6818(Y) 872
10  VOU 7905 465
15
50  HC14 6788 6116(Y) 1717
30  HC14 7657 6899(Y) 1575
10  HC14 8069 889
16
50  VOU 7860 535
30  VOU 7896 1378
10  HC14 8099 7297(Y) 856
17
50  HC14 6819 832
30  VOU 7276 536
10  HC14 7530 6784(Y) 864
18
50  HC14 7296 6573(Y) 840
30  VOU 7763 520
10  HC14 8420 7586(Y) 1574
19
50  HC14 8686 7826(Y) 862
30  HC14 9376 863
10  HC14 10182 9173(Y) 855
20
50  HC14 9004 8112(Y) 831
30  VOU 9053 8156(Y) 451
10  VOU 10392 9363(Y) 516
21
50  HC14 3501 865
30  HC14 3611 3254(Y) 830
10  VOU 3858 3476(Y) 471
22
50  VOU 3588 543
30  HC14 3853 3472(Y) 872
10  VOU 4259 465
23
50  HC14 3691 3326(Y) 1575
30  VOU 4496 4051(Y) 512
10  HC14 4509 889
24
50  VOU 4104 535
30  HC14 4403 827
10  VOU 4488 531
25
50  VOU 3520 536
30  HC14 3811 832
10  HC14 4007 3610(Y) 1716
26
50  HC14 3928 840
30  VOU 4368 520
10  HC14 4525 1574
27
50  HC14 2279 2054(Y) 862
30  HC14 2329 2099(Y) 863
10  HC14 2353 826
28
50  HC14 2200 1982(Y) 831
30  HC14 2264 2040(Y) 1560
10  VOU 2303 513
29
50  VOU 2608 503
30  HC14 2919 833
10  VOU 3397 523
30
50  HC14 2666 2402(Y) 1561
30  VOU 2729 583
10  VOU 2799 1373
31
80  HC14 12848 11575(Y) 1064
40  VOU 13445 1179
32
80  HC14 14143 12742(Y) 870
40  VOU 14826 1182
33
80  HC14 7878 7098(Y) 872
40  VOU 8585 1185
34
80  HC14 9700 8739(Y) 874
40  VOU 10060 1188
35
50  HC14 2988 865
30  HC14 3184 2869(Y) 1624
10  HC14 3263 2940(Y) 857
36
50  VOU 3232 543
30  VOU 3527 3178(Y) 465
10  HC14 3637 872
37
50  HC14 3176 2862(Y) 1717
30  HC14 3450 3109(Y) 889
10  VOU 3481 544
38
50  HC14 3694 845
30  HC14 3788 3413(Y) 856
10  VOU 3854 1378
39
50  HC14 3431 3091(Y) 1716
30  HC14 3465 3122(Y) 864
10  VOU 3525 560
40
50  VOU 3640 520
30  HC14 3735 840
10  HC14 3892 839
41
50  HC14 1946 1754(Y) 862
30  HC14 2053 863
10  HC14 2118 855
42
50  HC14 1871 1686(Y) 1560
30  VOU 1947 451
10  HC14 1990 1793(Y) 831
43
50  HC14 2437 2196(Y) 833
30  HC14 2545 2293(Y) 854
10  VOU 2855 503
44
50  VOU 2179 1373
30  HC14 2305 852
10  HC14 2339 2108(Y) 860
45
50  VOU 3353 555
30  HC14 3609 3252(Y) 878
10  VOU 3723 521
46
50  HC14 2556 842
30  HC14 2707 2439(Y) 853
10  HC14 2967 1562
47
50  HC14 5805 5230(Y) 830
30  HC14 5997 5403(Y) 857
10  HC14 6001 1624
48
50  HC14 6836 6159(Y) 872
30  HC14 7057 6358(Y) 1623
10  HC14 7313 6589(Y) 847
49
50  HC14 6759 6090(Y) 1575
30  VOU 6988 6296(Y) 579
10  VOU 7229 470
50
50  VOU 6535 1378
30  HC14 6989 6297(Y) 856
10  VOU 7012 582
51
50  HC14 5991 5398(Y) 832
30  HC14 6604 864
10  HC14 6615 5960(Y) 881
52
50  HC14 6303 5679(Y) 840
30  VOU 7094 6391(Y) 520
10  VOU 7919 7135(Y) 561
53
50  HC14 3765 826
30  HC14 3938 3548(Y) 1573
10  HC14 3994 855
54
50  HC14 3597 1560
30  VOU 3677 3313(Y) 451
10  HC14 4054 850
55
50  HC14 4099 3693(Y) 833
30  VOU 4686 503
10  VOU 5220 459
56
50  VOU 4159 1373
30  HC14 4227 852
10  HC14 4425 3987(Y) 860
57
50  HC14 2959 2666(Y) 1624
30  VOU 3303 1365
10  VOU 3383 3048(Y) 471
58
50  HC14 3782 3408(Y) 1623
30  VOU 3829 3450(Y) 449
59
50  HC14 2895 2609(Y) 1717
30  VOU 3603 544
10  VOU 3628 470
60
50  VOU 3407 535
30  HC14 3545 3194(Y) 856
10  VOU 3720 3352(Y) 582
61
50  HC14 3452 3110(Y) 1716
30  VOU 3453 536
10  HC14 3591 3236(Y) 881
62
50  HC14 3649 3288(Y) 1574
30  VOU 4163 561
10  HC14 4250 3829(Y) 834
63
50  HC14 2152 1939(Y) 855
30  HC14 2197 884
10  HC14 2269 2045(Y) 1573
64
50  VOU 1918 1728(Y) 451
30  VOU 2039 527
10  HC14 2067 1863(Y) 850
65
50  VOU 3390 537
30  VOU 3872 564
66
50  HC14 2170 852
30  HC14 2372 842
10  VOU 2555 496
67
80  HC14 11999 10810(Y) 876
40  VOU 13989 1014
68
80  VOU 13638 1018
40  HC14 13886 12510(Y) 879
SCORE:VOU,HC14,2200,4080,-188.0
