VOU-LL
1
50  VOU 2893 1774
30  LL 2903 901
10  VOU 2916 976
2
50  VOU 2782 1488
30  VOU 2950 1018
10  LL 3083 2778(Y) 842
3
50  VOU 3142 1478
30  VOU 3149 981
10  VOU 3194 994
4
50  VOU 3237 2917(Y) 1476
30  VOU 3260 2937(Y) 1017
10  LL 3271 2947(Y) 896
5
50  VOU 3327 961
30  VOU 3399 3063(Y) 1016
10  VOU 3419 969
6
50  VOU 3101 2794(Y) 1020
30  LL 3499 3153(Y) 1570
10  LL 3566 3213(Y) 1675
7
50  LL 1643 888
30  LL 1730 1559(Y) 876
10  VOU 1800 1752
8
50  LL 1684 826
30  VOU 1741 1569(Y) 1065
10  LL 1763 1551
9
50  LL 2060 1856(Y) 1568
30  VOU 2105 1897(Y) 952
10  LL 2145 1552
10
50  VOU 2022 1822(Y) 939
30  LL 2032 1562
10  VOU 2038 936
11
50  LL 2626 2366(Y) 873
30  LL 2657 2394(Y) 926
10  VOU 2760 2487(Y) 934
12
50  LL 3131 880
30  VOU 3198 1499
10  VOU 3212 991
13
50  VOU 7023 976
30  LL 7788 901
10  LL 8326 892
14
50  VOU 6832 1488
30  LL 7582 6831(Y) 856
10  VOU 7627 1018
15
50  VOU 7692 981
30  VOU 8313 994
10  VOU 8653 1478
16
50  VOU 8264 1476
30  VOU 8712 1017
10  LL 8910 896
17
50  VOU 8804 961
30  VOU 8888 1016
10  LL 9216 903
18
50  VOU 7649 1020
30  LL 9315 834
10  VOU 9406 942
19
50  LL 9603 888
30  VOU 9732 1752
10  VOU 10921 1006
20
50  LL 10306 826
30  LL 10375 1551
10  LL 11242 902
21
50  VOU 3557 976
30  LL 3635 3275(Y) 897
10  LL 3972 901
22
50  LL 3815 3437(Y) 869
30  VOU 3847 941
10  LL 3968 3575(Y) 870
23
50  VOU 3751 981
30  VOU 3933 3544(Y) 1478
10  VOU 4199 3783(Y) 962
24
50  LL 4400 825
30  LL 4528 1557
10  VOU 4627 4169(Y) 1017
25
50  VOU 4342 961
30  VOU 4646 969
10  LL 5285 903
26
50  VOU 3984 1020
30  VOU 4617 1005
10  LL 4640 4181(Y) 1570
27
50  LL 2325 888
30  VOU 2364 1752
10  VOU 2492 1006
28
50  VOU 2332 982
30  VOU 2429 2189(Y) 959
10  LL 2506 826
29
50  LL 3006 919
30  LL 3112 1552
10  VOU 3153 1773
30
50  VOU 2787 967
30  VOU 2797 936
10  VOU 2833 1487
31
80  VOU 12729 1348
40  LL 14223 1206
32
80  VOU 15516 1353
40  LL 18313 1415
33
80  VOU 9327 1900
40  LL 9522 1559
34
80  VOU 10088 1903
40  LL 12447 1843
35
50  VOU 3434 976
30  LL 3788 901
10  LL 3956 897
36
50  VOU 3260 1488
30  VOU 3416 1018
10  LL 3622 856
37
50  VOU 3824 994
30  VOU 3863 981
10  LL 4231 920
38
50  VOU 3606 1476
30  VOU 3831 1017
10  VOU 4004 3608(Y) 960
39
50  VOU 3965 1016
30  LL 4140 903
10  VOU 4640 969
40
50  VOU 3631 1020
30  VOU 4072 942
10  LL 4225 1570
41
50  LL 1997 888
30  VOU 2091 1884(Y) 1025
10  VOU 2161 1947(Y) 1007
42
50  LL 2093 826
30  VOU 2167 1953(Y) 1065
10  LL 2171 1551
43
50  LL 2600 1568
30  LL 2712 2444(Y) 919
10  LL 2715 1552
44
50  VOU 2276 2051(Y) 1049
30  VOU 2360 990
10  VOU 2398 2161(Y) 939
45
50  LL 2812 2534(Y) 873
30  VOU 3662 947
10  VOU 3709 934
46
50  LL 3778 880
30  VOU 3779 1499
10  VOU 3920 983
47
50  VOU 6803 1774
30  VOU 7098 943
10  LL 7159 897
48
50  VOU 6049 5450(Y) 1488
30  VOU 6446 1018
10  LL 6663 856
49
50  VOU 7207 1051
30  LL 7659 920
10  VOU 7850 962
50
50  VOU 7105 1476
30  LL 7349 6621(Y) 896
10  VOU 7502 6759(Y) 960
51
50  VOU 7660 961
30  LL 7962 903
10  VOU 8082 969
52
50  VOU 7932 7146(Y) 942
30  VOU 8033 7237(Y) 1047
10  LL 8079 834
53
50  LL 3812 876
30  VOU 3869 1752
10  VOU 4038 1025
54
50  LL 3853 1551
30  VOU 4105 3699(Y) 1065
10  LL 4275 1561
55
50  LL 4878 1552
30  LL 4895 4410(Y) 919
10  VOU 4911 4425(Y) 952
56
50  VOU 4585 4131(Y) 939
30  LL 4691 1562
10  VOU 4887 4403(Y) 945
57
50  VOU 3312 943
30  LL 3343 822
10  VOU 3514 1490
58
50  LL 3386 3051(Y) 842
30  LL 3452 3110(Y) 856
10  LL 3487 3142(Y) 869
59
50  VOU 3523 994
30  VOU 3700 1478
10  LL 3872 920
60
50  LL 3956 896
30  LL 4691 885
10  LL 4796 825
61
50  VOU 3850 1016
30  VOU 5348 1000
10  VOU 6103 933
62
50  LL 4071 834
30  VOU 4293 1005
10  VOU 4379 942
63
50  LL 1939 876
30  VOU 2021 1007
10  VOU 2257 1006
64
50  VOU 2109 968
30  VOU 2215 1065
10  VOU 2238 959
65
50  VOU 3319 963
30  VOU 3689 1035
10  VOU 5505 1011
66
50  VOU 2409 939
30  VOU 2499 936
10  VOU 3037 992
67
80  VOU 13578 1225
40  LL 13806 1845
68
80  VOU 13423 1370
40  LL 13778 1847
SCORE:VOU,LL,3950,2350,160.0
