VOU-CH
1
50  CH 2521 2272(Y) 1666
30  CH 2840 1449
10  CH 2872 37
2
50  CH 2750 1454
30  VOU 2782 1488
10  VOU 2950 1018
3
50  CH 3107 26
30  CH 3138 69
10  VOU 3142 1478
4
50  CH 2897 2610(Y) 115
30  CH 3008 1452
10  VOU 3237 2917(Y) 1476
5
50  CH 2949 93
30  CH 3287 64
10  VOU 3327 961
6
50  VOU 3101 2794(Y) 1020
30  CH 3166 2853(Y) 45
10  CH 3415 77
7
50  CH 1783 1460
30  VOU 1800 1752
10  VOU 1834 1025
8
50  CH 1606 1447(Y) 111
30  CH 1668 1503(Y) 99
10  VOU 1741 1569(Y) 1065
9
50  CH 2094 95
30  VOU 2105 1897(Y) 952
10  CH 2130 1919(Y) 17
10
50  CH 1883 1697(Y) 110
30  CH 1942 1750(Y) 67
10  CH 1966 1772(Y) 1457
11
50  CH 2124 1914(Y) 12
30  VOU 2760 2487(Y) 934
10  VOU 2838 947
12
50  CH 2299 2072(Y) 101
30  CH 2325 2095(Y) 2
10  CH 3127 4
13
50  CH 6895 1666
30  VOU 7023 976
10  CH 7326 37
14
50  CH 6681 1454
30  VOU 6832 1488
10  CH 7440 7
15
50  VOU 7692 981
30  CH 7984 69
10  CH 8241 26
16
50  CH 7217 1452
30  CH 7599 115
10  VOU 8264 1476
17
50  CH 7391 93
30  CH 8168 7359(Y) 64
10  VOU 8804 961
18
50  VOU 7649 1020
30  CH 7963 7174(Y) 45
10  CH 9296 103
19
50  VOU 9732 1752
30  CH 10096 1667
10  VOU 10921 1006
20
50  CH 10100 102
30  CH 10752 111
10  VOU 11465 1065
21
50  VOU 3557 976
30  CH 3684 37
10  CH 3923 1449
22
50  CH 3613 1454
30  VOU 3847 941
10  CH 3872 7
23
50  VOU 3751 981
30  VOU 3933 3544(Y) 1478
10  CH 4054 69
24
50  CH 3838 1452
30  CH 4279 38
10  CH 4377 109
25
50  CH 4013 3616(Y) 93
30  VOU 4342 961
10  CH 4526 4078(Y) 64
26
50  VOU 3984 1020
30  CH 4497 45
10  CH 4517 103
27
50  VOU 2364 1752
30  CH 2455 1460
10  VOU 2492 1006
28
50  CH 2191 102
30  VOU 2332 982
10  CH 2419 2180(Y) 89
29
50  CH 2525 2275(Y) 14
30  CH 3002 17
10  CH 3044 1453
30
50  CH 2622 2363(Y) 57
30  CH 2634 110
10  VOU 2787 967
31
80  CH 12616 1328
40  VOU 12729 1348
32
80  CH 15009 1330
40  VOU 15516 1353
33
80  CH 8573 1530
40  VOU 9327 1900
34
80  CH 9977 1874
40  VOU 10088 1903
35
50  CH 3082 1666
30  CH 3383 37
10  VOU 3434 976
36
50  CH 3238 2918(Y) 55
30  VOU 3260 1488
10  VOU 3416 1018
37
50  CH 3690 26
30  VOU 3824 994
10  VOU 3863 981
38
50  CH 3419 3081(Y) 115
30  VOU 3606 1476
10  CH 3716 38
39
50  CH 3439 93
30  VOU 3965 1016
10  CH 4135 64
40
50  VOU 3631 1020
30  CH 3726 45
10  CH 3968 77
41
50  CH 2084 1667
30  VOU 2091 1884(Y) 1025
10  VOU 2161 1947(Y) 1007
42
50  CH 2096 1889(Y) 99
30  CH 2120 1910(Y) 111
10  VOU 2167 1953(Y) 1065
43
50  CH 2592 2336(Y) 108
30  CH 2622 2363(Y) 14
10  CH 2778 95
44
50  CH 2177 1962(Y) 110
30  VOU 2276 2051(Y) 1049
10  VOU 2360 990
45
50  CH 2833 2553(Y) 12
30  VOU 3662 947
10  VOU 3709 934
46
50  CH 2768 2494(Y) 2
30  CH 3127 2818(Y) 101
10  CH 3559 113
47
50  CH 5520 4973(Y) 1666
30  CH 6719 1449
10  VOU 6803 1774
48
50  VOU 6049 5450(Y) 1488
30  CH 6147 1454
10  VOU 6446 1018
49
50  CH 6941 69
30  VOU 7021 981
10  CH 7038 26
50
50  CH 6343 1452
30  CH 6392 115
10  VOU 7105 1476
51
50  VOU 7660 961
30  VOU 8082 969
10  VOU 8233 1016
52
50  CH 7519 77
30  CH 7870 103
10  VOU 7932 7146(Y) 942
53
50  CH 3694 1667
30  VOU 3869 1752
10  VOU 4038 1025
54
50  CH 3729 3360(Y) 99
30  CH 3930 3541(Y) 111
10  CH 3976 102
55
50  CH 4762 95
30  CH 4874 4391(Y) 14
10  VOU 4911 4425(Y) 952
56
50  CH 4218 3800(Y) 110
30  CH 4463 4021(Y) 57
10  VOU 4585 4131(Y) 939
57
50  VOU 3075 976
30  CH 3299 25
10  VOU 3312 943
58
50  CH 3241 2920(Y) 55
30  CH 3447 7
10  VOU 3496 1018
59
50  VOU 3523 994
30  VOU 3700 1478
10  VOU 3999 1051
60
50  CH 3460 97
30  VOU 3750 1017
10  CH 4322 109
61
50  VOU 3850 1016
30  VOU 5348 1000
10  CH 5362 58
62
50  CH 4109 77
30  VOU 4293 1005
10  VOU 4379 942
63
50  VOU 2021 1007
30  CH 2071 1667
10  VOU 2257 1006
64
50  CH 1915 99
30  CH 2069 102
10  CH 2087 1881(Y) 11
65
50  CH 2471 95
30  CH 2844 17
10  CH 2953 12
66
50  VOU 2409 939
30  CH 2461 2218(Y) 1457
10  CH 2466 2222(Y) 57
67
80  CH 12825 1877
40  VOU 13578 1225
68
80  VOU 13423 1370
40  CH 13582 1345
SCORE:VOU,CH,2130,4170,-204.0
