VOU-HC15
1
50  HC15 2559 2306(Y) 1736
30  HC15 2632 2372(Y) 1378
10  HC15 2695 2428(Y) 11
2
50  VOU 2793 2517(Y) 157
30  VOU 2962 79
10  HC15 3116 2808(Y) 1599
3
50  HC15 2629 2369(Y) 1380
30  HC15 2915 2627(Y) 38
10  HC15 2918 2629(Y) 1374
4
50  HC15 3081 2776(Y) 1387
30  VOU 3175 125
10  HC15 3225 53
5
50  VOU 3312 2984(Y) 126
30  VOU 3313 2985(Y) 111
10  VOU 3357 3025(Y) 101
6
50  HC15 2989 2693(Y) 54
30  VOU 3244 98
10  HC15 3263 2940(Y) 15
7
50  HC15 1409 1270(Y) 7
30  HC15 1683 1517(Y) 14
10  VOU 1689 1522(Y) 183
8
50  HC15 1490 1343(Y) 1379
30  HC15 1686 1519(Y) 10
10  VOU 1691 1524(Y) 146
9
50  VOU 1890 110
30  HC15 1999 55
10  VOU 2081 120
10
50  VOU 1887 102
30  HC15 1942 1750(Y) 6
10  HC15 2021 1821(Y) 20
11
50  HC15 2257 2034(Y) 36
30  VOU 2457 2214(Y) 176
10  VOU 3230 2910(Y) 1492
12
50  VOU 3110 75
30  VOU 3586 3231(Y) 73
10  VOU 3622 1693
13
50  HC15 6506 5862(Y) 1736
30  HC15 6566 5916(Y) 39
10  HC15 6876 6195(Y) 11
14
50  VOU 7022 157
30  VOU 7668 6909(Y) 79
10  HC15 8550 7703(Y) 1599
15
50  HC15 6566 5916(Y) 1380
30  VOU 6827 6151(Y) 142
10  HC15 7210 6496(Y) 1374
16
50  VOU 7844 125
30  HC15 8023 7228(Y) 31
10  HC15 8160 7352(Y) 53
17
50  VOU 8097 111
30  VOU 8764 101
10  VOU 9124 145
18
50  HC15 7254 6536(Y) 54
30  VOU 8506 1490
10  HC15 8553 15
19
50  HC15 8041 7245(Y) 7
30  HC15 10822 9750(Y) 1739
10  VOU 11144 10040(Y) 183
20
50  HC15 8422 7588(Y) 1379
30  VOU 9304 8382(Y) 146
10  VOU 9827 1508
21
50  HC15 3365 3032(Y) 39
30  HC15 3368 3035(Y) 11
10  HC15 3628 3269(Y) 12
22
50  VOU 3635 157
30  VOU 4303 3877(Y) 79
10  VOU 4535 4086(Y) 158
23
50  VOU 3426 3087(Y) 142
30  HC15 3522 3173(Y) 1380
10  VOU 4044 3644(Y) 114
24
50  VOU 4297 125
30  VOU 4336 3907(Y) 136
10  VOU 4362 3930(Y) 89
25
50  VOU 4388 101
30  VOU 4433 111
10  VOU 4648 4188(Y) 126
26
50  HC15 3885 3500(Y) 54
30  VOU 4275 3852(Y) 67
10  VOU 4296 3871(Y) 1501
27
50  HC15 1789 1612(Y) 7
30  VOU 2288 2062(Y) 183
10  VOU 2559 2306(Y) 199
28
50  HC15 2001 1803(Y) 1379
30  VOU 2248 97
10  HC15 2249 2027(Y) 1381
29
50  HC15 2289 2063(Y) 55
30  VOU 2416 110
10  VOU 2945 120
30
50  VOU 2535 2284(Y) 82
30  HC15 2601 2344(Y) 6
10  VOU 2634 102
31
80  VOU 12583 897
40  HC15 13175 11870(Y) 794
32
80  VOU 15292 13777(Y) 634
40  HC15 15603 14057(Y) 859
33
80  HC15 7513 6769(Y) 861
40  VOU 8405 903
34
80  VOU 9864 906
40  HC15 10031 9037(Y) 802
35
50  HC15 2951 2659(Y) 39
30  HC15 3021 2722(Y) 1378
10  HC15 3166 2853(Y) 32
36
50  VOU 3413 157
30  VOU 3454 79
10  VOU 3730 3361(Y) 158
37
50  HC15 3215 2897(Y) 38
30  HC15 3256 2934(Y) 1374
10  HC15 3344 3013(Y) 1380
38
50  VOU 3709 125
30  HC15 3756 3384(Y) 53
10  HC15 3790 3415(Y) 31
39
50  VOU 3837 111
30  VOU 3910 3523(Y) 126
10  VOU 4076 101
40
50  HC15 3466 3123(Y) 54
30  VOU 3789 3414(Y) 1490
10  HC15 3994 3599(Y) 15
41
50  HC15 1848 1665(Y) 7
30  HC15 2064 1860(Y) 14
10  VOU 2255 2032(Y) 68
42
50  HC15 1893 1706(Y) 1379
30  VOU 2033 146
10  VOU 2047 119
43
50  HC15 2373 2138(Y) 55
30  VOU 2546 2294(Y) 110
10  VOU 2678 2413(Y) 128
44
50  HC15 2453 20
30  VOU 2456 102
10  HC15 2458 2215(Y) 1382
45
50  HC15 2681 2416(Y) 36
30  VOU 2866 2582(Y) 176
10  HC15 3737 3367(Y) 1392
46
50  VOU 3937 73
30  VOU 4526 4078(Y) 75
10  VOU 5089 4585(Y) 169
47
50  HC15 5757 5187(Y) 1378
30  HC15 5793 5219(Y) 39
10  HC15 5921 5335(Y) 11
48
50  HC15 7368 6638(Y) 1599
30  VOU 7878 158
10  VOU 8377 7547(Y) 1494
49
50  VOU 5954 5364(Y) 142
30  HC15 6433 5796(Y) 38
10  VOU 6480 5838(Y) 114
50
50  HC15 6971 6281(Y) 31
30  HC15 7080 6379(Y) 53
10  HC15 7302 6579(Y) 23
51
50  VOU 7515 6771(Y) 145
30  VOU 7569 6819(Y) 126
10  HC15 8474 7635(Y) 57
52
50  HC15 7168 6458(Y) 15
30  HC15 7559 6810(Y) 25
10  VOU 7566 1490
53
50  HC15 3729 3360(Y) 14
30  VOU 3826 3447(Y) 183
10  VOU 4031 3632(Y) 68
54
50  VOU 3644 3283(Y) 146
30  VOU 3645 3284(Y) 1508
10  HC15 3828 3449(Y) 29
55
50  HC15 4215 3798(Y) 55
30  VOU 4228 110
10  VOU 4846 120
56
50  VOU 4319 102
30  HC15 4446 4006(Y) 6
10  HC15 4598 4143(Y) 20
57
50  HC15 2726 2456(Y) 1378
30  HC15 2767 2493(Y) 1736
10  VOU 3050 84
58
50  VOU 3717 158
30  VOU 4421 1494
10  VOU 4699 127
59
50  HC15 2984 2689(Y) 38
30  VOU 3122 2813(Y) 142
10  HC15 3374 3040(Y) 56
60
50  HC15 3638 3278(Y) 31
30  HC15 3842 23
10  VOU 4040 130
61
50  VOU 4044 3644(Y) 145
30  HC15 4865 57
10  HC15 4999 4504(Y) 1740
62
50  VOU 3826 3447(Y) 1490
30  VOU 4374 132
10  HC15 4489 4045(Y) 40
63
50  HC15 1833 1652(Y) 14
30  VOU 2358 2125(Y) 199
10  VOU 2541 124
64
50  VOU 1841 119
30  VOU 1999 1801(Y) 1508
10  HC15 2053 1850(Y) 29
65
66
50  HC15 2185 1969(Y) 20
30  HC15 2323 2093(Y) 6
10  HC15 2701 2434(Y) 1382
67
80  VOU 12870 11595(Y) 1030
40  HC15 13100 11802(Y) 865
68
80  HC15 14370 12946(Y) 805
40  VOU 14436 103
SCORE:VOU,HC15,3050,3160,-11.0
