VOU-RMR
1
50  RMR 2853 1180
30  VOU 2893 1774
10  VOU 2916 976
2
50  VOU 2782 1488
30  VOU 2950 1018
10  RMR 3130 2820(Y) 1188
3
50  RMR 2897 2610(Y) 1254
30  VOU 3142 1478
10  VOU 3149 981
4
50  RMR 3152 2840(Y) 1231
30  RMR 3186 2871(Y) 1241
10  VOU 3237 2917(Y) 1476
5
50  VOU 3327 961
30  VOU 3399 3063(Y) 1016
10  VOU 3419 969
6
50  VOU 3101 2794(Y) 1020
30  RMR 3281 1219
10  RMR 3499 3153(Y) 1586
7
50  RMR 1731 1220
30  RMR 1737 1184
10  RMR 1788 1590
8
50  VOU 1741 1569(Y) 1065
30  RMR 1768 1174
10  RMR 1844 1263
9
50  RMR 1730 1559(Y) 1221
30  VOU 2105 1897(Y) 952
10  VOU 2230 1773
10
50  VOU 2022 1822(Y) 939
30  RMR 2029 1828(Y) 1228
10  VOU 2038 936
11
50  VOU 2760 2487(Y) 934
30  RMR 2806 1176
10  VOU 2838 947
12
50  RMR 2675 1175
30  RMR 3015 1236
10  VOU 3198 1499
13
50  VOU 7023 976
30  RMR 7365 1593
10  RMR 7497 1180
14
50  VOU 6832 1488
30  VOU 7627 1018
10  VOU 8139 941
15
50  RMR 7475 1254
30  VOU 7692 981
10  RMR 8232 1596
16
50  RMR 8169 1185
30  VOU 8264 1476
10  RMR 8497 1241
17
50  VOU 8804 961
30  VOU 8888 1016
10  VOU 9457 1069
18
50  VOU 7649 1020
30  RMR 8106 7303(Y) 1219
10  RMR 8813 7940(Y) 1224
19
50  VOU 9732 1752
30  RMR 10847 1221
10  RMR 10856 1577
20
50  RMR 10406 1263
30  RMR 10882 1174
10  VOU 11465 1065
21
50  VOU 3557 976
30  RMR 3702 3336(Y) 1195
10  RMR 3728 1593
22
50  VOU 3847 941
30  VOU 4107 1018
10  VOU 4238 964
23
50  RMR 3645 3284(Y) 1596
30  VOU 3751 981
10  RMR 3862 1254
24
50  RMR 4242 3822(Y) 1241
30  RMR 4577 1268
10  VOU 4627 4169(Y) 1017
25
50  RMR 4158 3746(Y) 1573
30  VOU 4342 961
10  VOU 4646 969
26
50  VOU 3984 1020
30  RMR 4129 3720(Y) 1219
10  RMR 4302 3876(Y) 1224
27
50  VOU 2364 1752
30  RMR 2454 1220
10  VOU 2492 1006
28
50  VOU 2332 982
30  RMR 2353 1263
10  VOU 2429 2189(Y) 959
29
50  RMR 2657 1221
30  VOU 3153 1773
10  VOU 3155 963
30
50  RMR 2684 1242
30  VOU 2787 967
10  VOU 2797 936
31
80  VOU 12729 1348
40  RMR 13841 1996
32
80  VOU 15516 1353
40  RMR 16901 1425
33
80  RMR 8831 2000
40  VOU 9327 1900
34
80  VOU 10088 1903
40  RMR 10597 1249
35
50  VOU 3434 976
30  RMR 3620 1597
10  RMR 3669 1257
36
50  VOU 3260 1488
30  VOU 3416 1018
10  VOU 3801 3425(Y) 935
37
50  RMR 3603 1254
30  VOU 3824 994
10  VOU 3863 981
38
50  VOU 3606 1476
30  RMR 3621 1185
10  VOU 3831 1017
39
50  VOU 3965 1016
30  RMR 4500 1197
10  VOU 4640 969
40
50  VOU 3631 1020
30  RMR 3922 1219
10  VOU 4072 942
41
50  VOU 2091 1884(Y) 1025
30  VOU 2161 1947(Y) 1007
10  RMR 2175 1184
42
50  VOU 2167 1953(Y) 1065
30  RMR 2194 1174
10  VOU 2243 959
43
50  RMR 2247 1221
30  VOU 2823 2544(Y) 1035
10  VOU 2884 1043
44
50  VOU 2276 2051(Y) 1049
30  RMR 2288 1206
10  VOU 2360 990
45
50  RMR 3519 1176
30  VOU 3662 947
10  VOU 3709 934
46
50  RMR 2984 1236
30  RMR 3125 1175
10  RMR 3469 1243
47
50  RMR 6314 5689(Y) 1180
30  RMR 6322 1593
10  VOU 6803 1774
48
50  VOU 6049 5450(Y) 1488
30  VOU 7400 941
10  RMR 7432 1188
49
50  VOU 7207 1051
30  VOU 7850 962
10  VOU 7883 994
50
50  RMR 7025 1185
30  VOU 7105 1476
10  RMR 7159 1231
51
50  VOU 7660 961
30  RMR 7897 7115(Y) 1237
10  VOU 8082 969
52
50  RMR 7907 7124(Y) 1224
30  VOU 7932 7146(Y) 942
10  VOU 8033 7237(Y) 1047
53
50  VOU 3869 1752
30  RMR 3894 1184
10  RMR 3928 1220
54
50  VOU 4105 3699(Y) 1065
30  RMR 4122 1174
10  RMR 4266 1263
55
50  VOU 4911 4425(Y) 952
30  VOU 5409 1773
10  VOU 5678 1053
56
50  VOU 4585 4131(Y) 939
30  RMR 4605 4149(Y) 1228
10  RMR 4643 1206
57
50  RMR 3216 1180
30  VOU 3312 943
10  RMR 3327 1593
58
50  VOU 3733 951
30  VOU 3790 935
10  RMR 3843 1188
59
50  RMR 3406 1596
30  VOU 3523 994
10  VOU 3700 1478
60
50  RMR 3559 1185
30  RMR 3666 3303(Y) 1241
10  VOU 3750 1017
61
50  VOU 3850 1016
30  RMR 4062 3660(Y) 1237
10  RMR 4162 1197
62
50  VOU 4293 1005
30  VOU 4379 942
10  RMR 4385 1190
63
50  VOU 1976 1752
30  RMR 1978 1184
10  VOU 2021 1007
64
50  VOU 2109 968
30  VOU 2238 959
10  VOU 2356 995
65
50  VOU 3319 963
30  VOU 3689 1035
10  RMR 3753 1176
66
50  RMR 2340 2109(Y) 1242
30  VOU 2409 939
10  VOU 2499 936
67
80  RMR 13393 1591
40  VOU 13578 1225
68
80  VOU 13423 1370
40  RMR 14112 1708
SCORE:VOU,RMR,3550,2750,80.0
