VOU-SR-MD
1
50  SR-MD 2730 359
30  SR-MD 2784 1658
10  VOU 2893 1774
2
50  VOU 2782 1488
30  VOU 2950 1018
10  SR-MD 2973 2679(Y) 354
3
50  SR-MD 2958 362
30  VOU 3142 1478
10  VOU 3149 981
4
50  SR-MD 3087 355
30  SR-MD 3173 325
10  VOU 3237 2917(Y) 1476
5
50  SR-MD 3231 361
30  SR-MD 3323 2994(Y) 308
10  VOU 3327 961
6
50  VOU 3101 2794(Y) 1020
30  SR-MD 3237 2917(Y) 316
10  SR-MD 3505 3158(Y) 352
7
50  VOU 1800 1752
30  SR-MD 1801 1623(Y) 345
10  VOU 1834 1025
8
50  SR-MD 1648 1485(Y) 387
30  SR-MD 1686 1519(Y) 392
10  VOU 1741 1569(Y) 1065
9
50  SR-MD 1870 1685(Y) 307
30  SR-MD 1916 1727(Y) 375
10  VOU 2105 1897(Y) 952
10
50  SR-MD 1973 1778(Y) 323
30  VOU 2022 1822(Y) 939
10  VOU 2038 936
11
50  VOU 2760 2487(Y) 934
30  VOU 2838 947
10  VOU 2976 973
12
50  VOU 3198 1499
30  VOU 3212 991
10  VOU 3501 1004
13
50  SR-MD 6677 6016(Y) 1658
30  VOU 7023 976
10  SR-MD 7169 359
14
50  VOU 6832 1488
30  VOU 7627 1018
10  SR-MD 7813 354
15
50  VOU 7692 981
30  SR-MD 8124 362
10  VOU 8313 994
16
50  SR-MD 7992 325
30  SR-MD 8193 399
10  VOU 8264 1476
17
50  SR-MD 8661 7803(Y) 377
30  VOU 8804 961
10  VOU 8888 1016
18
50  VOU 7649 1020
30  SR-MD 8122 316
10  SR-MD 9335 322
19
50  VOU 9732 1752
30  VOU 10921 1006
10  VOU 11069 1025
20
50  SR-MD 9875 8897(Y) 353
30  SR-MD 10331 9308(Y) 335
10  SR-MD 10799 368
21
50  VOU 3557 976
30  SR-MD 3704 359
10  SR-MD 3802 1658
22
50  VOU 3847 941
30  VOU 4107 1018
10  VOU 4238 964
23
50  VOU 3751 981
30  VOU 3933 3544(Y) 1478
10  SR-MD 3950 3559(Y) 314
24
50  SR-MD 4358 3927(Y) 399
30  SR-MD 4500 325
10  VOU 4627 4169(Y) 1017
25
50  VOU 4342 961
30  SR-MD 4479 4036(Y) 308
10  VOU 4646 969
26
50  VOU 3984 1020
30  SR-MD 4183 3769(Y) 316
10  SR-MD 4514 4067(Y) 352
27
50  VOU 2364 1752
30  VOU 2492 1006
10  VOU 2516 2267(Y) 974
28
50  SR-MD 2241 2019(Y) 353
30  VOU 2332 982
10  VOU 2429 2189(Y) 959
29
50  SR-MD 2609 2351(Y) 307
30  SR-MD 2810 357
10  SR-MD 3137 324
30
50  SR-MD 2598 2341(Y) 373
30  VOU 2787 967
10  VOU 2797 936
31
80  VOU 12729 1348
40  SR-MD 13766 1954
32
80  VOU 15516 1353
40  SR-MD 16459 1513
33
80  SR-MD 8916 1723
40  VOU 9327 1900
34
80  VOU 10088 1903
40  SR-MD 10391 1519
35
50  SR-MD 3044 2743(Y) 1658
30  SR-MD 3341 3010(Y) 315
10  SR-MD 3413 359
36
50  VOU 3260 1488
30  SR-MD 3384 354
10  VOU 3416 1018
37
50  SR-MD 3765 362
30  VOU 3824 994
10  VOU 3863 981
38
50  VOU 3606 1476
30  SR-MD 3625 325
10  SR-MD 3747 355
39
50  VOU 3965 1016
30  SR-MD 4105 3699(Y) 377
10  SR-MD 4321 3893(Y) 308
40
50  VOU 3631 1020
30  SR-MD 4062 316
10  VOU 4072 942
41
50  VOU 2091 1884(Y) 1025
30  VOU 2161 1947(Y) 1007
10  VOU 2264 2040(Y) 1050
42
50  SR-MD 1976 1781(Y) 387
30  VOU 2167 1953(Y) 1065
10  SR-MD 2168 1954(Y) 368
43
50  SR-MD 2204 1986(Y) 307
30  SR-MD 2446 2204(Y) 375
10  SR-MD 2699 2432(Y) 328
44
50  VOU 2276 2051(Y) 1049
30  VOU 2360 990
10  SR-MD 2396 2159(Y) 323
45
50  VOU 3662 947
30  VOU 3709 934
10  SR-MD 3749 349
46
50  VOU 3779 1499
30  VOU 3920 983
10  SR-MD 4259 1403
47
50  SR-MD 6557 315
30  VOU 6803 1774
10  SR-MD 7069 313
48
50  VOU 6049 5450(Y) 1488
30  SR-MD 6965 354
10  VOU 7400 941
49
50  SR-MD 6688 362
30  VOU 7207 1051
10  VOU 7850 962
50
50  SR-MD 6818 355
30  VOU 7105 1476
10  SR-MD 7223 399
51
50  SR-MD 7486 6745(Y) 308
30  SR-MD 7549 361
10  VOU 7660 961
52
50  SR-MD 7773 7003(Y) 322
30  SR-MD 7930 7145(Y) 352
10  VOU 7932 7146(Y) 942
53
50  VOU 3869 1752
30  VOU 4038 1025
10  SR-MD 4138 3728(Y) 345
54
50  SR-MD 3722 387
30  SR-MD 3978 3584(Y) 353
10  SR-MD 3997 3601(Y) 392
55
50  SR-MD 4353 3922(Y) 375
30  SR-MD 4780 4307(Y) 328
10  VOU 4911 4425(Y) 952
56
50  SR-MD 4532 323
30  VOU 4585 4131(Y) 939
10  VOU 4887 4403(Y) 945
57
50  VOU 3075 976
30  VOU 3312 943
10  VOU 3514 1490
58
50  VOU 3733 951
30  VOU 3790 935
10  SR-MD 3863 398
59
50  VOU 3523 994
30  VOU 3700 1478
10  SR-MD 3913 390
60
50  SR-MD 3484 355
30  SR-MD 3600 3244(Y) 399
10  VOU 3750 1017
61
50  VOU 3850 1016
30  SR-MD 3872 361
10  SR-MD 4453 377
62
50  SR-MD 4051 3650(Y) 400
30  SR-MD 4113 3706(Y) 322
10  VOU 4293 1005
63
50  VOU 2021 1007
30  VOU 2257 1006
10  VOU 2366 1038
64
50  SR-MD 1875 1690(Y) 387
30  SR-MD 1974 1779(Y) 335
10  SR-MD 2025 1825(Y) 368
65
50  SR-MD 2261 2037(Y) 307
30  SR-MD 2835 375
10  SR-MD 3247 306
66
50  SR-MD 2317 2088(Y) 323
30  SR-MD 2318 2089(Y) 373
10  VOU 2409 939
67
80  VOU 13578 1225
40  SR-MD 13818 1964
68
80  VOU 13423 1370
40  SR-MD 13772 1300
SCORE:VOU,SR-MD,3160,3140,2.0
