WAW-NSC
1
50  WAW 9200 1022
30  NSC 10734 638
10  NSC 10903 666
2
50  WAW 8528 1033
30  WAW 10693 964
10  NSC 10994 632
3
50  NSC 7928 660
30  WAW 9045 931
10  WAW 9818 950
4
50  WAW 7781 940
30  NSC 10388 671
5
50  NSC 7594 612
30  WAW 7833 908
10  WAW 8719 1004
6
50  WAW 6684 904
30  NSC 7116 595
10  WAW 7572 1032
7
50  NSC 7146 664
30  WAW 7606 975
10  NSC 7884 584
8
50  NSC 6128 586
30  WAW 6267 1012
10  NSC 7101 569
9
50  WAW 2516 959
30  NSC 2872 634
10  NSC 3075 651
10
50  WAW 2569 916
30  NSC 3440 644
10  WAW 3534 947
11
50  WAW 1876 1021
30  NSC 2137 672
10  NSC 2175 643
12
50  WAW 2056 961
30  NSC 2081 606
10  WAW 2233 956
13
50  WAW 3626 939
30  NSC 4031 640
10  NSC 4131 638
14
50  NSC 3841 627
30  WAW 3897 964
10  WAW 4081 996
15
50  WAW 3166 938
30  NSC 3797 635
10  NSC 3807 576
16
50  NSC 3888 642
30  WAW 4262 998
10  NSC 4300 613
17
50  WAW 7038 929
30  NSC 7472 656
10  WAW 7763 909
18
50  WAW 6524 1030
30  NSC 7620 617
10  NSC 7872 589
19
50  NSC 6697 573
30  NSC 7000 584
10  WAW 7012 975
20
50  NSC 5459 586
30  NSC 5678 661
10  WAW 6546 1026
21
50  WAW 3312 959
30  NSC 3888 634
10  NSC 4450 651
22
50  WAW 3255 916
30  WAW 3816 947
10  NSC 4485 644
23
50  WAW 2516 1021
30  NSC 2553 643
10  NSC 2566 665
24
50  WAW 2659 902
30  NSC 2825 606
10  WAW 2953 956
25
50  NSC 2138 638
30  NSC 2170 666
10  WAW 2369 906
26
50  WAW 1809 915
30  NSC 2112 627
10  WAW 2300 996
27
50  NSC 3566 660
30  WAW 4452 918
10  NSC 4984 649
28
50  WAW 3533 940
30  NSC 4747 642
10  NSC 5616 613
29
50  NSC 3691 612
30  WAW 3721 929
10  NSC 4012 656
30
50  WAW 3430 1030
30  NSC 4118 592
10  NSC 4137 617
31
80  NSC 3358 664
40  NSC 3612 594
0  NSC 3720 573
32
80  NSC 2969 586
40  WAW 3298 976
0  WAW 3409 948
33
80  NSC 2650 665
40  NSC 2703 672
0  NSC 2825 603
34
80  NSC 2619 606
35
50  NSC 2060 640
30  WAW 2463 906
10  NSC 2512 618
36
50  WAW 1765 915
30  NSC 2269 631
10  NSC 2356 633
37
50  WAW 3497 938
30  NSC 3546 660
10  WAW 4319 970
38
50  WAW 3681 940
30  NSC 5213 671
10  WAW 5851 998
39
50  NSC 3901 656
30  WAW 3972 1004
10  NSC 4338 669
40
50  WAW 2938 904
30  NSC 3934 601
10  NSC 3941 592
41
50  NSC 3315 573
30  NSC 3440 567
10  NSC 3545 584
42
50  NSC 2939 661
30  WAW 2976 976
10  NSC 3104 591
43
50  WAW 2456 1021
30  NSC 2800 672
10  NSC 3390 626
44
50  NSC 2832 621
30  WAW 3223 902
10  WAW 4112 945
45
50  WAW 2035 1022
30  WAW 2119 939
10  WAW 2477 930
46
50  WAW 1937 1033
30  NSC 2409 632
10  NSC 2559 622
47
50  WAW 4628 931
30  WAW 4840 950
10  WAW 4857 970
48
50  NSC 5044 671
30  NSC 5400 613
10  NSC 5731 642
49
50  WAW 4032 908
30  NSC 4059 612
10  NSC 4425 625
50
50  NSC 3590 595
30  WAW 3637 1032
10  NSC 4453 592
51
50  NSC 3763 664
30  WAW 3975 971
10  NSC 4044 567
52
50  WAW 3347 1012
30  NSC 3544 661
10  WAW 3827 948
53
50  WAW 14403 1722
30  NSC 15700 1685
54
50  WAW 9827 1709
30  NSC 9860 1672
55
50  WAW 16351 1711
30  NSC 20914 1675
56
50  WAW 15537 1713
30  NSC 17615 1677
57
50  WAW 14803 1715
30  NSC 15450 1679
58
50  WAW 30791 1717
59
50  WAW 13606 1718
30  NSC 14494 1682
60
50  WAW 11946 1720
30  NSC 12959 1683
61
50  WAW 11575 1721
30  NSC 12194 1684
SCORE:WAW,NSC,2660,2780,-12.0
