WAW-DUL
1
50  WAW 9200 1022
30  DUL 10606 1303
10  DUL 11379 1307
2
50  WAW 8528 1033
30  WAW 10693 964
10  WAW 12492 926
3
50  WAW 9045 931
30  DUL 9243 1320
10  WAW 9818 950
4
50  WAW 7781 940
30  DUL 10659 1300
5
50  WAW 7833 908
30  WAW 8719 1004
10  DUL 9208 1347
6
50  WAW 6684 904
30  WAW 7572 1032
7
50  WAW 7606 975
30  DUL 8048 1349
10  DUL 8394 1296
8
50  WAW 6267 1012
30  DUL 7197 1305
10  DUL 7268 1295
9
50  WAW 2516 959
30  DUL 3522 1291
10  DUL 3850 1313
10
50  WAW 2569 916
30  DUL 3298 1361
10  WAW 3534 947
11
50  WAW 1876 1021
30  DUL 2237 1318
10  DUL 2304 1322
12
50  WAW 2056 961
30  DUL 2127 1297
10  WAW 2233 956
13
50  WAW 3626 939
30  DUL 4160 1303
10  DUL 4350 1338
14
50  WAW 3897 964
30  WAW 4081 996
10  WAW 4251 912
15
50  WAW 3166 938
30  WAW 4014 950
10  WAW 4039 918
16
50  WAW 4262 998
30  DUL 5700 1363
10  WAW 6797 993
17
50  WAW 7038 929
30  WAW 7763 909
10  WAW 8048 1023
18
50  WAW 6524 1030
30  WAW 7990 943
10  WAW 8181 951
19
50  WAW 7012 975
30  DUL 8299 1356
10  DUL 8634 1348
20
50  WAW 6546 1026
30  DUL 6944 1299
10  WAW 7147 948
21
50  WAW 3312 959
30  DUL 3983 1332
10  DUL 4739 1352
22
50  WAW 3255 916
30  WAW 3816 947
10  DUL 4059 1361
23
50  WAW 2516 1021
30  DUL 2695 1337
10  DUL 2847 1351
24
50  WAW 2659 902
30  WAW 2953 956
10  DUL 2994 1297
25
50  DUL 2093 1303
30  DUL 2238 1304
10  DUL 2359 1344
26
50  WAW 1809 915
30  WAW 2300 996
10  WAW 2371 926
27
50  WAW 4452 918
30  DUL 4920 1294
10  DUL 5019 1334
28
50  WAW 3533 940
30  DUL 5527 1300
10  DUL 7231 1363
29
50  WAW 3721 929
30  DUL 4352 1347
10  DUL 4490 1319
30
50  WAW 3430 1030
30  WAW 5037 1010
31
80  DUL 3909 1349
40  DUL 4014 1296
0  DUL 4300 1357
32
80  WAW 3298 976
40  WAW 3409 948
0  DUL 3673 1305
33
80  DUL 2739 1337
40  DUL 3487 1351
35
50  DUL 1873 1303
30  DUL 2175 1304
10  DUL 2234 1344
36
50  WAW 1765 915
30  WAW 2451 1031
10  DUL 3350 1315
37
50  WAW 3497 938
30  WAW 4319 970
10  DUL 4325 1320
38
50  WAW 3681 940
30  DUL 4950 1300
10  WAW 5851 998
39
50  WAW 3972 1004
30  DUL 3977 1347
10  WAW 4388 991
40
50  WAW 2938 904
30  WAW 4697 951
41
50  DUL 3374 1349
30  WAW 3582 971
10  DUL 3887 1296
42
50  WAW 2976 976
30  DUL 3122 1305
10  WAW 3246 1026
43
50  WAW 2456 1021
30  DUL 2877 1322
10  DUL 3127 1337
44
50  WAW 3223 902
30  WAW 4112 945
45
50  WAW 2035 1022
30  WAW 2119 939
10  DUL 2291 1307
46
50  WAW 1937 1033
30  WAW 2572 912
10  DUL 2757 1293
47
50  WAW 4628 931
30  WAW 4840 950
10  WAW 4857 970
48
50  DUL 5469 1300
30  WAW 5776 998
10  DUL 7927 1363
49
50  WAW 4032 908
30  WAW 4501 909
10  WAW 4536 1023
50
50  WAW 3637 1032
30  WAW 4833 943
10  WAW 5357 1010
51
50  WAW 3975 971
30  DUL 4042 1296
10  DUL 4289 1349
52
50  WAW 3347 1012
30  DUL 3484 1295
10  WAW 3827 948
53
50  WAW 14403 1722
30  DUL 18537 1749
54
50  WAW 9827 1709
30  DUL 12181 1742
55
50  WAW 16351 1711
30  DUL 24027 1744
56
50  WAW 15537 1713
57
50  WAW 14803 1715
30  DUL 16909 1746
58
50  WAW 30791 1717
59
50  WAW 13606 1718
60
50  WAW 11946 1720
61
50  WAW 11575 1721
30  DUL 13150 1748
SCORE:WAW,DUL,3610,1620,199.0
