WAW-WH
1
50  WAW 9200 1022
30  WH 9640 1193
10  WAW 11537 930
2
50  WAW 8528 1033
30  WH 10577 1271
10  WAW 10693 964
3
50  WH 8247 1194
30  WAW 9045 931
10  WH 9784 1222
4
50  WAW 7781 940
30  WH 9193 1192
10  WH 11040 1221
5
50  WAW 7833 908
30  WH 7892 1191
10  WAW 8719 1004
6
50  WAW 6684 904
30  WAW 7572 1032
10  WH 10114 1226
7
50  WAW 7606 975
30  WH 8651 1276
10  WAW 10288 957
8
50  WAW 6267 1012
30  WAW 7387 1026
10  WAW 7867 968
9
50  WAW 2516 959
30  WH 3735 1229
10  WAW 4256 933
10
50  WAW 2569 916
30  WAW 3534 947
10  WAW 4040 932
11
50  WAW 1876 1021
30  WH 2018 1188
10  WH 2124 1236
12
50  WAW 2056 961
30  WAW 2233 956
10  WH 2443 1211
13
50  WAW 3626 939
30  WH 4773 1288
10  WH 4802 1239
14
50  WAW 3897 964
30  WH 4037 1228
10  WAW 4081 996
15
50  WAW 3166 938
30  WH 3344 1194
10  WH 3856 1222
16
50  WH 3582 1197
30  WH 3814 1205
10  WH 3817 1217
17
50  WAW 7038 929
30  WAW 7763 909
10  WH 7845 1178
18
50  WAW 6524 1030
30  WH 6598 1277
10  WAW 7990 943
19
50  WH 6868 1187
30  WAW 7012 975
10  WH 7183 1240
20
50  WAW 6546 1026
30  WH 6743 1246
10  WAW 7147 948
21
50  WAW 3312 959
30  WAW 4987 913
10  WH 5483 1229
22
50  WAW 3255 916
30  WAW 3816 947
10  WAW 6113 960
23
50  WAW 2516 1021
30  WH 2603 1188
10  WH 2802 1236
24
50  WAW 2659 902
30  WAW 2953 956
10  WAW 3110 911
25
50  WH 2213 1193
30  WH 2308 1245
10  WAW 2369 906
26
50  WAW 1809 915
30  WAW 2300 996
10  WH 2321 1271
27
50  WH 3950 1194
30  WAW 4452 918
10  WH 5243 1195
28
50  WAW 3533 940
30  WH 4251 1192
10  WH 4716 1197
29
50  WH 3513 1191
30  WAW 3721 929
10  WH 4098 1178
30
50  WAW 3430 1030
30  WH 3788 1277
10  WH 4543 1226
31
80  WH 3613 1240
40  WH 3877 1187
0  WH 4647 1264
32
80  WAW 3298 976
40  WAW 3409 948
0  WH 3597 1247
35
50  WH 2132 1245
30  WAW 2463 906
10  WAW 2667 955
36
50  WAW 1765 915
30  WH 1815 1189
10  WH 2148 1228
37
50  WAW 3497 938
30  WAW 4319 970
10  WH 4920 1176
38
50  WAW 3681 940
30  WH 4260 1192
10  WH 4851 1221
39
50  WH 3611 1191
30  WAW 3972 1004
10  WAW 4388 991
40
50  WAW 2938 904
30  WH 4022 1274
10  WAW 4697 951
41
50  WH 3517 1187
30  WAW 3582 971
10  WH 3852 1276
42
50  WAW 2976 976
30  WAW 3246 1026
10  WAW 3267 968
43
50  WAW 2456 1021
30  WH 3268 1188
10  WH 3453 1279
44
50  WAW 3223 902
30  WAW 4112 945
45
50  WAW 2035 1022
30  WAW 2119 939
10  WH 2335 1193
46
50  WAW 1937 1033
30  WH 2147 1271
10  WH 2444 1189
47
50  WAW 4628 931
30  WAW 4840 950
10  WAW 4857 970
48
50  WH 5403 1197
30  WH 5668 1179
10  WAW 5776 998
49
50  WAW 4032 908
30  WH 4345 1220
10  WAW 4501 909
50
50  WAW 3637 1032
30  WH 3827 1277
10  WAW 4833 943
51
50  WAW 3975 971
30  WH 4341 1240
10  WAW 4857 957
52
50  WAW 3347 1012
30  WAW 3827 948
10  WH 4106 1280
53
50  WAW 14403 1722
30  WH 24955 1733
54
50  WAW 9827 1709
30  WH 11963 1734
55
50  WAW 16351 1711
30  WH 28845 1735
56
50  WAW 15537 1713
30  WH 27833 1736
57
50  WAW 14803 1715
30  WH 23321 1737
58
50  WH 21021 1738
30  WAW 30791 1717
59
50  WAW 13606 1718
60
50  WAW 11946 1720
61
50  WAW 11575 1721
30  WH 15727 1739
SCORE:WAW,WH,3330,1880,145.0
