WAW-SPL
1
50  SPL 8802 1687
30  WAW 9200 1022
10  WAW 11537 930
2
50  WAW 8528 1033
30  SPL 8844 1719
10  WAW 10693 964
3
50  SPL 8969 1739
30  WAW 9045 931
10  WAW 9818 950
4
50  WAW 7781 940
30  SPL 9290 1705
10  SPL 9620 1671
5
50  WAW 7833 908
30  SPL 7969 1720
10  WAW 8719 1004
6
50  WAW 6684 904
30  SPL 7284 1689
10  WAW 7572 1032
7
50  SPL 7357 1698
30  WAW 7606 975
10  SPL 7863 1697
8
50  WAW 6267 1012
30  WAW 7387 1026
10  WAW 7867 968
9
50  WAW 2516 959
30  SPL 3863 1722
10  WAW 4256 933
10
50  WAW 2569 916
30  SPL 3256 1677
10  WAW 3534 947
11
50  WAW 1876 1021
30  SPL 1950 1672
10  SPL 2012 1708
12
50  WAW 2056 961
30  WAW 2233 956
10  SPL 2437 1691
13
50  SPL 3444 1687
30  WAW 3626 939
10  SPL 4902 1713
14
50  SPL 3591 1719
30  SPL 3692 1670
10  WAW 3897 964
15
50  WAW 3166 938
30  SPL 3532 1739
10  WAW 4014 950
16
50  SPL 3479 1665
30  SPL 4002 1679
10  SPL 4230 1700
17
50  SPL 6478 1718
30  WAW 7038 929
10  WAW 7763 909
18
50  SPL 6409 1689
30  WAW 6524 1030
10  WAW 7990 943
19
50  SPL 6384 1698
30  SPL 7006 1697
10  WAW 7012 975
20
50  WAW 6546 1026
30  WAW 7147 948
10  WAW 7310 937
21
50  WAW 3312 959
30  SPL 4433 1722
10  WAW 4987 913
22
50  WAW 3255 916
30  WAW 3816 947
10  SPL 5737 1677
23
50  WAW 2516 1021
30  SPL 2555 1708
10  SPL 2828 1715
24
50  SPL 2646 1726
30  WAW 2659 902
10  WAW 2953 956
25
50  WAW 2369 906
30  SPL 2515 1647
10  SPL 2518 1717
26
50  WAW 1809 915
30  SPL 1913 1719
10  WAW 2300 996
27
50  SPL 4400 1709
30  WAW 4452 918
10  WAW 5397 1013
28
50  WAW 3533 940
30  SPL 5351 1669
10  SPL 5972 1700
29
50  WAW 3721 929
30  SPL 4667 1711
10  WAW 5483 969
30
50  WAW 3430 1030
30  SPL 3484 1689
10  SPL 3934 1666
31
80  SPL 3483 1698
40  SPL 3735 1649
0  SPL 4627 1648
32
80  WAW 3298 976
40  WAW 3409 948
0  WAW 3836 937
33
80  SPL 3037 1676
40  SPL 3209 1715
0  SPL 3710 1734
35
50  SPL 2331 1690
30  WAW 2463 906
10  SPL 2492 1713
36
50  WAW 1765 915
30  SPL 1860 1670
10  SPL 2421 1653
37
50  WAW 3497 938
30  SPL 4055 1739
10  WAW 4319 970
38
50  WAW 3681 940
30  SPL 3981 1705
10  SPL 4577 1671
39
50  SPL 3246 1718
30  SPL 3531 1720
10  WAW 3972 1004
40
50  WAW 2938 904
30  SPL 4193 1727
10  WAW 4697 951
41
50  SPL 3366 1697
30  WAW 3582 971
10  SPL 3625 1649
42
50  WAW 2976 976
30  WAW 3246 1026
10  WAW 3267 968
43
50  WAW 2456 1021
30  SPL 2652 1672
10  SPL 3321 1715
44
50  WAW 3223 902
30  SPL 3371 1699
10  SPL 3403 1726
45
50  SPL 2033 1687
30  WAW 2035 1022
10  WAW 2119 939
46
50  WAW 1937 1033
30  SPL 2422 1653
10  WAW 2572 912
47
50  WAW 4628 931
30  WAW 4840 950
10  WAW 4857 970
48
50  SPL 5462 1700
30  WAW 5776 998
10  SPL 7987 1678
49
50  WAW 4032 908
30  WAW 4501 909
10  WAW 4536 1023
50
50  WAW 3637 1032
30  SPL 4475 1666
10  WAW 4833 943
51
50  WAW 3975 971
30  SPL 4402 1712
10  SPL 4475 1664
52
50  WAW 3347 1012
30  WAW 3827 948
10  WAW 4470 937
53
50  WAW 14403 1722
30  SPL 18907 1804
54
50  SPL 9289 1796
30  WAW 9827 1709
55
50  WAW 16351 1711
30  SPL 20778 1798
56
50  WAW 15537 1713
57
50  WAW 14803 1715
30  SPL 17312 1800
58
50  SPL 15425 1801
30  WAW 30791 1717
59
50  WAW 13606 1718
30  SPL 13914 1802
60
50  WAW 11946 1720
61
50  WAW 11575 1721
30  SPL 13256 1803
SCORE:WAW,SPL,3020,2320,70.0
