WAW-CH
1
50  WAW 9200 1022
30  CH 9387 3108
10  CH 9994 3070
2
50  WAW 8528 1033
30  WAW 10693 964
10  WAW 12492 926
3
50  CH 8038 3083
30  WAW 9045 931
10  WAW 9818 950
4
50  WAW 7781 940
30  CH 10107 3111
10  CH 10791 3081
5
50  WAW 7833 908
30  CH 8338 3086
10  WAW 8719 1004
6
50  WAW 6684 904
30  WAW 7572 1032
10  CH 8290 3085
7
50  WAW 7606 975
30  WAW 10288 957
8
50  WAW 6267 1012
30  WAW 7387 1026
10  WAW 7867 968
9
50  WAW 2516 959
30  CH 2656 3080
10  CH 3053 3062
10
50  WAW 2569 916
30  CH 2587 3076
10  WAW 3534 947
11
50  WAW 1876 1021
30  CH 2405 3069
10  CH 2406 3120
12
50  WAW 2056 961
30  CH 2153 3119
10  WAW 2233 956
13
50  WAW 3626 939
30  CH 3818 3108
10  CH 3875 3070
14
50  WAW 3897 964
30  WAW 4081 996
10  WAW 4251 912
15
50  WAW 3166 938
30  CH 3274 3083
10  WAW 4014 950
16
50  CH 4012 3111
30  CH 4029 3081
10  WAW 4262 998
17
50  WAW 7038 929
30  CH 7585 3086
10  WAW 7763 909
18
50  WAW 6524 1030
30  CH 7168 3085
10  WAW 7990 943
19
50  WAW 7012 975
30  WAW 8919 957
10  WAW 10325 1018
20
50  WAW 6546 1026
30  WAW 7147 948
10  WAW 7310 937
21
50  WAW 3312 959
30  CH 3358 3062
10  CH 3632 3080
22
50  WAW 3255 916
30  WAW 3816 947
10  CH 4122 3076
23
50  WAW 2516 1021
30  CH 2922 3120
10  WAW 3094 980
24
50  WAW 2659 902
30  WAW 2953 956
10  CH 3088 3119
25
50  CH 2178 3108
30  WAW 2369 906
10  CH 2381 3121
26
50  WAW 1809 915
30  WAW 2300 996
10  WAW 2371 926
27
50  CH 3922 3083
30  WAW 4452 918
10  CH 5050 3088
28
50  WAW 3533 940
30  CH 4947 3073
10  CH 4950 3111
29
50  CH 3618 3086
30  WAW 3721 929
10  CH 4940 3114
30
50  WAW 3430 1030
30  WAW 5037 1010
10  CH 5310 3071
31
80  WAW 5869 1018
32
80  WAW 3298 976
40  WAW 3409 948
0  WAW 3836 937
33
80  CH 3087 3069
40  CH 4651 3077
34
80  CH 2778 3119
35
50  CH 1913 3066
30  CH 1999 3108
10  CH 2381 3121
36
50  WAW 1765 915
30  WAW 2451 1031
10  CH 3640 3123
37
50  WAW 3497 938
30  CH 3868 3083
10  WAW 4319 970
38
50  WAW 3681 940
30  CH 5581 3111
10  WAW 5851 998
39
50  CH 3546 3086
30  WAW 3972 1004
10  WAW 4388 991
40
50  WAW 2938 904
30  CH 4072 3085
10  WAW 4697 951
41
50  WAW 3582 971
42
50  WAW 2976 976
30  WAW 3246 1026
10  WAW 3267 968
43
50  WAW 2456 1021
30  CH 3694 3120
10  WAW 3985 925
44
50  WAW 3223 902
30  CH 4025 3119
10  WAW 4112 945
45
50  WAW 2035 1022
30  WAW 2119 939
10  CH 2458 3070
46
50  WAW 1937 1033
30  WAW 2572 912
10  WAW 2959 1024
47
50  WAW 4628 931
30  WAW 4840 950
10  WAW 4857 970
48
50  WAW 5776 998
30  CH 6846 3060
10  CH 7466 3073
49
50  WAW 4032 908
30  WAW 4501 909
10  WAW 4536 1023
50
50  WAW 3637 1032
30  WAW 4833 943
10  CH 5263 3095
51
50  WAW 3975 971
30  WAW 4857 957
10  WAW 5494 1018
52
50  WAW 3347 1012
30  WAW 3827 948
10  WAW 4470 937
53
50  CH 14214 1989
30  WAW 14403 1722
54
50  WAW 9827 1709
30  CH 12912 1982
55
50  WAW 16351 1711
30  CH 17409 1984
56
50  WAW 15537 1713
30  CH 25353 1985
57
50  WAW 14803 1715
30  CH 18681 1986
58
50  CH 21965 1987
30  WAW 30791 1717
59
50  WAW 13606 1718
60
50  WAW 11946 1720
30  CH 15906 1988
61
50  WAW 11575 1721
SCORE:WAW,CH,3680,1650,203.0
