WAW-WCSC
1
50  WCSC 8690 844
30  WAW 9200 1022
10  WCSC 9353 884
2
50  WAW 8528 1033
30  WAW 10693 964
10  WCSC 10839 784
3
50  WCSC 7943 800
30  WCSC 8633 883
10  WAW 9045 931
4
50  WAW 7781 940
30  WCSC 8409 810
10  WCSC 9688 775
5
50  WCSC 7784 895
30  WAW 7833 908
10  WAW 8719 1004
6
50  WAW 6684 904
30  WAW 7572 1032
10  WCSC 7896 776
7
50  WAW 7606 975
30  WCSC 8963 860
10  WCSC 9778 900
8
50  WAW 6267 1012
30  WAW 7387 1026
10  WCSC 7650 843
9
50  WAW 2516 959
30  WCSC 3175 869
10  WCSC 3328 872
10
50  WAW 2569 916
30  WAW 3534 947
10  WCSC 3536 830
11
50  WAW 1876 1021
30  WCSC 1889 855
10  WCSC 2129 826
12
50  WCSC 1740 870
30  WCSC 1904 877
10  WAW 2056 961
13
50  WAW 3626 939
30  WCSC 3738 871
10  WCSC 3787 884
14
50  WAW 3897 964
30  WAW 4081 996
10  WCSC 4129 831
15
50  WAW 3166 938
30  WCSC 3219 896
10  WCSC 3312 840
16
50  WCSC 3434 775
30  WCSC 3517 863
10  WCSC 3730 847
17
50  WAW 7038 929
30  WCSC 7082 859
10  WCSC 7348 845
18
50  WAW 6524 1030
30  WCSC 6674 798
10  WCSC 6843 776
19
50  WAW 7012 975
30  WCSC 7938 860
10  WCSC 7996 881
20
50  WCSC 6297 843
30  WAW 6546 1026
10  WAW 7147 948
21
50  WCSC 3090 869
30  WAW 3312 959
10  WCSC 4438 872
22
50  WAW 3255 916
30  WAW 3816 947
10  WCSC 4634 830
23
50  WCSC 2098 817
30  WAW 2516 1021
10  WCSC 2637 898
24
50  WCSC 1929 801
30  WCSC 2358 877
10  WAW 2659 902
25
50  WCSC 2043 816
30  WCSC 2299 839
10  WCSC 2317 805
26
50  WAW 1809 915
30  WCSC 2111 784
10  WAW 2300 996
27
50  WCSC 3813 800
30  WAW 4452 918
10  WCSC 5066 820
28
50  WAW 3533 940
30  WCSC 4178 810
10  WCSC 5603 847
29
50  WCSC 3500 895
30  WAW 3721 929
10  WCSC 4621 858
30
50  WAW 3430 1030
30  WCSC 3909 821
10  WCSC 4312 791
31
80  WCSC 3840 803
40  WCSC 4301 835
0  WCSC 4500 897
32
80  WAW 3298 976
40  WAW 3409 948
0  WCSC 3606 864
33
80  WCSC 2225 826
40  WCSC 2500 817
34
80  WCSC 2223 877
40  WCSC 2855 857
0  WCSC 3469 812
35
50  WCSC 1938 871
30  WCSC 2327 816
10  WCSC 2346 839
36
50  WAW 1765 915
30  WCSC 2122 876
10  WAW 2451 1031
37
50  WAW 3497 938
30  WCSC 3982 840
10  WAW 4319 970
38
50  WAW 3681 940
30  WCSC 4317 863
10  WCSC 4653 775
39
50  WCSC 3434 859
30  WAW 3972 1004
10  WCSC 4315 828
40
50  WAW 2938 904
30  WCSC 3463 798
10  WCSC 4046 880
41
50  WAW 3582 971
30  WCSC 3803 803
10  WCSC 3928 900
42
50  WAW 2976 976
30  WCSC 3134 787
10  WAW 3246 1026
43
50  WAW 2456 1021
30  WCSC 2682 855
10  WCSC 3027 826
44
50  WCSC 2112 801
30  WCSC 2583 870
10  WAW 3223 902
45
50  WAW 2035 1022
30  WAW 2119 939
10  WCSC 2151 844
46
50  WAW 1937 1033
30  WCSC 2403 831
10  WAW 2572 912
47
50  WCSC 4162 896
30  WAW 4628 931
10  WAW 4840 950
48
50  WCSC 4555 810
30  WAW 5776 998
49
50  WAW 4032 908
30  WAW 4501 909
10  WAW 4536 1023
50
50  WAW 3637 1032
30  WCSC 4113 776
10  WCSC 4549 798
51
50  WAW 3975 971
30  WCSC 4467 860
10  WAW 4857 957
52
50  WAW 3347 1012
30  WAW 3827 948
10  WCSC 3963 864
53
50  WAW 14403 1722
30  WCSC 16033 1707
54
50  WCSC 7650 1692
30  WAW 9827 1709
55
50  WCSC 16081 1695
30  WAW 16351 1711
56
50  WAW 15537 1713
30  WCSC 17798 1697
57
50  WCSC 13322 1699
30  WAW 14803 1715
58
50  WCSC 18199 1702
30  WAW 30791 1717
59
50  WCSC 13190 1703
30  WAW 13606 1718
60
50  WAW 11946 1720
30  WCSC 15089 1704
61
50  WAW 11575 1721
30  WCSC 12596 1705
SCORE:WAW,WCSC,2730,2780,-5.0
