WAW-ML
1
50  ML 7733 3026
30  ML 8827 3040
10  WAW 9200 1022
2
50  WAW 8528 1033
30  WAW 10693 964
10  WAW 12492 926
3
50  ML 7653 3039
30  ML 8387 3030
10  ML 8627 3021
4
50  WAW 7781 940
5
50  ML 7646 2976
30  WAW 7833 908
10  WAW 8719 1004
6
50  WAW 6684 904
30  WAW 7572 1032
10  ML 8587 3042
7
50  WAW 7606 975
30  WAW 10288 957
8
50  WAW 6267 1012
30  ML 6856 3009
10  WAW 7387 1026
9
50  ML 2362 3027
30  WAW 2516 959
10  ML 3564 3035
10
50  WAW 2569 916
30  WAW 3534 947
10  ML 3708 3055
11
50  ML 1763 3018
30  WAW 1876 1021
10  ML 2138 2990
12
50  ML 1841 3057
30  ML 2006 3058
10  WAW 2056 961
13
50  WAW 3626 939
30  ML 4123 2974
10  ML 4884 2994
14
50  ML 3347 3007
30  ML 3845 3052
10  WAW 3897 964
15
50  ML 3038 3039
30  ML 3094 2983
10  WAW 3166 938
16
50  ML 3797 3008
30  WAW 4262 998
10  ML 4314 3053
17
50  ML 6728 3025
30  ML 7035 2976
10  WAW 7038 929
18
50  WAW 6524 1030
30  ML 7318 3042
10  ML 7769 3041
19
50  WAW 7012 975
30  WAW 8919 957
10  WAW 10325 1018
20
50  ML 5822 3009
30  WAW 6546 1026
10  WAW 7147 948
21
50  ML 3140 3027
30  WAW 3312 959
10  ML 4009 2975
22
50  WAW 3255 916
30  WAW 3816 947
10  ML 5102 3004
23
50  ML 2434 2968
30  ML 2446 3018
10  WAW 2516 1021
24
50  ML 2428 3058
30  ML 2614 3057
10  ML 2625 3016
25
50  ML 2282 2979
30  WAW 2369 906
10  ML 2409 2974
26
50  ML 1775 3007
30  WAW 1809 915
10  ML 2128 3052
27
50  ML 3468 3028
30  ML 3828 3030
10  ML 4069 3021
28
50  WAW 3533 940
30  ML 5208 3053
10  ML 5515 2971
29
50  ML 3495 3025
30  WAW 3721 929
10  ML 3766 2976
30
50  WAW 3430 1030
30  ML 4514 3006
10  ML 4781 3000
31
80  WAW 5869 1018
32
80  ML 3295 3009
40  WAW 3298 976
0  WAW 3409 948
35
50  ML 1494 3026
30  ML 1822 3040
10  WAW 2463 906
36
50  WAW 1765 915
30  ML 1976 3007
10  ML 2253 3017
37
50  ML 3107 3028
30  WAW 3497 938
10  ML 3506 3039
38
50  WAW 3681 940
30  ML 4734 3008
10  ML 5303 3053
39
50  ML 3244 2976
30  ML 3546 3025
10  WAW 3972 1004
40
50  WAW 2938 904
30  WAW 4697 951
10  ML 4843 3006
41
50  WAW 3582 971
42
50  ML 2864 3009
30  WAW 2976 976
10  WAW 3246 1026
43
50  WAW 2456 1021
30  ML 2798 3018
10  ML 2884 2968
44
50  ML 2996 2998
30  WAW 3223 902
10  WAW 4112 945
45
50  ML 1895 3026
30  WAW 2035 1022
10  WAW 2119 939
46
50  WAW 1937 1033
30  WAW 2572 912
10  ML 2939 3031
47
50  ML 3656 3028
30  ML 4203 2983
10  ML 4350 2999
48
50  ML 4858 3008
30  WAW 5776 998
49
50  WAW 4032 908
30  ML 4165 3025
10  WAW 4501 909
50
50  WAW 3637 1032
30  ML 4115 3023
10  ML 4447 3041
51
50  WAW 3975 971
30  WAW 4857 957
10  WAW 5494 1018
52
50  WAW 3347 1012
30  WAW 3827 948
10  WAW 4470 937
53
50  WAW 14403 1722
30  ML 16500 1973
54
50  ML 9222 1974
30  WAW 9827 1709
55
50  WAW 16351 1711
30  ML 16363 1977
56
50  WAW 15537 1713
30  ML 18044 1978
57
50  ML 12776 1980
30  WAW 14803 1715
58
50  WAW 30791 1717
59
50  WAW 13606 1718
60
50  WAW 11946 1720
30  ML 14843 1981
61
50  WAW 11575 1721
SCORE:WAW,ML,2540,2510,3.0
