WAW-HSC
1
50  WAW 9200 1022
30  WAW 11537 930
10  HSC 12582 3422
2
50  WAW 8528 1033
30  WAW 10693 964
10  WAW 12492 926
3
50  WAW 9045 931
30  WAW 9818 950
10  HSC 10519 3445
4
50  WAW 7781 940
30  HSC 8441 3463
5
50  HSC 7740 3466
30  WAW 7833 908
10  HSC 7854 3424
6
50  WAW 6684 904
30  WAW 7572 1032
10  HSC 7907 3446
7
50  WAW 7606 975
30  HSC 8442 3457
10  HSC 8729 3447
8
50  WAW 6267 1012
30  HSC 6592 3462
10  WAW 7387 1026
9
50  WAW 2516 959
30  WAW 4256 933
10  WAW 4412 913
10
50  WAW 2569 916
30  WAW 3534 947
10  HSC 3999 3459
11
50  WAW 1876 1021
30  HSC 1977 3430
10  HSC 2019 3464
12
50  WAW 2056 961
30  WAW 2233 956
10  WAW 2447 945
13
50  WAW 3626 939
30  HSC 4509 3422
10  HSC 4704 3467
14
50  WAW 3897 964
30  WAW 4081 996
10  HSC 4084 3420
15
50  WAW 3166 938
30  HSC 3963 3445
10  WAW 4014 950
16
50  HSC 3251 3453
30  HSC 3253 3463
10  HSC 3521 3421
17
50  HSC 6734 3466
30  HSC 6821 3424
10  WAW 7038 929
18
50  WAW 6524 1030
30  HSC 6803 3423
10  HSC 7347 3458
19
50  WAW 7012 975
30  HSC 7373 3448
10  HSC 7776 3447
20
50  HSC 5558 3462
30  HSC 5947 3460
10  WAW 6546 1026
21
50  WAW 3312 959
30  WAW 4987 913
10  HSC 5788 3441
22
50  WAW 3255 916
30  WAW 3816 947
10  WAW 6113 960
23
50  WAW 2516 1021
30  HSC 2976 3430
10  WAW 3094 980
24
50  WAW 2659 902
30  WAW 2953 956
10  WAW 3110 911
25
50  WAW 2369 906
30  HSC 2488 3422
10  WAW 2753 955
26
50  WAW 1809 915
30  WAW 2300 996
10  WAW 2371 926
27
50  WAW 4452 918
30  WAW 5397 1013
10  WAW 5547 1029
28
50  WAW 3533 940
30  HSC 4294 3421
10  HSC 4380 3453
29
50  WAW 3721 929
30  HSC 3789 3444
10  HSC 5238 3434
30
50  WAW 3430 1030
30  HSC 3802 3446
10  HSC 3893 3423
31
80  HSC 3913 3448
40  HSC 4225 3447
0  WAW 5869 1018
32
80  WAW 3298 976
40  WAW 3409 948
0  HSC 3721 3461
35
50  WAW 2463 906
30  WAW 2667 955
36
50  WAW 1765 915
30  WAW 2451 1031
10  HSC 3654 3436
37
50  WAW 3497 938
30  WAW 4319 970
10  HSC 4920 3445
38
50  WAW 3681 940
30  HSC 4317 3453
10  WAW 5851 998
39
50  HSC 3635 3424
30  HSC 3875 3444
10  WAW 3972 1004
40
50  WAW 2938 904
30  HSC 3304 3446
10  HSC 3927 3423
41
50  HSC 3312 3457
30  WAW 3582 971
10  HSC 4225 3448
42
50  HSC 2639 3462
30  HSC 2925 3460
10  WAW 2976 976
43
50  WAW 2456 1021
30  HSC 2932 3430
10  HSC 3033 3464
44
50  WAW 3223 902
30  WAW 4112 945
45
50  WAW 2035 1022
30  WAW 2119 939
10  WAW 2477 930
46
50  WAW 1937 1033
30  WAW 2572 912
10  WAW 2959 1024
47
50  WAW 4628 931
30  WAW 4840 950
10  WAW 4857 970
48
50  HSC 4691 3463
30  HSC 5188 3435
10  WAW 5776 998
49
50  WAW 4032 908
30  HSC 4065 3466
10  WAW 4501 909
50
50  WAW 3637 1032
30  HSC 4279 3423
10  HSC 4618 3432
51
50  WAW 3975 971
30  HSC 4470 3448
10  HSC 4532 3457
52
50  WAW 3347 1012
30  HSC 3407 3460
10  WAW 3827 948
53
50  WAW 14403 1722
54
50  WAW 9827 1709
55
50  WAW 16351 1711
56
50  WAW 15537 1713
30  HSC 19928 2040
57
50  WAW 14803 1715
58
50  HSC 15277 2041
30  WAW 30791 1717
59
50  HSC 12869 2042
30  WAW 13606 1718
60
50  WAW 11946 1720
30  HSC 12747 2043
61
50  WAW 11575 1721
30  HSC 12104 2044
SCORE:WAW,HSC,3410,1720,169.0
