WAW-SHC
1
50  SHC 8773 492
30  WAW 9200 1022
10  SHC 10263 463
2
50  WAW 8528 1033
30  SHC 10517 475
10  SHC 10644 539
3
50  SHC 8951 533
30  WAW 9045 931
10  SHC 9627 514
4
50  WAW 7781 940
30  SHC 7872 552
5
50  WAW 7833 908
30  SHC 8052 501
10  WAW 8719 1004
6
50  WAW 6684 904
30  SHC 6757 549
10  WAW 7572 1032
7
50  WAW 7606 975
30  SHC 7710 459
10  SHC 7723 479
8
50  WAW 6267 1012
30  SHC 7306 502
10  WAW 7387 1026
9
50  WAW 2516 959
30  SHC 3479 481
10  SHC 3513 528
10
50  WAW 2569 916
30  SHC 3037 565
10  WAW 3534 947
11
50  WAW 1876 1021
30  SHC 2143 564
10  SHC 2346 491
12
50  WAW 2056 961
30  WAW 2233 956
10  WAW 2447 945
13
50  SHC 3514 492
30  WAW 3626 939
10  SHC 3799 547
14
50  WAW 3897 964
30  WAW 4081 996
10  SHC 4207 537
15
50  WAW 3166 938
30  SHC 3479 533
10  SHC 3687 514
16
50  SHC 3036 552
30  SHC 3941 542
10  SHC 3990 525
17
50  WAW 7038 929
30  SHC 7129 546
10  SHC 7729 478
18
50  WAW 6524 1030
30  SHC 7143 493
10  WAW 7990 943
19
50  SHC 6655 479
30  SHC 6933 459
10  WAW 7012 975
20
50  SHC 5949 490
30  SHC 6294 497
10  WAW 6546 1026
21
50  SHC 2812 540
30  WAW 3312 959
10  SHC 3757 481
22
50  SHC 3253 565
30  WAW 3255 916
10  WAW 3816 947
23
50  SHC 2502 564
30  WAW 2516 1021
10  SHC 2827 554
24
50  WAW 2659 902
30  SHC 2900 464
10  WAW 2953 956
25
50  SHC 2013 550
30  SHC 2044 513
10  SHC 2203 547
26
50  WAW 1809 915
30  WAW 2300 996
10  WAW 2371 926
27
50  SHC 4386 533
30  WAW 4452 918
10  SHC 4756 487
28
50  WAW 3533 940
30  SHC 4765 451
10  SHC 5445 525
29
50  SHC 3509 546
30  WAW 3721 929
10  WAW 5483 969
30
50  WAW 3430 1030
30  SHC 4305 493
10  SHC 4891 488
31
80  SHC 3706 558
40  SHC 3828 458
0  SHC 4017 489
32
80  SHC 3169 502
40  WAW 3298 976
0  WAW 3409 948
33
80  SHC 2923 554
40  SHC 2977 491
0  SHC 2997 540
34
80  SHC 3849 511
35
50  SHC 1906 463
30  SHC 2377 524
10  WAW 2463 906
36
50  WAW 1765 915
30  SHC 2075 537
10  SHC 2173 539
37
50  WAW 3497 938
30  SHC 4158 514
10  WAW 4319 970
38
50  SHC 3333 552
30  WAW 3681 940
10  SHC 4793 525
39
50  SHC 3290 501
30  SHC 3653 546
10  WAW 3972 1004
40
50  WAW 2938 904
30  SHC 2951 549
10  SHC 3667 493
41
50  SHC 3356 459
30  SHC 3443 479
10  WAW 3582 971
42
50  SHC 2906 490
30  WAW 2976 976
10  SHC 3016 502
43
50  WAW 2456 1021
30  SHC 3154 553
10  SHC 3207 469
44
50  WAW 3223 902
30  SHC 3788 464
10  WAW 4112 945
45
50  WAW 2035 1022
30  WAW 2119 939
10  SHC 2141 550
46
50  WAW 1937 1033
30  SHC 2295 475
10  SHC 2475 539
47
50  WAW 4628 931
30  WAW 4840 950
10  WAW 4857 970
48
50  SHC 5134 542
30  SHC 5643 466
10  SHC 5672 451
49
50  WAW 4032 908
30  WAW 4501 909
10  WAW 4536 1023
50
50  SHC 3461 549
30  WAW 3637 1032
10  WAW 4833 943
51
50  WAW 3975 971
30  SHC 4114 458
10  SHC 4837 489
52
50  WAW 3347 1012
30  SHC 3760 490
10  SHC 3804 497
53
50  WAW 14403 1722
30  SHC 16298 1670
54
50  WAW 9827 1709
55
50  SHC 14927 1665
30  WAW 16351 1711
56
50  WAW 15537 1713
30  SHC 18851 1666
57
50  WAW 14803 1715
30  SHC 18766 1667
58
50  WAW 30791 1717
59
50  WAW 13606 1718
60
50  WAW 11946 1720
61
50  WAW 11575 1721
SCORE:WAW,SHC,2630,2690,-6.0
