WAW-LCC
1
50  WAW 9200 1022
30  WAW 11537 930
10  LCC 12900 2855
2
50  WAW 8528 1033
30  WAW 10693 964
10  WAW 12492 926
3
50  LCC 7247 2844
30  WAW 9045 931
10  LCC 9800 2860
4
50  LCC 7346 2868
30  WAW 7781 940
5
50  LCC 7149 2861
30  LCC 7241 2846
10  WAW 7833 908
6
50  WAW 6684 904
30  WAW 7572 1032
10  LCC 8146 2867
7
50  LCC 6395 2845
30  WAW 7606 975
10  LCC 8620 2858
8
50  WAW 6267 1012
30  LCC 6350 2871
10  LCC 6572 2836
9
50  WAW 2516 959
30  WAW 4256 933
10  WAW 4412 913
10
50  WAW 2569 916
30  WAW 3534 947
10  WAW 4040 932
11
50  WAW 1876 1021
30  LCC 2278 2859
10  LCC 2345 2832
12
50  WAW 2056 961
30  WAW 2233 956
10  WAW 2447 945
13
50  LCC 3277 2869
30  WAW 3626 939
10  LCC 4483 2855
14
50  WAW 3897 964
30  WAW 4081 996
10  WAW 4251 912
15
50  WAW 3166 938
30  WAW 4014 950
10  WAW 4039 918
16
50  LCC 2821 2868
30  WAW 4262 998
10  WAW 6797 993
17
50  LCC 6550 2862
30  WAW 7038 929
10  WAW 7763 909
18
50  WAW 6524 1030
30  LCC 7280 2867
10  WAW 7990 943
19
50  WAW 7012 975
30  WAW 8919 957
10  WAW 10325 1018
20
50  LCC 5634 2836
30  LCC 5829 2835
10  WAW 6546 1026
21
50  WAW 3312 959
30  LCC 4821 2842
10  WAW 4987 913
22
50  WAW 3255 916
30  WAW 3816 947
10  WAW 6113 960
23
50  WAW 2516 1021
30  LCC 2705 2832
10  LCC 3055 2859
24
50  WAW 2659 902
30  WAW 2953 956
10  WAW 3110 911
25
50  LCC 1880 2869
30  WAW 2369 906
10  WAW 2753 955
26
50  WAW 1809 915
30  WAW 2300 996
10  WAW 2371 926
27
50  LCC 3373 2844
30  WAW 4452 918
10  LCC 5359 2864
28
50  WAW 3533 940
30  WAW 8559 993
10  WAW 9011 903
29
50  LCC 3544 2862
30  WAW 3721 929
10  LCC 4528 2829
30
50  WAW 3430 1030
30  LCC 4645 2847
10  WAW 5037 1010
31
80  LCC 3887 2858
40  LCC 5175 2865
0  WAW 5869 1018
32
80  LCC 2945 2871
40  WAW 3298 976
0  WAW 3409 948
33
80  LCC 4011 2859
35
50  WAW 2463 906
30  WAW 2667 955
10  LCC 3666 2855
36
50  WAW 1765 915
30  WAW 2451 1031
37
50  LCC 3470 2844
30  WAW 3497 938
10  WAW 4319 970
38
50  WAW 3681 940
30  WAW 5851 998
39
50  LCC 3019 2861
30  LCC 3026 2846
10  LCC 3614 2862
40
50  WAW 2938 904
30  LCC 3952 2867
10  WAW 4697 951
41
50  LCC 2770 2845
30  WAW 3582 971
10  LCC 3963 2858
42
50  LCC 2625 2871
30  WAW 2976 976
10  LCC 3019 2835
43
50  WAW 2456 1021
30  WAW 3985 925
44
50  WAW 3223 902
30  WAW 4112 945
45
50  WAW 2035 1022
30  WAW 2119 939
10  WAW 2477 930
46
50  WAW 1937 1033
30  WAW 2572 912
10  LCC 2716 2831
47
50  WAW 4628 931
30  WAW 4840 950
10  WAW 4857 970
48
50  WAW 5776 998
49
50  LCC 3773 2861
30  LCC 3821 2846
10  WAW 4032 908
50
50  WAW 3637 1032
30  WAW 4833 943
10  WAW 5357 1010
51
50  LCC 3654 2845
30  WAW 3975 971
10  WAW 4857 957
52
50  WAW 3347 1012
30  LCC 3518 2836
10  LCC 3734 2851
53
50  WAW 14403 1722
54
50  WAW 9827 1709
55
50  WAW 16351 1711
30  LCC 20217 1954
56
50  WAW 15537 1713
57
50  WAW 14803 1715
30  LCC 16435 1955
58
50  WAW 30791 1717
59
50  LCC 11929 1956
30  WAW 13606 1718
60
50  WAW 11946 1720
30  LCC 17576 1957
61
50  LCC 11533 1959
30  WAW 11575 1721
SCORE:WAW,LCC,3310,1840,147.0
