WAW-AND
1
50  WAW 9200 1022
30  AND 9931 1090
10  AND 10053 1040
2
50  WAW 8528 1033
30  WAW 10693 964
10  WAW 12492 926
3
50  AND 8533 1041
30  WAW 9045 931
10  AND 9628 1059
4
50  WAW 7781 940
30  AND 8178 1089
10  AND 8422 1120
5
50  AND 7363 1095
30  WAW 7833 908
10  WAW 8719 1004
6
50  WAW 6684 904
30  WAW 7572 1032
10  AND 8681 1127
7
50  WAW 7606 975
30  AND 7909 1094
10  AND 9389 1155
8
50  WAW 6267 1012
30  WAW 7387 1026
10  WAW 7867 968
9
50  WAW 2516 959
30  AND 4037 1072
10  AND 4153 1046
10
50  WAW 2569 916
30  AND 3468 1139
10  WAW 3534 947
11
50  WAW 1876 1021
30  AND 2150 1034
10  AND 2224 1105
12
50  WAW 2056 961
30  WAW 2233 956
10  AND 2387 1066
13
50  WAW 3626 939
30  AND 3820 1054
10  AND 3843 1107
14
50  WAW 3897 964
30  WAW 4081 996
10  AND 4141 1080
15
50  WAW 3166 938
30  AND 3380 1122
10  AND 3537 1059
16
50  AND 3513 1079
30  AND 3896 1053
10  AND 4127 1050
17
50  AND 6284 1121
30  AND 6286 1095
10  WAW 7038 929
18
50  WAW 6524 1030
30  AND 7423 1127
10  WAW 7990 943
19
50  WAW 7012 975
30  AND 7168 1108
10  AND 7177 1137
20
50  AND 5943 1125
30  WAW 6546 1026
10  AND 7119 1116
21
50  WAW 3312 959
30  AND 4686 1072
10  AND 4868 1174
22
50  WAW 3255 916
30  WAW 3816 947
10  AND 4911 1139
23
50  WAW 2516 1021
30  AND 2751 1034
10  WAW 3094 980
24
50  WAW 2659 902
30  AND 2843 1066
10  WAW 2953 956
25
50  AND 2055 1044
30  AND 2282 1171
10  AND 2349 1073
26
50  WAW 1809 915
30  WAW 2300 996
10  WAW 2371 926
27
50  AND 3713 1122
30  AND 4077 1041
10  WAW 4452 918
28
50  WAW 3533 940
30  AND 3865 1120
10  AND 4801 1053
29
50  WAW 3721 929
30  AND 3901 1068
10  AND 4043 1124
30
50  WAW 3430 1030
30  AND 4322 1127
10  AND 4348 1100
31
80  AND 3907 1108
40  AND 4229 1113
0  AND 4313 1155
32
80  AND 3183 1125
40  WAW 3298 976
0  WAW 3409 948
33
80  AND 3553 1105
35
50  AND 1935 1090
30  AND 1953 1040
10  AND 2132 1054
36
50  WAW 1765 915
30  AND 2289 1035
10  WAW 2451 1031
37
50  WAW 3497 938
30  AND 3932 1122
10  AND 3956 1059
38
50  AND 3591 1089
30  AND 3613 1120
10  WAW 3681 940
39
50  AND 3193 1121
30  AND 3229 1095
10  AND 3929 1088
40
50  WAW 2938 904
30  AND 3823 1045
10  AND 4450 1100
41
50  AND 3548 1137
30  WAW 3582 971
10  AND 4334 1162
42
50  WAW 2976 976
30  WAW 3246 1026
10  WAW 3267 968
43
50  WAW 2456 1021
30  AND 3225 1034
10  AND 3423 1071
44
50  WAW 3223 902
30  WAW 4112 945
45
50  WAW 2035 1022
30  AND 2051 1044
10  WAW 2119 939
46
50  WAW 1937 1033
30  WAW 2572 912
10  AND 2599 1077
47
50  AND 4259 1041
30  WAW 4628 931
10  WAW 4840 950
48
50  AND 4420 1089
30  AND 5038 1079
10  WAW 5776 998
49
50  AND 4009 1121
30  WAW 4032 908
10  WAW 4501 909
50
50  WAW 3637 1032
30  AND 4404 1081
10  AND 4473 1045
51
50  WAW 3975 971
30  AND 4211 1094
10  AND 4288 1108
52
50  WAW 3347 1012
30  WAW 3827 948
10  AND 4413 1101
53
50  WAW 14403 1722
54
50  WAW 9827 1709
30  AND 11193 1724
55
50  AND 16214 1726
30  WAW 16351 1711
56
50  WAW 15537 1713
30  AND 19643 1728
57
50  WAW 14803 1715
30  AND 20541 1729
58
50  WAW 30791 1717
59
50  WAW 13606 1718
30  AND 14394 1731
60
50  WAW 11946 1720
61
50  WAW 11575 1721
30  AND 12242 1732
SCORE:WAW,AND,2850,2410,44.0
