WAW-CC
1
50  WAW 9200 1022
30  CC 10921 2939
10  WAW 11537 930
2
50  WAW 8528 1033
30  CC 8850 2949
10  WAW 10693 964
3
50  CC 8118 2938
30  CC 8262 2957
10  WAW 9045 931
4
50  WAW 7781 940
30  CC 8034 2948
5
50  WAW 7833 908
30  CC 7882 2954
10  WAW 8719 1004
6
50  WAW 6684 904
30  WAW 7572 1032
10  CC 8156 2963
7
50  WAW 7606 975
30  CC 9441 2943
10  WAW 10288 957
8
50  WAW 6267 1012
30  CC 6620 2964
10  WAW 7387 1026
9
50  WAW 2516 959
30  CC 3234 2960
10  WAW 4256 933
10
50  WAW 2569 916
30  WAW 3534 947
10  WAW 4040 932
11
50  WAW 1876 1021
30  CC 2302 2951
10  WAW 2419 1011
12
50  CC 1919 2950
30  WAW 2056 961
10  WAW 2233 956
13
50  WAW 3626 939
30  CC 4125 2959
10  CC 4578 2958
14
50  WAW 3897 964
30  WAW 4081 996
10  WAW 4251 912
15
50  WAW 3166 938
30  CC 3222 2938
10  CC 3295 2957
16
50  CC 3277 2948
30  WAW 4262 998
10  CC 5782 2956
17
50  WAW 7038 929
30  CC 7166 2937
10  WAW 7763 909
18
50  WAW 6524 1030
30  CC 6925 2944
10  WAW 7990 943
19
50  WAW 7012 975
30  WAW 8919 957
10  WAW 10325 1018
20
50  CC 6203 2934
30  WAW 6546 1026
10  CC 7121 2935
21
50  CC 2950 2960
30  WAW 3312 959
10  WAW 4987 913
22
50  WAW 3255 916
30  WAW 3816 947
10  WAW 6113 960
23
50  WAW 2516 1021
30  CC 2725 2951
10  WAW 3094 980
24
50  CC 2439 2950
30  WAW 2659 902
10  WAW 2953 956
25
50  CC 2207 2939
30  WAW 2369 906
10  CC 2372 2958
26
50  CC 1737 2949
30  WAW 1809 915
10  WAW 2300 996
27
50  CC 4340 2965
30  WAW 4452 918
10  WAW 5397 1013
28
50  WAW 3533 940
30  CC 8178 2956
10  WAW 8559 993
29
50  WAW 3721 929
30  CC 4219 2937
10  CC 4225 2952
30
50  WAW 3430 1030
30  CC 3806 2944
10  CC 3850 2963
31
80  CC 4707 2943
40  WAW 5869 1018
32
80  CC 3128 2964
40  WAW 3298 976
0  WAW 3409 948
34
80  CC 2484 2950
35
50  CC 2038 2939
30  CC 2359 2959
10  WAW 2463 906
36
50  CC 1658 2949
30  WAW 1765 915
10  WAW 2451 1031
37
50  WAW 3497 938
30  CC 3522 2938
10  CC 3640 2957
38
50  WAW 3681 940
30  CC 3847 2948
10  WAW 5851 998
39
50  CC 3449 2954
30  CC 3895 2942
10  WAW 3972 1004
40
50  WAW 2938 904
30  CC 3527 2944
10  CC 4050 2963
41
50  WAW 3582 971
30  CC 4125 2943
42
50  CC 2822 2964
30  WAW 2976 976
10  WAW 3246 1026
43
50  WAW 2456 1021
30  CC 3131 2951
10  WAW 3985 925
44
50  CC 2945 2950
30  WAW 3223 902
10  WAW 4112 945
45
50  WAW 2035 1022
30  WAW 2119 939
10  CC 2420 2939
46
50  WAW 1937 1033
30  WAW 2572 912
10  CC 2719 2936
47
50  CC 4600 2965
30  WAW 4628 931
10  WAW 4840 950
48
50  CC 4097 2948
30  WAW 5776 998
49
50  CC 3807 2954
30  WAW 4032 908
10  CC 4456 2942
50
50  WAW 3637 1032
30  CC 4108 2963
10  WAW 4833 943
51
50  WAW 3975 971
30  WAW 4857 957
10  CC 5260 2943
52
50  CC 3294 2964
30  WAW 3347 1012
10  WAW 3827 948
53
50  WAW 14403 1722
54
50  WAW 9827 1709
55
50  WAW 16351 1711
56
50  WAW 15537 1713
30  CC 19707 1970
57
50  WAW 14803 1715
30  CC 15841 1971
58
50  WAW 30791 1717
59
50  WAW 13606 1718
30  CC 13789 1972
60
50  WAW 11946 1720
61
50  WAW 11575 1721
SCORE:WAW,CC,3030,2120,91.0
