WAW-BJCCS
1
50  WAW 9200 1022
30  WAW 11537 930
2
50  BJCCS 7311 1954
30  WAW 8528 1033
10  BJCCS 9619 1983
3
50  WAW 9045 931
30  WAW 9818 950
10  BJCCS 9831 1977
4
50  WAW 7781 940
30  BJCCS 8868 1970
10  BJCCS 8910 1964
5
50  BJCCS 7494 1958
30  WAW 7833 908
10  WAW 8719 1004
6
50  WAW 6684 904
30  WAW 7572 1032
10  BJCCS 7580 1985
7
50  BJCCS 7577 1975
30  WAW 7606 975
10  BJCCS 8144 1986
8
50  WAW 6267 1012
30  BJCCS 6444 1974
10  BJCCS 6544 1984
9
50  BJCCS 2399 1956
30  WAW 2516 959
10  BJCCS 3603 1978
10
50  WAW 2569 916
30  WAW 3534 947
10  WAW 4040 932
11
50  WAW 1876 1021
30  BJCCS 2100 1973
10  WAW 2419 1011
12
50  BJCCS 1892 1955
30  WAW 2056 961
10  BJCCS 2070 1981
13
50  WAW 3626 939
30  WAW 5413 989
10  WAW 5717 934
14
50  BJCCS 2934 1954
30  WAW 3897 964
10  WAW 4081 996
15
50  WAW 3166 938
30  WAW 4014 950
10  WAW 4039 918
16
50  BJCCS 3568 1964
30  BJCCS 3666 1970
10  WAW 4262 998
17
50  WAW 7038 929
30  BJCCS 7103 1958
10  WAW 7763 909
18
50  BJCCS 6120 1966
30  WAW 6524 1030
10  BJCCS 7762 1960
19
50  BJCCS 6706 1975
30  WAW 7012 975
10  BJCCS 7454 1986
20
50  BJCCS 5725 1974
30  WAW 6546 1026
10  BJCCS 6940 1962
21
50  BJCCS 2962 1956
30  WAW 3312 959
10  BJCCS 3903 1989
22
50  WAW 3255 916
30  WAW 3816 947
10  WAW 6113 960
23
50  WAW 2516 1021
30  BJCCS 2553 1973
10  BJCCS 3003 1957
24
50  BJCCS 2342 1955
30  WAW 2659 902
10  BJCCS 2669 1981
25
50  WAW 2369 906
30  WAW 2753 955
10  WAW 2789 1015
26
50  WAW 1809 915
30  BJCCS 2019 1983
10  WAW 2300 996
27
50  WAW 4452 918
30  BJCCS 5075 1977
10  WAW 5397 1013
28
50  WAW 3533 940
30  BJCCS 4400 1970
10  BJCCS 5672 1987
29
50  WAW 3721 929
30  BJCCS 3747 1958
10  BJCCS 4150 1972
30
50  BJCCS 3247 1966
30  BJCCS 3419 1985
10  WAW 3430 1030
31
80  BJCCS 3610 1986
40  WAW 5869 1018
32
80  BJCCS 2989 1984
40  WAW 3298 976
0  WAW 3409 948
33
80  BJCCS 2559 1973
40  BJCCS 3103 1956
34
80  BJCCS 2165 1981
35
50  WAW 2463 906
30  WAW 2667 955
36
50  WAW 1765 915
30  BJCCS 1770 1983
10  BJCCS 2356 1988
37
50  WAW 3497 938
30  WAW 4319 970
10  BJCCS 4916 1977
38
50  WAW 3681 940
30  BJCCS 4031 1970
10  BJCCS 4178 1964
39
50  WAW 3972 1004
30  BJCCS 4225 1972
10  WAW 4388 991
40
50  WAW 2938 904
30  BJCCS 3145 1966
10  BJCCS 4636 1980
41
50  WAW 3582 971
42
50  WAW 2976 976
30  BJCCS 3000 1974
10  WAW 3246 1026
43
50  WAW 2456 1021
30  WAW 3985 925
10  BJCCS 4025 1957
44
50  BJCCS 3022 1955
30  WAW 3223 902
10  WAW 4112 945
45
50  WAW 2035 1022
30  WAW 2119 939
10  WAW 2477 930
46
50  BJCCS 1744 1954
30  WAW 1937 1033
10  WAW 2572 912
47
50  WAW 4628 931
30  WAW 4840 950
10  WAW 4857 970
48
50  BJCCS 4834 1964
30  WAW 5776 998
10  BJCCS 5853 1987
49
50  BJCCS 3875 1958
30  WAW 4032 908
10  WAW 4501 909
50
50  WAW 3637 1032
30  BJCCS 4163 1985
10  BJCCS 4372 1960
51
50  WAW 3975 971
30  WAW 4857 957
10  WAW 5494 1018
52
50  WAW 3347 1012
30  WAW 3827 948
10  BJCCS 3897 1984
53
50  WAW 14403 1722
54
50  BJCCS 9233 1830
30  WAW 9827 1709
55
50  WAW 16351 1711
56
50  BJCCS 15437 1831
30  WAW 15537 1713
57
50  WAW 14803 1715
58
50  WAW 30791 1717
59
50  WAW 13606 1718
60
50  WAW 11946 1720
30  BJCCS 12532 1832
61
50  WAW 11575 1721
30  BJCCS 12031 1833
SCORE:WAW,BJCCS,3150,2120,103.0
