WAW-WW
1
50  WAW 9200 1022
30  WW 9347 1645
10  WAW 11537 930
2
50  WAW 8528 1033
30  WAW 10693 964
10  WW 11716 1597
3
50  WAW 9045 931
30  WW 9519 1584
10  WAW 9818 950
4
50  WAW 7781 940
30  WW 10807 1577
10  WW 11487 1587
5
50  WAW 7833 908
30  WW 8091 1544
10  WW 8587 1626
6
50  WAW 6684 904
30  WW 7547 1643
10  WAW 7572 1032
7
50  WAW 7606 975
30  WW 7781 1616
10  WW 9163 1640
8
50  WAW 6267 1012
30  WW 6700 1585
10  WAW 7387 1026
9
50  WAW 2516 959
30  WW 3607 1555
10  WAW 4256 933
10
50  WAW 2569 916
30  WW 2803 1591
10  WAW 3534 947
11
50  WAW 1876 1021
30  WW 1959 1580
10  WW 2100 1573
12
50  WAW 2056 961
30  WW 2186 1619
10  WAW 2233 956
13
50  WAW 3626 939
30  WW 3890 1589
10  WW 4283 1638
14
50  WAW 3897 964
30  WW 4059 1552
10  WAW 4081 996
15
50  WAW 3166 938
30  WW 3228 1625
10  WW 3729 1584
16
50  WW 3762 1605
30  WW 4147 1587
10  WW 4232 1564
17
50  WW 6844 1581
30  WW 6869 1618
10  WAW 7038 929
18
50  WAW 6524 1030
30  WW 7106 1583
10  WAW 7990 943
19
50  WW 6303 1551
30  WAW 7012 975
10  WW 7506 1562
20
50  WW 6309 1582
30  WW 6444 1565
10  WAW 6546 1026
21
50  WAW 3312 959
30  WW 4309 1555
10  WAW 4987 913
22
50  WAW 3255 916
30  WAW 3816 947
10  WW 5181 1591
23
50  WW 2472 1580
30  WAW 2516 1021
10  WAW 3094 980
24
50  WAW 2659 902
30  WAW 2953 956
10  WW 3006 1635
25
50  WW 2100 1645
30  WAW 2369 906
10  WW 2475 1589
26
50  WAW 1809 915
30  WAW 2300 996
10  WAW 2371 926
27
50  WAW 4452 918
30  WW 4756 1634
10  WW 5269 1578
28
50  WAW 3533 940
30  WW 4644 1605
10  WW 5342 1577
29
50  WW 3622 1618
30  WW 3709 1595
10  WAW 3721 929
30
50  WAW 3430 1030
30  WW 3488 1643
10  WW 3675 1583
31
80  WW 3531 1551
40  WW 3584 1616
0  WW 4031 1640
32
80  WW 3043 1585
40  WAW 3298 976
0  WAW 3409 948
33
80  WW 2604 1573
40  WW 3637 1621
0  WW 4053 1614
34
80  WW 3675 1635
35
50  WW 1864 1645
30  WAW 2463 906
10  WW 2529 1638
36
50  WAW 1765 915
30  WAW 2451 1031
10  WW 2463 1639
37
50  WAW 3497 938
30  WW 3816 1625
10  WW 3966 1572
38
50  WAW 3681 940
30  WW 4303 1636
10  WW 5550 1577
39
50  WW 3473 1618
30  WW 3593 1581
10  WW 3706 1595
40
50  WAW 2938 904
30  WW 3459 1643
10  WW 4190 1576
41
50  WW 3331 1616
30  WAW 3582 971
10  WW 3788 1640
42
50  WW 2879 1585
30  WAW 2976 976
10  WAW 3246 1026
43
50  WAW 2456 1021
30  WW 2591 1573
10  WW 3260 1601
44
50  WAW 3223 902
30  WW 3581 1620
10  WAW 4112 945
45
50  WAW 2035 1022
30  WAW 2119 939
10  WW 2350 1589
46
50  WAW 1937 1033
30  WAW 2572 912
10  WW 2640 1552
47
50  WW 4207 1625
30  WW 4327 1572
10  WW 4363 1584
48
50  WW 4466 1636
30  WW 5481 1605
10  WAW 5776 998
49
50  WW 3978 1544
30  WAW 4032 908
10  WW 4063 1581
50
50  WAW 3637 1032
30  WW 4181 1583
10  WAW 4833 943
51
50  WW 3768 1551
30  WAW 3975 971
10  WW 4440 1596
52
50  WAW 3347 1012
30  WW 3665 1608
10  WW 3700 1582
53
50  WW 11534 1795
30  WAW 14403 1722
54
50  WW 9416 1776
30  WAW 9827 1709
55
50  WAW 16351 1711
30  WW 17160 1779
56
50  WAW 15537 1713
30  WW 18144 1782
57
50  WW 14228 1784
30  WAW 14803 1715
58
50  WW 20981 1788
30  WAW 30791 1717
59
50  WW 12400 1789
30  WAW 13606 1718
60
50  WAW 11946 1720
30  WW 13835 1791
61
50  WW 11479 1792
30  WAW 11575 1721
SCORE:WAW,WW,2660,2820,-16.0
