WAW-OMST
1
50  WAW 9200 1022
30  WAW 11537 930
10  OMST 11741 3251
2
50  OMST 8160 3253
30  WAW 8528 1033
10  WAW 10693 964
3
50  OMST 8244 3275
30  WAW 9045 931
10  WAW 9818 950
4
50  WAW 7781 940
30  OMST 12479 3247
5
50  WAW 7833 908
30  OMST 7843 3258
10  WAW 8719 1004
6
50  WAW 6684 904
30  WAW 7572 1032
10  OMST 8919 3263
7
50  OMST 7093 3269
30  WAW 7606 975
10  OMST 7725 3285
8
50  WAW 6267 1012
30  OMST 6319 3274
10  WAW 7387 1026
9
50  WAW 2516 959
30  WAW 4256 933
10  WAW 4412 913
10
50  WAW 2569 916
30  WAW 3534 947
10  WAW 4040 932
11
50  WAW 1876 1021
30  WAW 2419 1011
10  OMST 2477 3286
12
50  WAW 2056 961
30  WAW 2233 956
10  WAW 2447 945
13
50  WAW 3626 939
30  OMST 5372 3268
10  WAW 5413 989
14
50  WAW 3897 964
30  OMST 3975 3261
10  WAW 4081 996
15
50  WAW 3166 938
30  OMST 3544 3279
10  WAW 4014 950
16
50  OMST 3447 3266
30  OMST 4120 3283
10  WAW 4262 998
17
50  WAW 7038 929
30  WAW 7763 909
10  WAW 8048 1023
18
50  WAW 6524 1030
30  OMST 7259 3257
10  WAW 7990 943
19
50  OMST 6744 3285
30  WAW 7012 975
10  WAW 8919 957
20
50  WAW 6546 1026
30  WAW 7147 948
10  WAW 7310 937
21
50  WAW 3312 959
30  OMST 4632 3259
10  WAW 4987 913
22
50  WAW 3255 916
30  WAW 3816 947
10  WAW 6113 960
23
50  WAW 2516 1021
30  OMST 3056 3286
10  WAW 3094 980
24
50  WAW 2659 902
30  WAW 2953 956
10  WAW 3110 911
25
50  WAW 2369 906
30  OMST 2406 3251
10  WAW 2753 955
26
50  OMST 1790 3253
30  WAW 1809 915
10  WAW 2300 996
27
50  OMST 3878 3275
30  WAW 4452 918
10  OMST 4726 3279
28
50  WAW 3533 940
30  OMST 5844 3283
10  OMST 6204 3249
29
50  WAW 3721 929
30  OMST 3722 3258
10  OMST 4518 3271
30
50  WAW 3430 1030
30  OMST 4116 3263
10  WAW 5037 1010
31
80  OMST 3750 3285
40  WAW 5869 1018
32
80  WAW 3298 976
40  WAW 3409 948
0  WAW 3836 937
33
80  OMST 4259 3289
35
50  WAW 2463 906
30  OMST 2550 3251
10  WAW 2667 955
36
50  OMST 1563 3253
30  WAW 1765 915
10  WAW 2451 1031
37
50  WAW 3497 938
30  WAW 4319 970
10  OMST 4713 3279
38
50  WAW 3681 940
30  WAW 5851 998
10  OMST 6100 3283
39
50  OMST 3721 3258
30  WAW 3972 1004
10  WAW 4388 991
40
50  WAW 2938 904
30  OMST 3669 3257
10  WAW 4697 951
41
50  OMST 3053 3269
30  WAW 3582 971
42
50  OMST 2766 3274
30  WAW 2976 976
10  WAW 3246 1026
43
50  WAW 2456 1021
30  WAW 3985 925
10  OMST 4881 3260
44
50  OMST 3195 3284
30  WAW 3223 902
10  WAW 4112 945
45
50  WAW 2035 1022
30  WAW 2119 939
10  WAW 2477 930
46
50  WAW 1937 1033
30  WAW 2572 912
10  OMST 2777 3246
47
50  OMST 4560 3275
30  WAW 4628 931
10  WAW 4840 950
48
50  OMST 4907 3266
30  OMST 5397 3249
10  WAW 5776 998
49
50  WAW 4032 908
30  WAW 4501 909
10  WAW 4536 1023
50
50  WAW 3637 1032
30  WAW 4833 943
10  WAW 5357 1010
51
50  OMST 3703 3269
30  WAW 3975 971
10  WAW 4857 957
52
50  WAW 3347 1012
30  OMST 3415 3274
10  WAW 3827 948
53
50  WAW 14403 1722
54
50  WAW 9827 1709
30  OMST 12837 2003
55
50  WAW 16351 1711
30  OMST 27406 2004
56
50  WAW 15537 1713
30  OMST 16499 2005
57
50  WAW 14803 1715
58
50  OMST 17262 2007
30  WAW 30791 1717
59
50  WAW 13606 1718
30  OMST 15246 2008
60
50  WAW 11946 1720
61
50  WAW 11575 1721
30  OMST 12078 2009
SCORE:WAW,OMST,3490,1760,173.0
