WAW-FV
1
50  WAW 9200 1022
30  FV 10025 3349
10  WAW 11537 930
2
50  WAW 8528 1033
30  FV 10634 3383
10  WAW 10693 964
3
50  FV 8790 3380
30  WAW 9045 931
10  FV 9695 3377
4
50  WAW 7781 940
30  FV 11027 3350
10  FV 11813 3356
5
50  WAW 7833 908
30  FV 8295 3351
10  WAW 8719 1004
6
50  WAW 6684 904
30  WAW 7572 1032
10  FV 10438 3367
7
50  WAW 7606 975
30  WAW 10288 957
10  FV 10543 3373
8
50  WAW 6267 1012
30  FV 7139 3384
10  WAW 7387 1026
9
50  WAW 2516 959
30  FV 3222 3343
10  WAW 4256 933
10
50  WAW 2569 916
30  FV 3344 3360
10  WAW 3534 947
11
50  WAW 1876 1021
30  FV 2181 3382
10  FV 2232 3344
12
50  WAW 2056 961
30  WAW 2233 956
10  FV 2238 3368
13
50  WAW 3626 939
30  FV 4412 3375
10  FV 5334 3376
14
50  WAW 3897 964
30  WAW 4081 996
10  WAW 4251 912
15
50  WAW 3166 938
30  FV 3525 3380
10  FV 3960 3377
16
50  FV 3762 3359
30  FV 3785 3379
10  FV 4108 3350
17
50  WAW 7038 929
30  FV 7303 3351
10  FV 7582 3352
18
50  WAW 6524 1030
30  WAW 7990 943
10  WAW 8181 951
19
50  WAW 7012 975
30  FV 8631 3373
10  WAW 8919 957
20
50  FV 6359 3384
30  WAW 6546 1026
10  FV 6653 3355
21
50  WAW 3312 959
30  FV 3926 3343
10  WAW 4987 913
22
50  WAW 3255 916
30  WAW 3816 947
10  FV 5770 3360
23
50  WAW 2516 1021
30  FV 2641 3344
10  FV 2675 3382
24
50  WAW 2659 902
30  WAW 2953 956
10  WAW 3110 911
25
50  FV 2089 3349
30  WAW 2369 906
10  WAW 2753 955
26
50  WAW 1809 915
30  WAW 2300 996
10  WAW 2371 926
27
50  FV 4028 3380
30  WAW 4452 918
10  FV 4595 3377
28
50  WAW 3533 940
30  FV 4766 3359
10  FV 5353 3379
29
50  WAW 3721 929
30  FV 3738 3351
10  FV 4328 3357
30
50  WAW 3430 1030
30  FV 5003 3367
10  WAW 5037 1010
31
80  FV 5164 3373
40  WAW 5869 1018
32
80  WAW 3298 976
40  WAW 3409 948
0  FV 3475 3364
33
80  FV 3532 3344
34
80  FV 3213 3368
35
50  FV 1908 3349
30  WAW 2463 906
10  FV 2653 3375
36
50  WAW 1765 915
30  FV 2340 3383
10  WAW 2451 1031
37
50  WAW 3497 938
30  WAW 4319 970
10  FV 4444 3380
38
50  WAW 3681 940
30  FV 5006 3359
10  WAW 5851 998
39
50  FV 3577 3351
30  FV 3887 3352
10  WAW 3972 1004
40
50  WAW 2938 904
30  WAW 4697 951
10  FV 5819 3367
41
50  WAW 3582 971
30  FV 4947 3373
42
50  WAW 2976 976
30  FV 3234 3384
10  WAW 3246 1026
43
50  WAW 2456 1021
30  FV 3579 3382
10  WAW 3985 925
44
50  WAW 3223 902
30  FV 3925 3368
10  WAW 4112 945
45
50  WAW 2035 1022
30  WAW 2119 939
10  WAW 2477 930
46
50  WAW 1937 1033
30  WAW 2572 912
10  FV 2665 3383
47
50  WAW 4628 931
30  WAW 4840 950
10  WAW 4857 970
48
50  FV 5718 3350
30  FV 5747 3356
10  FV 5765 3379
49
50  WAW 4032 908
30  FV 4203 3352
10  WAW 4501 909
50
50  WAW 3637 1032
30  WAW 4833 943
10  FV 5175 3367
51
50  WAW 3975 971
30  WAW 4857 957
10  WAW 5494 1018
52
50  WAW 3347 1012
30  WAW 3827 948
10  FV 4388 3355
53
50  WAW 14403 1722
54
50  WAW 9827 1709
30  FV 11293 2015
55
50  WAW 16351 1711
30  FV 20352 2016
56
50  WAW 15537 1713
30  FV 19896 2017
57
50  WAW 14803 1715
30  FV 17397 2018
58
50  FV 17403 2019
30  WAW 30791 1717
59
50  WAW 13606 1718
30  FV 16759 2020
60
50  WAW 11946 1720
61
50  WAW 11575 1721
SCORE:WAW,FV,3460,1880,158.0
