WCSC-LCC
1
50  WCSC 8690 844
30  WCSC 9353 884
10  LCC 12900 2855
2
50  WCSC 10839 784
3
50  LCC 7247 2844
30  WCSC 7943 800
10  WCSC 8633 883
4
50  LCC 7346 2868
30  WCSC 8409 810
10  WCSC 9688 775
5
50  LCC 7149 2861
30  LCC 7241 2846
10  WCSC 7784 895
6
50  WCSC 7896 776
30  LCC 8146 2867
10  WCSC 8833 821
7
50  LCC 6395 2845
30  LCC 8620 2858
10  WCSC 8963 860
8
50  LCC 6350 2871
30  LCC 6572 2836
10  WCSC 7650 843
9
50  WCSC 3175 869
30  WCSC 3328 872
10  LCC 5246 2841
10
50  WCSC 3536 830
30  WCSC 3673 786
10  WCSC 5096 822
11
50  WCSC 1889 855
30  WCSC 2129 826
10  WCSC 2194 862
12
50  WCSC 1740 870
30  WCSC 1904 877
10  WCSC 2085 857
13
50  LCC 3277 2869
30  WCSC 3738 871
10  WCSC 3787 884
14
50  WCSC 4129 831
30  WCSC 4481 868
10  WCSC 4502 823
15
50  WCSC 3219 896
30  WCSC 3312 840
10  WCSC 3557 883
16
50  LCC 2821 2868
30  WCSC 3434 775
10  WCSC 3517 863
17
50  LCC 6550 2862
30  WCSC 7082 859
10  WCSC 7348 845
18
50  WCSC 6674 798
30  WCSC 6843 776
10  LCC 7280 2867
19
50  WCSC 7938 860
30  WCSC 7996 881
10  WCSC 8133 835
20
50  LCC 5634 2836
30  LCC 5829 2835
10  WCSC 6297 843
21
50  WCSC 3090 869
30  WCSC 4438 872
10  LCC 4821 2842
22
50  WCSC 4634 830
30  WCSC 5263 777
10  WCSC 5283 822
23
50  WCSC 2098 817
30  WCSC 2637 898
10  WCSC 2662 879
24
50  WCSC 1929 801
30  WCSC 2358 877
10  WCSC 2809 857
25
50  LCC 1880 2869
30  WCSC 2043 816
10  WCSC 2299 839
26
50  WCSC 2111 784
30  WCSC 2634 868
10  WCSC 2657 829
27
50  LCC 3373 2844
30  WCSC 3813 800
10  WCSC 5066 820
28
50  WCSC 4178 810
30  WCSC 5603 847
10  WCSC 6144 849
29
50  WCSC 3500 895
30  LCC 3544 2862
10  LCC 4528 2829
30
50  WCSC 3909 821
30  WCSC 4312 791
10  WCSC 4536 880
31
80  WCSC 3840 803
40  LCC 3887 2858
0  WCSC 4301 835
32
80  LCC 2945 2871
40  WCSC 3606 864
0  LCC 3756 2834
33
80  WCSC 2225 826
40  WCSC 2500 817
0  LCC 4011 2859
34
80  WCSC 2223 877
40  WCSC 2855 857
0  WCSC 3469 812
35
50  WCSC 1938 871
30  WCSC 2327 816
10  WCSC 2346 839
36
50  WCSC 2122 876
30  WCSC 3057 823
37
50  LCC 3470 2844
30  WCSC 3982 840
10  LCC 5231 2860
38
50  WCSC 4317 863
30  WCSC 4653 775
39
50  LCC 3019 2861
30  LCC 3026 2846
10  WCSC 3434 859
40
50  WCSC 3463 798
30  LCC 3952 2867
10  WCSC 4046 880
41
50  LCC 2770 2845
30  WCSC 3803 803
10  WCSC 3928 900
42
50  LCC 2625 2871
30  LCC 3019 2835
10  LCC 3132 2851
43
50  WCSC 2682 855
30  WCSC 3027 826
44
50  WCSC 2112 801
30  WCSC 2583 870
45
50  WCSC 2151 844
30  WCSC 2864 805
10  LCC 5274 2854
46
50  WCSC 2403 831
30  LCC 2716 2831
47
50  WCSC 4162 896
30  LCC 5133 2860
10  WCSC 5534 799
48
50  WCSC 4555 810
49
50  LCC 3773 2861
30  LCC 3821 2846
10  WCSC 4656 845
50
50  WCSC 4113 776
30  WCSC 4549 798
51
50  LCC 3654 2845
30  WCSC 4467 860
10  WCSC 5658 835
52
50  LCC 3518 2836
30  LCC 3734 2851
10  LCC 3784 2835
53
50  WCSC 16033 1707
54
50  WCSC 7650 1692
55
50  WCSC 16081 1695
30  LCC 20217 1954
56
50  WCSC 17798 1697
57
50  WCSC 13322 1699
30  LCC 16435 1955
58
50  WCSC 18199 1702
59
50  LCC 11929 1956
30  WCSC 13190 1703
60
50  WCSC 15089 1704
30  LCC 17576 1957
61
50  LCC 11533 1959
30  WCSC 12596 1705
SCORE:WCSC,LCC,3570,1690,188.0
