WCSC-WW
1
50  WCSC 8690 844
30  WW 9347 1645
10  WCSC 9353 884
2
50  WCSC 10839 784
30  WW 11716 1597
10  WW 12762 1592
3
50  WCSC 7943 800
30  WCSC 8633 883
10  WW 9519 1584
4
50  WCSC 8409 810
30  WCSC 9688 775
10  WW 10807 1577
5
50  WCSC 7784 895
30  WW 8091 1544
10  WW 8587 1626
6
50  WW 7547 1643
30  WCSC 7896 776
10  WCSC 8833 821
7
50  WW 7781 1616
30  WCSC 8963 860
10  WW 9163 1640
8
50  WW 6700 1585
30  WCSC 7650 843
10  WCSC 7728 787
9
50  WCSC 3175 869
30  WCSC 3328 872
10  WW 3607 1555
10
50  WW 2803 1591
30  WCSC 3536 830
10  WCSC 3673 786
11
50  WCSC 1889 855
30  WW 1959 1580
10  WW 2100 1573
12
50  WCSC 1740 870
30  WCSC 1904 877
10  WCSC 2085 857
13
50  WCSC 3738 871
30  WCSC 3787 884
10  WW 3890 1589
14
50  WW 4059 1552
30  WCSC 4129 831
10  WW 4381 1569
15
50  WCSC 3219 896
30  WW 3228 1625
10  WCSC 3312 840
16
50  WCSC 3434 775
30  WCSC 3517 863
10  WCSC 3730 847
17
50  WW 6844 1581
30  WW 6869 1618
10  WCSC 7082 859
18
50  WCSC 6674 798
30  WCSC 6843 776
10  WW 7106 1583
19
50  WW 6303 1551
30  WW 7506 1562
10  WCSC 7938 860
20
50  WCSC 6297 843
30  WW 6309 1582
10  WW 6444 1565
21
50  WCSC 3090 869
30  WW 4309 1555
10  WCSC 4438 872
22
50  WCSC 4634 830
30  WW 5181 1591
10  WCSC 5263 777
23
50  WCSC 2098 817
30  WW 2472 1580
10  WCSC 2637 898
24
50  WCSC 1929 801
30  WCSC 2358 877
10  WCSC 2809 857
25
50  WCSC 2043 816
30  WW 2100 1645
10  WCSC 2299 839
26
50  WCSC 2111 784
30  WW 2428 1569
10  WW 2609 1623
27
50  WCSC 3813 800
30  WW 4756 1634
10  WCSC 5066 820
28
50  WCSC 4178 810
30  WW 4644 1605
10  WW 5342 1577
29
50  WCSC 3500 895
30  WW 3622 1618
10  WW 3709 1595
30
50  WW 3488 1643
30  WW 3675 1583
10  WCSC 3909 821
31
80  WW 3531 1551
40  WW 3584 1616
0  WCSC 3840 803
32
80  WW 3043 1585
40  WW 3605 1582
0  WCSC 3606 864
33
80  WCSC 2225 826
40  WCSC 2500 817
0  WW 2604 1573
34
80  WCSC 2223 877
40  WCSC 2855 857
0  WCSC 3469 812
35
50  WW 1864 1645
30  WCSC 1938 871
10  WCSC 2327 816
36
50  WCSC 2122 876
30  WW 2463 1639
10  WW 2991 1623
37
50  WW 3816 1625
30  WW 3966 1572
10  WCSC 3982 840
38
50  WW 4303 1636
30  WCSC 4317 863
10  WCSC 4653 775
39
50  WCSC 3434 859
30  WW 3473 1618
10  WW 3593 1581
40
50  WW 3459 1643
30  WCSC 3463 798
10  WCSC 4046 880
41
50  WW 3331 1616
30  WW 3788 1640
10  WCSC 3803 803
42
50  WW 2879 1585
30  WCSC 3134 787
10  WW 3316 1565
43
50  WW 2591 1573
30  WCSC 2682 855
10  WCSC 3027 826
44
50  WCSC 2112 801
30  WCSC 2583 870
10  WW 3581 1620
45
50  WCSC 2151 844
30  WW 2350 1589
10  WW 2469 1638
46
50  WCSC 2403 831
30  WW 2640 1552
10  WW 2721 1629
47
50  WCSC 4162 896
30  WW 4207 1625
10  WW 4327 1572
48
50  WW 4466 1636
30  WCSC 4555 810
10  WW 5481 1605
49
50  WW 3978 1544
30  WW 4063 1581
10  WW 4550 1637
50
50  WCSC 4113 776
30  WW 4181 1583
10  WCSC 4549 798
51
50  WW 3768 1551
30  WW 4440 1596
10  WCSC 4467 860
52
50  WW 3665 1608
30  WW 3700 1582
10  WW 3838 1550
53
50  WW 11534 1795
30  WCSC 16033 1707
54
50  WCSC 7650 1692
30  WW 9416 1776
55
50  WCSC 16081 1695
30  WW 17160 1779
56
50  WCSC 17798 1697
30  WW 18144 1782
57
50  WCSC 13322 1699
30  WW 14228 1784
58
50  WCSC 18199 1702
30  WW 20981 1788
59
50  WW 12400 1789
30  WCSC 13190 1703
60
50  WW 13835 1791
30  WCSC 15089 1704
61
50  WW 11479 1792
30  WCSC 12596 1705
SCORE:WCSC,WW,2900,2620,28.0
