WCSC-FV
1
50  WCSC 8690 844
30  WCSC 9353 884
10  FV 10025 3349
2
50  FV 10634 3383
30  WCSC 10839 784
3
50  WCSC 7943 800
30  WCSC 8633 883
10  FV 8790 3380
4
50  WCSC 8409 810
30  WCSC 9688 775
10  FV 11027 3350
5
50  WCSC 7784 895
30  FV 8295 3351
10  FV 8941 3381
6
50  WCSC 7896 776
30  WCSC 8833 821
10  FV 10438 3367
7
50  WCSC 8963 860
30  WCSC 9778 900
10  FV 10543 3373
8
50  FV 7139 3384
30  FV 7577 3364
10  WCSC 7650 843
9
50  WCSC 3175 869
30  FV 3222 3343
10  WCSC 3328 872
10
50  FV 3344 3360
30  WCSC 3536 830
10  WCSC 3673 786
11
50  WCSC 1889 855
30  WCSC 2129 826
10  FV 2181 3382
12
50  WCSC 1740 870
30  WCSC 1904 877
10  WCSC 2085 857
13
50  WCSC 3738 871
30  WCSC 3787 884
10  WCSC 4163 839
14
50  WCSC 4129 831
30  WCSC 4481 868
10  WCSC 4502 823
15
50  WCSC 3219 896
30  WCSC 3312 840
10  FV 3525 3380
16
50  WCSC 3434 775
30  WCSC 3517 863
10  WCSC 3730 847
17
50  WCSC 7082 859
30  FV 7303 3351
10  WCSC 7348 845
18
50  WCSC 6674 798
30  WCSC 6843 776
10  WCSC 7480 821
19
50  WCSC 7938 860
30  WCSC 7996 881
10  WCSC 8133 835
20
50  WCSC 6297 843
30  FV 6359 3384
10  FV 6653 3355
21
50  WCSC 3090 869
30  FV 3926 3343
10  WCSC 4438 872
22
50  WCSC 4634 830
30  WCSC 5263 777
10  WCSC 5283 822
23
50  WCSC 2098 817
30  WCSC 2637 898
10  FV 2641 3344
24
50  WCSC 1929 801
30  WCSC 2358 877
10  WCSC 2809 857
25
50  WCSC 2043 816
30  FV 2089 3349
10  WCSC 2299 839
26
50  WCSC 2111 784
30  FV 2464 3369
10  WCSC 2634 868
27
50  WCSC 3813 800
30  FV 4028 3380
10  FV 4595 3377
28
50  WCSC 4178 810
30  FV 4766 3359
10  FV 5353 3379
29
50  WCSC 3500 895
30  FV 3738 3351
10  FV 4328 3357
30
50  WCSC 3909 821
30  WCSC 4312 791
10  WCSC 4536 880
31
80  WCSC 3840 803
40  WCSC 4301 835
0  WCSC 4500 897
32
80  FV 3475 3364
40  FV 3512 3384
0  WCSC 3606 864
33
80  WCSC 2225 826
40  WCSC 2500 817
0  FV 3532 3344
34
80  WCSC 2223 877
40  WCSC 2855 857
0  FV 3213 3368
35
50  FV 1908 3349
30  WCSC 1938 871
10  WCSC 2327 816
36
50  WCSC 2122 876
30  FV 2340 3383
10  FV 3039 3372
37
50  WCSC 3982 840
30  FV 4444 3380
10  FV 4509 3362
38
50  WCSC 4317 863
30  WCSC 4653 775
10  FV 5006 3359
39
50  WCSC 3434 859
30  FV 3577 3351
10  FV 3887 3352
40
50  WCSC 3463 798
30  WCSC 4046 880
10  FV 5819 3367
41
50  WCSC 3803 803
30  WCSC 3928 900
10  WCSC 4422 807
42
50  WCSC 3134 787
30  FV 3234 3384
10  WCSC 3376 790
43
50  WCSC 2682 855
30  WCSC 3027 826
10  FV 3579 3382
44
50  WCSC 2112 801
30  WCSC 2583 870
10  FV 3925 3368
45
50  WCSC 2151 844
30  WCSC 2864 805
10  FV 3062 3348
46
50  WCSC 2403 831
30  FV 2665 3383
10  FV 2806 3363
47
50  WCSC 4162 896
30  FV 5371 3377
10  WCSC 5534 799
48
50  WCSC 4555 810
30  FV 5718 3350
10  FV 5747 3356
49
50  FV 4203 3352
30  WCSC 4656 845
10  FV 4771 3381
50
50  WCSC 4113 776
30  WCSC 4549 798
10  FV 5175 3367
51
50  WCSC 4467 860
30  WCSC 5658 835
52
50  WCSC 3963 864
30  FV 4388 3355
10  FV 4463 3364
53
50  WCSC 16033 1707
54
50  WCSC 7650 1692
30  FV 11293 2015
55
50  WCSC 16081 1695
30  FV 20352 2016
56
50  WCSC 17798 1697
30  FV 19896 2017
57
50  WCSC 13322 1699
30  FV 17397 2018
58
50  FV 17403 2019
30  WCSC 18199 1702
59
50  WCSC 13190 1703
30  FV 16759 2020
60
50  WCSC 15089 1704
61
50  WCSC 12596 1705
SCORE:WCSC,FV,4010,1400,261.0
