WCSC-FR
1
50  WCSC 8690 844
30  WCSC 9353 884
10  FR 9756 1771
2
50  WCSC 10839 784
30  FR 14198 1805
3
50  WCSC 7943 800
30  WCSC 8633 883
10  FR 9077 1829
4
50  FR 7209 1825
30  WCSC 8409 810
10  WCSC 9688 775
5
50  FR 7641 1767
30  WCSC 7784 895
10  FR 9555 1833
6
50  WCSC 7896 776
30  FR 8712 1781
10  WCSC 8833 821
7
50  FR 8011 1828
30  WCSC 8963 860
10  FR 9367 1769
8
50  WCSC 7650 843
30  WCSC 7728 787
10  FR 7819 1749
9
50  WCSC 3175 869
30  WCSC 3328 872
10  FR 4226 1823
10
50  WCSC 3536 830
30  WCSC 3673 786
10  WCSC 5096 822
11
50  WCSC 1889 855
30  FR 2003 1815
10  WCSC 2129 826
12
50  WCSC 1740 870
30  WCSC 1904 877
10  FR 2009 1740
13
50  WCSC 3738 871
30  WCSC 3787 884
10  WCSC 4163 839
14
50  WCSC 4129 831
30  WCSC 4481 868
10  WCSC 4502 823
15
50  WCSC 3219 896
30  WCSC 3312 840
10  FR 3487 1785
16
50  FR 2909 1825
30  WCSC 3434 775
10  WCSC 3517 863
17
50  WCSC 7082 859
30  WCSC 7348 845
10  FR 8153 1833
18
50  WCSC 6674 798
30  WCSC 6843 776
10  WCSC 7480 821
19
50  FR 6978 1828
30  WCSC 7938 860
10  WCSC 7996 881
20
50  WCSC 6297 843
30  WCSC 7173 864
10  FR 7289 1748
21
50  WCSC 3090 869
30  WCSC 4438 872
10  FR 4902 1798
22
50  WCSC 4634 830
30  WCSC 5263 777
10  WCSC 5283 822
23
50  WCSC 2098 817
30  FR 2359 1815
10  FR 2628 1778
24
50  WCSC 1929 801
30  WCSC 2358 877
10  FR 2369 1740
25
50  WCSC 2043 816
30  FR 2137 1771
10  WCSC 2299 839
26
50  WCSC 2111 784
30  FR 2488 1837
10  WCSC 2634 868
27
50  WCSC 3813 800
30  FR 4456 1785
10  FR 4617 1797
28
50  WCSC 4178 810
30  FR 4469 1826
10  FR 4849 1784
29
50  WCSC 3500 895
30  FR 3559 1767
10  FR 4101 1833
30
50  WCSC 3909 821
30  FR 4107 1781
10  FR 4263 1831
31
80  FR 3485 1765
40  WCSC 3840 803
0  WCSC 4301 835
32
80  FR 3537 1749
40  WCSC 3606 864
0  FR 3950 1748
33
80  WCSC 2225 826
40  FR 2371 1815
0  WCSC 2500 817
34
80  WCSC 2223 877
40  FR 2468 1740
0  FR 2562 1770
35
50  WCSC 1938 871
30  FR 2038 1771
10  FR 2295 1786
36
50  WCSC 2122 876
30  WCSC 3057 823
37
50  WCSC 3982 840
30  FR 4082 1785
10  FR 4656 1829
38
50  FR 3378 1825
30  WCSC 4317 863
10  FR 4474 1784
39
50  FR 3359 1767
30  WCSC 3434 859
10  WCSC 4315 828
40
50  WCSC 3463 798
30  FR 3883 1781
10  FR 3989 1756
41
50  FR 3181 1765
30  FR 3494 1828
10  WCSC 3803 803
42
50  WCSC 3134 787
30  WCSC 3376 790
10  FR 3447 1749
43
50  WCSC 2682 855
30  WCSC 3027 826
10  FR 3201 1778
44
50  WCSC 2112 801
30  WCSC 2583 870
10  FR 2806 1770
45
50  WCSC 2151 844
30  FR 2412 1771
10  FR 2652 1741
46
50  WCSC 2403 831
30  FR 2884 1794
10  FR 2992 1805
47
50  WCSC 4162 896
30  FR 4369 1829
10  FR 5456 1821
48
50  FR 3828 1825
30  WCSC 4555 810
10  FR 5026 1800
49
50  FR 4196 1767
30  FR 4599 1833
10  WCSC 4656 845
50
50  WCSC 4113 776
30  FR 4141 1781
10  WCSC 4549 798
51
50  FR 3700 1765
30  WCSC 4467 860
10  FR 4614 1769
52
50  WCSC 3963 864
30  FR 4293 1748
53
50  WCSC 16033 1707
30  FR 30704 1814
54
50  WCSC 7650 1692
30  FR 11241 1805
55
50  WCSC 16081 1695
30  FR 23538 1808
56
50  WCSC 17798 1697
30  FR 25100 1809
57
50  WCSC 13322 1699
30  FR 15370 1811
58
50  FR 15968 1812
30  WCSC 18199 1702
59
50  WCSC 13190 1703
60
50  WCSC 15089 1704
61
50  FR 12000 1813
30  WCSC 12596 1705
SCORE:WCSC,FR,3500,1930,157.0
