WCSC-CR
1
50  WCSC 8690 844
30  WCSC 9353 884
10  CR 11712 3318
2
50  WCSC 10839 784
30  CR 13265 3320
3
50  WCSC 7943 800
30  WCSC 8633 883
10  CR 9232 3319
4
50  WCSC 8409 810
30  CR 8600 3475
10  WCSC 9688 775
5
50  WCSC 7784 895
30  CR 8527 3299
10  CR 9890 3341
6
50  WCSC 7896 776
30  WCSC 8833 821
7
50  WCSC 8963 860
30  CR 9051 3476
10  WCSC 9778 900
8
50  CR 6896 3314
30  CR 7457 3298
10  WCSC 7650 843
9
50  CR 2966 3340
30  CR 2986 3297
10  CR 3035 3342
10
50  WCSC 3536 830
30  WCSC 3673 786
10  CR 3769 3292
11
50  WCSC 1889 855
30  WCSC 2129 826
10  WCSC 2194 862
12
50  WCSC 1740 870
30  WCSC 1904 877
10  WCSC 2085 857
13
50  WCSC 3738 871
30  WCSC 3787 884
10  WCSC 4163 839
14
50  WCSC 4129 831
30  WCSC 4481 868
10  WCSC 4502 823
15
50  WCSC 3219 896
30  WCSC 3312 840
10  CR 3501 3319
16
50  CR 3247 3475
30  WCSC 3434 775
10  WCSC 3517 863
17
50  WCSC 7082 859
30  WCSC 7348 845
10  CR 7574 3299
18
50  WCSC 6674 798
30  WCSC 6843 776
10  WCSC 7480 821
19
50  WCSC 7938 860
30  WCSC 7996 881
10  WCSC 8133 835
20
50  CR 6211 3314
30  CR 6259 3298
10  WCSC 6297 843
21
50  WCSC 3090 869
30  CR 3135 3340
10  CR 3330 3342
22
50  WCSC 4634 830
30  WCSC 5263 777
10  WCSC 5283 822
23
50  WCSC 2098 817
30  WCSC 2637 898
10  WCSC 2662 879
24
50  WCSC 1929 801
30  WCSC 2358 877
10  WCSC 2809 857
25
50  WCSC 2043 816
30  WCSC 2299 839
10  WCSC 2317 805
26
50  WCSC 2111 784
30  CR 2584 3337
10  WCSC 2634 868
27
50  WCSC 3813 800
30  CR 4382 3319
10  WCSC 5066 820
28
50  CR 3958 3475
30  WCSC 4178 810
10  CR 4915 3315
29
50  WCSC 3500 895
30  CR 3934 3299
10  WCSC 4621 858
30
50  WCSC 3909 821
30  WCSC 4312 791
10  WCSC 4536 880
31
80  WCSC 3840 803
40  CR 4231 3476
0  WCSC 4301 835
32
80  CR 3125 3314
40  WCSC 3606 864
0  WCSC 4593 827
33
80  WCSC 2225 826
40  WCSC 2500 817
0  CR 3483 3332
34
80  WCSC 2223 877
40  WCSC 2855 857
0  CR 3214 3313
35
50  WCSC 1938 871
30  WCSC 2327 816
10  WCSC 2346 839
36
50  WCSC 2122 876
30  WCSC 3057 823
37
50  WCSC 3982 840
30  WCSC 6183 793
38
50  CR 3709 3475
30  WCSC 4317 863
10  CR 4460 3470
39
50  WCSC 3434 859
30  CR 4012 3299
10  WCSC 4315 828
40
50  WCSC 3463 798
30  WCSC 4046 880
41
50  WCSC 3803 803
30  CR 3916 3476
10  WCSC 3928 900
42
50  CR 3003 3298
30  WCSC 3134 787
10  WCSC 3376 790
43
50  WCSC 2682 855
30  WCSC 3027 826
10  CR 3545 3332
44
50  WCSC 2112 801
30  WCSC 2583 870
45
50  WCSC 2151 844
30  CR 2738 3321
10  WCSC 2864 805
46
50  WCSC 2403 831
30  CR 2711 3301
47
50  WCSC 4162 896
30  CR 4747 3319
10  WCSC 5534 799
48
50  WCSC 4555 810
30  CR 6163 3312
49
50  WCSC 4656 845
30  CR 5183 3305
10  CR 5388 3300
50
50  WCSC 4113 776
30  WCSC 4549 798
51
50  WCSC 4467 860
30  WCSC 5658 835
52
50  CR 3675 3314
30  WCSC 3963 864
10  CR 3995 3298
53
50  WCSC 16033 1707
54
50  WCSC 7650 1692
30  CR 12468 2010
55
50  WCSC 16081 1695
56
50  WCSC 17798 1697
57
50  WCSC 13322 1699
58
50  CR 15619 2063
30  WCSC 18199 1702
59
50  WCSC 13190 1703
30  CR 17846 2014
60
50  WCSC 15089 1704
61
50  WCSC 12596 1705
SCORE:WCSC,CR,3940,1300,264.0
