WCSC-BJCCS
1
50  WCSC 8690 844
30  WCSC 9353 884
2
50  BJCCS 7311 1954
30  BJCCS 9619 1983
10  WCSC 10839 784
3
50  WCSC 7943 800
30  WCSC 8633 883
10  BJCCS 9831 1977
4
50  WCSC 8409 810
30  BJCCS 8868 1970
10  BJCCS 8910 1964
5
50  BJCCS 7494 1958
30  WCSC 7784 895
10  BJCCS 9193 1972
6
50  BJCCS 7580 1985
30  WCSC 7896 776
10  BJCCS 8634 1960
7
50  BJCCS 7577 1975
30  BJCCS 8144 1986
10  WCSC 8963 860
8
50  BJCCS 6444 1974
30  BJCCS 6544 1984
10  WCSC 7650 843
9
50  BJCCS 2399 1956
30  WCSC 3175 869
10  WCSC 3328 872
10
50  WCSC 3536 830
30  WCSC 3673 786
10  WCSC 5096 822
11
50  WCSC 1889 855
30  BJCCS 2100 1973
10  WCSC 2129 826
12
50  WCSC 1740 870
30  BJCCS 1892 1955
10  WCSC 1904 877
13
50  WCSC 3738 871
30  WCSC 3787 884
10  WCSC 4163 839
14
50  BJCCS 2934 1954
30  WCSC 4129 831
10  WCSC 4481 868
15
50  WCSC 3219 896
30  WCSC 3312 840
10  WCSC 3557 883
16
50  WCSC 3434 775
30  WCSC 3517 863
10  BJCCS 3568 1964
17
50  WCSC 7082 859
30  BJCCS 7103 1958
10  WCSC 7348 845
18
50  BJCCS 6120 1966
30  WCSC 6674 798
10  WCSC 6843 776
19
50  BJCCS 6706 1975
30  BJCCS 7454 1986
10  WCSC 7938 860
20
50  BJCCS 5725 1974
30  WCSC 6297 843
10  BJCCS 6940 1962
21
50  BJCCS 2962 1956
30  WCSC 3090 869
10  BJCCS 3903 1989
22
50  WCSC 4634 830
30  WCSC 5263 777
10  WCSC 5283 822
23
50  WCSC 2098 817
30  BJCCS 2553 1973
10  WCSC 2637 898
24
50  WCSC 1929 801
30  BJCCS 2342 1955
10  WCSC 2358 877
25
50  WCSC 2043 816
30  WCSC 2299 839
10  WCSC 2317 805
26
50  BJCCS 2019 1983
30  WCSC 2111 784
10  BJCCS 2356 1988
27
50  WCSC 3813 800
30  WCSC 5066 820
10  BJCCS 5075 1977
28
50  WCSC 4178 810
30  BJCCS 4400 1970
10  WCSC 5603 847
29
50  WCSC 3500 895
30  BJCCS 3747 1958
10  BJCCS 4150 1972
30
50  BJCCS 3247 1966
30  BJCCS 3419 1985
10  WCSC 3909 821
31
80  BJCCS 3610 1986
40  WCSC 3840 803
0  WCSC 4301 835
32
80  BJCCS 2989 1984
40  WCSC 3606 864
0  BJCCS 3687 1962
33
80  WCSC 2225 826
40  WCSC 2500 817
0  BJCCS 2559 1973
34
80  BJCCS 2165 1981
40  WCSC 2223 877
0  WCSC 2855 857
35
50  WCSC 1938 871
30  WCSC 2327 816
10  WCSC 2346 839
36
50  BJCCS 1770 1983
30  WCSC 2122 876
10  BJCCS 2356 1988
37
50  WCSC 3982 840
30  BJCCS 4916 1977
10  BJCCS 5334 1976
38
50  BJCCS 4031 1970
30  BJCCS 4178 1964
10  WCSC 4317 863
39
50  WCSC 3434 859
30  BJCCS 4225 1972
10  WCSC 4315 828
40
50  BJCCS 3145 1966
30  WCSC 3463 798
10  WCSC 4046 880
41
50  WCSC 3803 803
30  WCSC 3928 900
10  WCSC 4422 807
42
50  BJCCS 3000 1974
30  WCSC 3134 787
10  WCSC 3376 790
43
50  WCSC 2682 855
30  WCSC 3027 826
10  BJCCS 4025 1957
44
50  WCSC 2112 801
30  WCSC 2583 870
10  BJCCS 3022 1955
45
50  WCSC 2151 844
30  WCSC 2864 805
46
50  BJCCS 1744 1954
30  WCSC 2403 831
10  BJCCS 3508 1953
47
50  WCSC 4162 896
30  BJCCS 5529 1977
10  WCSC 5534 799
48
50  WCSC 4555 810
30  BJCCS 4834 1964
10  BJCCS 5853 1987
49
50  BJCCS 3875 1958
30  WCSC 4656 845
10  WCSC 6387 788
50
50  WCSC 4113 776
30  BJCCS 4163 1985
10  BJCCS 4372 1960
51
50  WCSC 4467 860
30  WCSC 5658 835
52
50  BJCCS 3897 1984
30  WCSC 3963 864
10  BJCCS 4203 1982
53
50  WCSC 16033 1707
54
50  WCSC 7650 1692
30  BJCCS 9233 1830
55
50  WCSC 16081 1695
56
50  BJCCS 15437 1831
30  WCSC 17798 1697
57
50  WCSC 13322 1699
58
50  WCSC 18199 1702
59
50  WCSC 13190 1703
60
50  BJCCS 12532 1832
30  WCSC 15089 1704
61
50  BJCCS 12031 1833
30  WCSC 12596 1705
SCORE:WCSC,BJCCS,3170,2170,100.0
