WCSC-OMST
1
50  WCSC 8690 844
30  WCSC 9353 884
10  OMST 11741 3251
2
50  OMST 8160 3253
30  WCSC 10839 784
10  OMST 11720 3256
3
50  WCSC 7943 800
30  OMST 8244 3275
10  WCSC 8633 883
4
50  WCSC 8409 810
30  WCSC 9688 775
10  OMST 12479 3247
5
50  WCSC 7784 895
30  OMST 7843 3258
10  WCSC 9901 832
6
50  WCSC 7896 776
30  WCSC 8833 821
10  OMST 8919 3263
7
50  OMST 7093 3269
30  OMST 7725 3285
10  WCSC 8963 860
8
50  OMST 6319 3274
30  WCSC 7650 843
10  WCSC 7728 787
9
50  WCSC 3175 869
30  WCSC 3328 872
10  OMST 4425 3259
10
50  WCSC 3536 830
30  WCSC 3673 786
10  WCSC 5096 822
11
50  WCSC 1889 855
30  WCSC 2129 826
10  WCSC 2194 862
12
50  WCSC 1740 870
30  WCSC 1904 877
10  WCSC 2085 857
13
50  WCSC 3738 871
30  WCSC 3787 884
10  WCSC 4163 839
14
50  OMST 3975 3261
30  WCSC 4129 831
10  OMST 4353 3256
15
50  WCSC 3219 896
30  WCSC 3312 840
10  OMST 3544 3279
16
50  WCSC 3434 775
30  OMST 3447 3266
10  WCSC 3517 863
17
50  WCSC 7082 859
30  WCSC 7348 845
10  OMST 8269 3271
18
50  WCSC 6674 798
30  WCSC 6843 776
10  OMST 7259 3257
19
50  OMST 6744 3285
30  WCSC 7938 860
10  WCSC 7996 881
20
50  WCSC 6297 843
30  WCSC 7173 864
10  WCSC 7327 790
21
50  WCSC 3090 869
30  WCSC 4438 872
10  OMST 4632 3259
22
50  WCSC 4634 830
30  WCSC 5263 777
10  WCSC 5283 822
23
50  WCSC 2098 817
30  WCSC 2637 898
10  WCSC 2662 879
24
50  WCSC 1929 801
30  WCSC 2358 877
10  WCSC 2809 857
25
50  WCSC 2043 816
30  WCSC 2299 839
10  WCSC 2317 805
26
50  OMST 1790 3253
30  WCSC 2111 784
10  OMST 2566 3261
27
50  WCSC 3813 800
30  OMST 3878 3275
10  OMST 4726 3279
28
50  WCSC 4178 810
30  WCSC 5603 847
10  OMST 5844 3283
29
50  WCSC 3500 895
30  OMST 3722 3258
10  OMST 4518 3271
30
50  WCSC 3909 821
30  OMST 4116 3263
10  WCSC 4312 791
31
80  OMST 3750 3285
40  WCSC 3840 803
0  WCSC 4301 835
32
80  WCSC 3606 864
40  OMST 4363 3288
0  WCSC 4593 827
33
80  WCSC 2225 826
40  WCSC 2500 817
0  OMST 4259 3289
34
80  WCSC 2223 877
40  WCSC 2855 857
0  WCSC 3469 812
35
50  WCSC 1938 871
30  WCSC 2327 816
10  WCSC 2346 839
36
50  OMST 1563 3253
30  WCSC 2122 876
10  OMST 2553 3256
37
50  WCSC 3982 840
30  OMST 4713 3279
10  OMST 5228 3262
38
50  WCSC 4317 863
30  WCSC 4653 775
10  OMST 6100 3283
39
50  WCSC 3434 859
30  OMST 3721 3258
10  WCSC 4315 828
40
50  WCSC 3463 798
30  OMST 3669 3257
10  WCSC 4046 880
41
50  OMST 3053 3269
30  WCSC 3803 803
10  WCSC 3928 900
42
50  OMST 2766 3274
30  WCSC 3134 787
10  WCSC 3376 790
43
50  WCSC 2682 855
30  WCSC 3027 826
10  OMST 4881 3260
44
50  WCSC 2112 801
30  WCSC 2583 870
10  OMST 3195 3284
45
50  WCSC 2151 844
30  WCSC 2864 805
46
50  WCSC 2403 831
30  OMST 2777 3246
47
50  WCSC 4162 896
30  OMST 4560 3275
10  WCSC 5534 799
48
50  WCSC 4555 810
30  OMST 4907 3266
10  OMST 5397 3249
49
50  WCSC 4656 845
30  OMST 5025 3265
10  OMST 5644 3254
50
50  WCSC 4113 776
30  WCSC 4549 798
10  OMST 6900 3273
51
50  OMST 3703 3269
30  WCSC 4467 860
10  WCSC 5658 835
52
50  OMST 3415 3274
30  WCSC 3963 864
53
50  WCSC 16033 1707
54
50  WCSC 7650 1692
30  OMST 12837 2003
55
50  WCSC 16081 1695
30  OMST 27406 2004
56
50  OMST 16499 2005
30  WCSC 17798 1697
57
50  WCSC 13322 1699
58
50  OMST 17262 2007
30  WCSC 18199 1702
59
50  WCSC 13190 1703
30  OMST 15246 2008
60
50  WCSC 15089 1704
61
50  OMST 12078 2009
30  WCSC 12596 1705
SCORE:WCSC,OMST,3850,1550,230.0
