WCSC-FO
1
50  WCSC 8690 844
30  WCSC 9353 884
10  FO 10771 2035
2
50  FO 10637 2042
30  WCSC 10839 784
10  FO 11528 2114
3
50  WCSC 7943 800
30  FO 8237 2055
10  WCSC 8633 883
4
50  WCSC 8409 810
30  FO 8422 2127
10  WCSC 9688 775
5
50  WCSC 7784 895
30  FO 8487 2036
10  FO 9789 2067
6
50  WCSC 7896 776
30  FO 8478 2053
10  FO 8720 2121
7
50  FO 7744 2061
30  WCSC 8963 860
10  WCSC 9778 900
8
50  FO 6400 2077
30  FO 6997 2094
10  FO 7566 2076
9
50  WCSC 3175 869
30  FO 3181 2050
10  WCSC 3328 872
10
50  FO 2470 2128
30  FO 2776 2049
10  WCSC 3536 830
11
50  WCSC 1889 855
30  FO 2071 2043
10  FO 2090 2078
12
50  WCSC 1740 870
30  WCSC 1904 877
10  FO 1906 2065
13
50  WCSC 3738 871
30  WCSC 3787 884
10  WCSC 4163 839
14
50  WCSC 4129 831
30  FO 4140 2042
10  FO 4351 2088
15
50  WCSC 3219 896
30  WCSC 3312 840
10  WCSC 3557 883
16
50  WCSC 3434 775
30  WCSC 3517 863
10  FO 3571 2066
17
50  WCSC 7082 859
30  FO 7118 2036
10  WCSC 7348 845
18
50  WCSC 6674 798
30  WCSC 6843 776
10  FO 7319 2121
19
50  FO 6721 2061
30  WCSC 7938 860
10  WCSC 7996 881
20
50  FO 5738 2077
30  FO 5938 2094
10  WCSC 6297 843
21
50  WCSC 3090 869
30  FO 3857 2050
10  WCSC 4438 872
22
50  FO 2925 2128
30  FO 3814 2049
10  WCSC 4634 830
23
50  WCSC 2098 817
30  FO 2619 2139
10  WCSC 2637 898
24
50  WCSC 1929 801
30  WCSC 2358 877
10  FO 2552 2065
25
50  WCSC 2043 816
30  WCSC 2299 839
10  WCSC 2317 805
26
50  WCSC 2111 784
30  FO 2225 2048
10  FO 2312 2114
27
50  FO 3759 2055
30  WCSC 3813 800
10  FO 4467 2109
28
50  FO 4134 2127
30  WCSC 4178 810
10  FO 4747 2066
29
50  WCSC 3500 895
30  FO 4128 2067
10  FO 4135 2060
30
50  WCSC 3909 821
30  FO 4253 2121
10  WCSC 4312 791
31
80  WCSC 3840 803
40  WCSC 4301 835
0  WCSC 4500 897
32
80  FO 3047 2077
40  FO 3414 2076
0  WCSC 3606 864
33
80  FO 2181 2139
40  WCSC 2225 826
0  FO 2381 2078
34
80  WCSC 2223 877
40  WCSC 2855 857
0  WCSC 3469 812
35
50  WCSC 1938 871
30  FO 2208 2035
10  WCSC 2327 816
36
50  WCSC 2122 876
30  FO 2222 2048
10  FO 2563 2114
37
50  WCSC 3982 840
30  FO 4659 2109
10  FO 4838 2051
38
50  FO 4043 2127
30  WCSC 4317 863
10  WCSC 4653 775
39
50  WCSC 3434 859
30  FO 3744 2036
10  FO 3968 2060
40
50  WCSC 3463 798
30  FO 3906 2053
10  WCSC 4046 880
41
50  FO 3459 2061
30  WCSC 3803 803
10  WCSC 3928 900
42
50  FO 2884 2094
30  WCSC 3134 787
10  WCSC 3376 790
43
50  WCSC 2682 855
30  FO 2740 2139
10  WCSC 3027 826
44
50  WCSC 2112 801
30  WCSC 2583 870
45
50  WCSC 2151 844
30  WCSC 2864 805
10  FO 2901 2110
46
50  WCSC 2403 831
30  FO 2462 2104
10  FO 2484 2130
47
50  FO 4008 2055
30  WCSC 4162 896
10  FO 5244 2109
48
50  WCSC 4555 810
30  FO 4576 2066
10  FO 6287 2137
49
50  FO 4431 2092
30  WCSC 4656 845
10  FO 4695 2071
50
50  FO 4110 2053
30  WCSC 4113 776
10  WCSC 4549 798
51
50  FO 3932 2061
30  WCSC 4467 860
10  WCSC 5658 835
52
50  FO 3541 2077
30  FO 3725 2094
10  WCSC 3963 864
53
50  FO 14008 1854
30  WCSC 16033 1707
54
50  WCSC 7650 1692
30  FO 9738 1838
55
50  WCSC 16081 1695
30  FO 19576 1843
56
50  WCSC 17798 1697
30  FO 18719 1846
57
50  WCSC 13322 1699
30  FO 15307 1849
58
50  FO 14984 1850
30  WCSC 18199 1702
59
50  WCSC 13190 1703
30  FO 15100 1853
60
50  WCSC 15089 1704
61
50  WCSC 12596 1705
SCORE:WCSC,FO,3140,2310,83.0
