WCSC-CH
1
50  WCSC 8690 844
30  WCSC 9353 884
10  CH 9387 3108
2
50  WCSC 10839 784
30  CH 13943 3123
10  CH 15191 3087
3
50  WCSC 7943 800
30  CH 8038 3083
10  WCSC 8633 883
4
50  WCSC 8409 810
30  WCSC 9688 775
10  CH 10107 3111
5
50  WCSC 7784 895
30  CH 8338 3086
10  WCSC 9901 832
6
50  WCSC 7896 776
30  CH 8290 3085
10  WCSC 8833 821
7
50  WCSC 8963 860
30  WCSC 9778 900
8
50  WCSC 7650 843
30  WCSC 7728 787
10  CH 9731 3107
9
50  CH 2656 3080
30  CH 3053 3062
10  WCSC 3175 869
10
50  CH 2587 3076
30  WCSC 3536 830
10  CH 3566 3067
11
50  WCSC 1889 855
30  WCSC 2129 826
10  WCSC 2194 862
12
50  WCSC 1740 870
30  WCSC 1904 877
10  WCSC 2085 857
13
50  WCSC 3738 871
30  WCSC 3787 884
10  CH 3818 3108
14
50  WCSC 4129 831
30  WCSC 4481 868
10  WCSC 4502 823
15
50  WCSC 3219 896
30  CH 3274 3083
10  WCSC 3312 840
16
50  WCSC 3434 775
30  WCSC 3517 863
10  WCSC 3730 847
17
50  WCSC 7082 859
30  WCSC 7348 845
10  CH 7585 3086
18
50  WCSC 6674 798
30  WCSC 6843 776
10  CH 7168 3085
19
50  WCSC 7938 860
30  WCSC 7996 881
10  WCSC 8133 835
20
50  WCSC 6297 843
30  WCSC 7173 864
10  WCSC 7327 790
21
50  WCSC 3090 869
30  CH 3358 3062
10  CH 3632 3080
22
50  CH 4122 3076
30  WCSC 4634 830
10  WCSC 5263 777
23
50  WCSC 2098 817
30  WCSC 2637 898
10  WCSC 2662 879
24
50  WCSC 1929 801
30  WCSC 2358 877
10  WCSC 2809 857
25
50  WCSC 2043 816
30  CH 2178 3108
10  WCSC 2299 839
26
50  WCSC 2111 784
30  CH 2538 3087
10  WCSC 2634 868
27
50  WCSC 3813 800
30  CH 3922 3083
10  CH 5050 3088
28
50  WCSC 4178 810
30  CH 4947 3073
10  CH 4950 3111
29
50  WCSC 3500 895
30  CH 3618 3086
10  WCSC 4621 858
30
50  WCSC 3909 821
30  WCSC 4312 791
10  WCSC 4536 880
31
80  WCSC 3840 803
40  WCSC 4301 835
0  WCSC 4500 897
32
80  WCSC 3606 864
40  WCSC 4593 827
0  CH 5087 3107
33
80  WCSC 2225 826
40  WCSC 2500 817
0  CH 3087 3069
34
80  WCSC 2223 877
40  CH 2778 3119
0  WCSC 2855 857
35
50  CH 1913 3066
30  WCSC 1938 871
10  CH 1999 3108
36
50  WCSC 2122 876
30  WCSC 3057 823
10  CH 3640 3123
37
50  CH 3868 3083
30  WCSC 3982 840
10  CH 4818 3088
38
50  WCSC 4317 863
30  WCSC 4653 775
10  CH 5581 3111
39
50  WCSC 3434 859
30  CH 3546 3086
10  WCSC 4315 828
40
50  WCSC 3463 798
30  WCSC 4046 880
10  CH 4072 3085
41
50  WCSC 3803 803
30  WCSC 3928 900
10  WCSC 4422 807
42
50  WCSC 3134 787
30  WCSC 3376 790
10  WCSC 4462 789
43
50  WCSC 2682 855
30  WCSC 3027 826
10  CH 3694 3120
44
50  WCSC 2112 801
30  WCSC 2583 870
10  CH 4025 3119
45
50  WCSC 2151 844
30  CH 2458 3070
10  CH 2618 3089
46
50  WCSC 2403 831
47
50  WCSC 4162 896
30  CH 5384 3068
10  WCSC 5534 799
48
50  WCSC 4555 810
30  CH 6846 3060
10  CH 7466 3073
49
50  WCSC 4656 845
30  CH 5574 3114
10  WCSC 6387 788
50
50  WCSC 4113 776
30  WCSC 4549 798
10  CH 5263 3095
51
50  WCSC 4467 860
30  WCSC 5658 835
52
50  WCSC 3963 864
30  CH 4908 3102
53
50  CH 14214 1989
30  WCSC 16033 1707
54
50  WCSC 7650 1692
30  CH 12912 1982
55
50  WCSC 16081 1695
30  CH 17409 1984
56
50  WCSC 17798 1697
30  CH 25353 1985
57
50  WCSC 13322 1699
30  CH 18681 1986
58
50  WCSC 18199 1702
30  CH 21965 1987
59
50  WCSC 13190 1703
60
50  WCSC 15089 1704
30  CH 15906 1988
61
50  WCSC 12596 1705
SCORE:WCSC,CH,4120,1270,285.0
