WCSC-SPD
1
50  WCSC 8690 844
30  WCSC 9353 884
10  SPD 10483 2543
2
50  SPD 8459 2533
30  SPD 9968 2525
10  WCSC 10839 784
3
50  WCSC 7943 800
30  WCSC 8633 883
10  SPD 10200 2513
4
50  WCSC 8409 810
30  WCSC 9688 775
10  SPD 10001 2510
5
50  WCSC 7784 895
30  SPD 7938 2532
10  SPD 8957 2503
6
50  WCSC 7896 776
30  SPD 8395 2544
10  WCSC 8833 821
7
50  WCSC 8963 860
30  WCSC 9778 900
10  SPD 10866 2557
8
50  WCSC 7650 843
30  WCSC 7728 787
10  SPD 8953 2540
9
50  WCSC 3175 869
30  WCSC 3328 872
10  SPD 3385 2489
10
50  WCSC 3536 830
30  WCSC 3673 786
10  WCSC 5096 822
11
50  WCSC 1889 855
30  WCSC 2129 826
10  WCSC 2194 862
12
50  WCSC 1740 870
30  WCSC 1904 877
10  WCSC 2085 857
13
50  WCSC 3738 871
30  WCSC 3787 884
10  WCSC 4163 839
14
50  SPD 3450 2533
30  WCSC 4129 831
10  WCSC 4481 868
15
50  WCSC 3219 896
30  WCSC 3312 840
10  WCSC 3557 883
16
50  WCSC 3434 775
30  WCSC 3517 863
10  SPD 3708 2553
17
50  SPD 6896 2532
30  WCSC 7082 859
10  WCSC 7348 845
18
50  WCSC 6674 798
30  WCSC 6843 776
10  SPD 7106 2544
19
50  WCSC 7938 860
30  WCSC 7996 881
10  WCSC 8133 835
20
50  WCSC 6297 843
30  WCSC 7173 864
10  WCSC 7327 790
21
50  WCSC 3090 869
30  SPD 3859 2489
10  SPD 3863 2490
22
50  WCSC 4634 830
30  WCSC 5263 777
10  WCSC 5283 822
23
50  WCSC 2098 817
30  WCSC 2637 898
10  WCSC 2662 879
24
50  WCSC 1929 801
30  WCSC 2358 877
10  WCSC 2809 857
25
50  WCSC 2043 816
30  SPD 2138 2543
10  WCSC 2299 839
26
50  SPD 1891 2533
30  WCSC 2111 784
10  SPD 2140 2525
27
50  WCSC 3813 800
30  SPD 4615 2511
10  SPD 4970 2513
28
50  WCSC 4178 810
30  SPD 4881 2509
10  SPD 5303 2549
29
50  WCSC 3500 895
30  SPD 4043 2518
10  WCSC 4621 858
30
50  WCSC 3909 821
30  WCSC 4312 791
10  SPD 4387 2508
31
80  WCSC 3840 803
40  SPD 4170 2539
0  WCSC 4301 835
32
80  WCSC 3606 864
40  SPD 4063 2552
0  WCSC 4593 827
33
80  WCSC 2225 826
40  WCSC 2500 817
0  SPD 4375 2534
34
80  WCSC 2223 877
40  WCSC 2855 857
0  WCSC 3469 812
35
50  WCSC 1938 871
30  WCSC 2327 816
10  WCSC 2346 839
36
50  SPD 2102 2525
30  WCSC 2122 876
10  SPD 2956 2520
37
50  WCSC 3982 840
30  SPD 4592 2550
10  SPD 4819 2511
38
50  WCSC 4317 863
30  SPD 4631 2553
10  WCSC 4653 775
39
50  WCSC 3434 859
30  SPD 3639 2532
10  SPD 3788 2503
40
50  WCSC 3463 798
30  SPD 3814 2544
10  WCSC 4046 880
41
50  WCSC 3803 803
30  WCSC 3928 900
10  SPD 4227 2539
42
50  WCSC 3134 787
30  WCSC 3376 790
10  WCSC 4462 789
43
50  WCSC 2682 855
30  WCSC 3027 826
10  SPD 3899 2526
44
50  WCSC 2112 801
30  WCSC 2583 870
45
50  WCSC 2151 844
30  SPD 2703 2512
10  WCSC 2864 805
46
50  SPD 2083 2533
30  WCSC 2403 831
10  SPD 2428 2525
47
50  WCSC 4162 896
30  SPD 4937 2513
10  WCSC 5534 799
48
50  WCSC 4555 810
30  SPD 5052 2510
10  SPD 5469 2553
49
50  WCSC 4656 845
30  SPD 4663 2547
10  SPD 4725 2503
50
50  WCSC 4113 776
30  SPD 4334 2551
10  SPD 4456 2502
51
50  WCSC 4467 860
30  SPD 5278 2516
10  SPD 5333 2557
52
50  WCSC 3963 864
30  SPD 4607 2540
10  SPD 4683 2552
53
50  WCSC 16033 1707
30  SPD 27334 1912
54
50  WCSC 7650 1692
30  SPD 15415 1904
55
50  WCSC 16081 1695
30  SPD 18900 1906
56
50  WCSC 17798 1697
57
50  WCSC 13322 1699
30  SPD 16523 1907
58
50  SPD 15638 1908
30  WCSC 18199 1702
59
50  WCSC 13190 1703
30  SPD 13778 1909
60
50  SPD 14566 1910
30  WCSC 15089 1704
61
50  WCSC 12596 1705
30  SPD 17680 1911
SCORE:WCSC,SPD,4000,1480,252.0
