WCSC-AND
1
50  WCSC 8690 844
30  WCSC 9353 884
10  AND 9931 1090
2
50  WCSC 10839 784
30  AND 15182 1134
3
50  WCSC 7943 800
30  AND 8533 1041
10  WCSC 8633 883
4
50  AND 8178 1089
30  WCSC 8409 810
10  AND 8422 1120
5
50  AND 7363 1095
30  WCSC 7784 895
10  AND 9390 1124
6
50  WCSC 7896 776
30  AND 8681 1127
10  WCSC 8833 821
7
50  AND 7909 1094
30  WCSC 8963 860
10  AND 9389 1155
8
50  WCSC 7650 843
30  WCSC 7728 787
10  AND 8629 1101
9
50  WCSC 3175 869
30  WCSC 3328 872
10  AND 4037 1072
10
50  AND 3468 1139
30  WCSC 3536 830
10  WCSC 3673 786
11
50  WCSC 1889 855
30  WCSC 2129 826
10  AND 2150 1034
12
50  WCSC 1740 870
30  WCSC 1904 877
10  WCSC 2085 857
13
50  WCSC 3738 871
30  WCSC 3787 884
10  AND 3820 1054
14
50  WCSC 4129 831
30  AND 4141 1080
10  WCSC 4481 868
15
50  WCSC 3219 896
30  WCSC 3312 840
10  AND 3380 1122
16
50  WCSC 3434 775
30  AND 3513 1079
10  WCSC 3517 863
17
50  AND 6284 1121
30  AND 6286 1095
10  WCSC 7082 859
18
50  WCSC 6674 798
30  WCSC 6843 776
10  AND 7423 1127
19
50  AND 7168 1108
30  AND 7177 1137
10  AND 7929 1113
20
50  AND 5943 1125
30  WCSC 6297 843
10  AND 7119 1116
21
50  WCSC 3090 869
30  WCSC 4438 872
10  AND 4686 1072
22
50  WCSC 4634 830
30  AND 4911 1139
10  AND 4974 1143
23
50  WCSC 2098 817
30  WCSC 2637 898
10  WCSC 2662 879
24
50  WCSC 1929 801
30  WCSC 2358 877
10  WCSC 2809 857
25
50  WCSC 2043 816
30  AND 2055 1044
10  AND 2282 1171
26
50  WCSC 2111 784
30  AND 2596 1035
10  WCSC 2634 868
27
50  AND 3713 1122
30  WCSC 3813 800
10  AND 4077 1041
28
50  AND 3865 1120
30  WCSC 4178 810
10  AND 4801 1053
29
50  WCSC 3500 895
30  AND 3901 1068
10  AND 4043 1124
30
50  WCSC 3909 821
30  WCSC 4312 791
10  AND 4322 1127
31
80  WCSC 3840 803
40  AND 3907 1108
0  AND 4229 1113
32
80  AND 3183 1125
40  WCSC 3606 864
0  AND 3636 1118
33
80  WCSC 2225 826
40  WCSC 2500 817
0  AND 3553 1105
34
80  WCSC 2223 877
40  WCSC 2855 857
0  WCSC 3469 812
35
50  AND 1935 1090
30  WCSC 1938 871
10  AND 1953 1040
36
50  WCSC 2122 876
30  AND 2289 1035
10  AND 3035 1163
37
50  AND 3932 1122
30  AND 3956 1059
10  WCSC 3982 840
38
50  AND 3591 1089
30  AND 3613 1120
10  WCSC 4317 863
39
50  AND 3193 1121
30  AND 3229 1095
10  WCSC 3434 859
40
50  WCSC 3463 798
30  AND 3823 1045
10  WCSC 4046 880
41
50  AND 3548 1137
30  WCSC 3803 803
10  WCSC 3928 900
42
50  WCSC 3134 787
30  WCSC 3376 790
10  AND 3808 1116
43
50  WCSC 2682 855
30  WCSC 3027 826
10  AND 3225 1034
44
50  WCSC 2112 801
30  WCSC 2583 870
45
50  AND 2051 1044
30  WCSC 2151 844
10  AND 2537 1054
46
50  WCSC 2403 831
30  AND 2599 1077
10  AND 3350 1134
47
50  WCSC 4162 896
30  AND 4259 1041
10  AND 5474 1126
48
50  AND 4420 1089
30  WCSC 4555 810
10  AND 5038 1079
49
50  AND 4009 1121
30  AND 4613 1124
10  AND 4620 1068
50
50  WCSC 4113 776
30  AND 4404 1081
10  AND 4473 1045
51
50  AND 4211 1094
30  AND 4288 1108
10  WCSC 4467 860
52
50  WCSC 3963 864
30  AND 4413 1101
53
50  WCSC 16033 1707
54
50  WCSC 7650 1692
30  AND 11193 1724
55
50  WCSC 16081 1695
30  AND 16214 1726
56
50  WCSC 17798 1697
30  AND 19643 1728
57
50  WCSC 13322 1699
30  AND 20541 1729
58
50  WCSC 18199 1702
59
50  WCSC 13190 1703
30  AND 14394 1731
60
50  WCSC 15089 1704
61
50  AND 12242 1732
30  WCSC 12596 1705
SCORE:WCSC,AND,3230,2170,106.0
