WCSC-SL
1
50  WCSC 8690 844
30  WCSC 9353 884
10  SL 11744 2907
2
50  SL 8346 2877
30  SL 8361 2923
10  WCSC 10839 784
3
50  WCSC 7943 800
30  WCSC 8633 883
10  SL 8950 2918
4
50  WCSC 8409 810
30  SL 9534 2909
10  WCSC 9688 775
5
50  SL 7340 2901
30  SL 7391 2928
10  WCSC 7784 895
6
50  SL 7120 2921
30  SL 7529 2886
10  SL 7588 2883
7
50  WCSC 8963 860
30  WCSC 9778 900
8
50  SL 7163 2917
30  WCSC 7650 843
10  WCSC 7728 787
9
50  WCSC 3175 869
30  WCSC 3328 872
10  SL 5934 2911
10
50  WCSC 3536 830
30  WCSC 3673 786
10  SL 4113 2913
11
50  SL 1652 2876
30  SL 1699 2908
10  SL 1840 2885
12
50  SL 1650 2874
30  WCSC 1740 870
10  WCSC 1904 877
13
50  WCSC 3738 871
30  WCSC 3787 884
10  WCSC 4163 839
14
50  SL 3409 2923
30  WCSC 4129 831
10  SL 4400 2894
15
50  WCSC 3219 896
30  WCSC 3312 840
10  SL 3377 2884
16
50  SL 3384 2909
30  WCSC 3434 775
10  WCSC 3517 863
17
50  SL 6280 2928
30  SL 6354 2901
10  WCSC 7082 859
18
50  SL 6249 2921
30  SL 6403 2883
10  WCSC 6674 798
19
50  WCSC 7938 860
30  WCSC 7996 881
10  WCSC 8133 835
20
50  SL 5976 2917
30  WCSC 6297 843
10  WCSC 7173 864
21
50  WCSC 3090 869
30  WCSC 4438 872
10  WCSC 8236 893
22
50  WCSC 4634 830
30  WCSC 5263 777
10  WCSC 5283 822
23
50  SL 1968 2876
30  SL 2090 2908
10  WCSC 2098 817
24
50  WCSC 1929 801
30  SL 2070 2874
10  WCSC 2358 877
25
50  WCSC 2043 816
30  WCSC 2299 839
10  WCSC 2317 805
26
50  SL 1912 2877
30  SL 2043 2899
10  WCSC 2111 784
27
50  WCSC 3813 800
30  SL 4425 2918
10  SL 4534 2897
28
50  SL 4029 2909
30  WCSC 4178 810
10  SL 5410 2880
29
50  SL 3388 2928
30  WCSC 3500 895
10  WCSC 4621 858
30
50  SL 3439 2883
30  WCSC 3909 821
10  SL 4214 2932
31
80  WCSC 3840 803
40  WCSC 4301 835
0  WCSC 4500 897
32
80  SL 3410 2917
40  WCSC 3606 864
0  WCSC 4593 827
33
80  SL 1860 2876
40  SL 2121 2908
0  WCSC 2225 826
34
80  SL 2033 2874
40  WCSC 2223 877
0  WCSC 2855 857
35
50  WCSC 1938 871
30  WCSC 2327 816
10  WCSC 2346 839
36
50  SL 1757 2877
30  WCSC 2122 876
10  SL 2149 2899
37
50  WCSC 3982 840
30  SL 4031 2920
10  SL 5065 2897
38
50  WCSC 4317 863
30  WCSC 4653 775
10  SL 4922 2909
39
50  SL 3265 2928
30  SL 3427 2901
10  WCSC 3434 859
40
50  WCSC 3463 798
30  WCSC 4046 880
10  SL 4456 2932
41
50  WCSC 3803 803
30  WCSC 3928 900
10  WCSC 4422 807
42
50  SL 2859 2917
30  WCSC 3134 787
10  WCSC 3376 790
43
50  SL 2284 2876
30  WCSC 2682 855
10  SL 2790 2885
44
50  WCSC 2112 801
30  SL 2286 2874
10  WCSC 2583 870
45
50  WCSC 2151 844
30  WCSC 2864 805
10  SL 2892 2907
46
50  SL 1938 2923
30  WCSC 2403 831
10  SL 2446 2899
47
50  WCSC 4162 896
30  SL 4651 2912
10  SL 4742 2918
48
50  WCSC 4555 810
30  SL 6701 2931
10  SL 6857 2880
49
50  SL 3903 2901
30  SL 4117 2916
10  SL 4626 2902
50
50  SL 3447 2921
30  SL 3884 2904
10  WCSC 4113 776
51
50  WCSC 4467 860
30  WCSC 5658 835
52
50  WCSC 3963 864
53
50  WCSC 16033 1707
30  SL 23862 1969
54
50  WCSC 7650 1692
30  SL 11727 1961
55
50  WCSC 16081 1695
30  SL 20788 1963
56
50  SL 15044 1965
30  WCSC 17798 1697
57
50  WCSC 13322 1699
30  SL 15791 1966
58
50  WCSC 18199 1702
59
50  WCSC 13190 1703
30  SL 15156 1967
60
50  SL 12371 1968
30  WCSC 15089 1704
61
50  WCSC 12596 1705
SCORE:WCSC,SL,2970,2430,54.0
