WCSC-SHC
1
50  WCSC 8690 844
30  SHC 8773 492
10  WCSC 9353 884
2
50  SHC 10517 475
30  SHC 10644 539
10  WCSC 10839 784
3
50  WCSC 7943 800
30  WCSC 8633 883
10  SHC 8951 533
4
50  SHC 7872 552
30  WCSC 8409 810
10  WCSC 9688 775
5
50  WCSC 7784 895
30  SHC 8052 501
10  WCSC 9901 832
6
50  SHC 6757 549
30  WCSC 7896 776
10  WCSC 8833 821
7
50  SHC 7710 459
30  SHC 7723 479
10  SHC 8297 558
8
50  SHC 7306 502
30  SHC 7419 497
10  WCSC 7650 843
9
50  WCSC 3175 869
30  WCSC 3328 872
10  SHC 3479 481
10
50  SHC 3037 565
30  WCSC 3536 830
10  SHC 3619 471
11
50  WCSC 1889 855
30  WCSC 2129 826
10  SHC 2143 564
12
50  WCSC 1740 870
30  WCSC 1904 877
10  WCSC 2085 857
13
50  SHC 3514 492
30  WCSC 3738 871
10  WCSC 3787 884
14
50  WCSC 4129 831
30  SHC 4207 537
10  WCSC 4481 868
15
50  WCSC 3219 896
30  WCSC 3312 840
10  SHC 3479 533
16
50  SHC 3036 552
30  WCSC 3434 775
10  WCSC 3517 863
17
50  WCSC 7082 859
30  SHC 7129 546
10  WCSC 7348 845
18
50  WCSC 6674 798
30  WCSC 6843 776
10  SHC 7143 493
19
50  SHC 6655 479
30  SHC 6933 459
10  SHC 7867 489
20
50  SHC 5949 490
30  SHC 6294 497
10  WCSC 6297 843
21
50  SHC 2812 540
30  WCSC 3090 869
10  SHC 3757 481
22
50  SHC 3253 565
30  SHC 3894 471
10  WCSC 4634 830
23
50  WCSC 2098 817
30  SHC 2502 564
10  WCSC 2637 898
24
50  WCSC 1929 801
30  WCSC 2358 877
10  WCSC 2809 857
25
50  SHC 2013 550
30  WCSC 2043 816
10  SHC 2044 513
26
50  WCSC 2111 784
30  WCSC 2634 868
10  SHC 2653 457
27
50  WCSC 3813 800
30  SHC 4386 533
10  SHC 4756 487
28
50  WCSC 4178 810
30  SHC 4765 451
10  SHC 5445 525
29
50  WCSC 3500 895
30  SHC 3509 546
10  WCSC 4621 858
30
50  WCSC 3909 821
30  SHC 4305 493
10  WCSC 4312 791
31
80  SHC 3706 558
40  SHC 3828 458
0  WCSC 3840 803
32
80  SHC 3169 502
40  WCSC 3606 864
0  SHC 3619 526
33
80  WCSC 2225 826
40  WCSC 2500 817
0  SHC 2923 554
34
80  WCSC 2223 877
40  WCSC 2855 857
0  WCSC 3469 812
35
50  SHC 1906 463
30  WCSC 1938 871
10  WCSC 2327 816
36
50  SHC 2075 537
30  WCSC 2122 876
10  SHC 2173 539
37
50  WCSC 3982 840
30  SHC 4158 514
10  SHC 4610 487
38
50  SHC 3333 552
30  WCSC 4317 863
10  WCSC 4653 775
39
50  SHC 3290 501
30  WCSC 3434 859
10  SHC 3653 546
40
50  SHC 2951 549
30  WCSC 3463 798
10  SHC 3667 493
41
50  SHC 3356 459
30  SHC 3443 479
10  WCSC 3803 803
42
50  SHC 2906 490
30  SHC 3016 502
10  WCSC 3134 787
43
50  WCSC 2682 855
30  WCSC 3027 826
10  SHC 3154 553
44
50  WCSC 2112 801
30  WCSC 2583 870
10  SHC 3788 464
45
50  SHC 2141 550
30  WCSC 2151 844
10  SHC 2513 522
46
50  SHC 2295 475
30  WCSC 2403 831
10  SHC 2475 539
47
50  WCSC 4162 896
30  SHC 5463 482
10  WCSC 5534 799
48
50  WCSC 4555 810
30  SHC 5134 542
10  SHC 5643 466
49
50  WCSC 4656 845
30  SHC 4671 478
10  WCSC 6387 788
50
50  SHC 3461 549
30  WCSC 4113 776
10  WCSC 4549 798
51
50  SHC 4114 458
30  WCSC 4467 860
10  SHC 4837 489
52
50  SHC 3760 490
30  SHC 3804 497
10  WCSC 3963 864
53
50  WCSC 16033 1707
30  SHC 16298 1670
54
50  WCSC 7650 1692
55
50  SHC 14927 1665
30  WCSC 16081 1695
56
50  WCSC 17798 1697
30  SHC 18851 1666
57
50  WCSC 13322 1699
30  SHC 18766 1667
58
50  WCSC 18199 1702
59
50  WCSC 13190 1703
60
50  WCSC 15089 1704
61
50  WCSC 12596 1705
SCORE:WCSC,SHC,2890,2480,41.0
