WCSC-WH
1
50  WCSC 8690 844
30  WCSC 9353 884
10  WH 9640 1193
2
50  WH 10577 1271
30  WCSC 10839 784
10  WH 10928 1228
3
50  WCSC 7943 800
30  WH 8247 1194
10  WCSC 8633 883
4
50  WCSC 8409 810
30  WH 9193 1192
10  WCSC 9688 775
5
50  WCSC 7784 895
30  WH 7892 1191
10  WH 9129 1190
6
50  WCSC 7896 776
30  WCSC 8833 821
10  WH 10114 1226
7
50  WH 8651 1276
30  WCSC 8963 860
10  WCSC 9778 900
8
50  WCSC 7650 843
30  WCSC 7728 787
10  WH 8286 1280
9
50  WCSC 3175 869
30  WCSC 3328 872
10  WH 3735 1229
10
50  WCSC 3536 830
30  WCSC 3673 786
10  WH 4124 1181
11
50  WCSC 1889 855
30  WH 2018 1188
10  WH 2124 1236
12
50  WCSC 1740 870
30  WCSC 1904 877
10  WCSC 2085 857
13
50  WCSC 3738 871
30  WCSC 3787 884
10  WCSC 4163 839
14
50  WH 4037 1228
30  WCSC 4129 831
10  WCSC 4481 868
15
50  WCSC 3219 896
30  WCSC 3312 840
10  WH 3344 1194
16
50  WCSC 3434 775
30  WCSC 3517 863
10  WH 3582 1197
17
50  WCSC 7082 859
30  WCSC 7348 845
10  WH 7845 1178
18
50  WH 6598 1277
30  WCSC 6674 798
10  WCSC 6843 776
19
50  WH 6868 1187
30  WH 7183 1240
10  WH 7575 1276
20
50  WCSC 6297 843
30  WH 6743 1246
10  WCSC 7173 864
21
50  WCSC 3090 869
30  WCSC 4438 872
10  WH 5483 1229
22
50  WCSC 4634 830
30  WCSC 5263 777
10  WCSC 5283 822
23
50  WCSC 2098 817
30  WH 2603 1188
10  WCSC 2637 898
24
50  WCSC 1929 801
30  WCSC 2358 877
10  WCSC 2809 857
25
50  WCSC 2043 816
30  WH 2213 1193
10  WCSC 2299 839
26
50  WCSC 2111 784
30  WH 2321 1271
10  WCSC 2634 868
27
50  WCSC 3813 800
30  WH 3950 1194
10  WCSC 5066 820
28
50  WCSC 4178 810
30  WH 4251 1192
10  WH 4716 1197
29
50  WCSC 3500 895
30  WH 3513 1191
10  WH 4098 1178
30
50  WH 3788 1277
30  WCSC 3909 821
10  WCSC 4312 791
31
80  WH 3613 1240
40  WCSC 3840 803
0  WH 3877 1187
32
80  WH 3597 1247
40  WCSC 3606 864
0  WH 3989 1183
33
80  WCSC 2225 826
40  WCSC 2500 817
34
80  WCSC 2223 877
40  WCSC 2855 857
0  WCSC 3469 812
35
50  WCSC 1938 871
30  WH 2132 1245
10  WCSC 2327 816
36
50  WH 1815 1189
30  WCSC 2122 876
10  WH 2148 1228
37
50  WCSC 3982 840
30  WH 4920 1176
10  WH 5609 1201
38
50  WH 4260 1192
30  WCSC 4317 863
10  WCSC 4653 775
39
50  WCSC 3434 859
30  WH 3611 1191
10  WCSC 4315 828
40
50  WCSC 3463 798
30  WH 4022 1274
10  WCSC 4046 880
41
50  WH 3517 1187
30  WCSC 3803 803
10  WH 3852 1276
42
50  WCSC 3134 787
30  WCSC 3376 790
10  WH 3502 1280
43
50  WCSC 2682 855
30  WCSC 3027 826
10  WH 3268 1188
44
50  WCSC 2112 801
30  WCSC 2583 870
45
50  WCSC 2151 844
30  WH 2335 1193
10  WH 2814 1281
46
50  WH 2147 1271
30  WCSC 2403 831
10  WH 2444 1189
47
50  WCSC 4162 896
30  WH 5269 1195
10  WH 5319 1176
48
50  WCSC 4555 810
30  WH 5403 1197
10  WH 5668 1179
49
50  WH 4345 1220
30  WH 4565 1178
10  WCSC 4656 845
50
50  WH 3827 1277
30  WCSC 4113 776
10  WCSC 4549 798
51
50  WH 4341 1240
30  WCSC 4467 860
10  WH 4961 1196
52
50  WCSC 3963 864
30  WH 4106 1280
10  WH 4311 1247
53
50  WCSC 16033 1707
30  WH 24955 1733
54
50  WCSC 7650 1692
30  WH 11963 1734
55
50  WCSC 16081 1695
30  WH 28845 1735
56
50  WCSC 17798 1697
30  WH 27833 1736
57
50  WCSC 13322 1699
30  WH 23321 1737
58
50  WCSC 18199 1702
30  WH 21021 1738
59
50  WCSC 13190 1703
60
50  WCSC 15089 1704
61
50  WCSC 12596 1705
30  WH 15727 1739
SCORE:WCSC,WH,3540,1910,163.0
