WCSC-NC
1
50  WCSC 8690 844
30  WCSC 9353 884
10  NC 9537 1485
2
50  WCSC 10839 784
30  NC 10859 1532
10  NC 13682 1467
3
50  NC 7906 1477
30  WCSC 7943 800
10  WCSC 8633 883
4
50  WCSC 8409 810
30  NC 8479 1533
10  NC 9094 1471
5
50  WCSC 7784 895
30  NC 8092 1476
10  NC 9066 1506
6
50  WCSC 7896 776
30  WCSC 8833 821
10  NC 9079 1524
7
50  NC 8569 1497
30  WCSC 8963 860
10  NC 9537 1466
8
50  NC 7103 1483
30  NC 7146 1492
10  NC 7450 1509
9
50  NC 2950 1526
30  WCSC 3175 869
10  WCSC 3328 872
10
50  WCSC 3536 830
30  WCSC 3673 786
10  WCSC 5096 822
11
50  WCSC 1889 855
30  NC 2056 1515
10  WCSC 2129 826
12
50  WCSC 1740 870
30  WCSC 1904 877
10  WCSC 2085 857
13
50  WCSC 3738 871
30  WCSC 3787 884
10  WCSC 4163 839
14
50  WCSC 4129 831
30  NC 4309 1528
10  WCSC 4481 868
15
50  NC 3160 1477
30  WCSC 3219 896
10  WCSC 3312 840
16
50  NC 3250 1517
30  WCSC 3434 775
10  NC 3447 1533
17
50  WCSC 7082 859
30  WCSC 7348 845
10  NC 7388 1470
18
50  WCSC 6674 798
30  WCSC 6843 776
10  WCSC 7480 821
19
50  NC 7391 1497
30  WCSC 7938 860
10  WCSC 7996 881
20
50  NC 6181 1483
30  WCSC 6297 843
10  NC 6473 1509
21
50  WCSC 3090 869
30  NC 4007 1526
10  WCSC 4438 872
22
50  WCSC 4634 830
30  WCSC 5263 777
10  WCSC 5283 822
23
50  WCSC 2098 817
30  NC 2606 1516
10  WCSC 2637 898
24
50  WCSC 1929 801
30  WCSC 2358 877
10  NC 2572 1487
25
50  NC 1994 1485
30  WCSC 2043 816
10  WCSC 2299 839
26
50  WCSC 2111 784
30  NC 2422 1525
10  NC 2580 1467
27
50  NC 3567 1477
30  WCSC 3813 800
10  NC 4549 1504
28
50  NC 4119 1533
30  WCSC 4178 810
10  NC 4179 1471
29
50  WCSC 3500 895
30  NC 3790 1470
10  NC 4284 1506
30
50  WCSC 3909 821
30  WCSC 4312 791
10  WCSC 4536 880
31
80  WCSC 3840 803
40  NC 3954 1497
0  WCSC 4301 835
32
80  NC 3181 1492
40  NC 3437 1509
0  WCSC 3606 864
33
80  WCSC 2225 826
40  WCSC 2500 817
0  NC 2860 1516
34
80  WCSC 2223 877
40  NC 2659 1530
0  WCSC 2855 857
35
50  NC 1873 1485
30  WCSC 1938 871
10  NC 2172 1472
36
50  WCSC 2122 876
30  NC 2300 1525
10  NC 2389 1532
37
50  WCSC 3982 840
30  NC 4296 1519
10  NC 4328 1504
38
50  NC 3571 1517
30  NC 4003 1471
10  WCSC 4317 863
39
50  WCSC 3434 859
30  NC 3541 1470
10  NC 3618 1476
40
50  WCSC 3463 798
30  WCSC 4046 880
10  NC 4068 1537
41
50  NC 3763 1497
30  WCSC 3803 803
10  WCSC 3928 900
42
50  NC 2993 1483
30  NC 3113 1492
10  WCSC 3134 787
43
50  WCSC 2682 855
30  WCSC 3027 826
10  NC 3047 1516
44
50  WCSC 2112 801
30  WCSC 2583 870
10  NC 2992 1494
45
50  WCSC 2151 844
30  NC 2462 1474
10  NC 2653 1472
46
50  WCSC 2403 831
30  NC 2525 1532
10  NC 3342 1469
47
50  WCSC 4162 896
30  NC 4322 1477
10  NC 4701 1519
48
50  NC 4507 1517
30  WCSC 4555 810
10  NC 5165 1502
49
50  NC 4160 1476
30  WCSC 4656 845
10  NC 5303 1468
50
50  WCSC 4113 776
30  NC 4410 1524
10  WCSC 4549 798
51
50  WCSC 4467 860
30  NC 4844 1505
10  NC 4958 1466
52
50  NC 3615 1483
30  NC 3750 1492
10  WCSC 3963 864
53
50  WCSC 16033 1707
54
50  WCSC 7650 1692
30  NC 9591 1764
55
50  WCSC 16081 1695
30  NC 18144 1766
56
50  WCSC 17798 1697
30  NC 18106 1768
57
50  WCSC 13322 1699
30  NC 15191 1770
58
50  NC 14393 1772
30  WCSC 18199 1702
59
50  WCSC 13190 1703
30  NC 14019 1773
60
50  NC 14844 1774
30  WCSC 15089 1704
61
50  WCSC 12596 1705
30  NC 14235 1775
SCORE:WCSC,NC,3200,2290,91.0
