WH-AND
1
50  WH 9640 1193
30  AND 9931 1090
10  AND 10053 1040
2
50  WH 10577 1271
30  WH 10928 1228
10  AND 15182 1134
3
50  WH 8247 1194
30  AND 8533 1041
10  AND 9628 1059
4
50  AND 8178 1089
30  AND 8422 1120
10  WH 9193 1192
5
50  AND 7363 1095
30  WH 7892 1191
10  WH 9129 1190
6
50  AND 8681 1127
30  AND 8847 1045
10  WH 10114 1226
7
50  AND 7909 1094
30  WH 8651 1276
10  AND 9389 1155
8
50  WH 8286 1280
30  AND 8629 1101
10  WH 8650 1198
9
50  WH 3735 1229
30  AND 4037 1072
10  AND 4153 1046
10
50  AND 3468 1139
30  WH 4124 1181
10  AND 4798 1146
11
50  WH 2018 1188
30  WH 2124 1236
10  AND 2150 1034
12
50  AND 2387 1066
30  WH 2443 1211
10  WH 2872 1258
13
50  AND 3820 1054
30  AND 3843 1107
10  AND 4206 1171
14
50  WH 4037 1228
30  AND 4141 1080
10  AND 5012 1163
15
50  WH 3344 1194
30  AND 3380 1122
10  AND 3537 1059
16
50  AND 3513 1079
30  WH 3582 1197
10  WH 3814 1205
17
50  AND 6284 1121
30  AND 6286 1095
10  AND 7659 1161
18
50  WH 6598 1277
30  AND 7423 1127
10  AND 8120 1100
19
50  WH 6868 1187
30  AND 7168 1108
10  AND 7177 1137
20
50  AND 5943 1125
30  WH 6743 1246
10  AND 7119 1116
21
50  AND 4686 1072
30  AND 4868 1174
10  AND 5023 1170
22
50  AND 4911 1139
30  AND 4974 1143
10  AND 6090 1146
23
50  WH 2603 1188
30  AND 2751 1034
10  WH 2802 1236
24
50  AND 2843 1066
30  WH 3673 1256
10  AND 3783 1070
25
50  AND 2055 1044
30  WH 2213 1193
10  AND 2282 1171
26
50  WH 2321 1271
30  AND 2596 1035
10  AND 2827 1080
27
50  AND 3713 1122
30  WH 3950 1194
10  AND 4077 1041
28
50  AND 3865 1120
30  WH 4251 1192
10  WH 4716 1197
29
50  WH 3513 1191
30  AND 3901 1068
10  AND 4043 1124
30
50  WH 3788 1277
30  AND 4322 1127
10  AND 4348 1100
31
80  WH 3613 1240
40  WH 3877 1187
0  AND 3907 1108
32
80  AND 3183 1125
40  WH 3597 1247
0  AND 3636 1118
33
80  AND 3553 1105
35
50  AND 1935 1090
30  AND 1953 1040
10  WH 2132 1245
36
50  WH 1815 1189
30  WH 2148 1228
10  AND 2289 1035
37
50  AND 3932 1122
30  AND 3956 1059
10  WH 4920 1176
38
50  AND 3591 1089
30  AND 3613 1120
10  WH 4260 1192
39
50  AND 3193 1121
30  AND 3229 1095
10  WH 3611 1191
40
50  AND 3823 1045
30  WH 4022 1274
10  AND 4450 1100
41
50  WH 3517 1187
30  AND 3548 1137
10  WH 3852 1276
42
50  WH 3502 1280
30  WH 3724 1198
10  AND 3808 1116
43
50  AND 3225 1034
30  WH 3268 1188
10  AND 3423 1071
45
50  AND 2051 1044
30  WH 2335 1193
10  AND 2537 1054
46
50  WH 2147 1271
30  WH 2444 1189
10  AND 2599 1077
47
50  AND 4259 1041
30  WH 5269 1195
10  WH 5319 1176
48
50  AND 4420 1089
30  AND 5038 1079
10  WH 5403 1197
49
50  AND 4009 1121
30  WH 4345 1220
10  WH 4565 1178
50
50  WH 3827 1277
30  AND 4404 1081
10  AND 4473 1045
51
50  AND 4211 1094
30  AND 4288 1108
10  WH 4341 1240
52
50  WH 4106 1280
30  WH 4311 1247
10  WH 4359 1182
53
50  WH 24955 1733
54
50  AND 11193 1724
30  WH 11963 1734
55
50  AND 16214 1726
30  WH 28845 1735
56
50  AND 19643 1728
30  WH 27833 1736
57
50  AND 20541 1729
30  WH 23321 1737
58
50  WH 21021 1738
59
50  AND 14394 1731
61
50  AND 12242 1732
30  WH 15727 1739
SCORE:WH,AND,2220,2880,-66.0
