WH-BJCCS
1
50  WH 9640 1193
30  WH 11865 1245
2
50  BJCCS 7311 1954
30  BJCCS 9619 1983
10  WH 10577 1271
3
50  WH 8247 1194
30  WH 9784 1222
10  BJCCS 9831 1977
4
50  BJCCS 8868 1970
30  BJCCS 8910 1964
10  WH 9193 1192
5
50  BJCCS 7494 1958
30  WH 7892 1191
10  WH 9129 1190
6
50  BJCCS 7580 1985
30  BJCCS 8634 1960
10  WH 10114 1226
7
50  BJCCS 7577 1975
30  BJCCS 8144 1986
10  WH 8651 1276
8
50  BJCCS 6444 1974
30  BJCCS 6544 1984
10  BJCCS 7982 1962
9
50  BJCCS 2399 1956
30  BJCCS 3603 1978
10  WH 3735 1229
10
50  WH 4124 1181
30  WH 4823 1257
10  WH 5578 1265
11
50  WH 2018 1188
30  BJCCS 2100 1973
10  WH 2124 1236
12
50  BJCCS 1892 1955
30  BJCCS 2070 1981
10  WH 2443 1211
13
50  WH 4773 1288
30  WH 4802 1239
10  WH 5114 1287
14
50  BJCCS 2934 1954
30  WH 4037 1228
10  BJCCS 4497 1988
15
50  WH 3344 1194
30  WH 3856 1222
10  WH 3993 1176
16
50  BJCCS 3568 1964
30  WH 3582 1197
10  BJCCS 3666 1970
17
50  BJCCS 7103 1958
30  BJCCS 7806 1972
10  WH 7845 1178
18
50  BJCCS 6120 1966
30  WH 6598 1277
10  BJCCS 7762 1960
19
50  BJCCS 6706 1975
30  WH 6868 1187
10  WH 7183 1240
20
50  BJCCS 5725 1974
30  WH 6743 1246
10  BJCCS 6940 1962
21
50  BJCCS 2962 1956
30  BJCCS 3903 1989
10  BJCCS 4994 1963
23
50  BJCCS 2553 1973
30  WH 2603 1188
10  WH 2802 1236
24
50  BJCCS 2342 1955
30  BJCCS 2669 1981
10  BJCCS 3650 1965
25
50  WH 2213 1193
30  WH 2308 1245
10  WH 2604 1288
26
50  BJCCS 2019 1983
30  WH 2321 1271
10  BJCCS 2356 1988
27
50  WH 3950 1194
30  BJCCS 5075 1977
10  WH 5243 1195
28
50  WH 4251 1192
30  BJCCS 4400 1970
10  WH 4716 1197
29
50  WH 3513 1191
30  BJCCS 3747 1958
10  WH 4098 1178
30
50  BJCCS 3247 1966
30  BJCCS 3419 1985
10  WH 3788 1277
31
80  BJCCS 3610 1986
40  WH 3613 1240
0  WH 3877 1187
32
80  BJCCS 2989 1984
40  WH 3597 1247
0  BJCCS 3687 1962
33
80  BJCCS 2559 1973
40  BJCCS 3103 1956
34
80  BJCCS 2165 1981
35
50  WH 2132 1245
30  WH 2897 1281
36
50  BJCCS 1770 1983
30  WH 1815 1189
10  WH 2148 1228
37
50  BJCCS 4916 1977
30  WH 4920 1176
10  BJCCS 5334 1976
38
50  BJCCS 4031 1970
30  BJCCS 4178 1964
10  WH 4260 1192
39
50  WH 3611 1191
30  BJCCS 4225 1972
10  WH 5122 1248
40
50  BJCCS 3145 1966
30  WH 4022 1274
10  BJCCS 4636 1980
41
50  WH 3517 1187
30  WH 3852 1276
10  WH 4489 1264
42
50  BJCCS 3000 1974
30  WH 3502 1280
10  WH 3724 1198
43
50  WH 3268 1188
30  WH 3453 1279
10  WH 3673 1234
44
50  BJCCS 3022 1955
45
50  WH 2335 1193
30  WH 2814 1281
10  WH 3157 1239
46
50  BJCCS 1744 1954
30  WH 2147 1271
10  WH 2444 1189
47
50  WH 5269 1195
30  WH 5319 1176
10  WH 5495 1272
48
50  BJCCS 4834 1964
30  WH 5403 1197
10  WH 5668 1179
49
50  BJCCS 3875 1958
30  WH 4345 1220
10  WH 4565 1178
50
50  WH 3827 1277
30  BJCCS 4163 1985
10  BJCCS 4372 1960
51
50  WH 4341 1240
30  WH 4961 1196
52
50  BJCCS 3897 1984
30  WH 4106 1280
10  BJCCS 4203 1982
53
50  WH 24955 1733
54
50  BJCCS 9233 1830
30  WH 11963 1734
55
50  WH 28845 1735
56
50  BJCCS 15437 1831
30  WH 27833 1736
57
50  WH 23321 1737
58
50  WH 21021 1738
60
50  BJCCS 12532 1832
61
50  BJCCS 12031 1833
30  WH 15727 1739
SCORE:WH,BJCCS,2410,2680,-27.0
