WH-CH
1
50  CH 9387 3108
30  WH 9640 1193
10  CH 9994 3070
2
50  WH 10577 1271
30  WH 10928 1228
10  CH 13943 3123
3
50  CH 8038 3083
30  WH 8247 1194
10  WH 9784 1222
4
50  WH 9193 1192
30  CH 10107 3111
10  CH 10791 3081
5
50  WH 7892 1191
30  CH 8338 3086
10  WH 9129 1190
6
50  CH 8290 3085
30  CH 9969 3095
10  WH 10114 1226
7
50  WH 8651 1276
8
50  WH 8286 1280
30  WH 8650 1198
10  WH 9163 1200
9
50  CH 2656 3080
30  CH 3053 3062
10  CH 3434 3118
10
50  CH 2587 3076
30  CH 3566 3067
10  CH 3896 3117
11
50  WH 2018 1188
30  WH 2124 1236
10  CH 2405 3069
12
50  CH 2153 3119
30  WH 2443 1211
10  WH 2872 1258
13
50  CH 3818 3108
30  CH 3875 3070
10  CH 4100 3066
14
50  WH 4037 1228
30  WH 5099 1233
10  CH 5110 3074
15
50  CH 3274 3083
30  WH 3344 1194
10  WH 3856 1222
16
50  WH 3582 1197
30  WH 3814 1205
10  WH 3817 1217
17
50  CH 7585 3086
30  WH 7845 1178
10  WH 8026 1224
18
50  WH 6598 1277
30  CH 7168 3085
10  WH 8628 1206
19
50  WH 6868 1187
30  WH 7183 1240
10  WH 7575 1276
20
50  WH 6743 1246
30  WH 7183 1247
10  WH 7518 1182
21
50  CH 3358 3062
30  CH 3632 3080
10  CH 4530 3118
22
50  CH 4122 3076
30  CH 5985 3117
10  CH 6728 3109
23
50  WH 2603 1188
30  WH 2802 1236
10  WH 2865 1234
24
50  CH 3088 3119
30  CH 3578 3110
10  WH 3673 1256
25
50  CH 2178 3108
30  WH 2213 1193
10  WH 2308 1245
26
50  WH 2321 1271
30  CH 2538 3087
10  WH 3022 1233
27
50  CH 3922 3083
30  WH 3950 1194
10  CH 5050 3088
28
50  WH 4251 1192
30  WH 4716 1197
10  CH 4947 3073
29
50  WH 3513 1191
30  CH 3618 3086
10  WH 4098 1178
30
50  WH 3788 1277
30  WH 4543 1226
10  CH 5310 3071
31
80  WH 3613 1240
40  WH 3877 1187
0  WH 4647 1264
32
80  WH 3597 1247
40  WH 3989 1183
0  WH 4195 1198
33
80  CH 3087 3069
40  CH 4651 3077
34
80  CH 2778 3119
35
50  CH 1913 3066
30  CH 1999 3108
10  WH 2132 1245
36
50  WH 1815 1189
30  WH 2148 1228
10  CH 3640 3123
37
50  CH 3868 3083
30  CH 4818 3088
10  WH 4920 1176
38
50  WH 4260 1192
30  WH 4851 1221
10  WH 4959 1186
39
50  CH 3546 3086
30  WH 3611 1191
10  WH 5122 1248
40
50  WH 4022 1274
30  CH 4072 3085
41
50  WH 3517 1187
30  WH 3852 1276
10  WH 4489 1264
42
50  WH 3502 1280
30  WH 3724 1198
10  WH 4302 1183
43
50  WH 3268 1188
30  WH 3453 1279
10  WH 3673 1234
44
50  CH 4025 3119
45
50  WH 2335 1193
30  CH 2458 3070
10  CH 2618 3089
46
50  WH 2147 1271
30  WH 2444 1189
47
50  WH 5269 1195
30  WH 5319 1176
10  CH 5384 3068
48
50  WH 5403 1197
30  WH 5668 1179
10  CH 6846 3060
49
50  WH 4345 1220
30  WH 4565 1178
10  WH 4685 1241
50
50  WH 3827 1277
30  WH 4859 1206
10  CH 5263 3095
51
50  WH 4341 1240
30  WH 4961 1196
52
50  WH 4106 1280
30  WH 4311 1247
10  WH 4359 1182
53
50  CH 14214 1989
30  WH 24955 1733
54
50  WH 11963 1734
30  CH 12912 1982
55
50  CH 17409 1984
30  WH 28845 1735
56
50  CH 25353 1985
30  WH 27833 1736
57
50  CH 18681 1986
30  WH 23321 1737
58
50  WH 21021 1738
30  CH 21965 1987
60
50  CH 15906 1988
61
50  WH 15727 1739
SCORE:WH,CH,3160,2070,109.0
