WH-CVST
1
50  WH 9640 1193
30  CVST 11587 2418
10  WH 11865 1245
2
50  WH 10577 1271
30  WH 10928 1228
10  CVST 12734 2437
3
50  WH 8247 1194
30  WH 9784 1222
10  CVST 10802 2463
4
50  WH 9193 1192
30  CVST 9787 2472
10  CVST 10762 2415
5
50  WH 7892 1191
30  CVST 8095 2417
10  WH 9129 1190
6
50  WH 10114 1226
30  WH 10162 1274
10  CVST 10273 2480
7
50  CVST 8300 2486
30  WH 8651 1276
10  CVST 9113 2471
8
50  CVST 7131 2460
30  WH 8286 1280
10  WH 8650 1198
9
50  WH 3735 1229
30  CVST 5503 2431
10
50  CVST 4087 2450
30  WH 4124 1181
10  WH 4823 1257
11
50  WH 2018 1188
30  WH 2124 1236
10  CVST 2134 2473
12
50  CVST 2072 2430
30  WH 2443 1211
10  CVST 2494 2479
13
50  CVST 4397 2469
30  WH 4773 1288
10  WH 4802 1239
14
50  WH 4037 1228
30  CVST 4356 2416
10  CVST 4514 2466
15
50  WH 3344 1194
30  WH 3856 1222
10  CVST 3928 2463
16
50  WH 3582 1197
30  WH 3814 1205
10  WH 3817 1217
17
50  CVST 7332 2417
30  WH 7845 1178
10  WH 8026 1224
18
50  WH 6598 1277
30  WH 8628 1206
10  WH 8715 1274
19
50  WH 6868 1187
30  WH 7183 1240
10  CVST 7231 2447
20
50  CVST 6471 2460
30  WH 6743 1246
10  CVST 7039 2475
21
50  WH 5483 1229
22
50  CVST 7122 2450
23
50  CVST 2512 2473
30  WH 2603 1188
10  WH 2802 1236
24
50  CVST 2544 2430
30  CVST 3310 2453
10  CVST 3415 2479
25
50  WH 2213 1193
30  WH 2308 1245
10  CVST 2453 2418
26
50  WH 2321 1271
30  CVST 2446 2466
10  CVST 2693 2437
27
50  WH 3950 1194
30  CVST 4985 2448
10  WH 5243 1195
28
50  WH 4251 1192
30  WH 4716 1197
10  CVST 4787 2472
29
50  WH 3513 1191
30  WH 4098 1178
10  WH 4288 1190
30
50  WH 3788 1277
30  WH 4543 1226
10  CVST 5015 2474
31
80  WH 3613 1240
40  CVST 3768 2467
0  WH 3877 1187
32
80  WH 3597 1247
40  CVST 3903 2443
0  CVST 3967 2475
33
80  CVST 2497 2473
40  CVST 3566 2461
34
80  CVST 2670 2430
35
50  WH 2132 1245
30  CVST 2464 2418
10  CVST 2891 2424
36
50  WH 1815 1189
30  WH 2148 1228
10  CVST 2475 2413
37
50  WH 4920 1176
30  CVST 5131 2463
10  WH 5609 1201
38
50  WH 4260 1192
30  WH 4851 1221
10  WH 4959 1186
39
50  CVST 3459 2417
30  WH 3611 1191
10  CVST 4433 2454
40
50  WH 4022 1274
30  CVST 4744 2480
10  CVST 5309 2458
41
50  WH 3517 1187
30  CVST 3789 2486
10  CVST 3790 2447
42
50  WH 3502 1280
30  WH 3724 1198
10  CVST 4069 2475
43
50  CVST 3090 2433
30  CVST 3214 2414
10  WH 3268 1188
44
50  CVST 3410 2429
45
50  WH 2335 1193
30  CVST 2777 2478
10  WH 2814 1281
46
50  WH 2147 1271
30  WH 2444 1189
10  CVST 2589 2437
47
50  WH 5269 1195
30  WH 5319 1176
10  WH 5495 1272
48
50  CVST 5286 2408
30  WH 5403 1197
10  WH 5668 1179
49
50  WH 4345 1220
30  CVST 4415 2417
10  WH 4565 1178
50
50  WH 3827 1277
30  WH 4859 1206
10  CVST 4978 2480
51
50  WH 4341 1240
30  CVST 4631 2471
10  WH 4961 1196
52
50  CVST 3446 2460
30  WH 4106 1280
10  WH 4311 1247
53
50  WH 24955 1733
54
50  CVST 9359 1890
30  WH 11963 1734
55
50  CVST 19053 1892
30  WH 28845 1735
56
50  CVST 18637 1894
30  WH 27833 1736
57
50  CVST 17503 1896
30  WH 23321 1737
58
50  CVST 17620 1898
30  WH 21021 1738
59
50  CVST 17112 1900
60
50  CVST 15547 1901
61
50  CVST 12697 1902
30  WH 15727 1739
SCORE:WH,CVST,3110,2150,96.0
