WH-CCC
1
50  CCC 9365 2014
30  WH 9640 1193
10  WH 11865 1245
2
50  CCC 10441 2005
30  WH 10577 1271
10  WH 10928 1228
3
50  WH 8247 1194
30  CCC 9715 1991
10  WH 9784 1222
4
50  CCC 8866 2012
30  WH 9193 1192
10  CCC 9346 2027
5
50  CCC 7445 2031
30  WH 7892 1191
10  CCC 8137 2030
6
50  WH 10114 1226
30  WH 10162 1274
10  WH 10719 1273
7
50  CCC 7696 1992
30  CCC 8435 2028
10  CCC 8545 1998
8
50  CCC 7524 2002
30  WH 8286 1280
10  WH 8650 1198
9
50  CCC 3709 1996
30  WH 3735 1229
10  CCC 3804 2009
10
50  WH 4124 1181
30  WH 4823 1257
10  WH 5578 1265
11
50  WH 2018 1188
30  CCC 2076 2026
10  WH 2124 1236
12
50  CCC 1634 2020
30  WH 2443 1211
10  CCC 2770 2032
13
50  CCC 4404 1995
30  CCC 4490 2006
10  WH 4773 1288
14
50  WH 4037 1228
30  CCC 4125 2019
10  CCC 4906 2017
15
50  WH 3344 1194
30  CCC 3750 1991
10  WH 3856 1222
16
50  CCC 3407 2012
30  WH 3582 1197
10  WH 3814 1205
17
50  WH 7845 1178
30  WH 8026 1224
10  WH 8275 1190
18
50  WH 6598 1277
30  WH 8628 1206
10  WH 8715 1274
19
50  WH 6868 1187
30  CCC 7116 1992
10  WH 7183 1240
20
50  CCC 6632 2002
30  WH 6743 1246
10  WH 7183 1247
21
50  CCC 4272 1996
30  WH 5483 1229
10  CCC 6403 2016
23
50  WH 2603 1188
30  CCC 2706 2023
10  WH 2802 1236
24
50  WH 3673 1256
30  WH 4091 1211
10  CCC 4210 2000
25
50  WH 2213 1193
30  WH 2308 1245
10  WH 2604 1288
26
50  CCC 1947 2005
30  WH 2321 1271
10  CCC 2432 2025
27
50  WH 3950 1194
30  WH 5243 1195
10  WH 5293 1227
28
50  CCC 4247 2012
30  WH 4251 1192
10  WH 4716 1197
29
50  WH 3513 1191
30  CCC 3810 2030
10  WH 4098 1178
30
50  WH 3788 1277
30  WH 4543 1226
10  WH 5338 1261
31
80  WH 3613 1240
40  CCC 3662 1992
0  CCC 3813 1998
32
80  WH 3597 1247
40  WH 3989 1183
0  WH 4195 1198
33
80  CCC 2228 2026
40  CCC 3034 2024
35
50  CCC 1819 2014
30  WH 2132 1245
10  WH 2897 1281
36
50  WH 1815 1189
30  CCC 1891 2005
10  WH 2148 1228
37
50  CCC 4146 1991
30  WH 4920 1176
10  WH 5609 1201
38
50  CCC 4041 2027
30  WH 4260 1192
10  CCC 4268 2012
39
50  CCC 3515 2031
30  CCC 3572 2030
10  WH 3611 1191
40
50  WH 4022 1274
41
50  CCC 3413 1992
30  WH 3517 1187
10  CCC 3736 2028
42
50  WH 3502 1280
30  WH 3724 1198
10  WH 4302 1183
43
50  WH 3268 1188
30  WH 3453 1279
10  CCC 3622 2024
45
50  CCC 2209 2014
30  WH 2335 1193
10  CCC 2592 1995
46
50  WH 2147 1271
30  WH 2444 1189
10  CCC 3109 1997
47
50  CCC 5041 1991
30  WH 5269 1195
10  WH 5319 1176
48
50  CCC 5066 2027
30  WH 5403 1197
10  WH 5668 1179
49
50  CCC 3880 2031
30  WH 4345 1220
10  WH 4565 1178
50
50  WH 3827 1277
30  WH 4859 1206
10  WH 5274 1261
51
50  CCC 4305 2028
30  WH 4341 1240
10  CCC 4529 2013
52
50  WH 4106 1280
30  WH 4311 1247
10  WH 4359 1182
53
50  WH 24955 1733
54
50  CCC 11834 1834
30  WH 11963 1734
55
50  CCC 19756 1835
30  WH 28845 1735
56
50  CCC 20399 1836
30  WH 27833 1736
57
50  WH 23321 1737
58
50  WH 21021 1738
61
50  WH 15727 1739
SCORE:WH,CCC,2910,1990,92.0
