WH-GBP
1
50  WH 9640 1193
30  GBP 11741 3412
10  WH 11865 1245
2
50  GBP 9298 3408
30  GBP 9322 3416
10  WH 10577 1271
3
50  WH 8247 1194
30  WH 9784 1222
10  GBP 11009 3417
4
50  WH 9193 1192
30  GBP 10451 3407
10  WH 11040 1221
5
50  WH 7892 1191
30  WH 9129 1190
10  WH 9812 1241
6
50  GBP 7190 3414
30  GBP 8906 3399
10  GBP 8937 3401
7
50  GBP 7477 3415
30  WH 8651 1276
8
50  WH 8286 1280
30  GBP 8403 3393
10  WH 8650 1198
9
50  GBP 2550 3410
30  GBP 3697 3404
10  WH 3735 1229
10
50  WH 4124 1181
30  WH 4823 1257
10  WH 5578 1265
11
50  WH 2018 1188
30  GBP 2046 3413
10  WH 2124 1236
12
50  GBP 1853 3388
30  WH 2443 1211
10  GBP 2656 3403
13
50  GBP 3943 3412
30  WH 4773 1288
10  WH 4802 1239
14
50  GBP 3432 3408
30  WH 4037 1228
10  GBP 4485 3411
15
50  WH 3344 1194
30  WH 3856 1222
10  WH 3993 1176
16
50  WH 3582 1197
30  GBP 3813 3407
10  WH 3814 1205
17
50  WH 7845 1178
30  WH 8026 1224
10  WH 8275 1190
18
50  WH 6598 1277
30  GBP 8007 3399
10  GBP 8147 3400
19
50  GBP 6648 3415
30  WH 6868 1187
10  WH 7183 1240
20
50  WH 6743 1246
30  GBP 7038 3392
10  WH 7183 1247
21
50  GBP 3449 3404
30  GBP 3872 3410
10  WH 5483 1229
23
50  WH 2603 1188
30  GBP 2762 3396
10  WH 2802 1236
24
50  GBP 2508 3388
30  GBP 2585 3395
10  GBP 3559 3394
25
50  WH 2213 1193
30  WH 2308 1245
10  GBP 2384 3412
26
50  GBP 1909 3416
30  WH 2321 1271
10  GBP 2772 3411
27
50  WH 3950 1194
30  GBP 5013 3417
10  WH 5243 1195
28
50  WH 4251 1192
30  WH 4716 1197
10  WH 5074 1205
29
50  WH 3513 1191
30  WH 4098 1178
10  WH 4288 1190
30
50  GBP 3294 3414
30  WH 3788 1277
10  WH 4543 1226
31
80  WH 3613 1240
40  WH 3877 1187
0  WH 4647 1264
32
80  WH 3597 1247
40  WH 3989 1183
0  GBP 4038 3393
33
80  GBP 2384 3413
34
80  GBP 2772 3388
40  GBP 3281 3395
35
50  WH 2132 1245
30  GBP 2647 3412
10  WH 2897 1281
36
50  GBP 1660 3408
30  WH 1815 1189
10  WH 2148 1228
37
50  WH 4920 1176
30  GBP 5136 3417
10  WH 5609 1201
38
50  WH 4260 1192
30  WH 4851 1221
10  WH 4959 1186
39
50  WH 3611 1191
30  WH 5122 1248
10  WH 5656 1252
40
50  GBP 3096 3414
30  WH 4022 1274
10  GBP 4228 3399
41
50  WH 3517 1187
30  WH 3852 1276
10  WH 4489 1264
42
50  WH 3502 1280
30  WH 3724 1198
10  GBP 3747 3392
43
50  GBP 3213 3413
30  WH 3268 1188
10  WH 3453 1279
44
50  GBP 3047 3403
30  GBP 3172 3388
10  GBP 3785 3395
45
50  WH 2335 1193
30  WH 2814 1281
10  WH 3157 1239
46
50  GBP 2090 3416
30  WH 2147 1271
10  WH 2444 1189
47
50  WH 5269 1195
30  WH 5319 1176
10  WH 5495 1272
48
50  GBP 5239 3407
30  WH 5403 1197
10  WH 5668 1179
49
50  WH 4345 1220
30  WH 4565 1178
10  WH 4685 1241
50
50  WH 3827 1277
30  GBP 4584 3400
10  WH 4859 1206
51
50  GBP 4132 3418
30  WH 4341 1240
10  WH 4961 1196
52
50  GBP 3738 3393
30  GBP 4054 3392
10  WH 4106 1280
53
50  WH 24955 1733
54
50  GBP 9875 2033
30  WH 11963 1734
55
50  WH 28845 1735
56
50  GBP 16283 2035
30  WH 27833 1736
57
50  WH 23321 1737
58
50  WH 21021 1738
60
50  GBP 13453 2036
61
50  WH 15727 1739
SCORE:WH,GBP,3090,2030,106.0
