WH-HH
1
50  WH 9640 1193
30  HH 10833 2255
10  HH 10937 2250
2
50  WH 10577 1271
30  WH 10928 1228
10  HH 11531 2218
3
50  WH 8247 1194
30  HH 8407 2211
10  HH 9578 2285
4
50  WH 9193 1192
30  WH 11040 1221
10  HH 11712 2279
5
50  HH 7706 2236
30  HH 7812 2240
10  WH 7892 1191
6
50  HH 8663 2233
30  HH 9413 2227
10  WH 10114 1226
7
50  HH 7733 2237
30  WH 8651 1276
10  HH 8933 2246
8
50  HH 7209 2235
30  WH 8286 1280
10  HH 8647 2270
9
50  WH 3735 1229
30  HH 4109 2220
10  HH 5221 2214
10
50  HH 3377 2222
30  HH 3744 2225
10  WH 4124 1181
11
50  WH 2018 1188
30  WH 2124 1236
10  HH 2287 2212
12
50  WH 2443 1211
30  HH 2565 2260
10  HH 2600 2219
13
50  HH 4202 2249
30  HH 4503 2255
10  WH 4773 1288
14
50  WH 4037 1228
30  HH 4512 2221
10  HH 4875 2284
15
50  HH 3227 2211
30  WH 3344 1194
10  WH 3856 1222
16
50  WH 3582 1197
30  WH 3814 1205
10  WH 3817 1217
17
50  HH 6947 2240
30  HH 7712 2223
10  WH 7845 1178
18
50  WH 6598 1277
30  HH 8103 2227
10  WH 8628 1206
19
50  HH 6752 2237
30  WH 6868 1187
10  WH 7183 1240
20
50  HH 6551 2234
30  WH 6743 1246
10  WH 7183 1247
21
50  HH 5075 2214
30  HH 5333 2220
10  WH 5483 1229
22
50  HH 5363 2225
30  HH 5694 2222
10  HH 7483 2290
23
50  WH 2603 1188
30  WH 2802 1236
10  WH 2865 1234
24
50  WH 3673 1256
30  WH 4091 1211
10  HH 4215 2274
25
50  WH 2213 1193
30  HH 2290 2255
10  WH 2308 1245
26
50  WH 2321 1271
30  HH 2983 2259
10  HH 3021 2229
27
50  WH 3950 1194
30  HH 5237 2209
10  WH 5243 1195
28
50  WH 4251 1192
30  WH 4716 1197
10  HH 4889 2248
29
50  WH 3513 1191
30  HH 3628 2236
10  HH 3878 2223
30
50  WH 3788 1277
30  WH 4543 1226
10  HH 4996 2269
31
80  WH 3613 1240
40  HH 3649 2237
0  WH 3877 1187
32
80  WH 3597 1247
40  HH 3688 2235
0  WH 3989 1183
33
80  HH 3238 2212
40  HH 3519 2230
0  HH 3922 2289
34
80  HH 4222 2260
40  HH 5513 2239
35
50  HH 1913 2263
30  HH 2028 2249
10  WH 2132 1245
36
50  WH 1815 1189
30  WH 2148 1228
10  HH 2421 2218
37
50  HH 3806 2211
30  HH 4734 2285
10  HH 4809 2286
38
50  WH 4260 1192
30  WH 4851 1221
10  WH 4959 1186
39
50  HH 3508 2240
30  WH 3611 1191
10  HH 3614 2224
40
50  WH 4022 1274
30  HH 4760 2269
10  HH 5189 2204
41
50  HH 3301 2237
30  WH 3517 1187
10  WH 3852 1276
42
50  WH 3502 1280
30  HH 3522 2234
10  WH 3724 1198
43
50  WH 3268 1188
30  WH 3453 1279
10  WH 3673 1234
45
50  WH 2335 1193
30  HH 2358 2250
10  HH 2470 2263
46
50  WH 2147 1271
30  WH 2444 1189
10  HH 2822 2218
47
50  HH 4890 2285
30  WH 5269 1195
10  WH 5319 1176
48
50  WH 5403 1197
30  WH 5668 1179
10  WH 6892 1177
49
50  HH 3832 2236
30  WH 4345 1220
10  WH 4565 1178
50
50  WH 3827 1277
30  WH 4859 1206
10  HH 5039 2271
51
50  WH 4341 1240
30  HH 4534 2246
10  WH 4961 1196
52
50  HH 3701 2234
30  HH 3822 2235
10  WH 4106 1280
53
50  HH 18253 1874
30  WH 24955 1733
54
50  HH 11083 1862
30  WH 11963 1734
55
50  HH 17450 1864
30  WH 28845 1735
56
50  HH 20332 1866
30  WH 27833 1736
57
50  HH 15031 1868
30  WH 23321 1737
58
50  HH 18633 1869
30  WH 21021 1738
59
50  HH 13502 1870
61
50  HH 12364 1873
30  WH 15727 1739
SCORE:WH,HH,2700,2620,8.0
