WH-LCC
1
50  WH 9640 1193
30  WH 11865 1245
10  LCC 12900 2855
2
50  WH 10577 1271
30  WH 10928 1228
3
50  LCC 7247 2844
30  WH 8247 1194
10  WH 9784 1222
4
50  LCC 7346 2868
30  WH 9193 1192
10  WH 11040 1221
5
50  LCC 7149 2861
30  LCC 7241 2846
10  WH 7892 1191
6
50  LCC 8146 2867
30  WH 10114 1226
10  WH 10162 1274
7
50  LCC 6395 2845
30  LCC 8620 2858
10  WH 8651 1276
8
50  LCC 6350 2871
30  LCC 6572 2836
10  LCC 7900 2851
9
50  WH 3735 1229
30  LCC 5246 2841
10  LCC 7384 2842
10
50  WH 4124 1181
30  WH 4823 1257
10  WH 5578 1265
11
50  WH 2018 1188
30  WH 2124 1236
10  LCC 2278 2859
12
50  WH 2443 1211
30  LCC 2865 2837
10  WH 2872 1258
13
50  LCC 3277 2869
30  LCC 4483 2855
10  WH 4773 1288
14
50  WH 4037 1228
30  WH 5099 1233
10  LCC 5203 2831
15
50  WH 3344 1194
30  WH 3856 1222
10  WH 3993 1176
16
50  LCC 2821 2868
30  WH 3582 1197
10  WH 3814 1205
17
50  LCC 6550 2862
30  WH 7845 1178
10  WH 8026 1224
18
50  WH 6598 1277
30  LCC 7280 2867
10  WH 8628 1206
19
50  WH 6868 1187
30  WH 7183 1240
10  WH 7575 1276
20
50  LCC 5634 2836
30  LCC 5829 2835
10  LCC 6720 2870
21
50  LCC 4821 2842
30  WH 5483 1229
10  LCC 6763 2841
23
50  WH 2603 1188
30  LCC 2705 2832
10  WH 2802 1236
24
50  WH 3673 1256
30  LCC 3932 2837
10  WH 4091 1211
25
50  LCC 1880 2869
30  WH 2213 1193
10  WH 2308 1245
26
50  WH 2321 1271
30  LCC 2887 2831
10  WH 3022 1233
27
50  LCC 3373 2844
30  WH 3950 1194
10  WH 5243 1195
28
50  WH 4251 1192
30  WH 4716 1197
10  WH 5074 1205
29
50  WH 3513 1191
30  LCC 3544 2862
10  WH 4098 1178
30
50  WH 3788 1277
30  WH 4543 1226
10  LCC 4645 2847
31
80  WH 3613 1240
40  WH 3877 1187
0  LCC 3887 2858
32
80  LCC 2945 2871
40  WH 3597 1247
0  LCC 3756 2834
33
80  LCC 4011 2859
35
50  WH 2132 1245
30  WH 2897 1281
10  LCC 3666 2855
36
50  WH 1815 1189
30  WH 2148 1228
37
50  LCC 3470 2844
30  WH 4920 1176
10  LCC 5231 2860
38
50  WH 4260 1192
30  WH 4851 1221
10  WH 4959 1186
39
50  LCC 3019 2861
30  LCC 3026 2846
10  WH 3611 1191
40
50  LCC 3952 2867
30  WH 4022 1274
41
50  LCC 2770 2845
30  WH 3517 1187
10  WH 3852 1276
42
50  LCC 2625 2871
30  LCC 3019 2835
10  LCC 3132 2851
43
50  WH 3268 1188
30  WH 3453 1279
10  WH 3673 1234
45
50  WH 2335 1193
30  WH 2814 1281
10  WH 3157 1239
46
50  WH 2147 1271
30  WH 2444 1189
10  LCC 2716 2831
47
50  LCC 5133 2860
30  WH 5269 1195
10  WH 5319 1176
48
50  WH 5403 1197
30  WH 5668 1179
10  WH 6892 1177
49
50  LCC 3773 2861
30  LCC 3821 2846
10  WH 4345 1220
50
50  WH 3827 1277
30  WH 4859 1206
10  WH 5274 1261
51
50  LCC 3654 2845
30  WH 4341 1240
10  WH 4961 1196
52
50  LCC 3518 2836
30  LCC 3734 2851
10  LCC 3784 2835
53
50  WH 24955 1733
54
50  WH 11963 1734
55
50  LCC 20217 1954
30  WH 28845 1735
56
50  WH 27833 1736
57
50  LCC 16435 1955
30  WH 23321 1737
58
50  WH 21021 1738
59
50  LCC 11929 1956
60
50  LCC 17576 1957
61
50  LCC 11533 1959
30  WH 15727 1739
SCORE:WH,LCC,2850,2120,73.0
