WH-NSC
1
50  WH 9640 1193
30  NSC 10734 638
10  NSC 10903 666
2
50  WH 10577 1271
30  WH 10928 1228
10  NSC 10994 632
3
50  NSC 7928 660
30  WH 8247 1194
10  WH 9784 1222
4
50  WH 9193 1192
30  NSC 10388 671
10  WH 11040 1221
5
50  NSC 7594 612
30  WH 7892 1191
10  WH 9129 1190
6
50  NSC 7116 595
30  NSC 8581 601
10  NSC 8669 589
7
50  NSC 7146 664
30  NSC 7884 584
10  WH 8651 1276
8
50  NSC 6128 586
30  NSC 7101 569
10  NSC 7756 624
9
50  NSC 2872 634
30  NSC 3075 651
10  NSC 3385 674
10
50  NSC 3440 644
30  NSC 3666 630
10  WH 4124 1181
11
50  WH 2018 1188
30  WH 2124 1236
10  NSC 2137 672
12
50  NSC 2081 606
30  WH 2443 1211
10  NSC 2541 657
13
50  NSC 4031 640
30  NSC 4131 638
10  NSC 4587 618
14
50  NSC 3841 627
30  WH 4037 1228
10  NSC 4163 677
15
50  WH 3344 1194
30  NSC 3797 635
10  NSC 3807 576
16
50  WH 3582 1197
30  WH 3814 1205
10  WH 3817 1217
17
50  NSC 7472 656
30  WH 7845 1178
10  WH 8026 1224
18
50  WH 6598 1277
30  NSC 7620 617
10  NSC 7872 589
19
50  NSC 6697 573
30  WH 6868 1187
10  NSC 7000 584
20
50  NSC 5459 586
30  NSC 5678 661
10  NSC 6572 605
21
50  NSC 3888 634
30  NSC 4450 651
10  NSC 4558 575
22
50  NSC 4485 644
30  NSC 5784 654
23
50  NSC 2553 643
30  NSC 2566 665
10  WH 2603 1188
24
50  NSC 2825 606
30  NSC 3006 578
10  NSC 3125 614
25
50  NSC 2138 638
30  NSC 2170 666
10  WH 2213 1193
26
50  NSC 2112 627
30  WH 2321 1271
10  NSC 2384 677
27
50  NSC 3566 660
30  WH 3950 1194
10  NSC 4984 649
28
50  WH 4251 1192
30  WH 4716 1197
10  NSC 4747 642
29
50  WH 3513 1191
30  NSC 3691 612
10  NSC 4012 656
30
50  WH 3788 1277
30  NSC 4118 592
10  NSC 4137 617
31
80  NSC 3358 664
40  NSC 3612 594
0  WH 3613 1240
32
80  NSC 2969 586
40  NSC 3428 569
0  NSC 3500 605
33
80  NSC 2650 665
40  NSC 2703 672
0  NSC 2825 603
34
80  NSC 2619 606
35
50  NSC 2060 640
30  WH 2132 1245
10  NSC 2512 618
36
50  WH 1815 1189
30  WH 2148 1228
10  NSC 2269 631
37
50  NSC 3546 660
30  NSC 4490 576
10  NSC 4800 673
38
50  WH 4260 1192
30  WH 4851 1221
10  WH 4959 1186
39
50  WH 3611 1191
30  NSC 3901 656
10  NSC 4338 669
40
50  NSC 3934 601
30  NSC 3941 592
10  WH 4022 1274
41
50  NSC 3315 573
30  NSC 3440 567
10  WH 3517 1187
42
50  NSC 2939 661
30  NSC 3104 591
10  NSC 3250 624
43
50  NSC 2800 672
30  WH 3268 1188
10  NSC 3390 626
44
50  NSC 2832 621
30  NSC 4644 614
45
50  WH 2335 1193
30  NSC 2497 640
10  NSC 2538 666
46
50  WH 2147 1271
30  NSC 2409 632
10  WH 2444 1189
47
50  NSC 5122 593
30  NSC 5138 572
10  NSC 5259 673
48
50  NSC 5044 671
30  NSC 5400 613
10  WH 5403 1197
49
50  NSC 4059 612
30  WH 4345 1220
10  NSC 4425 625
50
50  NSC 3590 595
30  WH 3827 1277
10  NSC 4453 592
51
50  NSC 3763 664
30  NSC 4044 567
10  NSC 4137 594
52
50  NSC 3544 661
30  NSC 3844 569
10  WH 4106 1280
53
50  NSC 15700 1685
30  WH 24955 1733
54
50  NSC 9860 1672
30  WH 11963 1734
55
50  NSC 20914 1675
30  WH 28845 1735
56
50  NSC 17615 1677
30  WH 27833 1736
57
50  NSC 15450 1679
30  WH 23321 1737
58
50  WH 21021 1738
59
50  NSC 14494 1682
60
50  NSC 12959 1683
61
50  NSC 12194 1684
30  WH 15727 1739
SCORE:WH,NSC,1670,3700,-203.0
