WH-NJST
1
50  WH 9640 1193
30  NJST 10050 3229
10  WH 11865 1245
2
50  WH 10577 1271
30  WH 10928 1228
10  NJST 11875 3221
3
50  NJST 7090 3206
30  NJST 7422 3238
10  NJST 8059 3224
4
50  WH 9193 1192
30  NJST 10567 3243
10  WH 11040 1221
5
50  WH 7892 1191
30  NJST 8025 3231
10  WH 9129 1190
6
50  WH 10114 1226
30  WH 10162 1274
10  WH 10719 1273
7
50  NJST 7619 3234
30  WH 8651 1276
10  NJST 8972 3211
8
50  NJST 7947 3230
30  WH 8286 1280
10  WH 8650 1198
9
50  NJST 2247 3222
30  WH 3735 1229
10  NJST 3979 3235
10
50  WH 4124 1181
30  WH 4823 1257
10  WH 5578 1265
11
50  NJST 1965 3197
30  WH 2018 1188
10  WH 2124 1236
12
50  NJST 2010 3225
30  WH 2443 1211
10  WH 2872 1258
13
50  NJST 4263 3229
30  NJST 4753 3212
10  WH 4773 1288
14
50  WH 4037 1228
30  NJST 4209 3226
10  WH 5099 1233
15
50  NJST 2836 3206
30  NJST 2929 3238
10  NJST 3194 3191
16
50  NJST 3353 3236
30  WH 3582 1197
10  WH 3814 1205
17
50  WH 7845 1178
30  WH 8026 1224
10  WH 8275 1190
18
50  WH 6598 1277
30  WH 8628 1206
10  WH 8715 1274
19
50  NJST 6731 3234
30  WH 6868 1187
10  WH 7183 1240
20
50  WH 6743 1246
30  WH 7183 1247
10  WH 7518 1182
21
50  NJST 2794 3222
30  NJST 5043 3235
10  WH 5483 1229
23
50  WH 2603 1188
30  NJST 2604 3197
10  NJST 2613 3215
24
50  NJST 2287 3225
30  NJST 3470 3192
10  WH 3673 1256
25
50  WH 2213 1193
30  NJST 2256 3212
10  WH 2308 1245
26
50  WH 2321 1271
30  NJST 2381 3221
10  NJST 2413 3226
27
50  NJST 3425 3213
30  NJST 3872 3191
10  WH 3950 1194
28
50  WH 4251 1192
30  NJST 4575 3236
10  WH 4716 1197
29
50  WH 3513 1191
30  NJST 3852 3231
10  WH 4098 1178
30
50  WH 3788 1277
30  WH 4543 1226
10  WH 5338 1261
31
80  WH 3613 1240
40  NJST 3781 3234
0  WH 3877 1187
32
80  WH 3597 1247
40  NJST 3987 3230
0  WH 3989 1183
33
80  NJST 3345 3197
35
50  NJST 2103 3229
30  WH 2132 1245
10  NJST 2528 3196
36
50  WH 1815 1189
30  NJST 2091 3226
10  WH 2148 1228
37
50  NJST 3407 3206
30  NJST 3522 3238
10  NJST 3778 3224
38
50  WH 4260 1192
30  WH 4851 1221
10  WH 4959 1186
39
50  NJST 3557 3231
30  WH 3611 1191
10  WH 5122 1248
40
50  WH 4022 1274
41
50  NJST 3315 3234
30  WH 3517 1187
10  WH 3852 1276
42
50  WH 3502 1280
30  NJST 3604 3230
10  WH 3724 1198
43
50  NJST 3128 3219
30  WH 3268 1188
10  WH 3453 1279
44
50  NJST 3275 3225
30  NJST 4603 3205
45
50  WH 2335 1193
30  NJST 2662 3194
10  WH 2814 1281
46
50  WH 2147 1271
30  WH 2444 1189
10  NJST 3038 3221
47
50  NJST 4290 3224
30  NJST 5129 3232
10  WH 5269 1195
48
50  NJST 5291 3214
30  WH 5403 1197
10  WH 5668 1179
49
50  NJST 4193 3231
30  WH 4345 1220
10  WH 4565 1178
50
50  WH 3827 1277
30  WH 4859 1206
10  WH 5274 1261
51
50  WH 4341 1240
30  NJST 4359 3211
10  NJST 4675 3240
52
50  NJST 3787 3230
30  WH 4106 1280
10  WH 4311 1247
53
50  WH 24955 1733
54
50  NJST 10675 1997
30  WH 11963 1734
55
50  NJST 19643 1998
30  WH 28845 1735
56
50  NJST 22728 1999
30  WH 27833 1736
57
50  NJST 12482 2000
30  WH 23321 1737
58
50  NJST 18127 2002
30  WH 21021 1738
61
50  WH 15727 1739
SCORE:WH,NJST,2670,2330,34.0
