WH-PO
1
50  PO 9340 2358
30  WH 9640 1193
10  PO 10953 2304
2
50  PO 10430 2359
30  WH 10577 1271
10  WH 10928 1228
3
50  WH 8247 1194
30  WH 9784 1222
10  PO 9899 2336
4
50  PO 9149 2391
30  WH 9193 1192
10  WH 11040 1221
5
50  WH 7892 1191
30  WH 9129 1190
10  PO 9593 2388
6
50  PO 7628 2297
30  PO 7677 2366
10  PO 9113 2315
7
50  WH 8651 1276
30  PO 8925 2320
10  PO 8952 2319
8
50  PO 7191 2298
30  WH 8286 1280
10  WH 8650 1198
9
50  PO 2428 2293
30  PO 3240 2374
10  PO 3401 2365
10
50  PO 2596 2346
30  PO 3253 2322
10  PO 3576 2305
11
50  WH 2018 1188
30  PO 2096 2364
10  WH 2124 1236
12
50  PO 2075 2402
30  PO 2097 2292
10  PO 2218 2345
13
50  PO 3834 2317
30  PO 4408 2304
10  WH 4773 1288
14
50  WH 4037 1228
30  PO 4212 2359
10  PO 4251 2389
15
50  WH 3344 1194
30  WH 3856 1222
10  PO 3896 2336
16
50  WH 3582 1197
30  PO 3749 2349
10  WH 3814 1205
17
50  WH 7845 1178
30  WH 8026 1224
10  WH 8275 1190
18
50  WH 6598 1277
30  PO 7672 2315
10  PO 8137 2331
19
50  WH 6868 1187
30  PO 7177 2353
10  WH 7183 1240
20
50  WH 6743 1246
30  PO 7108 2298
10  WH 7183 1247
21
50  PO 3271 2378
30  PO 3409 2293
10  PO 3913 2303
22
50  PO 3458 2346
30  PO 3540 2322
10  PO 4746 2305
23
50  PO 2579 2351
30  WH 2603 1188
10  PO 2611 2330
24
50  PO 2745 2345
30  PO 2847 2292
10  PO 2897 2367
25
50  PO 2181 2317
30  WH 2213 1193
10  WH 2308 1245
26
50  WH 2321 1271
30  PO 2667 2307
10  PO 2954 2341
27
50  WH 3950 1194
30  WH 5243 1195
10  WH 5293 1227
28
50  WH 4251 1192
30  WH 4716 1197
10  WH 5074 1205
29
50  WH 3513 1191
30  WH 4098 1178
10  WH 4288 1190
30
50  PO 3426 2297
30  PO 3614 2366
10  WH 3788 1277
31
80  WH 3613 1240
40  WH 3877 1187
0  PO 4090 2319
32
80  WH 3597 1247
40  WH 3989 1183
0  PO 4094 2300
33
80  PO 2769 2364
40  PO 3434 2330
0  PO 3845 2293
34
80  PO 2833 2345
40  PO 2866 2402
0  PO 2975 2355
35
50  PO 1754 2358
30  PO 1951 2317
10  WH 2132 1245
36
50  WH 1815 1189
30  PO 2003 2359
10  WH 2148 1228
37
50  WH 4920 1176
30  WH 5609 1201
10  PO 5814 2403
38
50  PO 4129 2391
30  WH 4260 1192
10  WH 4851 1221
39
50  WH 3611 1191
30  PO 4303 2361
10  PO 4482 2312
40
50  PO 3357 2297
30  PO 3587 2366
10  WH 4022 1274
41
50  WH 3517 1187
30  PO 3582 2353
10  WH 3852 1276
42
50  PO 3243 2298
30  WH 3502 1280
10  WH 3724 1198
43
50  WH 3268 1188
30  WH 3453 1279
10  PO 3567 2390
44
50  PO 3713 2355
45
50  PO 2282 2358
30  WH 2335 1193
10  PO 2802 2333
46
50  WH 2147 1271
30  WH 2444 1189
10  PO 2697 2400
47
50  PO 4839 2336
30  WH 5269 1195
10  WH 5319 1176
48
50  PO 5239 2391
30  PO 5258 2349
10  WH 5403 1197
49
50  WH 4345 1220
30  WH 4565 1178
10  WH 4685 1241
50
50  WH 3827 1277
30  PO 4740 2331
10  PO 4829 2315
51
50  PO 4338 2320
30  WH 4341 1240
10  PO 4744 2319
52
50  WH 4106 1280
30  PO 4268 2300
10  WH 4311 1247
53
50  PO 12839 1888
30  WH 24955 1733
54
50  PO 9464 1876
30  WH 11963 1734
55
50  PO 17012 1877
30  WH 28845 1735
56
50  PO 19939 1879
30  WH 27833 1736
57
50  PO 19083 1881
30  WH 23321 1737
58
50  PO 16272 1882
30  WH 21021 1738
59
50  PO 15543 1884
60
50  PO 13909 1886
61
50  PO 12619 1887
30  WH 15727 1739
SCORE:WH,PO,2550,2870,-32.0
