WH-RW
1
50  WH 9640 1193
30  RW 10009 718
10  RW 11222 768
2
50  RW 8968 753
30  RW 9600 762
10  WH 10577 1271
3
50  WH 8247 1194
30  RW 8982 725
10  WH 9784 1222
4
50  WH 9193 1192
30  RW 10600 736
10  WH 11040 1221
5
50  WH 7892 1191
30  RW 7908 773
10  RW 8319 735
6
50  RW 7729 752
30  WH 10114 1226
10  WH 10162 1274
7
50  RW 7459 772
30  WH 8651 1276
8
50  RW 6948 733
30  RW 7027 763
10  RW 7268 742
9
50  RW 2557 688
30  WH 3735 1229
10  RW 4166 684
10
50  RW 3534 751
30  RW 4054 720
10  WH 4124 1181
11
50  RW 1975 771
30  WH 2018 1188
10  WH 2124 1236
12
50  RW 1829 726
30  RW 2055 696
10  RW 2206 761
13
50  RW 3735 718
30  RW 3906 701
10  RW 4695 760
14
50  RW 3905 762
30  WH 4037 1228
10  RW 4925 746
15
50  WH 3344 1194
30  RW 3539 727
10  RW 3832 725
16
50  RW 3402 724
30  WH 3582 1197
10  WH 3814 1205
17
50  RW 7229 735
30  WH 7845 1178
10  WH 8026 1224
18
50  WH 6598 1277
30  RW 6623 752
10  WH 8628 1206
19
50  RW 6387 772
30  WH 6868 1187
10  WH 7183 1240
20
50  RW 5551 716
30  RW 5951 763
10  RW 6060 733
21
50  RW 3450 688
30  RW 4716 684
10  WH 5483 1229
22
50  RW 4079 695
30  RW 4291 751
10  RW 6353 717
23
50  WH 2603 1188
30  WH 2802 1236
10  WH 2865 1234
24
50  RW 2427 726
30  RW 2718 737
10  RW 2770 747
25
50  RW 1989 701
30  WH 2213 1193
10  RW 2244 715
26
50  RW 1908 753
30  RW 2256 749
10  WH 2321 1271
27
50  WH 3950 1194
30  RW 4563 743
10  RW 4912 729
28
50  WH 4251 1192
30  WH 4716 1197
10  RW 4728 724
29
50  WH 3513 1191
30  RW 3721 735
10  WH 4098 1178
30
50  WH 3788 1277
30  WH 4543 1226
10  WH 5338 1261
31
80  WH 3613 1240
40  WH 3877 1187
0  RW 3927 722
32
80  RW 3041 716
40  RW 3259 742
0  RW 3425 690
33
80  RW 2497 771
40  RW 2947 740
0  RW 3059 750
34
80  RW 2609 696
40  RW 2669 747
0  RW 3215 748
35
50  RW 1973 718
30  WH 2132 1245
10  RW 2525 758
36
50  WH 1815 1189
30  RW 1899 762
10  WH 2148 1228
37
50  RW 4372 686
30  RW 4780 689
10  RW 4900 764
38
50  WH 4260 1192
30  RW 4420 736
10  RW 4496 766
39
50  RW 3435 773
30  WH 3611 1191
10  RW 4221 767
40
50  WH 4022 1274
30  RW 5377 769
41
50  RW 3266 772
30  WH 3517 1187
10  WH 3852 1276
42
50  RW 2739 716
30  RW 2939 733
10  RW 3106 742
43
50  RW 2462 771
30  WH 3268 1188
10  WH 3453 1279
44
50  RW 2621 726
30  RW 3435 748
45
50  WH 2335 1193
30  RW 2351 701
10  WH 2814 1281
46
50  RW 2123 753
30  WH 2147 1271
10  WH 2444 1189
47
50  RW 4334 725
30  RW 4809 727
10  WH 5269 1195
48
50  WH 5403 1197
30  RW 5496 766
10  WH 5668 1179
49
50  RW 3988 773
30  WH 4345 1220
10  WH 4565 1178
50
50  WH 3827 1277
30  RW 4049 752
10  WH 4859 1206
51
50  WH 4341 1240
30  RW 4707 722
10  WH 4961 1196
52
50  RW 3837 763
30  RW 4031 710
10  WH 4106 1280
53
50  RW 17717 1691
30  WH 24955 1733
54
50  RW 10673 1686
30  WH 11963 1734
55
50  RW 18245 1687
30  WH 28845 1735
56
50  RW 19983 1688
30  WH 27833 1736
57
50  RW 15355 1689
30  WH 23321 1737
58
50  WH 21021 1738
61
50  WH 15727 1739
SCORE:WH,RW,2070,3200,-113.0
