WH-SPL
1
50  SPL 8802 1687
30  WH 9640 1193
10  WH 11865 1245
2
50  SPL 8844 1719
30  WH 10577 1271
10  WH 10928 1228
3
50  WH 8247 1194
30  SPL 8969 1739
10  WH 9784 1222
4
50  WH 9193 1192
30  SPL 9290 1705
10  SPL 9620 1671
5
50  WH 7892 1191
30  SPL 7969 1720
10  WH 9129 1190
6
50  SPL 7284 1689
30  SPL 8876 1666
10  WH 10114 1226
7
50  SPL 7357 1698
30  SPL 7863 1697
10  SPL 8531 1664
8
50  SPL 8085 1680
30  WH 8286 1280
10  WH 8650 1198
9
50  WH 3735 1229
30  SPL 3863 1722
10  SPL 4440 1735
10
50  SPL 3256 1677
30  WH 4124 1181
10  SPL 4251 1702
11
50  SPL 1950 1672
30  SPL 2012 1708
10  WH 2018 1188
12
50  SPL 2437 1691
30  WH 2443 1211
10  SPL 2733 1662
13
50  SPL 3444 1687
30  WH 4773 1288
10  WH 4802 1239
14
50  SPL 3591 1719
30  SPL 3692 1670
10  WH 4037 1228
15
50  WH 3344 1194
30  SPL 3532 1739
10  WH 3856 1222
16
50  SPL 3479 1665
30  WH 3582 1197
10  WH 3814 1205
17
50  SPL 6478 1718
30  WH 7845 1178
10  WH 8026 1224
18
50  SPL 6409 1689
30  WH 6598 1277
10  SPL 8355 1727
19
50  SPL 6384 1698
30  WH 6868 1187
10  SPL 7006 1697
20
50  WH 6743 1246
30  WH 7183 1247
10  WH 7518 1182
21
50  SPL 4433 1722
30  WH 5483 1229
10  SPL 5750 1696
22
50  SPL 5737 1677
30  SPL 5804 1716
10  SPL 6652 1658
23
50  SPL 2555 1708
30  WH 2603 1188
10  WH 2802 1236
24
50  SPL 2646 1726
30  WH 3673 1256
10  SPL 3702 1707
25
50  WH 2213 1193
30  WH 2308 1245
10  SPL 2515 1647
26
50  SPL 1913 1719
30  WH 2321 1271
10  SPL 2665 1686
27
50  WH 3950 1194
30  SPL 4400 1709
10  WH 5243 1195
28
50  WH 4251 1192
30  WH 4716 1197
10  WH 5074 1205
29
50  WH 3513 1191
30  WH 4098 1178
10  WH 4288 1190
30
50  SPL 3484 1689
30  WH 3788 1277
10  SPL 3934 1666
31
80  SPL 3483 1698
40  WH 3613 1240
0  SPL 3735 1649
32
80  WH 3597 1247
40  WH 3989 1183
0  WH 4195 1198
33
80  SPL 3037 1676
40  SPL 3209 1715
0  SPL 3710 1734
35
50  WH 2132 1245
30  SPL 2331 1690
10  SPL 2492 1713
36
50  WH 1815 1189
30  SPL 1860 1670
10  WH 2148 1228
37
50  SPL 4055 1739
30  SPL 4759 1709
10  WH 4920 1176
38
50  SPL 3981 1705
30  WH 4260 1192
10  SPL 4577 1671
39
50  SPL 3246 1718
30  SPL 3531 1720
10  WH 3611 1191
40
50  WH 4022 1274
30  SPL 4193 1727
41
50  SPL 3366 1697
30  WH 3517 1187
10  SPL 3625 1649
42
50  WH 3502 1280
30  SPL 3697 1680
10  WH 3724 1198
43
50  SPL 2652 1672
30  WH 3268 1188
10  SPL 3321 1715
44
50  SPL 3371 1699
30  SPL 3403 1726
10  SPL 3452 1662
45
50  SPL 2033 1687
30  WH 2335 1193
10  SPL 2546 1738
46
50  WH 2147 1271
30  SPL 2422 1653
10  WH 2444 1189
47
50  SPL 5018 1652
30  SPL 5207 1663
10  WH 5269 1195
48
50  WH 5403 1197
30  SPL 5462 1700
10  WH 5668 1179
49
50  WH 4345 1220
30  WH 4565 1178
10  WH 4685 1241
50
50  WH 3827 1277
30  SPL 4475 1666
10  WH 4859 1206
51
50  WH 4341 1240
30  SPL 4402 1712
10  SPL 4475 1664
52
50  WH 4106 1280
30  WH 4311 1247
10  WH 4359 1182
53
50  SPL 18907 1804
30  WH 24955 1733
54
50  SPL 9289 1796
30  WH 11963 1734
55
50  SPL 20778 1798
30  WH 28845 1735
56
50  WH 27833 1736
57
50  SPL 17312 1800
30  WH 23321 1737
58
50  SPL 15425 1801
30  WH 21021 1738
59
50  SPL 13914 1802
61
50  SPL 13256 1803
30  WH 15727 1739
SCORE:WH,SPL,2410,2840,-43.0
