WH-SH
1
50  WH 9640 1193
30  SH 10278 2639
10  SH 11089 2607
2
50  WH 10577 1271
30  WH 10928 1228
3
50  WH 8247 1194
30  SH 8498 2619
10  SH 9564 2612
4
50  WH 9193 1192
30  SH 9948 2647
10  WH 11040 1221
5
50  SH 7836 2618
30  WH 7892 1191
10  SH 8931 2640
6
50  WH 10114 1226
30  WH 10162 1274
10  WH 10719 1273
7
50  WH 8651 1276
30  SH 9090 2631
8
50  SH 6485 2605
30  SH 7027 2613
10  WH 8286 1280
9
50  WH 3735 1229
30  SH 4522 2646
10
50  WH 4124 1181
30  WH 4823 1257
10  WH 5578 1265
11
50  WH 2018 1188
30  SH 2056 2629
10  WH 2124 1236
12
50  SH 2009 2642
30  WH 2443 1211
10  SH 2814 2644
13
50  SH 3852 2639
30  SH 4190 2603
10  SH 4442 2607
14
50  WH 4037 1228
30  WH 5099 1233
10  SH 5275 2599
15
50  WH 3344 1194
30  SH 3463 2619
10  WH 3856 1222
16
50  WH 3582 1197
30  WH 3814 1205
10  WH 3817 1217
17
50  SH 6858 2618
30  WH 7845 1178
10  WH 8026 1224
18
50  WH 6598 1277
30  WH 8628 1206
10  WH 8715 1274
19
50  WH 6868 1187
30  WH 7183 1240
10  WH 7575 1276
20
50  SH 5747 2605
30  SH 6437 2613
10  WH 6743 1246
21
50  WH 5483 1229
23
50  SH 2543 2629
30  WH 2603 1188
10  WH 2802 1236
24
50  SH 2892 2642
30  WH 3673 1256
10  WH 4091 1211
25
50  WH 2213 1193
30  WH 2308 1245
10  SH 2416 2639
26
50  WH 2321 1271
30  SH 2762 2599
10  WH 3022 1233
27
50  WH 3950 1194
30  SH 4434 2612
10  SH 4963 2608
28
50  WH 4251 1192
30  WH 4716 1197
10  SH 4732 2630
29
50  WH 3513 1191
30  SH 3769 2618
10  WH 4098 1178
30
50  WH 3788 1277
30  WH 4543 1226
10  WH 5338 1261
31
80  WH 3613 1240
40  WH 3877 1187
0  WH 4647 1264
32
80  SH 3178 2605
40  WH 3597 1247
0  WH 3989 1183
33
80  SH 2598 2629
40  SH 3369 2626
0  SH 3657 2627
34
80  SH 2623 2642
35
50  WH 2132 1245
30  SH 2202 2638
10  SH 2288 2607
36
50  WH 1815 1189
30  WH 2148 1228
10  SH 3525 2614
37
50  SH 3979 2619
30  WH 4920 1176
10  SH 5428 2608
38
50  WH 4260 1192
30  WH 4851 1221
10  WH 4959 1186
39
50  WH 3611 1191
30  SH 3807 2640
10  SH 3932 2641
40
50  WH 4022 1274
41
50  WH 3517 1187
30  WH 3852 1276
10  WH 4489 1264
42
50  SH 2953 2605
30  SH 3161 2613
10  WH 3502 1280
43
50  SH 2875 2629
30  WH 3268 1188
10  WH 3453 1279
44
50  SH 2983 2642
30  SH 3532 2644
10  SH 4311 2621
45
50  WH 2335 1193
30  SH 2408 2639
10  SH 2480 2603
46
50  WH 2147 1271
30  WH 2444 1189
10  SH 2964 2617
47
50  SH 4632 2619
30  SH 5171 2612
10  WH 5269 1195
48
50  WH 5403 1197
30  WH 5668 1179
10  WH 6892 1177
49
50  WH 4345 1220
30  WH 4565 1178
10  SH 4600 2640
50
50  WH 3827 1277
30  WH 4859 1206
10  WH 5274 1261
51
50  WH 4341 1240
30  SH 4738 2631
10  WH 4961 1196
52
50  SH 3350 2613
30  WH 4106 1280
10  WH 4311 1247
53
50  WH 24955 1733
54
50  SH 11370 1919
30  WH 11963 1734
55
50  SH 19413 1921
30  WH 28845 1735
56
50  WH 27833 1736
57
50  WH 23321 1737
58
50  SH 19108 1923
30  WH 21021 1738
59
50  SH 13886 1924
61
50  WH 15727 1739
SCORE:WH,SH,3100,1950,115.0
