WH-SA
1
50  WH 9640 1193
30  WH 11865 1245
2
50  WH 10577 1271
30  WH 10928 1228
3
50  WH 8247 1194
30  WH 9784 1222
10  WH 12036 1227
4
50  WH 9193 1192
30  WH 11040 1221
10  WH 12297 1177
5
50  WH 7892 1191
30  WH 9129 1190
10  WH 9812 1241
6
50  WH 10114 1226
30  WH 10162 1274
10  WH 10719 1273
7
50  WH 8651 1276
8
50  WH 8286 1280
30  WH 8650 1198
10  WH 9163 1200
9
50  WH 3735 1229
10
50  WH 4124 1181
30  WH 4823 1257
10  WH 5578 1265
11
50  WH 2018 1188
30  WH 2124 1236
10  WH 2493 1234
12
50  WH 2443 1211
30  WH 2872 1258
10  WH 3022 1256
13
50  WH 4773 1288
30  WH 4802 1239
10  WH 5114 1287
14
50  WH 4037 1228
30  WH 5099 1233
10  WH 5416 1207
15
50  WH 3344 1194
30  WH 3856 1222
10  WH 3993 1176
16
50  WH 3582 1197
30  WH 3814 1205
10  WH 3817 1217
17
50  WH 7845 1178
30  WH 8026 1224
10  WH 8275 1190
18
50  WH 6598 1277
30  WH 8628 1206
10  WH 8715 1274
19
50  WH 6868 1187
30  WH 7183 1240
10  WH 7575 1276
20
50  WH 6743 1246
30  WH 7183 1247
10  WH 7518 1182
21
50  WH 5483 1229
23
50  WH 2603 1188
30  WH 2802 1236
10  WH 2865 1234
24
50  WH 3673 1256
30  WH 4091 1211
10  WH 4303 1266
25
50  WH 2213 1193
30  WH 2308 1245
10  WH 2604 1288
26
50  WH 2321 1271
30  WH 3022 1233
10  WH 3368 1207
27
50  WH 3950 1194
30  WH 5243 1195
10  WH 5293 1227
28
50  WH 4251 1192
30  WH 4716 1197
10  WH 5074 1205
29
50  WH 3513 1191
30  WH 4098 1178
10  WH 4288 1190
30
50  WH 3788 1277
30  WH 4543 1226
10  WH 5338 1261
31
80  WH 3613 1240
40  WH 3877 1187
0  WH 4647 1264
32
80  WH 3597 1247
40  WH 3989 1183
0  WH 4195 1198
35
50  WH 2132 1245
30  WH 2897 1281
36
50  WH 1815 1189
30  WH 2148 1228
37
50  WH 4920 1176
30  WH 5609 1201
38
50  WH 4260 1192
30  WH 4851 1221
10  WH 4959 1186
39
50  WH 3611 1191
30  WH 5122 1248
10  WH 5656 1252
40
50  WH 4022 1274
41
50  WH 3517 1187
30  WH 3852 1276
10  WH 4489 1264
42
50  WH 3502 1280
30  WH 3724 1198
10  WH 4302 1183
43
50  WH 3268 1188
30  WH 3453 1279
10  WH 3673 1234
45
50  WH 2335 1193
30  WH 2814 1281
10  WH 3157 1239
46
50  WH 2147 1271
30  WH 2444 1189
47
50  WH 5269 1195
30  WH 5319 1176
10  WH 5495 1272
48
50  WH 5403 1197
30  WH 5668 1179
10  WH 6892 1177
49
50  WH 4345 1220
30  WH 4565 1178
10  WH 4685 1241
50
50  WH 3827 1277
30  WH 4859 1206
10  WH 5274 1261
51
50  WH 4341 1240
30  WH 4961 1196
52
50  WH 4106 1280
30  WH 4311 1247
10  WH 4359 1182
53
50  WH 24955 1733
54
50  WH 11963 1734
55
50  WH 28845 1735
56
50  WH 27833 1736
57
50  WH 23321 1737
58
50  WH 21021 1738
61
50  WH 15727 1739
SCORE:WH,SA,4500,0,450.0
