WH-SHC
1
50  SHC 8773 492
30  WH 9640 1193
10  SHC 10263 463
2
50  SHC 10517 475
30  WH 10577 1271
10  SHC 10644 539
3
50  WH 8247 1194
30  SHC 8951 533
10  SHC 9627 514
4
50  SHC 7872 552
30  WH 9193 1192
10  WH 11040 1221
5
50  WH 7892 1191
30  SHC 8052 501
10  WH 9129 1190
6
50  SHC 6757 549
30  WH 10114 1226
10  WH 10162 1274
7
50  SHC 7710 459
30  SHC 7723 479
10  SHC 8297 558
8
50  SHC 7306 502
30  SHC 7419 497
10  SHC 8186 450
9
50  SHC 3479 481
30  SHC 3513 528
10  WH 3735 1229
10
50  SHC 3037 565
30  SHC 3619 471
10  SHC 3666 534
11
50  WH 2018 1188
30  WH 2124 1236
10  SHC 2143 564
12
50  WH 2443 1211
30  SHC 2783 535
10  WH 2872 1258
13
50  SHC 3514 492
30  SHC 3799 547
10  SHC 3929 522
14
50  WH 4037 1228
30  SHC 4207 537
10  SHC 4694 559
15
50  WH 3344 1194
30  SHC 3479 533
10  SHC 3687 514
16
50  SHC 3036 552
30  WH 3582 1197
10  WH 3814 1205
17
50  SHC 7129 546
30  SHC 7729 478
10  WH 7845 1178
18
50  WH 6598 1277
30  SHC 7143 493
10  SHC 8607 488
19
50  SHC 6655 479
30  WH 6868 1187
10  SHC 6933 459
20
50  SHC 5949 490
30  SHC 6294 497
10  WH 6743 1246
21
50  SHC 2812 540
30  SHC 3757 481
10  SHC 4366 528
22
50  SHC 3253 565
30  SHC 3894 471
10  SHC 4737 534
23
50  SHC 2502 564
30  WH 2603 1188
10  WH 2802 1236
24
50  SHC 2900 464
30  WH 3673 1256
10  SHC 3818 512
25
50  SHC 2013 550
30  SHC 2044 513
10  SHC 2203 547
26
50  WH 2321 1271
30  SHC 2653 457
10  SHC 2657 538
27
50  WH 3950 1194
30  SHC 4386 533
10  SHC 4756 487
28
50  WH 4251 1192
30  WH 4716 1197
10  SHC 4765 451
29
50  SHC 3509 546
30  WH 3513 1191
10  WH 4098 1178
30
50  WH 3788 1277
30  SHC 4305 493
10  WH 4543 1226
31
80  WH 3613 1240
40  SHC 3706 558
0  SHC 3828 458
32
80  SHC 3169 502
40  WH 3597 1247
0  SHC 3619 526
33
80  SHC 2923 554
40  SHC 2977 491
0  SHC 2997 540
34
80  SHC 3849 511
35
50  SHC 1906 463
30  WH 2132 1245
10  SHC 2377 524
36
50  WH 1815 1189
30  SHC 2075 537
10  WH 2148 1228
37
50  SHC 4158 514
30  SHC 4610 487
10  WH 4920 1176
38
50  SHC 3333 552
30  WH 4260 1192
10  SHC 4793 525
39
50  SHC 3290 501
30  WH 3611 1191
10  SHC 3653 546
40
50  SHC 2951 549
30  SHC 3667 493
10  WH 4022 1274
41
50  SHC 3356 459
30  SHC 3443 479
10  WH 3517 1187
42
50  SHC 2906 490
30  SHC 3016 502
10  WH 3502 1280
43
50  SHC 3154 553
30  SHC 3207 469
10  SHC 3212 491
44
50  SHC 3788 464
45
50  SHC 2141 550
30  WH 2335 1193
10  SHC 2513 522
46
50  WH 2147 1271
30  SHC 2295 475
10  WH 2444 1189
47
50  WH 5269 1195
30  WH 5319 1176
10  SHC 5463 482
48
50  SHC 5134 542
30  WH 5403 1197
10  SHC 5643 466
49
50  WH 4345 1220
30  WH 4565 1178
10  SHC 4671 478
50
50  SHC 3461 549
30  WH 3827 1277
10  WH 4859 1206
51
50  SHC 4114 458
30  WH 4341 1240
10  SHC 4837 489
52
50  SHC 3760 490
30  SHC 3804 497
10  WH 4106 1280
53
50  SHC 16298 1670
30  WH 24955 1733
54
50  WH 11963 1734
55
50  SHC 14927 1665
30  WH 28845 1735
56
50  SHC 18851 1666
30  WH 27833 1736
57
50  SHC 18766 1667
30  WH 23321 1737
58
50  WH 21021 1738
61
50  WH 15727 1739
SCORE:WH,SHC,1930,3260,-133.0
