WH-SL
1
50  WH 9640 1193
30  SL 11744 2907
10  WH 11865 1245
2
50  SL 8346 2877
30  SL 8361 2923
10  WH 10577 1271
3
50  WH 8247 1194
30  SL 8950 2918
10  SL 9075 2884
4
50  WH 9193 1192
30  SL 9534 2909
10  WH 11040 1221
5
50  SL 7340 2901
30  SL 7391 2928
10  WH 7892 1191
6
50  SL 7120 2921
30  SL 7529 2886
10  SL 7588 2883
7
50  WH 8651 1276
8
50  SL 7163 2917
30  WH 8286 1280
10  WH 8650 1198
9
50  WH 3735 1229
30  SL 5934 2911
10  SL 5950 2896
10
50  SL 4113 2913
30  WH 4124 1181
10  WH 4823 1257
11
50  SL 1652 2876
30  SL 1699 2908
10  SL 1840 2885
12
50  SL 1650 2874
30  WH 2443 1211
10  SL 2522 2922
13
50  WH 4773 1288
30  WH 4802 1239
10  SL 4839 2905
14
50  SL 3409 2923
30  WH 4037 1228
10  SL 4400 2894
15
50  WH 3344 1194
30  SL 3377 2884
10  SL 3550 2920
16
50  SL 3384 2909
30  WH 3582 1197
10  SL 3680 2880
17
50  SL 6280 2928
30  SL 6354 2901
10  WH 7845 1178
18
50  SL 6249 2921
30  SL 6403 2883
10  WH 6598 1277
19
50  WH 6868 1187
30  WH 7183 1240
10  WH 7575 1276
20
50  SL 5976 2917
30  WH 6743 1246
10  WH 7183 1247
21
50  WH 5483 1229
23
50  SL 1968 2876
30  SL 2090 2908
10  SL 2282 2885
24
50  SL 2070 2874
30  WH 3673 1256
10  WH 4091 1211
25
50  WH 2213 1193
30  WH 2308 1245
10  SL 2450 2907
26
50  SL 1912 2877
30  SL 2043 2899
10  SL 2310 2894
27
50  WH 3950 1194
30  SL 4425 2918
10  SL 4534 2897
28
50  SL 4029 2909
30  WH 4251 1192
10  WH 4716 1197
29
50  SL 3388 2928
30  WH 3513 1191
10  WH 4098 1178
30
50  SL 3439 2883
30  WH 3788 1277
10  SL 4214 2932
31
80  WH 3613 1240
40  WH 3877 1187
0  WH 4647 1264
32
80  SL 3410 2917
40  WH 3597 1247
0  WH 3989 1183
33
80  SL 1860 2876
40  SL 2121 2908
0  SL 2362 2885
34
80  SL 2033 2874
35
50  WH 2132 1245
30  SL 2492 2907
10  SL 2657 2905
36
50  SL 1757 2877
30  WH 1815 1189
10  WH 2148 1228
37
50  SL 4031 2920
30  WH 4920 1176
10  SL 5065 2897
38
50  WH 4260 1192
30  WH 4851 1221
10  SL 4922 2909
39
50  SL 3265 2928
30  SL 3427 2901
10  WH 3611 1191
40
50  WH 4022 1274
30  SL 4456 2932
41
50  WH 3517 1187
30  WH 3852 1276
10  WH 4489 1264
42
50  SL 2859 2917
30  WH 3502 1280
10  WH 3724 1198
43
50  SL 2284 2876
30  SL 2790 2885
10  WH 3268 1188
44
50  SL 2286 2874
45
50  WH 2335 1193
30  WH 2814 1281
10  SL 2892 2907
46
50  SL 1938 2923
30  WH 2147 1271
10  WH 2444 1189
47
50  SL 4651 2912
30  SL 4742 2918
10  SL 5238 2920
48
50  WH 5403 1197
30  WH 5668 1179
10  SL 6701 2931
49
50  SL 3903 2901
30  SL 4117 2916
10  WH 4345 1220
50
50  SL 3447 2921
30  WH 3827 1277
10  SL 3884 2904
51
50  WH 4341 1240
30  WH 4961 1196
52
50  WH 4106 1280
30  WH 4311 1247
10  WH 4359 1182
53
50  SL 23862 1969
30  WH 24955 1733
54
50  SL 11727 1961
30  WH 11963 1734
55
50  SL 20788 1963
30  WH 28845 1735
56
50  SL 15044 1965
30  WH 27833 1736
57
50  SL 15791 1966
30  WH 23321 1737
58
50  WH 21021 1738
59
50  SL 15156 1967
60
50  SL 12371 1968
61
50  WH 15727 1739
SCORE:WH,SL,2290,2840,-55.0
