WH-WST
1
50  WST 9560 1393
30  WH 9640 1193
10  WST 10214 1445
2
50  WST 10409 1384
30  WH 10577 1271
10  WH 10928 1228
3
50  WH 8247 1194
30  WST 9201 1410
10  WST 9728 1391
4
50  WST 8631 1444
30  WH 9193 1192
10  WH 11040 1221
5
50  WST 7806 1401
30  WH 7892 1191
10  WST 8877 1387
6
50  WST 9363 1376
30  WST 9634 1370
10  WST 10053 1460
7
50  WH 8651 1276
30  WST 9084 1399
8
50  WST 6800 1380
30  WH 8286 1280
10  WH 8650 1198
9
50  WH 3735 1229
30  WST 5891 1427
10
50  WST 3581 1423
30  WST 3746 1405
10  WST 3935 1442
11
50  WST 1954 1411
30  WH 2018 1188
10  WH 2124 1236
12
50  WST 1846 1421
30  WST 2390 1388
10  WH 2443 1211
13
50  WST 4119 1445
30  WST 4175 1366
10  WST 4283 1386
14
50  WST 3938 1384
30  WH 4037 1228
10  WST 4257 1392
15
50  WH 3344 1194
30  WST 3622 1448
10  WST 3751 1410
16
50  WST 3387 1444
30  WH 3582 1197
10  WH 3814 1205
17
50  WST 7747 1425
30  WST 7844 1456
10  WH 7845 1178
18
50  WH 6598 1277
30  WST 7996 1370
10  WST 8036 1460
19
50  WH 6868 1187
30  WST 7150 1461
10  WH 7183 1240
20
50  WST 5963 1380
30  WH 6743 1246
10  WH 7183 1247
21
50  WH 5483 1229
22
50  WST 3468 1423
30  WST 4919 1405
10  WST 7531 1442
23
50  WST 2557 1389
30  WH 2603 1188
10  WST 2771 1404
24
50  WST 2217 1421
30  WST 3152 1415
10  WST 3157 1388
25
50  WST 2062 1393
30  WH 2213 1193
10  WST 2282 1366
26
50  WST 2282 1392
30  WH 2321 1271
10  WST 2797 1417
27
50  WH 3950 1194
30  WST 4415 1391
10  WST 4528 1410
28
50  WH 4251 1192
30  WH 4716 1197
10  WH 5074 1205
29
50  WST 3400 1401
30  WH 3513 1191
10  WST 3975 1387
30
50  WH 3788 1277
30  WST 4352 1376
10  WST 4367 1369
31
80  WH 3613 1240
40  WST 3713 1461
0  WH 3877 1187
32
80  WH 3597 1247
40  WH 3989 1183
0  WST 4072 1463
33
80  WST 2529 1411
40  WST 2560 1389
0  WST 2919 1455
34
80  WST 2022 1421
40  WST 4708 1372
0  WST 4744 1408
35
50  WST 1716 1393
30  WST 2115 1396
10  WH 2132 1245
36
50  WH 1815 1189
30  WH 2148 1228
10  WST 2963 1378
37
50  WST 4690 1448
30  WST 4878 1375
10  WH 4920 1176
38
50  WH 4260 1192
30  WST 4603 1444
10  WH 4851 1221
39
50  WH 3611 1191
30  WST 3694 1387
10  WST 4081 1456
40
50  WH 4022 1274
30  WST 4535 1370
10  WST 4549 1369
41
50  WH 3517 1187
30  WST 3744 1461
10  WH 3852 1276
42
50  WST 2927 1380
30  WH 3502 1280
10  WH 3724 1198
43
50  WST 2528 1411
30  WH 3268 1188
10  WST 3299 1455
44
50  WST 3463 1421
30  WST 3545 1388
45
50  WST 2255 1445
30  WH 2335 1193
10  WST 2484 1379
46
50  WH 2147 1271
30  WH 2444 1189
10  WST 2591 1392
47
50  WST 4922 1409
30  WST 5107 1402
10  WH 5269 1195
48
50  WST 4406 1444
30  WH 5403 1197
10  WH 5668 1179
49
50  WH 4345 1220
30  WST 4372 1456
10  WST 4502 1401
50
50  WH 3827 1277
30  WH 4859 1206
10  WST 5246 1460
51
50  WH 4341 1240
30  WST 4490 1399
10  WH 4961 1196
52
50  WH 4106 1280
30  WST 4178 1463
10  WH 4311 1247
53
50  WST 18453 1763
30  WH 24955 1733
54
50  WST 8588 1752
30  WH 11963 1734
55
50  WST 16994 1755
30  WH 28845 1735
56
50  WH 27833 1736
57
50  WST 15310 1758
30  WH 23321 1737
58
50  WH 21021 1738
59
50  WST 13947 1760
60
50  WST 14387 1761
61
50  WST 15394 1762
30  WH 15727 1739
SCORE:WH,WST,2270,3060,-79.0
