WH-WW
1
50  WW 9347 1645
30  WH 9640 1193
10  WH 11865 1245
2
50  WH 10577 1271
30  WH 10928 1228
10  WW 11716 1597
3
50  WH 8247 1194
30  WW 9519 1584
10  WH 9784 1222
4
50  WH 9193 1192
30  WW 10807 1577
10  WH 11040 1221
5
50  WH 7892 1191
30  WW 8091 1544
10  WW 8587 1626
6
50  WW 7547 1643
30  WW 9959 1576
10  WH 10114 1226
7
50  WW 7781 1616
30  WH 8651 1276
10  WW 9163 1640
8
50  WW 6700 1585
30  WW 7888 1550
10  WW 7994 1627
9
50  WW 3607 1555
30  WH 3735 1229
10
50  WW 2803 1591
30  WH 4124 1181
10  WW 4153 1615
11
50  WW 1959 1580
30  WH 2018 1188
10  WW 2100 1573
12
50  WW 2186 1619
30  WW 2438 1561
10  WH 2443 1211
13
50  WW 3890 1589
30  WW 4283 1638
10  WH 4773 1288
14
50  WH 4037 1228
30  WW 4059 1552
10  WW 4381 1569
15
50  WW 3228 1625
30  WH 3344 1194
10  WW 3729 1584
16
50  WH 3582 1197
30  WW 3762 1605
10  WH 3814 1205
17
50  WW 6844 1581
30  WW 6869 1618
10  WH 7845 1178
18
50  WH 6598 1277
30  WW 7106 1583
10  WH 8628 1206
19
50  WW 6303 1551
30  WH 6868 1187
10  WH 7183 1240
20
50  WW 6309 1582
30  WW 6444 1565
10  WH 6743 1246
21
50  WW 4309 1555
30  WH 5483 1229
22
50  WW 5181 1591
30  WW 5769 1615
10  WW 6866 1593
23
50  WW 2472 1580
30  WH 2603 1188
10  WH 2802 1236
24
50  WW 3006 1635
30  WW 3325 1619
10  WW 3415 1541
25
50  WW 2100 1645
30  WH 2213 1193
10  WH 2308 1245
26
50  WH 2321 1271
30  WW 2428 1569
10  WW 2609 1623
27
50  WH 3950 1194
30  WW 4756 1634
10  WH 5243 1195
28
50  WH 4251 1192
30  WW 4644 1605
10  WH 4716 1197
29
50  WH 3513 1191
30  WW 3622 1618
10  WW 3709 1595
30
50  WW 3488 1643
30  WW 3675 1583
10  WH 3788 1277
31
80  WW 3531 1551
40  WW 3584 1616
0  WH 3613 1240
32
80  WW 3043 1585
40  WH 3597 1247
0  WW 3605 1582
33
80  WW 2604 1573
40  WW 3637 1621
0  WW 4053 1614
34
80  WW 3675 1635
35
50  WW 1864 1645
30  WH 2132 1245
10  WW 2529 1638
36
50  WH 1815 1189
30  WH 2148 1228
10  WW 2463 1639
37
50  WW 3816 1625
30  WW 3966 1572
10  WW 4694 1543
38
50  WH 4260 1192
30  WW 4303 1636
10  WH 4851 1221
39
50  WW 3473 1618
30  WW 3593 1581
10  WH 3611 1191
40
50  WW 3459 1643
30  WH 4022 1274
10  WW 4190 1576
41
50  WW 3331 1616
30  WH 3517 1187
10  WW 3788 1640
42
50  WW 2879 1585
30  WW 3316 1565
10  WW 3472 1550
43
50  WW 2591 1573
30  WW 3260 1601
10  WH 3268 1188
44
50  WW 3581 1620
30  WW 7800 1593
45
50  WH 2335 1193
30  WW 2350 1589
10  WW 2469 1638
46
50  WH 2147 1271
30  WH 2444 1189
10  WW 2640 1552
47
50  WW 4207 1625
30  WW 4327 1572
10  WW 4363 1584
48
50  WW 4466 1636
30  WH 5403 1197
10  WW 5481 1605
49
50  WW 3978 1544
30  WW 4063 1581
10  WH 4345 1220
50
50  WH 3827 1277
30  WW 4181 1583
10  WH 4859 1206
51
50  WW 3768 1551
30  WH 4341 1240
10  WW 4440 1596
52
50  WW 3665 1608
30  WW 3700 1582
10  WW 3838 1550
53
50  WW 11534 1795
30  WH 24955 1733
54
50  WW 9416 1776
30  WH 11963 1734
55
50  WW 17160 1779
30  WH 28845 1735
56
50  WW 18144 1782
30  WH 27833 1736
57
50  WW 14228 1784
30  WH 23321 1737
58
50  WW 20981 1788
30  WH 21021 1738
59
50  WW 12400 1789
60
50  WW 13835 1791
61
50  WW 11479 1792
30  WH 15727 1739
SCORE:WH,WW,1800,3590,-179.0
