WKW-VOU
1
50  WKW 2632 334
30  WKW 2698 2431(Y) 389
10  VOU 2739 2468(Y) 84
2
50  VOU 2793 2517(Y) 157
30  VOU 2962 79
10  WKW 2969 2675(Y) 382
3
50  VOU 2948 2656(Y) 114
30  VOU 2987 142
10  VOU 3016 203
4
50  VOU 3175 125
30  WKW 3378 345
10  WKW 3431 340
5
50  WKW 3265 2942(Y) 365
30  VOU 3312 2984(Y) 126
10  VOU 3313 2985(Y) 111
6
50  WKW 3188 1584
30  VOU 3244 98
10  VOU 3320 2991(Y) 1490
7
50  WKW 1592 1435(Y) 313
30  VOU 1689 1522(Y) 183
10  WKW 1772 1597(Y) 359
8
50  WKW 1672 1587
30  VOU 1691 1524(Y) 146
10  WKW 1693 330
9
50  VOU 1890 110
30  VOU 2081 120
10  WKW 2163 293
10
50  VOU 1887 102
30  VOU 2116 1907(Y) 100
10  WKW 2187 1971(Y) 371
11
50  VOU 2457 2214(Y) 176
30  WKW 3033 297
10  VOU 3230 2910(Y) 1492
12
50  VOU 3110 75
30  VOU 3586 3231(Y) 73
10  VOU 3622 1693
13
50  WKW 6425 334
30  WKW 6806 6132(Y) 389
10  VOU 7462 84
14
50  VOU 7022 157
30  WKW 7549 6801(Y) 382
10  VOU 7668 6909(Y) 79
15
50  VOU 6827 6151(Y) 142
30  VOU 7589 6837(Y) 182
10  VOU 7751 6983(Y) 114
16
50  VOU 7844 125
30  WKW 8704 329
10  VOU 8872 89
17
50  VOU 8097 111
30  VOU 8764 101
10  VOU 9124 145
18
50  WKW 7391 6659(Y) 1584
30  VOU 8506 1490
10  VOU 8693 7832(Y) 1501
19
50  WKW 11119 313
30  VOU 11144 10040(Y) 183
10  VOU 11312 110
20
50  WKW 8900 1587
30  WKW 9288 330
10  VOU 9304 8382(Y) 146
21
50  WKW 3398 334
30  WKW 3823 389
10  VOU 3887 84
22
50  VOU 3635 157
30  WKW 4005 3609(Y) 1594
10  VOU 4303 3877(Y) 79
23
50  VOU 3426 3087(Y) 142
30  VOU 4044 3644(Y) 114
10  WKW 4352 361
24
50  VOU 4297 125
30  VOU 4336 3907(Y) 136
10  VOU 4362 3930(Y) 89
25
50  VOU 4388 101
30  VOU 4433 111
10  VOU 4648 4188(Y) 126
26
50  VOU 4275 3852(Y) 67
30  VOU 4296 3871(Y) 1501
10  VOU 4361 3929(Y) 1490
27
50  VOU 2288 2062(Y) 183
30  VOU 2559 2306(Y) 199
10  VOU 2732 2462(Y) 74
28
50  VOU 2248 97
30  WKW 2264 2040(Y) 341
10  VOU 2333 2102(Y) 1508
29
50  VOU 2416 110
30  VOU 2945 120
10  VOU 3157 1695
30
50  VOU 2535 2284(Y) 82
30  VOU 2634 102
10  VOU 2890 2604(Y) 187
31
80  VOU 12583 897
40  WKW 13210 120
32
80  VOU 15292 13777(Y) 634
40  WKW 16884 686
33
80  WKW 8372 688
40  VOU 8405 903
34
80  VOU 9864 906
40  WKW 11882 691
35
50  WKW 3103 2796(Y) 389
30  VOU 3941 104
10  WKW 4024 294
36
50  WKW 3402 3065(Y) 382
30  VOU 3413 157
10  VOU 3454 79
37
50  VOU 3447 182
30  VOU 3557 142
10  VOU 3583 3228(Y) 203
38
50  VOU 3709 125
30  WKW 3953 307
10  VOU 4079 3675(Y) 89
39
50  VOU 3837 111
30  VOU 3910 3523(Y) 126
10  VOU 4076 101
40
50  WKW 3416 3078(Y) 1584
30  VOU 3789 3414(Y) 1490
10  VOU 4226 3808(Y) 67
41
50  VOU 2255 2032(Y) 68
30  VOU 2274 124
10  WKW 2291 359
42
50  WKW 2000 308
30  WKW 2006 1587
10  WKW 2021 330
43
50  VOU 2546 2294(Y) 110
30  WKW 2644 1596
10  VOU 2678 2413(Y) 128
44
50  VOU 2456 102
30  VOU 2578 2323(Y) 100
10  VOU 2759 187
45
50  VOU 2866 2582(Y) 176
30  WKW 3975 297
10  VOU 4266 3844(Y) 1492
46
50  VOU 3937 73
30  WKW 3944 378
10  WKW 4116 372
47
50  WKW 5615 334
30  VOU 6534 104
10  WKW 6850 317
48
50  WKW 6502 5858(Y) 382
30  WKW 7297 1594
10  WKW 7826 369
49
50  VOU 6480 5838(Y) 114
30  VOU 6681 6019(Y) 182
10  VOU 6896 6213(Y) 203
50
50  WKW 7399 6666(Y) 329
30  WKW 7603 345
10  WKW 7687 307
51
50  VOU 7515 6771(Y) 145
30  VOU 7569 6819(Y) 126
10  WKW 7730 6964(Y) 365
52
50  WKW 6506 5862(Y) 1584
30  VOU 7832 7056(Y) 67
10  VOU 7987 1501
53
50  WKW 3661 3299(Y) 313
30  VOU 3826 3447(Y) 183
10  VOU 4031 3632(Y) 68
54
50  WKW 3591 1587
30  VOU 3644 3283(Y) 146
10  VOU 3645 3284(Y) 1508
55
50  VOU 4846 120
30  WKW 5216 325
10  WKW 5281 1596
56
50  VOU 4319 102
30  VOU 4718 4251(Y) 100
10  WKW 5145 364
57
50  VOU 3050 84
30  VOU 3237 104
10  WKW 3700 317
58
50  WKW 3605 337
30  VOU 3717 158
10  WKW 4094 369
59
50  VOU 3640 203
30  VOU 3878 3494(Y) 182
10  VOU 3960 3568(Y) 69
60
50  WKW 3666 329
30  WKW 3787 307
10  VOU 4040 130
61
50  WKW 3885 365
30  VOU 4044 3644(Y) 145
10  VOU 4150 3739(Y) 101
62
50  VOU 4374 132
30  WKW 4443 333
10  VOU 4532 4083(Y) 67
63
50  WKW 2020 1820(Y) 313
30  VOU 2358 2125(Y) 199
10  VOU 2541 124
64
50  VOU 1742 146
30  VOU 1841 119
10  WKW 1879 330
65
50  WKW 2870 1596
66
50  VOU 3064 2761(Y) 187
30  VOU 3112 197
10  VOU 3235 82
67
80  VOU 12870 11595(Y) 1030
40  WKW 14382 955
68
80  WKW 13234 11923(Y) 1035
40  VOU 14436 103
SCORE:WKW,VOU,2370,3890,-152.0
