WKW-FCY
1
50  FCY 2604 2346(Y) 840
30  FCY 2608 2350(Y) 1369
10  WKW 2632 334
2
50  WKW 2969 2675(Y) 382
30  FCY 3071 878
10  WKW 3116 2808(Y) 1594
3
50  FCY 2937 885
30  FCY 2981 881
10  FCY 3025 2726(Y) 879
4
50  FCY 2874 2590(Y) 774
30  FCY 3217 2899(Y) 767
10  FCY 3235 839
5
50  FCY 3184 2869(Y) 872
30  WKW 3265 2942(Y) 365
10  FCY 3308 2981(Y) 874
6
50  FCY 2941 2650(Y) 867
30  FCY 3045 2744(Y) 845
10  WKW 3188 1584
7
50  WKW 1592 1435(Y) 313
30  FCY 1619 1459(Y) 803
10  FCY 1737 1565(Y) 869
8
50  WKW 1672 1587
30  WKW 1693 330
10  WKW 1714 341
9
50  FCY 2099 780
30  FCY 2114 1905(Y) 818
10  FCY 2143 1931(Y) 811
10
50  FCY 2090 770
30  FCY 2175 1960(Y) 799
10  WKW 2187 1971(Y) 371
11
50  FCY 2655 2392(Y) 825
30  FCY 3027 796
10  WKW 3033 297
12
50  FCY 2403 778
30  FCY 3241 1373
10  WKW 3717 372
13
50  FCY 6183 5571(Y) 840
30  WKW 6425 334
10  FCY 6469 5828(Y) 776
14
50  FCY 7430 6694(Y) 878
30  WKW 7549 6801(Y) 382
10  FCY 7750 6982(Y) 864
15
50  FCY 6759 6090(Y) 881
30  FCY 7400 6667(Y) 879
10  FCY 7587 6836(Y) 885
16
50  FCY 7454 6716(Y) 774
30  FCY 8162 7354(Y) 767
10  FCY 8359 839
17
50  FCY 7799 7027(Y) 872
30  FCY 8583 7733(Y) 808
10  FCY 8990 874
18
50  WKW 7391 6659(Y) 1584
30  FCY 7536 6790(Y) 845
10  FCY 8021 7227(Y) 822
19
50  FCY 9654 8698(Y) 803
30  FCY 9864 8887(Y) 800
10  WKW 11119 313
20
50  WKW 8900 1587
30  WKW 9288 330
10  WKW 9797 8827(Y) 341
21
50  FCY 3193 2877(Y) 776
30  FCY 3268 2945(Y) 840
10  WKW 3398 334
22
50  FCY 3876 3492(Y) 773
30  FCY 3961 3569(Y) 794
10  WKW 4005 3609(Y) 1594
23
50  FCY 3510 3163(Y) 881
30  FCY 3919 3531(Y) 879
10  FCY 4095 3690(Y) 885
24
50  FCY 4124 3716(Y) 882
30  FCY 4168 3755(Y) 774
10  FCY 4172 3759(Y) 798
25
50  FCY 4263 872
30  WKW 4650 4190(Y) 324
10  FCY 4663 4201(Y) 854
26
50  FCY 4031 3632(Y) 867
30  FCY 4282 3858(Y) 845
10  FCY 4520 822
27
50  FCY 2340 2109(Y) 869
30  FCY 2460 2217(Y) 803
10  FCY 2504 2256(Y) 800
28
50  FCY 2251 2028(Y) 816
30  WKW 2264 2040(Y) 341
10  FCY 2284 2058(Y) 838
29
50  FCY 2909 2621(Y) 811
30  FCY 3160 818
10  WKW 3614 1596
30
50  WKW 2966 364
30  FCY 3149 2837(Y) 805
10  WKW 3294 323
31
80  FCY 11981 10794(Y) 840
40  WKW 13210 120
32
80  FCY 14313 12895(Y) 843
40  WKW 16884 686
33
80  FCY 8217 7403(Y) 846
40  WKW 8372 688
34
80  FCY 11137 10034(Y) 849
40  WKW 11882 691
35
50  FCY 2876 2591(Y) 840
30  FCY 2980 2685(Y) 871
10  WKW 3103 2796(Y) 389
36
50  FCY 3326 2997(Y) 878
30  WKW 3402 3065(Y) 382
10  FCY 3590 3235(Y) 794
37
50  FCY 3162 2849(Y) 881
30  FCY 3510 885
10  FCY 3583 3228(Y) 820
38
50  FCY 3586 774
30  FCY 3657 3295(Y) 767
10  FCY 3707 3340(Y) 804
39
50  FCY 3736 3366(Y) 872
30  FCY 3906 1651
10  FCY 4140 3730(Y) 808
40
50  WKW 3416 3078(Y) 1584
30  FCY 3514 3166(Y) 845
10  FCY 3648 3287(Y) 822
41
50  FCY 1930 1739(Y) 803
30  FCY 2150 1937(Y) 800
10  WKW 2291 359
42
50  WKW 2000 308
30  WKW 2006 1587
10  WKW 2021 330
43
50  WKW 2644 1596
30  FCY 2699 2432(Y) 818
10  FCY 2702 2435(Y) 780
44
50  FCY 2525 770
30  FCY 2587 2331(Y) 887
10  FCY 2651 2389(Y) 1366
45
50  FCY 3341 825
30  FCY 3354 3022(Y) 835
10  WKW 3975 297
46
50  FCY 3224 778
30  FCY 3401 3064(Y) 1373
10  WKW 3944 378
47
50  FCY 5574 5022(Y) 1369
30  WKW 5615 334
10  FCY 5962 5372(Y) 832
48
50  FCY 6496 5853(Y) 878
30  WKW 6502 5858(Y) 382
10  FCY 6708 6044(Y) 864
49
50  FCY 6517 5872(Y) 879
30  FCY 6800 783
10  FCY 7087 6385(Y) 820
50
50  FCY 6862 6182(Y) 767
30  FCY 7203 839
10  FCY 7314 6590(Y) 798
51
50  FCY 7466 6727(Y) 874
30  WKW 7730 6964(Y) 365
10  FCY 7732 6966(Y) 808
52
50  WKW 6506 5862(Y) 1584
30  FCY 6857 6178(Y) 867
10  FCY 7062 822
53
50  WKW 3661 3299(Y) 313
30  FCY 3798 3422(Y) 800
10  WKW 4201 3785(Y) 359
54
50  WKW 3591 1587
30  WKW 3706 330
10  WKW 3744 341
55
50  FCY 4564 4112(Y) 818
30  FCY 4652 4191(Y) 811
10  FCY 5017 780
56
50  WKW 5145 364
30  FCY 5181 4668(Y) 799
10  FCY 5236 4718(Y) 770
57
50  FCY 2683 2418(Y) 1369
30  FCY 2963 2670(Y) 832
10  WKW 2999 2702(Y) 389
58
50  FCY 3219 2900(Y) 864
30  FCY 3497 3151(Y) 846
10  FCY 3507 3160(Y) 794
59
50  FCY 3316 2988(Y) 783
30  FCY 3386 3051(Y) 820
10  FCY 4057 3655(Y) 880
60
50  WKW 3666 329
30  FCY 3705 3338(Y) 1371
10  FCY 3744 3373(Y) 798
61
50  FCY 3620 3262(Y) 874
30  FCY 3700 3334(Y) 808
10  WKW 3885 365
62
50  FCY 3396 3060(Y) 867
30  FCY 4213 3796(Y) 1744
10  WKW 4443 333
63
50  WKW 2020 1820(Y) 313
30  FCY 2394 2157(Y) 869
10  FCY 2712 2444(Y) 788
64
50  FCY 1952 1759(Y) 1367
30  FCY 1998 1800(Y) 838
10  FCY 2063 816
65
50  WKW 2870 1596
30  FCY 3256 811
10  FCY 3293 780
66
50  FCY 2543 2291(Y) 799
30  FCY 2791 770
10  FCY 2937 2646(Y) 805
67
80  FCY 12963 11679(Y) 625
40  WKW 14382 955
68
80  WKW 13234 11923(Y) 1035
40  FCY 14364 12941(Y) 854
SCORE:WKW,FCY,1700,4600,-290.0
