WKW-DB
TmResult{meet=9, athlete=1249, ir='I', team=13, score=6237, ex=' ', origin='null', nt=0, result=5913, age=17, distance=50, stroke=2, mtevent=550, points=0, place=11, course='S', dqcode='  ', dqdescript='null'}
TmResult{meet=29, athlete=1249, ir='I', team=13, score=6014, ex=' ', origin='null', nt=0, result=18216, age=17, distance=50, stroke=2, mtevent=1747, points=0, place=4, course='S', dqcode='  ', dqdescript='null'}
1
50  WKW 2632 334
30  WKW 2698 2431(Y) 389
10  DB 2847 1242
2
50  WKW 2969 2675(Y) 382
30  DB 3072 1273
10  WKW 3116 2808(Y) 1594
3
50  DB 2853 1214
30  DB 3108 1617
10  WKW 3292 331
4
50  DB 3005 2708(Y) 1271
30  WKW 3378 345
10  WKW 3431 340
5
50  DB 3163 2850(Y) 1253
30  WKW 3265 2942(Y) 365
10  DB 3482 1200
6
50  WKW 3188 1584
30  WKW 3585 333
10  WKW 3749 1586
7
50  WKW 1592 1435(Y) 313
30  DB 1716 1546(Y) 1254
10  WKW 1772 1597(Y) 359
8
50  WKW 1672 1587
30  WKW 1693 330
10  WKW 1714 341
9
50  DB 1865 1681(Y) 1263
30  WKW 2163 293
10  WKW 2247 1596
10
50  WKW 2187 1971(Y) 371
30  DB 2196 1979(Y) 1265
10  WKW 2206 1988(Y) 364
11
50  WKW 3033 297
30  DB 3633 1266
10  WKW 4420 303
12
50  DB 2755 2482(Y) 1282
30  WKW 3717 372
10  WKW 3965 378
13
50  WKW 6425 334
30  WKW 6806 6132(Y) 389
10  DB 8068 1203
14
50  WKW 7549 6801(Y) 382
30  WKW 8254 1594
10  DB 8369 1273
15
50  DB 7153 1214
30  WKW 9134 331
10  DB 9328 1234
16
50  DB 7680 6919(Y) 1271
30  WKW 8704 329
10  WKW 9165 340
17
50  DB 9087 1253
30  WKW 9319 365
10  WKW 9943 358
18
50  WKW 7391 6659(Y) 1584
30  WKW 9813 333
10  WKW 9892 1676
19
50  DB 10297 1254
30  WKW 11119 313
10  DB 11932 1261
20
50  WKW 8900 1587
30  WKW 9288 330
10  WKW 9797 8827(Y) 341
21
50  WKW 3398 334
30  DB 3749 3378(Y) 1203
10  WKW 3823 389
22
50  DB 3850 1273
30  WKW 4005 3609(Y) 1594
10  DB 4609 1194
23
50  DB 3899 1214
30  WKW 4352 361
10  DB 4362 1250
24
50  WKW 4416 386
30  DB 4425 1271
10  WKW 4613 340
25
50  WKW 4650 4190(Y) 324
30  WKW 4710 4244(Y) 358
10  DB 5245 1200
26
50  WKW 4763 4291(Y) 1676
30  DB 5096 1201
10  DB 5147 1235
27
50  DB 2751 1224
30  DB 2765 1261
10  DB 3095 1268
28
50  WKW 2264 2040(Y) 341
30  WKW 2372 308
10  WKW 2409 1587
29
50  DB 3500 1222
30  WKW 3614 1596
10  DB 3807 1259
30
50  WKW 2966 364
30  WKW 3294 323
10  WKW 3727 353
31
80  WKW 13210 120
40  DB 13850 243
32
80  WKW 16884 686
40  DB 17785 809
33
80  WKW 8372 688
40  DB 8797 976
34
80  WKW 11882 691
40  DB 12896 978
35
50  WKW 3103 2796(Y) 389
30  DB 3597 1242
10  DB 3718 1190
36
50  WKW 3402 3065(Y) 382
30  DB 3625 1252
10  WKW 4069 1594
37
50  DB 3156 1214
30  DB 4167 1234
10  WKW 4589 310
38
50  WKW 3953 307
30  DB 4391 1202
10  WKW 4457 340
39
50  DB 3876 1253
30  WKW 4401 3965(Y) 365
10  WKW 4456 358
40
50  WKW 3416 3078(Y) 1584
30  WKW 4484 333
10  WKW 4957 1586
41
50  WKW 2291 359
30  DB 2339 1254
10  DB 2443 1204
42
50  WKW 2000 308
30  WKW 2006 1587
10  WKW 2021 330
43
50  WKW 2644 1596
30  DB 2669 1263
10  WKW 2723 2454(Y) 293
44
50  WKW 2900 364
30  WKW 2916 371
10  WKW 2954 377
45
50  WKW 3975 297
30  WKW 4470 303
10  WKW 5405 354
46
50  WKW 3944 378
30  DB 3972 1282
10  WKW 4116 372
47
50  WKW 5615 334
30  DB 6499 1242
10  DB 6756 1205
48
50  WKW 6502 5858(Y) 382
30  DB 6811 1252
10  DB 7758 1194
49
50  WKW 7801 305
30  WKW 7894 331
10  DB 8188 1617
50
50  DB 6614 5959(Y) 1271
30  WKW 7399 6666(Y) 329
10  WKW 7603 345
51
50  DB 7329 6603(Y) 1253
30  WKW 7730 6964(Y) 365
10  WKW 8091 7290(Y) 358
52
50  WKW 6506 5862(Y) 1584
30  WKW 8503 333
10  WKW 8872 388
53
50  WKW 3661 3299(Y) 313
30  DB 3987 3592(Y) 1254
10  DB 4192 3777(Y) 1204
54
50  WKW 3706 330
30  WKW 3744 341
10  DB 3999 1251
55
50  WKW 5216 325
30  DB 5241 1222
10  WKW 5281 1596
56
50  DB 4985 4491(Y) 1265
30  WKW 5145 364
10  WKW 5980 381
57
50  DB 3232 1205
30  DB 3344 1203
10  WKW 3700 317
58
50  DB 3262 1273
30  WKW 3605 337
10  DB 3878 1252
59
50  DB 3518 1617
30  DB 3805 1250
10  DB 4093 1234
60
50  WKW 3666 329
30  WKW 3787 307
10  WKW 4084 295
61
50  DB 4596 1196
30  WKW 5016 324
10  DB 5305 1215
62
50  DB 5008 1235
30  DB 5341 1226
10  DB 5915 1725
63
50  WKW 2020 1820(Y) 313
30  DB 2498 1261
10  DB 2881 1199
64
50  DB 2055 1251
30  WKW 2069 308
10  WKW 2355 290
65
50  DB 2984 1263
30  DB 3580 1222
66
50  DB 2855 1265
30  WKW 3260 323
10  DB 3507 1282
67
80  DB 13318 979
40  WKW 14382 955
68
80  WKW 13234 11923(Y) 1035
40  DB 15211 13704(Y) 1015
SCORE:WKW,DB,3710,2580,113.0
