WKW-RMR
1
50  WKW 2632 334
30  WKW 2698 2431(Y) 389
10  RMR 2866 1307
2
50  WKW 2969 2675(Y) 382
30  WKW 3116 2808(Y) 1594
10  RMR 3212 1302
3
50  RMR 2985 2690(Y) 1363
30  RMR 3225 1299
10  WKW 3292 331
4
50  RMR 3139 2828(Y) 1469
30  WKW 3378 345
10  WKW 3431 340
5
50  RMR 2941 2650(Y) 1301
30  WKW 3265 2942(Y) 365
10  WKW 3570 3217(Y) 358
6
50  WKW 3188 1584
30  RMR 3288 1362
10  WKW 3585 333
7
50  WKW 1592 1435(Y) 313
30  WKW 1772 1597(Y) 359
10  RMR 1926 1360
8
50  WKW 1672 1587
30  WKW 1693 330
10  RMR 1712 1330
9
50  RMR 2001 1803(Y) 1286
30  WKW 2163 293
10  RMR 2184 1464
10
50  RMR 2028 1295
30  RMR 2032 1831(Y) 1292
10  WKW 2187 1971(Y) 371
11
50  RMR 2736 1291
30  WKW 3033 297
10  RMR 3225 1333
12
50  RMR 3013 1317
30  RMR 3452 1294
10  WKW 3717 372
13
50  WKW 6425 334
30  WKW 6806 6132(Y) 389
10  RMR 7343 1307
14
50  WKW 7549 6801(Y) 382
30  WKW 8254 1594
10  RMR 8634 1335
15
50  RMR 7520 6775(Y) 1363
30  RMR 9047 1299
10  WKW 9134 331
16
50  RMR 7773 7003(Y) 1469
30  WKW 8704 329
10  WKW 9165 340
17
50  RMR 8806 1301
30  WKW 9319 365
10  WKW 9943 358
18
50  WKW 7391 6659(Y) 1584
30  WKW 9813 333
10  WKW 9892 1676
19
50  WKW 11119 313
30  RMR 12268 1286
10  RMR 12581 1309
20
50  WKW 8900 1587
30  WKW 9288 330
10  WKW 9797 8827(Y) 341
21
50  WKW 3398 334
30  RMR 3706 3339(Y) 1339
10  RMR 3770 1307
22
50  WKW 4005 3609(Y) 1594
30  RMR 4172 1467
10  WKW 4679 335
23
50  RMR 3747 3376(Y) 1363
30  WKW 4352 361
10  WKW 4446 310
24
50  WKW 4416 386
30  RMR 4584 1469
10  WKW 4613 340
25
50  WKW 4650 4190(Y) 324
30  WKW 4710 4244(Y) 358
10  WKW 5806 292
26
50  RMR 4460 1362
30  WKW 4763 4291(Y) 1676
10  WKW 5293 327
27
50  RMR 2806 1309
30  WKW 3117 351
10  WKW 3666 339
28
50  WKW 2264 2040(Y) 341
30  RMR 2369 1330
10  WKW 2372 308
29
50  RMR 3310 1286
30  WKW 3614 1596
10  RMR 3650 1283
30
50  WKW 2966 364
30  WKW 3294 323
10  WKW 3727 353
31
80  WKW 13210 120
40  RMR 13863 463
32
80  WKW 16884 686
40  RMR 19961 256
33
80  WKW 8372 688
40  RMR 10013 675
34
80  WKW 11882 691
40  RMR 12484 678
35
50  WKW 3103 2796(Y) 389
30  RMR 3241 1307
10  RMR 3397 1630
36
50  WKW 3402 3065(Y) 382
30  RMR 3586 3231(Y) 1302
10  RMR 3810 1471
37
50  RMR 3607 3250(Y) 1299
30  RMR 3787 1363
10  WKW 4589 310
38
50  RMR 3569 3216(Y) 1469
30  WKW 3953 307
10  RMR 4032 1468
39
50  RMR 3545 3194(Y) 1301
30  WKW 4401 3965(Y) 365
10  WKW 4456 358
40
50  WKW 3416 3078(Y) 1584
30  WKW 4484 333
10  RMR 4714 1311
41
50  WKW 2291 359
30  RMR 2341 1356
10  RMR 2519 1360
42
50  RMR 1929 1738(Y) 1330
30  WKW 2000 308
10  WKW 2006 1587
43
50  RMR 2525 2275(Y) 1283
30  RMR 2572 2318(Y) 1286
10  WKW 2644 1596
44
50  RMR 2678 1295
30  RMR 2763 1292
10  RMR 2837 1357
45
50  RMR 3450 1291
30  RMR 3681 1325
10  WKW 3975 297
46
50  RMR 3463 1317
30  WKW 3944 378
10  RMR 4028 1319
47
50  WKW 5615 334
30  WKW 6088 389
10  RMR 6503 1314
48
50  WKW 6502 5858(Y) 382
30  RMR 7175 1302
10  WKW 7297 1594
49
50  RMR 7512 1299
30  WKW 7801 305
10  WKW 7894 331
50
50  WKW 7399 6666(Y) 329
30  WKW 7603 345
10  WKW 7687 307
51
50  RMR 6643 5985(Y) 1301
30  WKW 7730 6964(Y) 365
10  WKW 9131 314
52
50  WKW 6506 5862(Y) 1584
30  RMR 7466 6727(Y) 1362
10  WKW 8503 333
53
50  WKW 3661 3299(Y) 313
30  RMR 4195 3780(Y) 1356
10  WKW 4201 3785(Y) 359
54
50  WKW 3591 1587
30  WKW 3706 330
10  RMR 3719 3351(Y) 1330
55
50  RMR 5043 1464
30  WKW 5216 325
10  WKW 5281 1596
56
50  RMR 4745 4275(Y) 1292
30  WKW 5145 364
10  RMR 5269 1295
57
50  RMR 3113 1339
30  RMR 3447 1630
10  RMR 3545 1314
58
50  RMR 3546 1302
30  WKW 3605 337
10  RMR 3706 1338
59
50  WKW 4203 331
30  RMR 4731 1350
60
50  WKW 3666 329
30  WKW 3787 307
10  WKW 4062 340
61
50  WKW 5016 324
30  WKW 5902 1589
10  WKW 6065 370
62
50  RMR 3819 3441(Y) 1362
30  RMR 5306 1289
10  RMR 5665 1327
63
50  WKW 2020 1820(Y) 313
30  RMR 2380 1309
10  RMR 2671 1360
64
50  WKW 1879 330
30  RMR 1939 1747(Y) 1364
10  WKW 2069 308
65
50  WKW 2870 1596
30  RMR 3382 1290
66
50  RMR 3174 1292
30  WKW 3260 323
10  RMR 3405 1341
67
80  RMR 12822 11552(Y) 1027
40  WKW 14382 955
68
80  WKW 13234 11923(Y) 1035
40  RMR 13662 12309(Y) 1028
SCORE:WKW,RMR,3460,2820,64.0
