WKW-WRST
1
50  WRST 2599 2342(Y) 236
30  WKW 2632 334
10  WKW 2698 2431(Y) 389
2
50  WKW 2969 2675(Y) 382
30  WRST 3012 2714(Y) 250
10  WRST 3020 2721(Y) 251
3
50  WRST 2975 265
30  WRST 3026 2727(Y) 249
10  WRST 3077 254
4
50  WRST 3288 2963(Y) 258
30  WKW 3378 345
10  WRST 3419 226
5
50  WKW 3265 2942(Y) 365
30  WRST 3308 213
10  WRST 3507 1527
6
50  WKW 3188 1584
30  WKW 3585 333
10  WRST 3631 287
7
50  WKW 1592 1435(Y) 313
30  WKW 1772 1597(Y) 359
10  WRST 1813 220
8
50  WKW 1672 1587
30  WKW 1693 330
10  WKW 1714 341
9
50  WRST 2052 1849(Y) 270
30  WRST 2143 276
10  WKW 2163 293
10
50  WRST 1890 1703(Y) 219
30  WRST 2001 284
10  WRST 2037 288
11
50  WKW 3033 297
30  WKW 4420 303
10  WKW 4657 354
12
50  WRST 3221 1531
30  WKW 3717 372
10  WKW 3965 378
13
50  WKW 6425 334
30  WKW 6806 6132(Y) 389
10  WRST 6843 236
14
50  WKW 7549 6801(Y) 382
30  WRST 8233 7418(Y) 251
10  WKW 8254 1594
15
50  WRST 7668 6909(Y) 249
30  WRST 8789 229
10  WRST 8831 254
16
50  WKW 8704 329
30  WKW 9165 340
10  WKW 9187 345
17
50  WRST 8010 7217(Y) 213
30  WKW 9319 365
10  WRST 9939 1527
18
50  WKW 7391 6659(Y) 1584
30  WRST 9481 287
10  WKW 9813 333
19
50  WRST 10465 220
30  WKW 11119 313
10  WRST 11861 211
20
50  WKW 8900 1587
30  WKW 9288 330
10  WKW 9797 8827(Y) 341
21
50  WKW 3398 334
30  WRST 3572 236
10  WKW 3823 389
22
50  WRST 3928 3539(Y) 250
30  WKW 4005 3609(Y) 1594
10  WKW 4679 335
23
50  WRST 4061 3659(Y) 249
30  WRST 4270 3847(Y) 265
10  WKW 4352 361
24
50  WRST 4297 3872(Y) 258
30  WKW 4416 386
10  WKW 4613 340
25
50  WRST 4038 3638(Y) 213
30  WKW 4650 4190(Y) 324
10  WKW 4710 4244(Y) 358
26
50  WKW 4763 4291(Y) 1676
30  WRST 4848 4368(Y) 287
10  WKW 5293 327
27
50  WRST 2687 2421(Y) 220
30  WRST 2757 211
10  WRST 2902 256
28
50  WKW 2264 2040(Y) 341
30  WRST 2369 2135(Y) 278
10  WKW 2372 308
29
50  WRST 3152 270
30  WRST 3408 214
10  WKW 3614 1596
30
50  WKW 2966 364
30  WRST 3121 240
10  WRST 3156 219
31
80  WKW 13210 120
40  WRST 13576 107
32
80  WKW 16884 686
40  WRST 17600 540
33
80  WKW 8372 688
40  WRST 9195 765
34
80  WRST 10577 999
40  WKW 11882 691
35
50  WRST 3049 2747(Y) 236
30  WKW 3103 2796(Y) 389
10  WRST 3728 282
36
50  WKW 3402 3065(Y) 382
30  WRST 3796 3420(Y) 251
10  WRST 3914 1526
37
50  WRST 3680 3316(Y) 221
30  WRST 3810 3433(Y) 265
10  WRST 3853 3472(Y) 249
38
50  WKW 3953 307
30  WRST 4038 258
10  WRST 4233 226
39
50  WRST 4023 3625(Y) 213
30  WRST 4260 1527
10  WKW 4401 3965(Y) 365
40
50  WKW 3416 3078(Y) 1584
30  WRST 4399 287
10  WKW 4484 333
41
50  WKW 2291 359
30  WRST 2307 220
10  WRST 2741 2470(Y) 256
42
50  WKW 2000 308
30  WKW 2006 1587
10  WKW 2021 330
43
50  WRST 2562 2309(Y) 270
30  WRST 2600 276
10  WKW 2644 1596
44
50  WRST 2366 2132(Y) 219
30  WRST 2615 2356(Y) 284
10  WRST 2640 263
45
50  WKW 3975 297
30  WKW 4470 303
10  WKW 5405 354
46
50  WRST 3637 1531
30  WKW 3944 378
10  WKW 4116 372
47
50  WKW 5615 334
30  WKW 6850 317
10  WRST 7072 6372(Y) 1522
48
50  WKW 6502 5858(Y) 382
30  WRST 6877 6196(Y) 250
10  WKW 7297 1594
49
50  WRST 6882 265
30  WRST 7227 221
10  WRST 7476 254
50
50  WKW 7399 6666(Y) 329
30  WRST 7478 6737(Y) 258
10  WKW 7603 345
51
50  WKW 7730 6964(Y) 365
30  WKW 8091 7290(Y) 358
10  WRST 8104 7301(Y) 1527
52
50  WKW 6506 5862(Y) 1584
30  WKW 8503 333
10  WKW 8872 388
53
50  WKW 3661 3299(Y) 313
30  WKW 4201 3785(Y) 359
10  WKW 4719 336
54
50  WKW 3591 1587
30  WKW 3706 330
10  WKW 3744 341
55
50  WRST 4833 276
30  WRST 4864 270
10  WRST 5138 214
56
50  WRST 4342 3912(Y) 219
30  WRST 4706 4240(Y) 1660
10  WRST 4723 4255(Y) 284
57
50  WRST 3286 282
30  WRST 3566 3213(Y) 1522
10  WKW 3700 317
58
50  WKW 3605 337
30  WRST 3928 1526
10  WRST 3957 3565(Y) 251
59
50  WRST 3524 221
30  WRST 3572 254
10  WRST 4094 3689(Y) 229
60
50  WKW 3666 329
30  WKW 3787 307
10  WKW 4062 340
61
50  WRST 4243 1528
30  WKW 5016 324
10  WRST 5107 4601(Y) 222
62
50  WRST 5665 243
30  WRST 5938 233
10  WRST 6048 241
63
50  WKW 2020 1820(Y) 313
30  WRST 2787 211
10  WRST 2796 2519(Y) 256
64
50  WKW 2069 308
30  WRST 2109 278
10  WRST 2141 228
65
50  WRST 2855 276
30  WKW 2870 1596
66
50  WRST 2485 284
30  WRST 3025 240
10  WRST 3030 2730(Y) 288
67
80  WRST 13948 769
40  WKW 14382 955
68
80  WKW 13234 11923(Y) 1035
40  WRST 14447 118
SCORE:WKW,WRST,3110,3180,-7.0
