WM-ALT
1
50  WM 11381 409
30  WM 12706 435
2
50  WM 9257 442
30  WM 10290 397
10  WM 11085 361
3
50  WM 9647 413
30  WM 10400 421
10  WM 10569 392
4
50  WM 8102 420
30  WM 10572 426
5
50  WM 7746 354
30  WM 8813 396
10  WM 8982 437
6
50  WM 9098 366
7
50  WM 7315 362
30  WM 7745 395
8
50  WM 6781 429
30  WM 8122 418
10  WM 8453 414
9
50  WM 2723 424
30  WM 4715 386
10  WM 4725 349
10
50  WM 2822 399
30  WM 3653 438
10  WM 4665 411
11
50  WM 2259 410
30  WM 2925 408
10  WM 3050 388
12
50  WM 1872 422
30  WM 2007 398
10  WM 2278 393
13
50  WM 4088 368
30  WM 4529 356
10  WM 4732 352
14
50  WM 3604 344
30  WM 3605 370
10  WM 3615 442
15
50  WM 3354 413
30  WM 3712 392
10  WM 3790 421
16
50  WM 3172 419
30  WM 3212 420
10  WM 3678 376
17
50  WM 6889 447
30  WM 7740 444
10  WM 7768 428
18
50  WM 6745 449
30  WM 7763 417
10  WM 7980 366
19
50  WM 6491 362
30  WM 6744 395
10  WM 8494 383
20
50  WM 6571 418
30  WM 7421 414
10  WM 7435 405
21
50  WM 3807 424
30  WM 4444 369
10  WM 4552 400
22
50  WM 3663 399
30  WM 3854 438
10  WM 5197 411
23
50  WM 3331 445
30  WM 3738 427
10  WM 3869 402
24
50  WM 2235 422
30  WM 2456 398
10  WM 3002 393
25
50  WM 2297 368
30  WM 2578 409
10  WM 2580 425
26
50  WM 1956 357
30  WM 2032 442
10  WM 2334 364
27
50  WM 4469 421
30  WM 5728 389
10  WM 6428 385
28
50  WM 3978 419
30  WM 4551 426
10  WM 6008 432
29
50  WM 3591 447
30  WM 3647 354
10  WM 4010 444
30
50  WM 3774 449
30  WM 4159 366
10  WM 4888 417
31
80  WM 3342 362
40  WM 3633 395
0  WM 3985 382
32
80  WM 4063 339
40  WM 4075 414
34
80  WM 2535 422
40  WM 3318 434
35
50  WM 2172 368
30  WM 2301 435
36
50  WM 1782 370
30  WM 1856 344
10  WM 2326 361
37
50  WM 3887 413
30  WM 4606 392
10  WM 5119 342
38
50  WM 3441 419
30  WM 5119 426
10  WM 6497 436
39
50  WM 3809 447
30  WM 3952 428
10  WM 4037 437
42
50  WM 2804 429
30  WM 3032 418
43
50  WM 2913 410
44
50  WM 3271 398
30  WM 3397 373
10  WM 4166 380
45
50  WM 2656 425
30  WM 2820 409
10  WM 2925 359
46
50  WM 2401 397
30  WM 2450 361
10  WM 2644 357
47
50  WM 5535 342
30  WM 7238 389
48
50  WM 4140 420
30  WM 5713 376
10  WM 6214 446
49
50  WM 3902 354
30  WM 4207 396
10  WM 4446 428
50
50  WM 4287 449
30  WM 5900 406
10  WM 6501 417
51
50  WM 4555 382
30  WM 5679 416
52
50  WM 3656 429
30  WM 4028 405
10  WM 4258 339
53
50  WM 18189 1662
54
50  WM 11382 1658
59
50  WM 14150 1660
61
50  WM 14309 1661
SCORE:WM,ALT,4550,0,455.0
