WM-CR
1
50  WM 11381 409
30  CR 11712 3318
10  CR 12022 3334
2
50  WM 9257 442
30  WM 10290 397
10  WM 11085 361
3
50  CR 9232 3319
30  WM 9647 413
10  WM 10400 421
4
50  WM 8102 420
30  CR 8600 3475
10  CR 10240 3470
5
50  WM 7746 354
30  CR 8527 3299
10  WM 8813 396
6
50  WM 9098 366
7
50  WM 7315 362
30  WM 7745 395
10  CR 9051 3476
8
50  WM 6781 429
30  CR 6896 3314
10  CR 7457 3298
9
50  WM 2723 424
30  CR 2966 3340
10  CR 2986 3297
10
50  WM 2822 399
30  WM 3653 438
10  CR 3769 3292
11
50  WM 2259 410
30  CR 2470 3325
10  CR 2591 3332
12
50  WM 1872 422
30  WM 2007 398
10  CR 2227 3313
13
50  WM 4088 368
30  WM 4529 356
10  CR 4676 3318
14
50  WM 3604 344
30  WM 3605 370
10  WM 3615 442
15
50  WM 3354 413
30  CR 3501 3319
10  WM 3712 392
16
50  WM 3172 419
30  WM 3212 420
10  CR 3247 3475
17
50  WM 6889 447
30  CR 7574 3299
10  WM 7740 444
18
50  WM 6745 449
30  WM 7763 417
10  WM 7980 366
19
50  WM 6491 362
30  WM 6744 395
10  CR 8297 3476
20
50  CR 6211 3314
30  CR 6259 3298
10  WM 6571 418
21
50  CR 3135 3340
30  CR 3330 3342
10  CR 3584 3297
22
50  WM 3663 399
30  WM 3854 438
10  WM 5197 411
23
50  CR 2932 3302
30  CR 3135 3340
10  CR 3232 3325
24
50  WM 2235 422
30  WM 2456 398
10  CR 2928 3313
25
50  WM 2297 368
30  CR 2378 3334
10  CR 2545 3321
26
50  WM 1956 357
30  WM 2032 442
10  WM 2334 364
27
50  CR 4382 3319
30  WM 4469 421
10  WM 5728 389
28
50  CR 3958 3475
30  WM 3978 419
10  WM 4551 426
29
50  WM 3591 447
30  WM 3647 354
10  CR 3934 3299
30
50  WM 3774 449
30  WM 4159 366
10  WM 4888 417
31
80  WM 3342 362
40  WM 3633 395
0  WM 3985 382
32
80  CR 3125 3314
40  WM 4063 339
0  WM 4075 414
33
80  CR 3483 3332
40  CR 5117 3325
0  CR 5174 3307
34
80  WM 2535 422
40  CR 3214 3313
0  WM 3318 434
35
50  WM 2172 368
30  WM 2301 435
10  CR 2349 3321
36
50  WM 1782 370
30  WM 1856 344
10  WM 2326 361
37
50  WM 3887 413
30  WM 4606 392
10  WM 5119 342
38
50  WM 3441 419
30  CR 3709 3475
10  CR 4460 3470
39
50  WM 3809 447
30  WM 3952 428
10  CR 4012 3299
41
50  CR 3916 3476
42
50  WM 2804 429
30  CR 3003 3298
10  WM 3032 418
43
50  WM 2913 410
30  CR 3545 3332
10  CR 4834 3302
44
50  WM 3271 398
30  WM 3397 373
10  WM 4166 380
45
50  WM 2656 425
30  CR 2738 3321
10  WM 2820 409
46
50  WM 2401 397
30  WM 2450 361
10  WM 2644 357
47
50  CR 4747 3319
30  WM 5535 342
10  WM 7238 389
48
50  WM 4140 420
30  WM 5713 376
10  CR 6163 3312
49
50  WM 3902 354
30  WM 4207 396
10  WM 4446 428
50
50  WM 4287 449
30  WM 5900 406
10  WM 6501 417
51
50  WM 4555 382
30  WM 5679 416
52
50  WM 3656 429
30  CR 3675 3314
10  CR 3995 3298
53
50  WM 18189 1662
54
50  WM 11382 1658
30  CR 12468 2010
58
50  CR 15619 2063
59
50  WM 14150 1660
30  CR 17846 2014
61
50  WM 14309 1661
SCORE:WM,CR,3450,1480,197.0
