WM-CVST
1
50  WM 11381 409
30  CVST 11587 2418
10  WM 12706 435
2
50  WM 9257 442
30  WM 10290 397
10  WM 11085 361
3
50  WM 9647 413
30  WM 10400 421
10  WM 10569 392
4
50  WM 8102 420
30  CVST 9787 2472
10  WM 10572 426
5
50  WM 7746 354
30  CVST 8095 2417
10  WM 8813 396
6
50  WM 9098 366
30  CVST 10273 2480
10  CVST 10653 2474
7
50  WM 7315 362
30  WM 7745 395
10  CVST 8300 2486
8
50  WM 6781 429
30  CVST 7131 2460
10  WM 8122 418
9
50  WM 2723 424
30  WM 4715 386
10  WM 4725 349
10
50  WM 2822 399
30  WM 3653 438
10  CVST 4087 2450
11
50  CVST 2134 2473
30  WM 2259 410
10  CVST 2340 2433
12
50  WM 1872 422
30  WM 2007 398
10  CVST 2072 2430
13
50  WM 4088 368
30  CVST 4397 2469
10  WM 4529 356
14
50  WM 3604 344
30  WM 3605 370
10  WM 3615 442
15
50  WM 3354 413
30  WM 3712 392
10  WM 3790 421
16
50  WM 3172 419
30  WM 3212 420
10  WM 3678 376
17
50  WM 6889 447
30  CVST 7332 2417
10  WM 7740 444
18
50  WM 6745 449
30  WM 7763 417
10  WM 7980 366
19
50  WM 6491 362
30  WM 6744 395
10  CVST 7231 2447
20
50  CVST 6471 2460
30  WM 6571 418
10  CVST 7039 2475
21
50  WM 3807 424
30  WM 4444 369
10  WM 4552 400
22
50  WM 3663 399
30  WM 3854 438
10  WM 5197 411
23
50  CVST 2512 2473
30  CVST 2834 2464
10  CVST 2993 2461
24
50  WM 2235 422
30  WM 2456 398
10  CVST 2544 2430
25
50  WM 2297 368
30  CVST 2453 2418
10  WM 2578 409
26
50  WM 1956 357
30  WM 2032 442
10  WM 2334 364
27
50  WM 4469 421
30  CVST 4985 2448
10  CVST 5287 2465
28
50  WM 3978 419
30  WM 4551 426
10  CVST 4787 2472
29
50  WM 3591 447
30  WM 3647 354
10  WM 4010 444
30
50  WM 3774 449
30  WM 4159 366
10  WM 4888 417
31
80  WM 3342 362
40  WM 3633 395
0  CVST 3768 2467
32
80  CVST 3903 2443
40  CVST 3967 2475
0  WM 4063 339
33
80  CVST 2497 2473
40  CVST 3566 2461
34
80  WM 2535 422
40  CVST 2670 2430
0  WM 3318 434
35
50  WM 2172 368
30  WM 2301 435
10  CVST 2464 2418
36
50  WM 1782 370
30  WM 1856 344
10  WM 2326 361
37
50  WM 3887 413
30  WM 4606 392
10  WM 5119 342
38
50  WM 3441 419
30  WM 5119 426
10  CVST 5369 2472
39
50  CVST 3459 2417
30  WM 3809 447
10  WM 3952 428
40
50  CVST 4744 2480
30  CVST 5309 2458
41
50  CVST 3789 2486
30  CVST 3790 2447
10  CVST 3822 2467
42
50  WM 2804 429
30  WM 3032 418
10  CVST 4069 2475
43
50  WM 2913 410
30  CVST 3090 2433
10  CVST 3214 2414
44
50  WM 3271 398
30  WM 3397 373
10  CVST 3410 2429
45
50  WM 2656 425
30  CVST 2777 2478
10  WM 2820 409
46
50  WM 2401 397
30  WM 2450 361
10  CVST 2589 2437
47
50  WM 5535 342
30  CVST 5630 2459
10  CVST 5639 2448
48
50  WM 4140 420
30  CVST 5286 2408
10  WM 5713 376
49
50  WM 3902 354
30  WM 4207 396
10  CVST 4415 2417
50
50  WM 4287 449
30  CVST 4978 2480
10  WM 5900 406
51
50  WM 4555 382
30  CVST 4631 2471
10  CVST 5069 2456
52
50  CVST 3446 2460
30  WM 3656 429
10  WM 4028 405
53
50  WM 18189 1662
54
50  CVST 9359 1890
30  WM 11382 1658
55
50  CVST 19053 1892
56
50  CVST 18637 1894
57
50  CVST 17503 1896
58
50  CVST 17620 1898
59
50  WM 14150 1660
30  CVST 17112 1900
60
50  CVST 15547 1901
61
50  CVST 12697 1902
30  WM 14309 1661
SCORE:WM,CVST,3570,1760,181.0
