WM-CH
1
50  CH 9387 3108
30  CH 9994 3070
10  CH 10944 3066
2
50  WM 9257 442
30  WM 10290 397
10  WM 11085 361
3
50  CH 8038 3083
30  WM 9647 413
10  WM 10400 421
4
50  WM 8102 420
30  CH 10107 3111
10  WM 10572 426
5
50  WM 7746 354
30  CH 8338 3086
10  WM 8813 396
6
50  CH 8290 3085
30  WM 9098 366
10  CH 9969 3095
7
50  WM 7315 362
30  WM 7745 395
8
50  WM 6781 429
30  WM 8122 418
10  WM 8453 414
9
50  CH 2656 3080
30  WM 2723 424
10  CH 3053 3062
10
50  CH 2587 3076
30  WM 2822 399
10  CH 3566 3067
11
50  WM 2259 410
30  CH 2405 3069
10  CH 2406 3120
12
50  WM 1872 422
30  WM 2007 398
10  CH 2153 3119
13
50  CH 3818 3108
30  CH 3875 3070
10  WM 4088 368
14
50  WM 3604 344
30  WM 3605 370
10  WM 3615 442
15
50  CH 3274 3083
30  WM 3354 413
10  WM 3712 392
16
50  WM 3172 419
30  WM 3212 420
10  WM 3678 376
17
50  WM 6889 447
30  CH 7585 3086
10  WM 7740 444
18
50  WM 6745 449
30  CH 7168 3085
10  WM 7763 417
19
50  WM 6491 362
30  WM 6744 395
10  WM 8494 383
20
50  WM 6571 418
30  WM 7421 414
10  WM 7435 405
21
50  CH 3358 3062
30  CH 3632 3080
10  WM 3807 424
22
50  WM 3663 399
30  WM 3854 438
10  CH 4122 3076
23
50  CH 2922 3120
30  CH 3278 3093
10  WM 3331 445
24
50  WM 2235 422
30  WM 2456 398
10  WM 3002 393
25
50  CH 2178 3108
30  WM 2297 368
10  CH 2381 3121
26
50  WM 1956 357
30  WM 2032 442
10  WM 2334 364
27
50  CH 3922 3083
30  WM 4469 421
10  CH 5050 3088
28
50  WM 3978 419
30  WM 4551 426
10  CH 4947 3073
29
50  WM 3591 447
30  CH 3618 3086
10  WM 3647 354
30
50  WM 3774 449
30  WM 4159 366
10  WM 4888 417
31
80  WM 3342 362
40  WM 3633 395
0  WM 3985 382
32
80  WM 4063 339
40  WM 4075 414
0  CH 5087 3107
33
80  CH 3087 3069
40  CH 4651 3077
34
80  WM 2535 422
40  CH 2778 3119
0  WM 3318 434
35
50  CH 1913 3066
30  CH 1999 3108
10  WM 2172 368
36
50  WM 1782 370
30  WM 1856 344
10  WM 2326 361
37
50  CH 3868 3083
30  WM 3887 413
10  WM 4606 392
38
50  WM 3441 419
30  WM 5119 426
10  CH 5581 3111
39
50  CH 3546 3086
30  WM 3809 447
10  WM 3952 428
40
50  CH 4072 3085
42
50  WM 2804 429
30  WM 3032 418
10  CH 4947 3107
43
50  WM 2913 410
30  CH 3694 3120
10  CH 4434 3090
44
50  WM 3271 398
30  WM 3397 373
10  CH 4025 3119
45
50  CH 2458 3070
30  CH 2618 3089
10  WM 2656 425
46
50  WM 2401 397
30  WM 2450 361
10  WM 2644 357
47
50  CH 5384 3068
30  WM 5535 342
10  CH 5616 3098
48
50  WM 4140 420
30  WM 5713 376
10  WM 6214 446
49
50  WM 3902 354
30  WM 4207 396
10  WM 4446 428
50
50  WM 4287 449
30  CH 5263 3095
10  WM 5900 406
51
50  WM 4555 382
30  WM 5679 416
52
50  WM 3656 429
30  WM 4028 405
10  WM 4258 339
53
50  CH 14214 1989
30  WM 18189 1662
54
50  WM 11382 1658
30  CH 12912 1982
55
50  CH 17409 1984
56
50  CH 25353 1985
57
50  CH 18681 1986
58
50  CH 21965 1987
59
50  WM 14150 1660
60
50  CH 15906 1988
61
50  WM 14309 1661
SCORE:WM,CH,3250,1910,134.0
