WM-FR
1
50  FR 9756 1771
30  FR 11123 1757
10  WM 11381 409
2
50  WM 9257 442
30  WM 10290 397
10  WM 11085 361
3
50  FR 9077 1829
30  WM 9647 413
10  FR 9742 1797
4
50  FR 7209 1825
30  WM 8102 420
10  FR 10057 1800
5
50  FR 7641 1767
30  WM 7746 354
10  WM 8813 396
6
50  FR 8712 1781
30  WM 9098 366
10  FR 9324 1756
7
50  WM 7315 362
30  WM 7745 395
10  FR 8011 1828
8
50  WM 6781 429
30  FR 7819 1749
10  WM 8122 418
9
50  WM 2723 424
30  FR 4226 1823
10  WM 4715 386
10
50  WM 2822 399
30  WM 3653 438
10  WM 4665 411
11
50  FR 2003 1815
30  FR 2238 1778
10  WM 2259 410
12
50  WM 1872 422
30  WM 2007 398
10  FR 2009 1740
13
50  WM 4088 368
30  FR 4397 1757
10  FR 4501 1786
14
50  WM 3604 344
30  WM 3605 370
10  WM 3615 442
15
50  WM 3354 413
30  FR 3487 1785
10  WM 3712 392
16
50  FR 2909 1825
30  WM 3172 419
10  WM 3212 420
17
50  WM 6889 447
30  WM 7740 444
10  WM 7768 428
18
50  WM 6745 449
30  WM 7763 417
10  FR 7796 1831
19
50  WM 6491 362
30  WM 6744 395
10  FR 6978 1828
20
50  WM 6571 418
30  FR 7289 1748
10  WM 7421 414
21
50  WM 3807 424
30  WM 4444 369
10  WM 4552 400
22
50  WM 3663 399
30  WM 3854 438
10  WM 5197 411
23
50  FR 2359 1815
30  FR 2628 1778
10  FR 2794 1820
24
50  WM 2235 422
30  FR 2369 1740
10  WM 2456 398
25
50  FR 2137 1771
30  WM 2297 368
10  FR 2467 1799
26
50  WM 1956 357
30  WM 2032 442
10  WM 2334 364
27
50  FR 4456 1785
30  WM 4469 421
10  FR 4617 1797
28
50  WM 3978 419
30  FR 4469 1826
10  WM 4551 426
29
50  FR 3559 1767
30  WM 3591 447
10  WM 3647 354
30
50  WM 3774 449
30  FR 4107 1781
10  WM 4159 366
31
80  WM 3342 362
40  FR 3485 1765
0  WM 3633 395
32
80  FR 3537 1749
40  FR 3950 1748
0  WM 4063 339
33
80  FR 2371 1815
40  FR 2673 1820
0  FR 3068 1778
34
80  FR 2468 1740
40  WM 2535 422
0  FR 2562 1770
35
50  FR 2038 1771
30  WM 2172 368
10  FR 2295 1786
36
50  WM 1782 370
30  WM 1856 344
10  WM 2326 361
37
50  WM 3887 413
30  FR 4082 1785
10  WM 4606 392
38
50  FR 3378 1825
30  WM 3441 419
10  FR 4474 1784
39
50  FR 3359 1767
30  WM 3809 447
10  WM 3952 428
40
50  FR 3883 1781
30  FR 3989 1756
10  FR 4378 1831
41
50  FR 3181 1765
30  FR 3494 1828
10  FR 4517 1769
42
50  WM 2804 429
30  WM 3032 418
10  FR 3447 1749
43
50  WM 2913 410
30  FR 3201 1778
10  FR 3810 1820
44
50  FR 2806 1770
30  WM 3271 398
10  WM 3397 373
45
50  FR 2412 1771
30  FR 2652 1741
10  WM 2656 425
46
50  WM 2401 397
30  WM 2450 361
10  WM 2644 357
47
50  FR 4369 1829
30  FR 5456 1821
10  WM 5535 342
48
50  FR 3828 1825
30  WM 4140 420
10  FR 5026 1800
49
50  WM 3902 354
30  FR 4196 1767
10  WM 4207 396
50
50  FR 4141 1781
30  WM 4287 449
10  FR 5093 1756
51
50  FR 3700 1765
30  WM 4555 382
10  FR 4614 1769
52
50  WM 3656 429
30  WM 4028 405
10  WM 4258 339
53
50  WM 18189 1662
30  FR 30704 1814
54
50  FR 11241 1805
30  WM 11382 1658
55
50  FR 23538 1808
56
50  FR 25100 1809
57
50  FR 15370 1811
58
50  FR 15968 1812
59
50  WM 14150 1660
61
50  FR 12000 1813
30  WM 14309 1661
SCORE:WM,FR,2760,2530,23.0
