WM-GBP
1
50  WM 11381 409
30  GBP 11741 3412
10  WM 12706 435
2
50  WM 9257 442
30  GBP 9298 3408
10  GBP 9322 3416
3
50  WM 9647 413
30  WM 10400 421
10  WM 10569 392
4
50  WM 8102 420
30  GBP 10451 3407
10  WM 10572 426
5
50  WM 7746 354
30  WM 8813 396
10  WM 8982 437
6
50  GBP 7190 3414
30  GBP 8906 3399
10  GBP 8937 3401
7
50  WM 7315 362
30  GBP 7477 3415
10  WM 7745 395
8
50  WM 6781 429
30  WM 8122 418
10  GBP 8403 3393
9
50  GBP 2550 3410
30  WM 2723 424
10  GBP 3697 3404
10
50  WM 2822 399
30  WM 3653 438
10  WM 4665 411
11
50  GBP 2046 3413
30  WM 2259 410
10  GBP 2550 3410
12
50  GBP 1853 3388
30  WM 1872 422
10  WM 2007 398
13
50  GBP 3943 3412
30  WM 4088 368
10  WM 4529 356
14
50  GBP 3432 3408
30  WM 3604 344
10  WM 3605 370
15
50  WM 3354 413
30  WM 3712 392
10  WM 3790 421
16
50  WM 3172 419
30  WM 3212 420
10  WM 3678 376
17
50  WM 6889 447
30  WM 7740 444
10  WM 7768 428
18
50  WM 6745 449
30  WM 7763 417
10  WM 7980 366
19
50  WM 6491 362
30  GBP 6648 3415
10  WM 6744 395
20
50  WM 6571 418
30  GBP 7038 3392
10  WM 7421 414
21
50  GBP 3449 3404
30  WM 3807 424
10  GBP 3872 3410
22
50  WM 3663 399
30  WM 3854 438
10  WM 5197 411
23
50  GBP 2762 3396
30  WM 3331 445
10  GBP 3449 3404
24
50  WM 2235 422
30  WM 2456 398
10  GBP 2508 3388
25
50  WM 2297 368
30  GBP 2384 3412
10  WM 2578 409
26
50  GBP 1909 3416
30  WM 1956 357
10  WM 2032 442
27
50  WM 4469 421
30  GBP 5013 3417
10  WM 5728 389
28
50  WM 3978 419
30  WM 4551 426
10  GBP 5637 3407
29
50  WM 3591 447
30  WM 3647 354
10  WM 4010 444
30
50  GBP 3294 3414
30  WM 3774 449
10  WM 4159 366
31
80  WM 3342 362
40  WM 3633 395
0  WM 3985 382
32
80  GBP 4038 3393
40  WM 4063 339
0  WM 4075 414
33
80  GBP 2384 3413
34
80  WM 2535 422
40  GBP 2772 3388
0  GBP 3281 3395
35
50  WM 2172 368
30  WM 2301 435
10  GBP 2647 3412
36
50  GBP 1660 3408
30  WM 1782 370
10  WM 1856 344
37
50  WM 3887 413
30  WM 4606 392
10  WM 5119 342
38
50  WM 3441 419
30  WM 5119 426
10  WM 6497 436
39
50  WM 3809 447
30  WM 3952 428
10  WM 4037 437
40
50  GBP 3096 3414
30  GBP 4228 3399
10  GBP 4262 3401
42
50  WM 2804 429
30  WM 3032 418
10  GBP 3747 3392
43
50  WM 2913 410
30  GBP 3213 3413
44
50  GBP 3047 3403
30  GBP 3172 3388
10  WM 3271 398
45
50  WM 2656 425
30  WM 2820 409
10  WM 2925 359
46
50  GBP 2090 3416
30  WM 2401 397
10  WM 2450 361
47
50  WM 5535 342
30  WM 7238 389
48
50  WM 4140 420
30  GBP 5239 3407
10  WM 5713 376
49
50  WM 3902 354
30  WM 4207 396
10  WM 4446 428
50
50  WM 4287 449
30  GBP 4584 3400
10  GBP 5112 3401
51
50  GBP 4132 3418
30  WM 4555 382
10  WM 5679 416
52
50  WM 3656 429
30  GBP 3738 3393
10  WM 4028 405
53
50  WM 18189 1662
54
50  GBP 9875 2033
30  WM 11382 1658
56
50  GBP 16283 2035
59
50  WM 14150 1660
60
50  GBP 13453 2036
61
50  WM 14309 1661
SCORE:WM,GBP,3300,1680,162.0
