WM-HH
1
50  HH 10833 2255
30  HH 10937 2250
10  WM 11381 409
2
50  WM 9257 442
30  WM 10290 397
10  WM 11085 361
3
50  HH 8407 2211
30  HH 9578 2285
10  WM 9647 413
4
50  WM 8102 420
30  WM 10572 426
10  HH 11712 2279
5
50  HH 7706 2236
30  WM 7746 354
10  HH 7812 2240
6
50  HH 8663 2233
30  WM 9098 366
10  HH 9413 2227
7
50  WM 7315 362
30  HH 7733 2237
10  WM 7745 395
8
50  WM 6781 429
30  HH 7209 2235
10  WM 8122 418
9
50  WM 2723 424
30  HH 4109 2220
10  WM 4715 386
10
50  WM 2822 399
30  HH 3377 2222
10  WM 3653 438
11
50  WM 2259 410
30  HH 2287 2212
10  HH 2390 2230
12
50  WM 1872 422
30  WM 2007 398
10  WM 2278 393
13
50  WM 4088 368
30  HH 4202 2249
10  HH 4503 2255
14
50  WM 3604 344
30  WM 3605 370
10  WM 3615 442
15
50  HH 3227 2211
30  WM 3354 413
10  WM 3712 392
16
50  WM 3172 419
30  WM 3212 420
10  WM 3678 376
17
50  WM 6889 447
30  HH 6947 2240
10  HH 7712 2223
18
50  WM 6745 449
30  WM 7763 417
10  WM 7980 366
19
50  WM 6491 362
30  WM 6744 395
10  HH 6752 2237
20
50  HH 6551 2234
30  WM 6571 418
10  WM 7421 414
21
50  WM 3807 424
30  WM 4444 369
10  WM 4552 400
22
50  WM 3663 399
30  WM 3854 438
10  WM 5197 411
23
50  HH 3027 2289
30  HH 3149 2230
10  WM 3331 445
24
50  WM 2235 422
30  WM 2456 398
10  WM 3002 393
25
50  HH 2290 2255
30  WM 2297 368
10  HH 2331 2249
26
50  WM 1956 357
30  WM 2032 442
10  WM 2334 364
27
50  WM 4469 421
30  HH 5237 2209
10  HH 5608 2257
28
50  WM 3978 419
30  WM 4551 426
10  HH 4889 2248
29
50  WM 3591 447
30  HH 3628 2236
10  WM 3647 354
30
50  WM 3774 449
30  WM 4159 366
10  WM 4888 417
31
80  WM 3342 362
40  WM 3633 395
0  HH 3649 2237
32
80  HH 3688 2235
40  WM 4063 339
0  WM 4075 414
33
80  HH 3238 2212
40  HH 3519 2230
0  HH 3922 2289
34
80  WM 2535 422
40  WM 3318 434
0  HH 4222 2260
35
50  HH 1913 2263
30  HH 2028 2249
10  WM 2172 368
36
50  WM 1782 370
30  WM 1856 344
10  WM 2326 361
37
50  HH 3806 2211
30  WM 3887 413
10  WM 4606 392
38
50  WM 3441 419
30  WM 5119 426
10  HH 5450 2268
39
50  HH 3508 2240
30  HH 3614 2224
10  HH 3709 2223
40
50  HH 4760 2269
30  HH 5189 2204
10  HH 5371 2271
41
50  HH 3301 2237
30  HH 3977 2246
10  HH 4113 2206
42
50  WM 2804 429
30  WM 3032 418
10  HH 3522 2234
43
50  WM 2913 410
30  HH 4070 2198
10  HH 4343 2291
44
50  WM 3271 398
30  WM 3397 373
10  WM 4166 380
45
50  HH 2358 2250
30  HH 2470 2263
10  HH 2633 2276
46
50  WM 2401 397
30  WM 2450 361
10  WM 2644 357
47
50  HH 4890 2285
30  WM 5535 342
10  HH 5928 2197
48
50  WM 4140 420
30  WM 5713 376
10  WM 6214 446
49
50  HH 3832 2236
30  WM 3902 354
10  WM 4207 396
50
50  WM 4287 449
30  HH 5039 2271
10  WM 5900 406
51
50  HH 4534 2246
30  WM 4555 382
10  WM 5679 416
52
50  WM 3656 429
30  HH 3701 2234
10  HH 3822 2235
53
50  WM 18189 1662
30  HH 18253 1874
54
50  HH 11083 1862
30  WM 11382 1658
55
50  HH 17450 1864
56
50  HH 20332 1866
57
50  HH 15031 1868
58
50  HH 18633 1869
59
50  HH 13502 1870
30  WM 14150 1660
61
50  HH 12364 1873
30  WM 14309 1661
SCORE:WM,HH,3100,2220,88.0
