WM-HSC
1
50  WM 11381 409
30  HSC 12582 3422
10  WM 12706 435
2
50  WM 9257 442
30  WM 10290 397
10  WM 11085 361
3
50  WM 9647 413
30  WM 10400 421
10  HSC 10519 3445
4
50  WM 8102 420
30  HSC 8441 3463
10  WM 10572 426
5
50  HSC 7740 3466
30  WM 7746 354
10  HSC 7854 3424
6
50  HSC 7907 3446
30  HSC 8508 3458
10  WM 9098 366
7
50  WM 7315 362
30  WM 7745 395
10  HSC 8442 3457
8
50  HSC 6592 3462
30  WM 6781 429
10  HSC 7912 3461
9
50  WM 2723 424
30  WM 4715 386
10  WM 4725 349
10
50  WM 2822 399
30  WM 3653 438
10  HSC 3999 3459
11
50  HSC 1977 3430
30  HSC 2019 3464
10  WM 2259 410
12
50  WM 1872 422
30  WM 2007 398
10  WM 2278 393
13
50  WM 4088 368
30  HSC 4509 3422
10  WM 4529 356
14
50  WM 3604 344
30  WM 3605 370
10  WM 3615 442
15
50  WM 3354 413
30  WM 3712 392
10  WM 3790 421
16
50  WM 3172 419
30  WM 3212 420
10  HSC 3251 3453
17
50  HSC 6734 3466
30  HSC 6821 3424
10  WM 6889 447
18
50  WM 6745 449
30  HSC 6803 3423
10  HSC 7347 3458
19
50  WM 6491 362
30  WM 6744 395
10  HSC 7373 3448
20
50  HSC 5558 3462
30  HSC 5947 3460
10  WM 6571 418
21
50  WM 3807 424
30  WM 4444 369
10  WM 4552 400
22
50  WM 3663 399
30  WM 3854 438
10  WM 5197 411
23
50  HSC 2976 3430
30  HSC 3307 3456
10  WM 3331 445
24
50  WM 2235 422
30  WM 2456 398
10  WM 3002 393
25
50  WM 2297 368
30  HSC 2488 3422
10  WM 2578 409
26
50  WM 1956 357
30  WM 2032 442
10  WM 2334 364
27
50  WM 4469 421
30  WM 5728 389
10  HSC 6280 3425
28
50  WM 3978 419
30  HSC 4294 3421
10  HSC 4380 3453
29
50  WM 3591 447
30  WM 3647 354
10  HSC 3789 3444
30
50  WM 3774 449
30  HSC 3802 3446
10  HSC 3893 3423
31
80  WM 3342 362
40  WM 3633 395
0  HSC 3913 3448
32
80  HSC 3721 3461
40  WM 4063 339
0  WM 4075 414
34
80  WM 2535 422
40  WM 3318 434
35
50  WM 2172 368
30  WM 2301 435
36
50  WM 1782 370
30  WM 1856 344
10  WM 2326 361
37
50  WM 3887 413
30  WM 4606 392
10  HSC 4920 3445
38
50  WM 3441 419
30  HSC 4317 3453
10  WM 5119 426
39
50  HSC 3635 3424
30  WM 3809 447
10  HSC 3875 3444
40
50  HSC 3304 3446
30  HSC 3927 3423
41
50  HSC 3312 3457
30  HSC 4225 3448
42
50  HSC 2639 3462
30  WM 2804 429
10  HSC 2925 3460
43
50  WM 2913 410
30  HSC 2932 3430
10  HSC 3033 3464
44
50  WM 3271 398
30  WM 3397 373
10  WM 4166 380
45
50  WM 2656 425
30  WM 2820 409
10  WM 2925 359
46
50  WM 2401 397
30  WM 2450 361
10  WM 2644 357
47
50  WM 5535 342
30  HSC 6262 3445
10  WM 7238 389
48
50  WM 4140 420
30  HSC 4691 3463
10  HSC 5188 3435
49
50  WM 3902 354
30  HSC 4065 3466
10  WM 4207 396
50
50  HSC 4279 3423
30  WM 4287 449
10  HSC 4618 3432
51
50  HSC 4470 3448
30  HSC 4532 3457
10  WM 4555 382
52
50  HSC 3407 3460
30  WM 3656 429
10  HSC 3845 3454
53
50  WM 18189 1662
54
50  WM 11382 1658
56
50  HSC 19928 2040
58
50  HSC 15277 2041
59
50  HSC 12869 2042
30  WM 14150 1660
60
50  HSC 12747 2043
61
50  HSC 12104 2044
30  WM 14309 1661
SCORE:WM,HSC,3240,1820,142.0
