WM-ML
1
50  ML 7733 3026
30  ML 8827 3040
10  WM 11381 409
2
50  WM 9257 442
30  WM 10290 397
10  WM 11085 361
3
50  ML 7653 3039
30  ML 8387 3030
10  ML 8627 3021
4
50  WM 8102 420
30  WM 10572 426
5
50  ML 7646 2976
30  WM 7746 354
10  WM 8813 396
6
50  ML 8587 3042
30  ML 8838 3041
10  WM 9098 366
7
50  WM 7315 362
30  WM 7745 395
8
50  WM 6781 429
30  ML 6856 3009
10  WM 8122 418
9
50  ML 2362 3027
30  WM 2723 424
10  ML 3564 3035
10
50  WM 2822 399
30  WM 3653 438
10  ML 3708 3055
11
50  ML 1763 3018
30  ML 2138 2990
10  ML 2240 2985
12
50  ML 1841 3057
30  WM 1872 422
10  ML 2006 3058
13
50  WM 4088 368
30  ML 4123 2974
10  WM 4529 356
14
50  ML 3347 3007
30  WM 3604 344
10  WM 3605 370
15
50  ML 3038 3039
30  ML 3094 2983
10  WM 3354 413
16
50  WM 3172 419
30  WM 3212 420
10  WM 3678 376
17
50  ML 6728 3025
30  WM 6889 447
10  ML 7035 2976
18
50  WM 6745 449
30  ML 7318 3042
10  WM 7763 417
19
50  WM 6491 362
30  WM 6744 395
10  WM 8494 383
20
50  ML 5822 3009
30  WM 6571 418
10  WM 7421 414
21
50  ML 3140 3027
30  WM 3807 424
10  ML 4009 2975
22
50  WM 3663 399
30  WM 3854 438
10  ML 5102 3004
23
50  ML 2434 2968
30  ML 2446 3018
10  ML 2706 2985
24
50  WM 2235 422
30  ML 2428 3058
10  WM 2456 398
25
50  ML 2282 2979
30  WM 2297 368
10  ML 2409 2974
26
50  ML 1775 3007
30  WM 1956 357
10  WM 2032 442
27
50  ML 3468 3028
30  ML 3828 3030
10  ML 4069 3021
28
50  WM 3978 419
30  WM 4551 426
10  ML 5208 3053
29
50  ML 3495 3025
30  WM 3591 447
10  WM 3647 354
30
50  WM 3774 449
30  WM 4159 366
10  ML 4514 3006
31
80  WM 3342 362
40  WM 3633 395
0  WM 3985 382
32
80  ML 3295 3009
40  WM 4063 339
0  WM 4075 414
34
80  WM 2535 422
40  WM 3318 434
35
50  ML 1494 3026
30  ML 1822 3040
10  WM 2172 368
36
50  WM 1782 370
30  WM 1856 344
10  ML 1976 3007
37
50  ML 3107 3028
30  ML 3506 3039
10  ML 3809 3030
38
50  WM 3441 419
30  ML 4734 3008
10  WM 5119 426
39
50  ML 3244 2976
30  ML 3546 3025
10  WM 3809 447
40
50  ML 4843 3006
42
50  WM 2804 429
30  ML 2864 3009
10  WM 3032 418
43
50  ML 2798 3018
30  ML 2884 2968
10  WM 2913 410
44
50  ML 2996 2998
30  WM 3271 398
10  WM 3397 373
45
50  ML 1895 3026
30  ML 2352 3040
10  ML 2645 2974
46
50  WM 2401 397
30  WM 2450 361
10  WM 2644 357
47
50  ML 3656 3028
30  ML 4203 2983
10  ML 4350 2999
48
50  WM 4140 420
30  ML 4858 3008
10  WM 5713 376
49
50  WM 3902 354
30  ML 4165 3025
10  WM 4207 396
50
50  ML 4115 3023
30  WM 4287 449
10  ML 4447 3041
51
50  WM 4555 382
30  WM 5679 416
52
50  WM 3656 429
30  WM 4028 405
10  WM 4258 339
53
50  ML 16500 1973
30  WM 18189 1662
54
50  ML 9222 1974
30  WM 11382 1658
55
50  ML 16363 1977
56
50  ML 18044 1978
57
50  ML 12776 1980
59
50  WM 14150 1660
60
50  ML 14843 1981
61
50  WM 14309 1661
SCORE:WM,ML,2490,2490,0.0
