WM-OMST
1
50  WM 11381 409
30  OMST 11741 3251
10  WM 12706 435
2
50  OMST 8160 3253
30  WM 9257 442
10  WM 10290 397
3
50  OMST 8244 3275
30  WM 9647 413
10  WM 10400 421
4
50  WM 8102 420
30  WM 10572 426
10  OMST 12479 3247
5
50  WM 7746 354
30  OMST 7843 3258
10  WM 8813 396
6
50  OMST 8919 3263
30  WM 9098 366
7
50  OMST 7093 3269
30  WM 7315 362
10  OMST 7725 3285
8
50  OMST 6319 3274
30  WM 6781 429
10  WM 8122 418
9
50  WM 2723 424
30  OMST 4425 3259
10  WM 4715 386
10
50  WM 2822 399
30  WM 3653 438
10  WM 4665 411
11
50  WM 2259 410
30  OMST 2477 3286
10  OMST 2692 3260
12
50  WM 1872 422
30  WM 2007 398
10  WM 2278 393
13
50  WM 4088 368
30  WM 4529 356
10  WM 4732 352
14
50  WM 3604 344
30  WM 3605 370
10  WM 3615 442
15
50  WM 3354 413
30  OMST 3544 3279
10  WM 3712 392
16
50  WM 3172 419
30  WM 3212 420
10  OMST 3447 3266
17
50  WM 6889 447
30  WM 7740 444
10  WM 7768 428
18
50  WM 6745 449
30  OMST 7259 3257
10  WM 7763 417
19
50  WM 6491 362
30  WM 6744 395
10  WM 8494 383
20
50  WM 6571 418
30  WM 7421 414
10  OMST 7432 3288
21
50  WM 3807 424
30  WM 4444 369
10  WM 4552 400
22
50  WM 3663 399
30  WM 3854 438
10  WM 5197 411
23
50  OMST 3056 3286
30  WM 3331 445
10  WM 3738 427
24
50  WM 2235 422
30  WM 2456 398
10  WM 3002 393
25
50  WM 2297 368
30  OMST 2406 3251
10  WM 2578 409
26
50  OMST 1790 3253
30  WM 1956 357
10  WM 2032 442
27
50  OMST 3878 3275
30  WM 4469 421
10  OMST 4726 3279
28
50  WM 3978 419
30  WM 4551 426
10  OMST 5844 3283
29
50  WM 3591 447
30  WM 3647 354
10  OMST 3722 3258
30
50  WM 3774 449
30  OMST 4116 3263
10  WM 4159 366
31
80  WM 3342 362
40  WM 3633 395
0  OMST 3750 3285
32
80  WM 4063 339
40  WM 4075 414
0  OMST 4363 3288
33
80  OMST 4259 3289
34
80  WM 2535 422
40  WM 3318 434
35
50  WM 2172 368
30  WM 2301 435
10  OMST 2550 3251
36
50  OMST 1563 3253
30  WM 1782 370
10  WM 1856 344
37
50  WM 3887 413
30  WM 4606 392
10  OMST 4713 3279
38
50  WM 3441 419
30  WM 5119 426
10  OMST 6100 3283
39
50  OMST 3721 3258
30  WM 3809 447
10  WM 3952 428
40
50  OMST 3669 3257
41
50  OMST 3053 3269
42
50  OMST 2766 3274
30  WM 2804 429
10  WM 3032 418
43
50  WM 2913 410
30  OMST 4881 3260
10  OMST 7537 3264
44
50  OMST 3195 3284
30  WM 3271 398
10  WM 3397 373
45
50  WM 2656 425
30  WM 2820 409
10  WM 2925 359
46
50  WM 2401 397
30  WM 2450 361
10  WM 2644 357
47
50  OMST 4560 3275
30  WM 5535 342
10  WM 7238 389
48
50  WM 4140 420
30  OMST 4907 3266
10  OMST 5397 3249
49
50  WM 3902 354
30  WM 4207 396
10  WM 4446 428
50
50  WM 4287 449
30  WM 5900 406
10  WM 6501 417
51
50  OMST 3703 3269
30  WM 4555 382
10  WM 5679 416
52
50  OMST 3415 3274
30  WM 3656 429
10  WM 4028 405
53
50  WM 18189 1662
54
50  WM 11382 1658
30  OMST 12837 2003
55
50  OMST 27406 2004
56
50  OMST 16499 2005
58
50  OMST 17262 2007
59
50  WM 14150 1660
30  OMST 15246 2008
61
50  OMST 12078 2009
30  WM 14309 1661
SCORE:WM,OMST,3490,1620,187.0
