WM-PO
1
50  PO 9340 2358
30  PO 10953 2304
10  WM 11381 409
2
50  WM 9257 442
30  WM 10290 397
10  PO 10430 2359
3
50  WM 9647 413
30  PO 9899 2336
10  WM 10400 421
4
50  WM 8102 420
30  PO 9149 2391
10  WM 10572 426
5
50  WM 7746 354
30  WM 8813 396
10  WM 8982 437
6
50  PO 7628 2297
30  PO 7677 2366
10  WM 9098 366
7
50  WM 7315 362
30  WM 7745 395
10  PO 8925 2320
8
50  WM 6781 429
30  PO 7191 2298
10  WM 8122 418
9
50  PO 2428 2293
30  WM 2723 424
10  PO 3240 2374
10
50  PO 2596 2346
30  WM 2822 399
10  PO 3253 2322
11
50  PO 2096 2364
30  WM 2259 410
10  PO 2269 2351
12
50  WM 1872 422
30  WM 2007 398
10  PO 2075 2402
13
50  PO 3834 2317
30  WM 4088 368
10  PO 4408 2304
14
50  WM 3604 344
30  WM 3605 370
10  WM 3615 442
15
50  WM 3354 413
30  WM 3712 392
10  WM 3790 421
16
50  WM 3172 419
30  WM 3212 420
10  WM 3678 376
17
50  WM 6889 447
30  WM 7740 444
10  WM 7768 428
18
50  WM 6745 449
30  PO 7672 2315
10  WM 7763 417
19
50  WM 6491 362
30  WM 6744 395
10  PO 7177 2353
20
50  WM 6571 418
30  PO 7108 2298
10  PO 7330 2340
21
50  PO 3271 2378
30  PO 3409 2293
10  WM 3807 424
22
50  PO 3458 2346
30  PO 3540 2322
10  WM 3663 399
23
50  PO 2579 2351
30  PO 2611 2330
10  PO 2634 2335
24
50  WM 2235 422
30  WM 2456 398
10  PO 2745 2345
25
50  PO 2181 2317
30  WM 2297 368
10  PO 2479 2321
26
50  WM 1956 357
30  WM 2032 442
10  WM 2334 364
27
50  WM 4469 421
30  WM 5728 389
10  PO 5895 2403
28
50  WM 3978 419
30  WM 4551 426
10  PO 5190 2396
29
50  WM 3591 447
30  WM 3647 354
10  WM 4010 444
30
50  PO 3426 2297
30  PO 3614 2366
10  WM 3774 449
31
80  WM 3342 362
40  WM 3633 395
0  WM 3985 382
32
80  WM 4063 339
40  WM 4075 414
0  PO 4094 2300
33
80  PO 2769 2364
40  PO 3434 2330
0  PO 3845 2293
34
80  WM 2535 422
40  PO 2833 2345
0  PO 2866 2402
35
50  PO 1754 2358
30  PO 1951 2317
10  WM 2172 368
36
50  WM 1782 370
30  WM 1856 344
10  PO 2003 2359
37
50  WM 3887 413
30  WM 4606 392
10  WM 5119 342
38
50  WM 3441 419
30  PO 4129 2391
10  WM 5119 426
39
50  WM 3809 447
30  WM 3952 428
10  WM 4037 437
40
50  PO 3357 2297
30  PO 3587 2366
10  PO 4567 2331
41
50  PO 3582 2353
30  PO 4020 2356
10  PO 4687 2301
42
50  WM 2804 429
30  WM 3032 418
10  PO 3243 2298
43
50  WM 2913 410
30  PO 3567 2390
10  PO 4302 2299
44
50  WM 3271 398
30  WM 3397 373
10  PO 3713 2355
45
50  PO 2282 2358
30  WM 2656 425
10  PO 2802 2333
46
50  WM 2401 397
30  WM 2450 361
10  WM 2644 357
47
50  PO 4839 2336
30  WM 5535 342
10  PO 6139 2403
48
50  WM 4140 420
30  PO 5239 2391
10  PO 5258 2349
49
50  WM 3902 354
30  WM 4207 396
10  WM 4446 428
50
50  WM 4287 449
30  PO 4740 2331
10  PO 4829 2315
51
50  PO 4338 2320
30  WM 4555 382
10  PO 4744 2319
52
50  WM 3656 429
30  WM 4028 405
10  WM 4258 339
53
50  PO 12839 1888
30  WM 18189 1662
54
50  PO 9464 1876
30  WM 11382 1658
55
50  PO 17012 1877
56
50  PO 19939 1879
57
50  PO 19083 1881
58
50  PO 16272 1882
59
50  WM 14150 1660
30  PO 15543 1884
60
50  PO 13909 1886
61
50  PO 12619 1887
30  WM 14309 1661
SCORE:WM,PO,3140,2230,91.0
