WM-ROR
1
50  ROR 9794 13
30  ROR 10469 56
10  WM 11381 409
2
50  WM 9257 442
30  ROR 10266 6
10  WM 10290 397
3
50  ROR 7756 33
30  ROR 8009 14
10  WM 9647 413
4
50  ROR 7966 7
30  WM 8102 420
10  ROR 9978 43
5
50  ROR 7441 10
30  WM 7746 354
10  WM 8813 396
6
50  ROR 7169 27
30  ROR 8022 64
10  WM 9098 366
7
50  WM 7315 362
30  ROR 7410 35
10  WM 7745 395
8
50  ROR 6656 68
30  WM 6781 429
10  WM 8122 418
9
50  ROR 2537 63
30  WM 2723 424
10  ROR 3150 31
10
50  WM 2822 399
30  ROR 3291 67
10  WM 3653 438
11
50  ROR 1994 48
30  WM 2259 410
10  ROR 2388 21
12
50  WM 1872 422
30  WM 2007 398
10  ROR 2081 32
13
50  ROR 3966 15
30  ROR 3968 56
10  ROR 3978 13
14
50  WM 3604 344
30  WM 3605 370
10  WM 3615 442
15
50  WM 3354 413
30  WM 3712 392
10  WM 3790 421
16
50  WM 3172 419
30  ROR 3175 36
10  WM 3212 420
17
50  ROR 6372 47
30  WM 6889 447
10  ROR 7128 57
18
50  ROR 6254 28
30  WM 6745 449
10  ROR 6944 64
19
50  ROR 6487 35
30  WM 6491 362
10  WM 6744 395
20
50  ROR 5890 68
30  WM 6571 418
10  WM 7421 414
21
50  ROR 2909 63
30  WM 3807 424
10  WM 4444 369
22
50  WM 3663 399
30  WM 3854 438
10  ROR 3997 67
23
50  ROR 2778 21
30  ROR 3097 66
10  ROR 3225 19
24
50  WM 2235 422
30  WM 2456 398
10  ROR 2470 5
25
50  ROR 2044 56
30  ROR 2278 15
10  WM 2297 368
26
50  WM 1956 357
30  WM 2032 442
10  ROR 2088 26
27
50  ROR 3778 16
30  WM 4469 421
10  WM 5728 389
28
50  ROR 3850 36
30  WM 3978 419
10  WM 4551 426
29
50  WM 3591 447
30  WM 3647 354
10  ROR 3806 57
30
50  WM 3774 449
30  ROR 3847 25
10  WM 4159 366
31
80  WM 3342 362
40  ROR 3550 35
0  WM 3633 395
32
80  WM 4063 339
40  WM 4075 414
33
80  ROR 2116 34
40  ROR 2636 48
0  ROR 3409 66
34
80  ROR 2250 38
40  ROR 2288 5
0  WM 2535 422
35
50  ROR 1889 61
30  WM 2172 368
10  WM 2301 435
36
50  WM 1782 370
30  WM 1856 344
10  ROR 1883 6
37
50  ROR 3327 33
30  ROR 3482 14
10  WM 3887 413
38
50  WM 3441 419
30  WM 5119 426
10  ROR 5214 44
39
50  ROR 3241 10
30  ROR 3500 18
10  ROR 3513 57
40
50  ROR 3207 28
30  ROR 3788 25
41
50  ROR 3589 23
30  ROR 3606 24
42
50  WM 2804 429
30  WM 3032 418
43
50  ROR 2875 34
30  WM 2913 410
44
50  ROR 2753 38
30  ROR 3152 55
10  WM 3271 398
45
50  ROR 2326 61
30  WM 2656 425
10  WM 2820 409
46
50  WM 2401 397
30  WM 2450 361
10  WM 2644 357
47
50  ROR 5050 16
30  ROR 5462 42
10  WM 5535 342
48
50  WM 4140 420
30  ROR 5233 43
10  WM 5713 376
49
50  ROR 3527 47
30  WM 3902 354
10  WM 4207 396
50
50  ROR 3632 27
30  WM 4287 449
10  WM 5900 406
51
50  WM 4555 382
30  ROR 5203 23
10  WM 5679 416
52
50  ROR 3534 68
30  WM 3656 429
10  WM 4028 405
53
50  WM 18189 1662
54
50  ROR 9445 1624
30  WM 11382 1658
55
50  ROR 18003 1627
56
50  ROR 16518 1628
57
50  ROR 13885 1629
58
50  ROR 14409 1630
59
50  ROR 12591 1631
30  WM 14150 1660
60
50  ROR 12175 1632
61
50  WM 14309 1661
SCORE:WM,ROR,2420,2850,-43.0
