WM-RW
1
50  RW 10009 718
30  RW 11222 768
10  WM 11381 409
2
50  RW 8968 753
30  WM 9257 442
10  RW 9600 762
3
50  RW 8982 725
30  WM 9647 413
10  RW 10153 686
4
50  WM 8102 420
30  WM 10572 426
10  RW 10600 736
5
50  WM 7746 354
30  RW 7908 773
10  RW 8319 735
6
50  RW 7729 752
30  WM 9098 366
7
50  WM 7315 362
30  RW 7459 772
10  WM 7745 395
8
50  WM 6781 429
30  RW 6948 733
10  RW 7027 763
9
50  RW 2557 688
30  WM 2723 424
10  RW 4166 684
10
50  WM 2822 399
30  RW 3534 751
10  WM 3653 438
11
50  RW 1975 771
30  WM 2259 410
10  RW 2544 703
12
50  RW 1829 726
30  WM 1872 422
10  WM 2007 398
13
50  RW 3735 718
30  RW 3906 701
10  WM 4088 368
14
50  WM 3604 344
30  WM 3605 370
10  WM 3615 442
15
50  WM 3354 413
30  RW 3539 727
10  WM 3712 392
16
50  WM 3172 419
30  WM 3212 420
10  RW 3402 724
17
50  WM 6889 447
30  RW 7229 735
10  WM 7740 444
18
50  RW 6623 752
30  WM 6745 449
10  WM 7763 417
19
50  RW 6387 772
30  WM 6491 362
10  WM 6744 395
20
50  RW 5551 716
30  RW 5951 763
10  RW 6060 733
21
50  RW 3450 688
30  WM 3807 424
10  WM 4444 369
22
50  WM 3663 399
30  WM 3854 438
10  RW 4079 695
23
50  WM 3331 445
30  RW 3624 703
10  WM 3738 427
24
50  WM 2235 422
30  RW 2427 726
10  WM 2456 398
25
50  RW 1989 701
30  RW 2244 715
10  WM 2297 368
26
50  RW 1908 753
30  WM 1956 357
10  WM 2032 442
27
50  WM 4469 421
30  RW 4563 743
10  RW 4912 729
28
50  WM 3978 419
30  WM 4551 426
10  RW 4728 724
29
50  WM 3591 447
30  WM 3647 354
10  RW 3721 735
30
50  WM 3774 449
30  WM 4159 366
10  WM 4888 417
31
80  WM 3342 362
40  WM 3633 395
0  RW 3927 722
32
80  RW 3041 716
40  RW 3259 742
0  RW 3425 690
33
80  RW 2497 771
40  RW 2947 740
0  RW 3059 750
34
80  WM 2535 422
40  RW 2609 696
0  RW 2669 747
35
50  RW 1973 718
30  WM 2172 368
10  WM 2301 435
36
50  WM 1782 370
30  WM 1856 344
10  RW 1899 762
37
50  WM 3887 413
30  RW 4372 686
10  WM 4606 392
38
50  WM 3441 419
30  RW 4420 736
10  RW 4496 766
39
50  RW 3435 773
30  WM 3809 447
10  WM 3952 428
40
50  RW 5377 769
41
50  RW 3266 772
30  RW 4106 722
42
50  RW 2739 716
30  WM 2804 429
10  RW 2939 733
43
50  RW 2462 771
30  WM 2913 410
44
50  RW 2621 726
30  WM 3271 398
10  WM 3397 373
45
50  RW 2351 701
30  WM 2656 425
10  WM 2820 409
46
50  RW 2123 753
30  WM 2401 397
10  WM 2450 361
47
50  RW 4334 725
30  RW 4809 727
10  WM 5535 342
48
50  WM 4140 420
30  RW 5496 766
10  WM 5713 376
49
50  WM 3902 354
30  RW 3988 773
10  WM 4207 396
50
50  RW 4049 752
30  WM 4287 449
10  RW 5058 691
51
50  WM 4555 382
30  RW 4707 722
10  WM 5679 416
52
50  WM 3656 429
30  RW 3837 763
10  WM 4028 405
53
50  RW 17717 1691
30  WM 18189 1662
54
50  RW 10673 1686
30  WM 11382 1658
55
50  RW 18245 1687
56
50  RW 19983 1688
57
50  RW 15355 1689
59
50  WM 14150 1660
61
50  WM 14309 1661
SCORE:WM,RW,2560,2580,-2.0
