WM-SH
1
50  SH 10278 2639
30  SH 11089 2607
10  WM 11381 409
2
50  WM 9257 442
30  WM 10290 397
10  WM 11085 361
3
50  SH 8498 2619
30  SH 9564 2612
10  WM 9647 413
4
50  WM 8102 420
30  SH 9948 2647
10  WM 10572 426
5
50  WM 7746 354
30  SH 7836 2618
10  WM 8813 396
6
50  WM 9098 366
7
50  WM 7315 362
30  WM 7745 395
10  SH 9090 2631
8
50  SH 6485 2605
30  WM 6781 429
10  SH 7027 2613
9
50  WM 2723 424
30  SH 4522 2646
10  WM 4715 386
10
50  WM 2822 399
30  WM 3653 438
10  WM 4665 411
11
50  SH 2056 2629
30  WM 2259 410
10  SH 2378 2626
12
50  WM 1872 422
30  WM 2007 398
10  SH 2009 2642
13
50  SH 3852 2639
30  WM 4088 368
10  SH 4190 2603
14
50  WM 3604 344
30  WM 3605 370
10  WM 3615 442
15
50  WM 3354 413
30  SH 3463 2619
10  WM 3712 392
16
50  WM 3172 419
30  WM 3212 420
10  WM 3678 376
17
50  SH 6858 2618
30  WM 6889 447
10  WM 7740 444
18
50  WM 6745 449
30  WM 7763 417
10  WM 7980 366
19
50  WM 6491 362
30  WM 6744 395
10  SH 8136 2631
20
50  SH 5747 2605
30  SH 6437 2613
10  WM 6571 418
21
50  WM 3807 424
30  WM 4444 369
10  WM 4552 400
22
50  WM 3663 399
30  WM 3854 438
10  WM 5197 411
23
50  SH 2543 2629
30  SH 3060 2626
10  SH 3219 2604
24
50  WM 2235 422
30  WM 2456 398
10  SH 2892 2642
25
50  WM 2297 368
30  SH 2416 2639
10  SH 2471 2643
26
50  WM 1956 357
30  WM 2032 442
10  WM 2334 364
27
50  SH 4434 2612
30  WM 4469 421
10  SH 4963 2608
28
50  WM 3978 419
30  WM 4551 426
10  SH 4732 2630
29
50  WM 3591 447
30  WM 3647 354
10  SH 3769 2618
30
50  WM 3774 449
30  WM 4159 366
10  WM 4888 417
31
80  WM 3342 362
40  WM 3633 395
0  WM 3985 382
32
80  SH 3178 2605
40  WM 4063 339
0  WM 4075 414
33
80  SH 2598 2629
40  SH 3369 2626
0  SH 3657 2627
34
80  WM 2535 422
40  SH 2623 2642
0  WM 3318 434
35
50  WM 2172 368
30  SH 2202 2638
10  SH 2288 2607
36
50  WM 1782 370
30  WM 1856 344
10  WM 2326 361
37
50  WM 3887 413
30  SH 3979 2619
10  WM 4606 392
38
50  WM 3441 419
30  WM 5119 426
10  SH 5382 2636
39
50  SH 3807 2640
30  WM 3809 447
10  SH 3932 2641
42
50  WM 2804 429
30  SH 2953 2605
10  WM 3032 418
43
50  SH 2875 2629
30  WM 2913 410
44
50  SH 2983 2642
30  WM 3271 398
10  WM 3397 373
45
50  SH 2408 2639
30  SH 2480 2603
10  WM 2656 425
46
50  WM 2401 397
30  WM 2450 361
10  WM 2644 357
47
50  SH 4632 2619
30  SH 5171 2612
10  WM 5535 342
48
50  WM 4140 420
30  WM 5713 376
10  WM 6214 446
49
50  WM 3902 354
30  WM 4207 396
10  WM 4446 428
50
50  WM 4287 449
30  WM 5900 406
10  WM 6501 417
51
50  WM 4555 382
30  SH 4738 2631
10  WM 5679 416
52
50  SH 3350 2613
30  WM 3656 429
10  WM 4028 405
53
50  WM 18189 1662
54
50  SH 11370 1919
30  WM 11382 1658
55
50  SH 19413 1921
58
50  SH 19108 1923
59
50  SH 13886 1924
30  WM 14150 1660
61
50  WM 14309 1661
SCORE:WM,SH,3140,1790,135.0
