WM-SL
1
50  WM 11381 409
30  SL 11744 2907
10  WM 12706 435
2
50  SL 8346 2877
30  SL 8361 2923
10  WM 9257 442
3
50  SL 8950 2918
30  SL 9075 2884
10  SL 9347 2920
4
50  WM 8102 420
30  SL 9534 2909
10  WM 10572 426
5
50  SL 7340 2901
30  SL 7391 2928
10  WM 7746 354
6
50  SL 7120 2921
30  SL 7529 2886
10  SL 7588 2883
7
50  WM 7315 362
30  WM 7745 395
8
50  WM 6781 429
30  SL 7163 2917
10  WM 8122 418
9
50  WM 2723 424
30  WM 4715 386
10  WM 4725 349
10
50  WM 2822 399
30  WM 3653 438
10  SL 4113 2913
11
50  SL 1652 2876
30  SL 1699 2908
10  SL 1840 2885
12
50  SL 1650 2874
30  WM 1872 422
10  WM 2007 398
13
50  WM 4088 368
30  WM 4529 356
10  WM 4732 352
14
50  SL 3409 2923
30  WM 3604 344
10  WM 3605 370
15
50  WM 3354 413
30  SL 3377 2884
10  SL 3550 2920
16
50  WM 3172 419
30  WM 3212 420
10  SL 3384 2909
17
50  SL 6280 2928
30  SL 6354 2901
10  WM 6889 447
18
50  SL 6249 2921
30  SL 6403 2883
10  WM 6745 449
19
50  WM 6491 362
30  WM 6744 395
10  WM 8494 383
20
50  SL 5976 2917
30  WM 6571 418
10  WM 7421 414
21
50  WM 3807 424
30  WM 4444 369
10  WM 4552 400
22
50  WM 3663 399
30  WM 3854 438
10  WM 5197 411
23
50  SL 1968 2876
30  SL 2090 2908
10  SL 2282 2885
24
50  SL 2070 2874
30  WM 2235 422
10  WM 2456 398
25
50  WM 2297 368
30  SL 2450 2907
10  WM 2578 409
26
50  SL 1912 2877
30  WM 1956 357
10  WM 2032 442
27
50  SL 4425 2918
30  WM 4469 421
10  SL 4534 2897
28
50  WM 3978 419
30  SL 4029 2909
10  WM 4551 426
29
50  SL 3388 2928
30  WM 3591 447
10  WM 3647 354
30
50  SL 3439 2883
30  WM 3774 449
10  WM 4159 366
31
80  WM 3342 362
40  WM 3633 395
0  WM 3985 382
32
80  SL 3410 2917
40  WM 4063 339
0  WM 4075 414
33
80  SL 1860 2876
40  SL 2121 2908
0  SL 2362 2885
34
80  SL 2033 2874
40  WM 2535 422
0  WM 3318 434
35
50  WM 2172 368
30  WM 2301 435
10  SL 2492 2907
36
50  SL 1757 2877
30  WM 1782 370
10  WM 1856 344
37
50  WM 3887 413
30  SL 4031 2920
10  WM 4606 392
38
50  WM 3441 419
30  SL 4922 2909
10  WM 5119 426
39
50  SL 3265 2928
30  SL 3427 2901
10  WM 3809 447
40
50  SL 4456 2932
42
50  WM 2804 429
30  SL 2859 2917
10  WM 3032 418
43
50  SL 2284 2876
30  SL 2790 2885
10  WM 2913 410
44
50  SL 2286 2874
30  WM 3271 398
10  WM 3397 373
45
50  WM 2656 425
30  WM 2820 409
10  SL 2892 2907
46
50  SL 1938 2923
30  WM 2401 397
10  SL 2446 2899
47
50  SL 4651 2912
30  SL 4742 2918
10  SL 5238 2920
48
50  WM 4140 420
30  WM 5713 376
10  WM 6214 446
49
50  WM 3902 354
30  SL 3903 2901
10  SL 4117 2916
50
50  SL 3447 2921
30  SL 3884 2904
10  WM 4287 449
51
50  WM 4555 382
30  WM 5679 416
52
50  WM 3656 429
30  WM 4028 405
10  WM 4258 339
53
50  WM 18189 1662
30  SL 23862 1969
54
50  WM 11382 1658
30  SL 11727 1961
55
50  SL 20788 1963
56
50  SL 15044 1965
57
50  SL 15791 1966
59
50  WM 14150 1660
30  SL 15156 1967
60
50  SL 12371 1968
61
50  WM 14309 1661
SCORE:WM,SL,2580,2560,2.0
