WM-SPD
1
50  SPD 10483 2543
30  WM 11381 409
10  WM 12706 435
2
50  SPD 8459 2533
30  WM 9257 442
10  SPD 9968 2525
3
50  WM 9647 413
30  SPD 10200 2513
10  WM 10400 421
4
50  WM 8102 420
30  SPD 10001 2510
10  SPD 10160 2549
5
50  WM 7746 354
30  SPD 7938 2532
10  WM 8813 396
6
50  SPD 8395 2544
30  WM 9098 366
10  SPD 11019 2502
7
50  WM 7315 362
30  WM 7745 395
10  SPD 10866 2557
8
50  WM 6781 429
30  WM 8122 418
10  WM 8453 414
9
50  WM 2723 424
30  SPD 3385 2489
10  SPD 4118 2490
10
50  WM 2822 399
30  WM 3653 438
10  WM 4665 411
11
50  WM 2259 410
30  SPD 2582 2526
10  SPD 2895 2517
12
50  WM 1872 422
30  WM 2007 398
10  WM 2278 393
13
50  WM 4088 368
30  WM 4529 356
10  SPD 4588 2541
14
50  SPD 3450 2533
30  WM 3604 344
10  WM 3605 370
15
50  WM 3354 413
30  WM 3712 392
10  WM 3790 421
16
50  WM 3172 419
30  WM 3212 420
10  WM 3678 376
17
50  WM 6889 447
30  SPD 6896 2532
10  WM 7740 444
18
50  WM 6745 449
30  SPD 7106 2544
10  WM 7763 417
19
50  WM 6491 362
30  WM 6744 395
10  SPD 8300 2539
20
50  WM 6571 418
30  WM 7421 414
10  SPD 7422 2552
21
50  WM 3807 424
30  SPD 3859 2489
10  SPD 3863 2490
22
50  WM 3663 399
30  WM 3854 438
10  WM 5197 411
23
50  SPD 3184 2515
30  WM 3331 445
10  SPD 3613 2517
24
50  WM 2235 422
30  WM 2456 398
10  WM 3002 393
25
50  SPD 2138 2543
30  WM 2297 368
10  SPD 2449 2512
26
50  SPD 1891 2533
30  WM 1956 357
10  WM 2032 442
27
50  WM 4469 421
30  SPD 4615 2511
10  SPD 4970 2513
28
50  WM 3978 419
30  WM 4551 426
10  SPD 4881 2509
29
50  WM 3591 447
30  WM 3647 354
10  WM 4010 444
30
50  WM 3774 449
30  WM 4159 366
10  SPD 4387 2508
31
80  WM 3342 362
40  WM 3633 395
0  WM 3985 382
32
80  WM 4063 339
40  WM 4075 414
33
80  SPD 4375 2534
34
80  WM 2535 422
40  WM 3318 434
35
50  WM 2172 368
30  WM 2301 435
10  SPD 2403 2543
36
50  WM 1782 370
30  WM 1856 344
10  SPD 2102 2525
37
50  WM 3887 413
30  SPD 4592 2550
10  WM 4606 392
38
50  WM 3441 419
30  SPD 4631 2553
10  SPD 4950 2549
39
50  SPD 3639 2532
30  SPD 3788 2503
10  WM 3809 447
40
50  SPD 3814 2544
30  SPD 6559 2502
41
50  SPD 4227 2539
30  SPD 4878 2557
10  SPD 4997 2516
42
50  WM 2804 429
30  WM 3032 418
43
50  WM 2913 410
30  SPD 3899 2526
10  SPD 3971 2534
44
50  WM 3271 398
30  WM 3397 373
10  WM 4166 380
45
50  WM 2656 425
30  SPD 2703 2512
10  WM 2820 409
46
50  SPD 2083 2533
30  WM 2401 397
10  SPD 2428 2525
47
50  SPD 4937 2513
30  WM 5535 342
10  SPD 5538 2523
48
50  WM 4140 420
30  SPD 5052 2510
10  SPD 5469 2553
49
50  WM 3902 354
30  WM 4207 396
10  WM 4446 428
50
50  WM 4287 449
30  SPD 4334 2551
10  SPD 4456 2502
51
50  WM 4555 382
30  SPD 5278 2516
10  SPD 5333 2557
52
50  WM 3656 429
30  WM 4028 405
10  WM 4258 339
53
50  WM 18189 1662
30  SPD 27334 1912
54
50  WM 11382 1658
30  SPD 15415 1904
55
50  SPD 18900 1906
57
50  SPD 16523 1907
58
50  SPD 15638 1908
59
50  SPD 13778 1909
30  WM 14150 1660
60
50  SPD 14566 1910
61
50  WM 14309 1661
30  SPD 17680 1911
SCORE:WM,SPD,3420,1840,158.0
