WM-SPL
1
50  SPL 8802 1687
30  WM 11381 409
10  WM 12706 435
2
50  SPL 8844 1719
30  WM 9257 442
10  WM 10290 397
3
50  SPL 8969 1739
30  WM 9647 413
10  SPL 10281 1709
4
50  WM 8102 420
30  SPL 9290 1705
10  SPL 9620 1671
5
50  WM 7746 354
30  SPL 7969 1720
10  WM 8813 396
6
50  SPL 7284 1689
30  SPL 8876 1666
10  WM 9098 366
7
50  WM 7315 362
30  SPL 7357 1698
10  WM 7745 395
8
50  WM 6781 429
30  SPL 8085 1680
10  WM 8122 418
9
50  WM 2723 424
30  SPL 3863 1722
10  SPL 4440 1735
10
50  WM 2822 399
30  SPL 3256 1677
10  WM 3653 438
11
50  SPL 1950 1672
30  SPL 2012 1708
10  WM 2259 410
12
50  WM 1872 422
30  WM 2007 398
10  WM 2278 393
13
50  SPL 3444 1687
30  WM 4088 368
10  WM 4529 356
14
50  SPL 3591 1719
30  WM 3604 344
10  WM 3605 370
15
50  WM 3354 413
30  SPL 3532 1739
10  WM 3712 392
16
50  WM 3172 419
30  WM 3212 420
10  SPL 3479 1665
17
50  SPL 6478 1718
30  WM 6889 447
10  WM 7740 444
18
50  SPL 6409 1689
30  WM 6745 449
10  WM 7763 417
19
50  SPL 6384 1698
30  WM 6491 362
10  WM 6744 395
20
50  WM 6571 418
30  WM 7421 414
10  WM 7435 405
21
50  WM 3807 424
30  SPL 4433 1722
10  WM 4444 369
22
50  WM 3663 399
30  WM 3854 438
10  WM 5197 411
23
50  SPL 2555 1708
30  SPL 2828 1715
10  SPL 3084 1729
24
50  WM 2235 422
30  WM 2456 398
10  SPL 2646 1726
25
50  WM 2297 368
30  SPL 2515 1647
10  SPL 2518 1717
26
50  SPL 1913 1719
30  WM 1956 357
10  WM 2032 442
27
50  SPL 4400 1709
30  WM 4469 421
10  WM 5728 389
28
50  WM 3978 419
30  WM 4551 426
10  SPL 5351 1669
29
50  WM 3591 447
30  WM 3647 354
10  WM 4010 444
30
50  SPL 3484 1689
30  WM 3774 449
10  SPL 3934 1666
31
80  WM 3342 362
40  SPL 3483 1698
0  WM 3633 395
32
80  WM 4063 339
40  WM 4075 414
33
80  SPL 3037 1676
40  SPL 3209 1715
0  SPL 3710 1734
34
80  WM 2535 422
40  WM 3318 434
35
50  WM 2172 368
30  WM 2301 435
10  SPL 2331 1690
36
50  WM 1782 370
30  WM 1856 344
10  SPL 1860 1670
37
50  WM 3887 413
30  SPL 4055 1739
10  WM 4606 392
38
50  WM 3441 419
30  SPL 3981 1705
10  SPL 4577 1671
39
50  SPL 3246 1718
30  SPL 3531 1720
10  WM 3809 447
40
50  SPL 4193 1727
41
50  SPL 3366 1697
30  SPL 3625 1649
10  SPL 3772 1664
42
50  WM 2804 429
30  WM 3032 418
10  SPL 3697 1680
43
50  SPL 2652 1672
30  WM 2913 410
10  SPL 3321 1715
44
50  WM 3271 398
30  SPL 3371 1699
10  WM 3397 373
45
50  SPL 2033 1687
30  SPL 2546 1738
10  WM 2656 425
46
50  WM 2401 397
30  SPL 2422 1653
10  WM 2450 361
47
50  SPL 5018 1652
30  SPL 5207 1663
10  WM 5535 342
48
50  WM 4140 420
30  SPL 5462 1700
10  WM 5713 376
49
50  WM 3902 354
30  WM 4207 396
10  WM 4446 428
50
50  WM 4287 449
30  SPL 4475 1666
10  SPL 5344 1727
51
50  SPL 4402 1712
30  SPL 4475 1664
10  WM 4555 382
52
50  WM 3656 429
30  WM 4028 405
10  WM 4258 339
53
50  WM 18189 1662
30  SPL 18907 1804
54
50  SPL 9289 1796
30  WM 11382 1658
55
50  SPL 20778 1798
57
50  SPL 17312 1800
58
50  SPL 15425 1801
59
50  SPL 13914 1802
30  WM 14150 1660
61
50  SPL 13256 1803
30  WM 14309 1661
SCORE:WM,SPL,2840,2390,45.0
