WM-WAW
1
50  WAW 9200 1022
30  WM 11381 409
10  WAW 11537 930
2
50  WAW 8528 1033
30  WM 9257 442
10  WM 10290 397
3
50  WAW 9045 931
30  WM 9647 413
10  WAW 9818 950
4
50  WAW 7781 940
30  WM 8102 420
10  WM 10572 426
5
50  WM 7746 354
30  WAW 7833 908
10  WAW 8719 1004
6
50  WAW 6684 904
30  WAW 7572 1032
10  WM 9098 366
7
50  WM 7315 362
30  WAW 7606 975
10  WM 7745 395
8
50  WAW 6267 1012
30  WM 6781 429
10  WAW 7387 1026
9
50  WAW 2516 959
30  WM 2723 424
10  WAW 4256 933
10
50  WAW 2569 916
30  WM 2822 399
10  WAW 3534 947
11
50  WAW 1876 1021
30  WM 2259 410
10  WAW 2419 1011
12
50  WM 1872 422
30  WM 2007 398
10  WAW 2056 961
13
50  WAW 3626 939
30  WM 4088 368
10  WM 4529 356
14
50  WM 3604 344
30  WM 3605 370
10  WM 3615 442
15
50  WAW 3166 938
30  WM 3354 413
10  WM 3712 392
16
50  WM 3172 419
30  WM 3212 420
10  WM 3678 376
17
50  WM 6889 447
30  WAW 7038 929
10  WM 7740 444
18
50  WAW 6524 1030
30  WM 6745 449
10  WM 7763 417
19
50  WM 6491 362
30  WM 6744 395
10  WAW 7012 975
20
50  WAW 6546 1026
30  WM 6571 418
10  WAW 7147 948
21
50  WAW 3312 959
30  WM 3807 424
10  WM 4444 369
22
50  WAW 3255 916
30  WM 3663 399
10  WAW 3816 947
23
50  WAW 2516 1021
30  WAW 3094 980
10  WM 3331 445
24
50  WM 2235 422
30  WM 2456 398
10  WAW 2659 902
25
50  WM 2297 368
30  WAW 2369 906
10  WM 2578 409
26
50  WAW 1809 915
30  WM 1956 357
10  WM 2032 442
27
50  WAW 4452 918
30  WM 4469 421
10  WAW 5397 1013
28
50  WAW 3533 940
30  WM 3978 419
10  WM 4551 426
29
50  WM 3591 447
30  WM 3647 354
10  WAW 3721 929
30
50  WAW 3430 1030
30  WM 3774 449
10  WM 4159 366
31
80  WM 3342 362
40  WM 3633 395
0  WM 3985 382
32
80  WAW 3298 976
40  WAW 3409 948
0  WAW 3836 937
34
80  WM 2535 422
40  WM 3318 434
35
50  WM 2172 368
30  WM 2301 435
10  WAW 2463 906
36
50  WAW 1765 915
30  WM 1782 370
10  WM 1856 344
37
50  WAW 3497 938
30  WM 3887 413
10  WAW 4319 970
38
50  WM 3441 419
30  WAW 3681 940
10  WM 5119 426
39
50  WM 3809 447
30  WM 3952 428
10  WAW 3972 1004
40
50  WAW 2938 904
30  WAW 4697 951
41
50  WAW 3582 971
42
50  WM 2804 429
30  WAW 2976 976
10  WM 3032 418
43
50  WAW 2456 1021
30  WM 2913 410
10  WAW 3985 925
44
50  WAW 3223 902
30  WM 3271 398
10  WM 3397 373
45
50  WAW 2035 1022
30  WAW 2119 939
10  WAW 2477 930
46
50  WAW 1937 1033
30  WM 2401 397
10  WM 2450 361
47
50  WAW 4628 931
30  WAW 4840 950
10  WAW 4857 970
48
50  WM 4140 420
30  WM 5713 376
10  WAW 5776 998
49
50  WM 3902 354
30  WAW 4032 908
10  WM 4207 396
50
50  WAW 3637 1032
30  WM 4287 449
10  WAW 4833 943
51
50  WAW 3975 971
30  WM 4555 382
10  WAW 4857 957
52
50  WAW 3347 1012
30  WM 3656 429
10  WAW 3827 948
53
50  WAW 14403 1722
30  WM 18189 1662
54
50  WAW 9827 1709
30  WM 11382 1658
55
50  WAW 16351 1711
56
50  WAW 15537 1713
57
50  WAW 14803 1715
58
50  WAW 30791 1717
59
50  WAW 13606 1718
30  WM 14150 1660
60
50  WAW 11946 1720
61
50  WAW 11575 1721
30  WM 14309 1661
SCORE:WM,WAW,2430,2770,-34.0
