WM-WCSC
1
50  WCSC 8690 844
30  WCSC 9353 884
10  WM 11381 409
2
50  WM 9257 442
30  WM 10290 397
10  WCSC 10839 784
3
50  WCSC 7943 800
30  WCSC 8633 883
10  WM 9647 413
4
50  WM 8102 420
30  WCSC 8409 810
10  WCSC 9688 775
5
50  WM 7746 354
30  WCSC 7784 895
10  WM 8813 396
6
50  WCSC 7896 776
30  WCSC 8833 821
10  WM 9098 366
7
50  WM 7315 362
30  WM 7745 395
10  WCSC 8963 860
8
50  WM 6781 429
30  WCSC 7650 843
10  WCSC 7728 787
9
50  WM 2723 424
30  WCSC 3175 869
10  WCSC 3328 872
10
50  WM 2822 399
30  WCSC 3536 830
10  WM 3653 438
11
50  WCSC 1889 855
30  WCSC 2129 826
10  WCSC 2194 862
12
50  WCSC 1740 870
30  WM 1872 422
10  WCSC 1904 877
13
50  WCSC 3738 871
30  WCSC 3787 884
10  WM 4088 368
14
50  WM 3604 344
30  WM 3605 370
10  WM 3615 442
15
50  WCSC 3219 896
30  WCSC 3312 840
10  WM 3354 413
16
50  WM 3172 419
30  WM 3212 420
10  WCSC 3434 775
17
50  WM 6889 447
30  WCSC 7082 859
10  WCSC 7348 845
18
50  WCSC 6674 798
30  WM 6745 449
10  WCSC 6843 776
19
50  WM 6491 362
30  WM 6744 395
10  WCSC 7938 860
20
50  WCSC 6297 843
30  WM 6571 418
10  WCSC 7173 864
21
50  WCSC 3090 869
30  WM 3807 424
10  WCSC 4438 872
22
50  WM 3663 399
30  WM 3854 438
10  WCSC 4634 830
23
50  WCSC 2098 817
30  WCSC 2637 898
10  WCSC 2662 879
24
50  WCSC 1929 801
30  WM 2235 422
10  WCSC 2358 877
25
50  WCSC 2043 816
30  WM 2297 368
10  WCSC 2299 839
26
50  WM 1956 357
30  WM 2032 442
10  WCSC 2111 784
27
50  WCSC 3813 800
30  WM 4469 421
10  WCSC 5066 820
28
50  WM 3978 419
30  WCSC 4178 810
10  WM 4551 426
29
50  WCSC 3500 895
30  WM 3591 447
10  WM 3647 354
30
50  WM 3774 449
30  WCSC 3909 821
10  WM 4159 366
31
80  WM 3342 362
40  WM 3633 395
0  WCSC 3840 803
32
80  WCSC 3606 864
40  WM 4063 339
0  WM 4075 414
33
80  WCSC 2225 826
40  WCSC 2500 817
34
80  WCSC 2223 877
40  WM 2535 422
0  WCSC 2855 857
35
50  WCSC 1938 871
30  WM 2172 368
10  WM 2301 435
36
50  WM 1782 370
30  WM 1856 344
10  WCSC 2122 876
37
50  WM 3887 413
30  WCSC 3982 840
10  WM 4606 392
38
50  WM 3441 419
30  WCSC 4317 863
10  WCSC 4653 775
39
50  WCSC 3434 859
30  WM 3809 447
10  WM 3952 428
40
50  WCSC 3463 798
30  WCSC 4046 880
41
50  WCSC 3803 803
30  WCSC 3928 900
10  WCSC 4422 807
42
50  WM 2804 429
30  WM 3032 418
10  WCSC 3134 787
43
50  WCSC 2682 855
30  WM 2913 410
10  WCSC 3027 826
44
50  WCSC 2112 801
30  WCSC 2583 870
10  WM 3271 398
45
50  WCSC 2151 844
30  WM 2656 425
10  WM 2820 409
46
50  WM 2401 397
30  WCSC 2403 831
10  WM 2450 361
47
50  WCSC 4162 896
30  WCSC 5534 799
10  WM 5535 342
48
50  WM 4140 420
30  WCSC 4555 810
10  WM 5713 376
49
50  WM 3902 354
30  WM 4207 396
10  WM 4446 428
50
50  WCSC 4113 776
30  WM 4287 449
10  WCSC 4549 798
51
50  WCSC 4467 860
30  WM 4555 382
10  WCSC 5658 835
52
50  WM 3656 429
30  WCSC 3963 864
10  WM 4028 405
53
50  WCSC 16033 1707
30  WM 18189 1662
54
50  WCSC 7650 1692
30  WM 11382 1658
55
50  WCSC 16081 1695
56
50  WCSC 17798 1697
57
50  WCSC 13322 1699
58
50  WCSC 18199 1702
59
50  WCSC 13190 1703
30  WM 14150 1660
60
50  WCSC 15089 1704
61
50  WCSC 12596 1705
30  WM 14309 1661
SCORE:WM,WCSC,2400,2960,-56.0
