WM-WRC
1
50  WRC 10759 2171
30  WM 11381 409
10  WM 12706 435
2
50  WM 9257 442
30  WM 10290 397
10  WRC 10377 2161
3
50  WRC 8371 2156
30  WRC 9470 2151
10  WM 9647 413
4
50  WM 8102 420
30  WRC 10200 2180
10  WM 10572 426
5
50  WM 7746 354
30  WRC 8003 2147
10  WM 8813 396
6
50  WRC 7619 2174
30  WM 9098 366
7
50  WM 7315 362
30  WM 7745 395
10  WRC 8182 2146
8
50  WM 6781 429
30  WRC 7292 2182
10  WRC 7447 2177
9
50  WM 2723 424
30  WRC 3100 2162
10  WM 4715 386
10
50  WM 2822 399
30  WM 3653 438
10  WRC 3732 2165
11
50  WRC 1881 2176
30  WRC 1968 2196
10  WM 2259 410
12
50  WM 1872 422
30  WM 2007 398
10  WM 2278 393
13
50  WRC 3889 2175
30  WM 4088 368
10  WM 4529 356
14
50  WM 3604 344
30  WM 3605 370
10  WM 3615 442
15
50  WM 3354 413
30  WRC 3553 2167
10  WRC 3638 2151
16
50  WM 3172 419
30  WM 3212 420
10  WM 3678 376
17
50  WM 6889 447
30  WRC 6896 2147
10  WRC 7375 2153
18
50  WRC 6674 2174
30  WM 6745 449
10  WRC 7522 2189
19
50  WM 6491 362
30  WRC 6727 2145
10  WM 6744 395
20
50  WRC 6001 2181
30  WRC 6272 2182
10  WM 6571 418
21
50  WRC 3722 2162
30  WM 3807 424
10  WM 4444 369
22
50  WM 3663 399
30  WM 3854 438
10  WRC 4550 2165
23
50  WRC 2194 2196
30  WM 3331 445
10  WRC 3359 2148
24
50  WM 2235 422
30  WM 2456 398
10  WM 3002 393
25
50  WRC 2256 2171
30  WM 2297 368
10  WM 2578 409
26
50  WM 1956 357
30  WM 2032 442
10  WRC 2103 2161
27
50  WRC 4144 2151
30  WRC 4376 2167
10  WM 4469 421
28
50  WM 3978 419
30  WM 4551 426
10  WRC 5894 2188
29
50  WRC 3476 2178
30  WM 3591 447
10  WM 3647 354
30
50  WRC 3546 2174
30  WM 3774 449
10  WM 4159 366
31
80  WM 3342 362
40  WM 3633 395
0  WRC 3850 2146
32
80  WRC 3201 2181
40  WRC 3499 2177
0  WRC 3783 2193
33
80  WRC 2358 2196
40  WRC 2458 2176
0  WRC 3150 2148
34
80  WM 2535 422
40  WM 3318 434
35
50  WRC 1814 2175
30  WM 2172 368
10  WM 2301 435
36
50  WM 1782 370
30  WM 1856 344
10  WRC 2018 2161
37
50  WM 3887 413
30  WRC 3987 2156
10  WRC 4400 2167
38
50  WM 3441 419
30  WM 5119 426
10  WM 6497 436
39
50  WRC 3559 2178
30  WRC 3650 2153
10  WM 3809 447
40
50  WRC 3512 2174
30  WRC 4271 2189
41
50  WRC 3456 2145
30  WRC 3719 2169
42
50  WM 2804 429
30  WM 3032 418
10  WRC 3052 2182
43
50  WRC 2683 2176
30  WM 2913 410
10  WRC 3264 2184
44
50  WM 3271 398
30  WM 3397 373
10  WM 4166 380
45
50  WRC 2627 2171
30  WRC 2653 2175
10  WM 2656 425
46
50  WM 2401 397
30  WRC 2445 2161
10  WM 2450 361
47
50  WRC 4069 2156
30  WM 5535 342
10  WM 7238 389
48
50  WM 4140 420
30  WRC 4896 2188
10  WM 5713 376
49
50  WM 3902 354
30  WM 4207 396
10  WRC 4226 2147
50
50  WRC 4032 2189
30  WM 4287 449
10  WM 5900 406
51
50  WRC 3802 2145
30  WM 4555 382
10  WRC 4565 2169
52
50  WM 3656 429
30  WRC 3662 2177
10  WRC 3976 2173
53
50  WM 18189 1662
54
50  WRC 9339 1855
30  WM 11382 1658
55
50  WRC 20388 1858
57
50  WRC 14518 1859
59
50  WRC 13206 1860
30  WM 14150 1660
61
50  WRC 13246 1861
30  WM 14309 1661
SCORE:WM,WRC,2820,2340,48.0
