WM-WV
1
50  WV 9634 3126
30  WV 10830 3164
10  WV 10963 3154
2
50  WM 9257 442
30  WV 9582 3183
10  WM 10290 397
3
50  WV 8547 3175
30  WM 9647 413
10  WM 10400 421
4
50  WM 8102 420
30  WV 9062 3187
10  WM 10572 426
5
50  WM 7746 354
30  WV 8203 3127
10  WM 8813 396
6
50  WV 8053 3169
30  WM 9098 366
7
50  WM 7315 362
30  WM 7745 395
10  WV 7778 3180
8
50  WM 6781 429
30  WM 8122 418
10  WM 8453 414
9
50  WM 2723 424
30  WV 2925 3155
10  WV 4315 3166
10
50  WM 2822 399
30  WM 3653 438
10  WM 4665 411
11
50  WV 1953 3125
30  WM 2259 410
10  WV 2356 3184
12
50  WM 1872 422
30  WM 2007 398
10  WV 2122 3186
13
50  WV 3669 3126
30  WM 4088 368
10  WV 4250 3154
14
50  WM 3604 344
30  WM 3605 370
10  WM 3615 442
15
50  WV 3300 3175
30  WM 3354 413
10  WM 3712 392
16
50  WM 3172 419
30  WM 3212 420
10  WM 3678 376
17
50  WM 6889 447
30  WM 7740 444
10  WM 7768 428
18
50  WM 6745 449
30  WV 7144 3169
10  WM 7763 417
19
50  WM 6491 362
30  WM 6744 395
10  WV 6813 3180
20
50  WM 6571 418
30  WM 7421 414
10  WM 7435 405
21
50  WM 3807 424
30  WV 4028 3155
10  WM 4444 369
22
50  WM 3663 399
30  WM 3854 438
10  WM 5197 411
23
50  WV 2531 3125
30  WV 3012 3184
10  WV 3021 3179
24
50  WM 2235 422
30  WM 2456 398
10  WV 2869 3157
25
50  WM 2297 368
30  WV 2540 3173
10  WM 2578 409
26
50  WM 1956 357
30  WM 2032 442
10  WM 2334 364
27
50  WV 3719 3175
30  WM 4469 421
10  WM 5728 389
28
50  WM 3978 419
30  WM 4551 426
10  WM 6008 432
29
50  WM 3591 447
30  WM 3647 354
10  WV 3922 3127
30
50  WM 3774 449
30  WM 4159 366
10  WM 4888 417
31
80  WM 3342 362
40  WM 3633 395
0  WM 3985 382
32
80  WM 4063 339
40  WM 4075 414
0  WV 4203 3178
33
80  WV 2975 3179
40  WV 4516 3160
0  WV 6890 3185
34
80  WM 2535 422
40  WV 3246 3157
0  WM 3318 434
35
50  WV 2047 3126
30  WV 2066 3164
10  WM 2172 368
36
50  WM 1782 370
30  WM 1856 344
10  WV 2003 3183
37
50  WM 3887 413
30  WM 4606 392
10  WM 5119 342
38
50  WM 3441 419
30  WM 5119 426
10  WV 5762 3153
39
50  WV 3641 3127
30  WM 3809 447
10  WM 3952 428
40
50  WV 3619 3169
41
50  WV 4306 3163
30  WV 4394 3144
42
50  WM 2804 429
30  WM 3032 418
10  WV 3808 3162
43
50  WM 2913 410
30  WV 3034 3125
10  WV 3416 3184
44
50  WV 2947 3186
30  WM 3271 398
10  WM 3397 373
45
50  WV 2325 3173
30  WV 2512 3154
10  WM 2656 425
46
50  WM 2401 397
30  WM 2450 361
10  WM 2644 357
47
50  WV 4675 3175
30  WV 5353 3151
10  WM 5535 342
48
50  WM 4140 420
30  WV 5571 3153
10  WM 5713 376
49
50  WM 3902 354
30  WM 4207 396
10  WV 4422 3127
50
50  WM 4287 449
30  WV 4337 3169
10  WM 5900 406
51
50  WV 4218 3180
30  WM 4555 382
10  WV 4663 3143
52
50  WM 3656 429
30  WM 4028 405
10  WM 4258 339
53
50  WM 18189 1662
30  WV 28353 1996
54
50  WV 9372 1991
30  WM 11382 1658
55
50  WV 16756 1993
56
50  WV 16555 1994
59
50  WM 14150 1660
61
50  WV 13737 1995
30  WM 14309 1661
SCORE:WM,WV,3300,1830,147.0
