WM-WH
1
50  WH 9640 1193
30  WM 11381 409
10  WH 11865 1245
2
50  WM 9257 442
30  WM 10290 397
10  WH 10577 1271
3
50  WH 8247 1194
30  WM 9647 413
10  WH 9784 1222
4
50  WM 8102 420
30  WH 9193 1192
10  WM 10572 426
5
50  WM 7746 354
30  WH 7892 1191
10  WM 8813 396
6
50  WM 9098 366
30  WH 10114 1226
10  WH 10162 1274
7
50  WM 7315 362
30  WM 7745 395
10  WH 8651 1276
8
50  WM 6781 429
30  WM 8122 418
10  WH 8286 1280
9
50  WM 2723 424
30  WH 3735 1229
10  WM 4715 386
10
50  WM 2822 399
30  WM 3653 438
10  WH 4124 1181
11
50  WH 2018 1188
30  WH 2124 1236
10  WM 2259 410
12
50  WM 1872 422
30  WM 2007 398
10  WM 2278 393
13
50  WM 4088 368
30  WM 4529 356
10  WM 4732 352
14
50  WM 3604 344
30  WM 3605 370
10  WM 3615 442
15
50  WH 3344 1194
30  WM 3354 413
10  WM 3712 392
16
50  WM 3172 419
30  WM 3212 420
10  WH 3582 1197
17
50  WM 6889 447
30  WM 7740 444
10  WM 7768 428
18
50  WH 6598 1277
30  WM 6745 449
10  WM 7763 417
19
50  WM 6491 362
30  WM 6744 395
10  WH 6868 1187
20
50  WM 6571 418
30  WH 6743 1246
10  WH 7183 1247
21
50  WM 3807 424
30  WM 4444 369
10  WM 4552 400
22
50  WM 3663 399
30  WM 3854 438
10  WM 5197 411
23
50  WH 2603 1188
30  WH 2802 1236
10  WH 2865 1234
24
50  WM 2235 422
30  WM 2456 398
10  WM 3002 393
25
50  WH 2213 1193
30  WM 2297 368
10  WH 2308 1245
26
50  WM 1956 357
30  WM 2032 442
10  WH 2321 1271
27
50  WH 3950 1194
30  WM 4469 421
10  WH 5243 1195
28
50  WM 3978 419
30  WH 4251 1192
10  WM 4551 426
29
50  WH 3513 1191
30  WM 3591 447
10  WM 3647 354
30
50  WM 3774 449
30  WH 3788 1277
10  WM 4159 366
31
80  WM 3342 362
40  WH 3613 1240
0  WM 3633 395
32
80  WH 3597 1247
40  WH 3989 1183
0  WM 4063 339
34
80  WM 2535 422
40  WM 3318 434
35
50  WH 2132 1245
30  WM 2172 368
10  WM 2301 435
36
50  WM 1782 370
30  WH 1815 1189
10  WM 1856 344
37
50  WM 3887 413
30  WM 4606 392
10  WH 4920 1176
38
50  WM 3441 419
30  WH 4260 1192
10  WH 4851 1221
39
50  WH 3611 1191
30  WM 3809 447
10  WM 3952 428
40
50  WH 4022 1274
41
50  WH 3517 1187
30  WH 3852 1276
10  WH 4489 1264
42
50  WM 2804 429
30  WM 3032 418
10  WH 3502 1280
43
50  WM 2913 410
30  WH 3268 1188
10  WH 3453 1279
44
50  WM 3271 398
30  WM 3397 373
10  WM 4166 380
45
50  WH 2335 1193
30  WM 2656 425
10  WH 2814 1281
46
50  WH 2147 1271
30  WM 2401 397
10  WH 2444 1189
47
50  WH 5269 1195
30  WH 5319 1176
10  WH 5495 1272
48
50  WM 4140 420
30  WH 5403 1197
10  WH 5668 1179
49
50  WM 3902 354
30  WM 4207 396
10  WH 4345 1220
50
50  WH 3827 1277
30  WM 4287 449
10  WH 4859 1206
51
50  WH 4341 1240
30  WM 4555 382
10  WH 4961 1196
52
50  WM 3656 429
30  WM 4028 405
10  WH 4106 1280
53
50  WM 18189 1662
30  WH 24955 1733
54
50  WM 11382 1658
30  WH 11963 1734
55
50  WH 28845 1735
56
50  WH 27833 1736
57
50  WH 23321 1737
58
50  WH 21021 1738
59
50  WM 14150 1660
61
50  WM 14309 1661
30  WH 15727 1739
SCORE:WM,WH,3060,2070,99.0
