WRC-RW
1
50  RW 10009 718
30  WRC 10759 2171
10  RW 11222 768
2
50  RW 8968 753
30  RW 9600 762
10  WRC 10377 2161
3
50  WRC 8371 2156
30  RW 8982 725
10  WRC 9470 2151
4
50  WRC 10200 2180
30  RW 10600 736
10  WRC 10965 2188
5
50  RW 7908 773
30  WRC 8003 2147
10  RW 8319 735
6
50  WRC 7619 2174
30  RW 7729 752
7
50  RW 7459 772
30  WRC 8182 2146
10  WRC 8594 2169
8
50  RW 6948 733
30  RW 7027 763
10  RW 7268 742
9
50  RW 2557 688
30  WRC 3100 2162
10  RW 4166 684
10
50  RW 3534 751
30  WRC 3732 2165
10  RW 4054 720
11
50  WRC 1881 2176
30  WRC 1968 2196
10  RW 1975 771
12
50  RW 1829 726
30  RW 2055 696
10  RW 2206 761
13
50  RW 3735 718
30  WRC 3889 2175
10  RW 3906 701
14
50  RW 3905 762
30  WRC 4383 2191
10  WRC 4678 2144
15
50  RW 3539 727
30  WRC 3553 2167
10  WRC 3638 2151
16
50  RW 3402 724
30  RW 3930 736
10  WRC 4440 2188
17
50  WRC 6896 2147
30  RW 7229 735
10  WRC 7375 2153
18
50  RW 6623 752
30  WRC 6674 2174
10  WRC 7522 2189
19
50  RW 6387 772
30  WRC 6727 2145
10  WRC 7127 2146
20
50  RW 5551 716
30  RW 5951 763
10  WRC 6001 2181
21
50  RW 3450 688
30  WRC 3722 2162
10  RW 4716 684
22
50  RW 4079 695
30  RW 4291 751
10  WRC 4550 2165
23
50  WRC 2194 2196
30  WRC 3359 2148
10  WRC 3487 2184
24
50  RW 2427 726
30  RW 2718 737
10  RW 2770 747
25
50  RW 1989 701
30  RW 2244 715
10  WRC 2256 2171
26
50  RW 1908 753
30  WRC 2103 2161
10  RW 2256 749
27
50  WRC 4144 2151
30  WRC 4376 2167
10  RW 4563 743
28
50  RW 4728 724
30  RW 4906 766
10  WRC 5894 2188
29
50  WRC 3476 2178
30  RW 3721 735
10  WRC 4006 2153
30
50  WRC 3546 2174
30  WRC 4187 2189
10  RW 5444 691
31
80  WRC 3850 2146
40  RW 3927 722
0  WRC 4171 2169
32
80  RW 3041 716
40  WRC 3201 2181
0  RW 3259 742
33
80  WRC 2358 2196
40  WRC 2458 2176
0  RW 2497 771
34
80  RW 2609 696
40  RW 2669 747
0  RW 3215 748
35
50  WRC 1814 2175
30  RW 1973 718
10  RW 2525 758
36
50  RW 1899 762
30  WRC 2018 2161
10  WRC 2403 2191
37
50  WRC 3987 2156
30  RW 4372 686
10  WRC 4400 2167
38
50  RW 4420 736
30  RW 4496 766
39
50  RW 3435 773
30  WRC 3559 2178
10  WRC 3650 2153
40
50  WRC 3512 2174
30  WRC 4271 2189
10  RW 5377 769
41
50  RW 3266 772
30  WRC 3456 2145
10  WRC 3719 2169
42
50  RW 2739 716
30  RW 2939 733
10  WRC 3052 2182
43
50  RW 2462 771
30  WRC 2683 2176
10  WRC 3264 2184
44
50  RW 2621 726
30  RW 3435 748
45
50  RW 2351 701
30  WRC 2627 2171
10  WRC 2653 2175
46
50  RW 2123 753
30  WRC 2445 2161
10  WRC 2487 2191
47
50  WRC 4069 2156
30  RW 4334 725
10  RW 4809 727
48
50  WRC 4896 2188
30  RW 5496 766
49
50  RW 3988 773
30  WRC 4226 2147
10  WRC 4882 2155
50
50  WRC 4032 2189
30  RW 4049 752
10  RW 5058 691
51
50  WRC 3802 2145
30  WRC 4565 2169
10  RW 4707 722
52
50  WRC 3662 2177
30  RW 3837 763
10  WRC 3976 2173
53
50  RW 17717 1691
54
50  WRC 9339 1855
30  RW 10673 1686
55
50  RW 18245 1687
30  WRC 20388 1858
56
50  RW 19983 1688
57
50  WRC 14518 1859
30  RW 15355 1689
59
50  WRC 13206 1860
61
50  WRC 13246 1861
SCORE:WRC,RW,2330,2870,-54.0
