WRC-FV
1
50  FV 10025 3349
30  WRC 10759 2171
10  FV 13531 3375
2
50  WRC 10377 2161
30  FV 10634 3383
10  WRC 13057 2144
3
50  WRC 8371 2156
30  FV 8790 3380
10  WRC 9470 2151
4
50  WRC 10200 2180
30  WRC 10965 2188
10  FV 11027 3350
5
50  WRC 8003 2147
30  FV 8295 3351
10  FV 8941 3381
6
50  WRC 7619 2174
30  FV 10438 3367
7
50  WRC 8182 2146
30  WRC 8594 2169
10  FV 10543 3373
8
50  FV 7139 3384
30  WRC 7292 2182
10  WRC 7447 2177
9
50  WRC 3100 2162
30  FV 3222 3343
10  FV 11425 3361
10
50  FV 3344 3360
30  WRC 3732 2165
10  WRC 6075 2168
11
50  WRC 1881 2176
30  WRC 1968 2196
10  FV 2181 3382
12
50  FV 2238 3368
30  WRC 2313 2150
10  WRC 2594 2183
13
50  WRC 3889 2175
30  FV 4412 3375
10  FV 5334 3376
14
50  WRC 4383 2191
30  FV 4650 3369
10  WRC 4678 2144
15
50  FV 3525 3380
30  WRC 3553 2167
10  WRC 3638 2151
16
50  FV 3762 3359
30  FV 3785 3379
10  FV 4108 3350
17
50  WRC 6896 2147
30  FV 7303 3351
10  WRC 7375 2153
18
50  WRC 6674 2174
30  WRC 7522 2189
19
50  WRC 6727 2145
30  WRC 7127 2146
10  FV 8631 3373
20
50  WRC 6001 2181
30  WRC 6272 2182
10  FV 6359 3384
21
50  WRC 3722 2162
30  FV 3926 3343
22
50  WRC 4550 2165
30  FV 5770 3360
23
50  WRC 2194 2196
30  FV 2641 3344
10  FV 2675 3382
24
50  WRC 3389 2183
30  FV 3748 3374
10  WRC 4241 2154
25
50  FV 2089 3349
30  WRC 2256 2171
10  WRC 2677 2164
26
50  WRC 2103 2161
30  WRC 2347 2191
10  FV 2464 3369
27
50  FV 4028 3380
30  WRC 4144 2151
10  WRC 4376 2167
28
50  FV 4766 3359
30  FV 5353 3379
10  FV 5591 3356
29
50  WRC 3476 2178
30  FV 3738 3351
10  WRC 4006 2153
30
50  WRC 3546 2174
30  WRC 4187 2189
10  FV 5003 3367
31
80  WRC 3850 2146
40  WRC 4171 2169
0  FV 5164 3373
32
80  WRC 3201 2181
40  FV 3475 3364
0  WRC 3499 2177
33
80  WRC 2358 2196
40  WRC 2458 2176
0  WRC 3150 2148
34
80  FV 3213 3368
35
50  WRC 1814 2175
30  FV 1908 3349
10  FV 2653 3375
36
50  WRC 2018 2161
30  FV 2340 3383
10  WRC 2403 2191
37
50  WRC 3987 2156
30  WRC 4400 2167
10  FV 4444 3380
38
50  FV 5006 3359
39
50  WRC 3559 2178
30  FV 3577 3351
10  WRC 3650 2153
40
50  WRC 3512 2174
30  WRC 4271 2189
10  FV 5819 3367
41
50  WRC 3456 2145
30  WRC 3719 2169
10  FV 4947 3373
42
50  WRC 3052 2182
30  WRC 3094 2181
10  FV 3234 3384
43
50  WRC 2683 2176
30  WRC 3264 2184
10  FV 3579 3382
44
50  FV 3925 3368
45
50  WRC 2627 2171
30  WRC 2653 2175
10  FV 3062 3348
46
50  WRC 2445 2161
30  WRC 2487 2191
10  FV 2665 3383
47
50  WRC 4069 2156
30  FV 5371 3377
10  WRC 5535 2152
48
50  WRC 4896 2188
30  FV 5718 3350
10  FV 5747 3356
49
50  FV 4203 3352
30  WRC 4226 2147
10  FV 4771 3381
50
50  WRC 4032 2189
30  FV 5175 3367
51
50  WRC 3802 2145
30  WRC 4565 2169
52
50  WRC 3662 2177
30  WRC 3976 2173
10  WRC 4022 2170
54
50  WRC 9339 1855
30  FV 11293 2015
55
50  FV 20352 2016
30  WRC 20388 1858
56
50  FV 19896 2017
57
50  WRC 14518 1859
30  FV 17397 2018
58
50  FV 17403 2019
59
50  WRC 13206 1860
30  FV 16759 2020
61
50  WRC 13246 1861
SCORE:WRC,FV,3260,1830,143.0
