WRC-WH
1
50  WH 9640 1193
30  WRC 10759 2171
10  WH 11865 1245
2
50  WRC 10377 2161
30  WH 10577 1271
10  WH 10928 1228
3
50  WH 8247 1194
30  WRC 8371 2156
10  WRC 9470 2151
4
50  WH 9193 1192
30  WRC 10200 2180
10  WRC 10965 2188
5
50  WH 7892 1191
30  WRC 8003 2147
10  WH 9129 1190
6
50  WRC 7619 2174
30  WH 10114 1226
10  WH 10162 1274
7
50  WRC 8182 2146
30  WRC 8594 2169
10  WH 8651 1276
8
50  WRC 7292 2182
30  WRC 7447 2177
10  WH 8286 1280
9
50  WRC 3100 2162
30  WH 3735 1229
10
50  WRC 3732 2165
30  WH 4124 1181
10  WH 4823 1257
11
50  WRC 1881 2176
30  WRC 1968 2196
10  WH 2018 1188
12
50  WRC 2313 2150
30  WH 2443 1211
10  WRC 2594 2183
13
50  WRC 3889 2175
30  WH 4773 1288
10  WH 4802 1239
14
50  WH 4037 1228
30  WRC 4383 2191
10  WRC 4678 2144
15
50  WH 3344 1194
30  WRC 3553 2167
10  WRC 3638 2151
16
50  WH 3582 1197
30  WH 3814 1205
10  WH 3817 1217
17
50  WRC 6896 2147
30  WRC 7375 2153
10  WRC 7397 2178
18
50  WH 6598 1277
30  WRC 6674 2174
10  WRC 7522 2189
19
50  WRC 6727 2145
30  WH 6868 1187
10  WRC 7127 2146
20
50  WRC 6001 2181
30  WRC 6272 2182
10  WH 6743 1246
21
50  WRC 3722 2162
30  WH 5483 1229
22
50  WRC 4550 2165
23
50  WRC 2194 2196
30  WH 2603 1188
10  WH 2802 1236
24
50  WRC 3389 2183
30  WH 3673 1256
10  WH 4091 1211
25
50  WH 2213 1193
30  WRC 2256 2171
10  WH 2308 1245
26
50  WRC 2103 2161
30  WH 2321 1271
10  WRC 2347 2191
27
50  WH 3950 1194
30  WRC 4144 2151
10  WRC 4376 2167
28
50  WH 4251 1192
30  WH 4716 1197
10  WH 5074 1205
29
50  WRC 3476 2178
30  WH 3513 1191
10  WRC 4006 2153
30
50  WRC 3546 2174
30  WH 3788 1277
10  WRC 4187 2189
31
80  WH 3613 1240
40  WRC 3850 2146
0  WH 3877 1187
32
80  WRC 3201 2181
40  WRC 3499 2177
0  WH 3597 1247
33
80  WRC 2358 2196
40  WRC 2458 2176
0  WRC 3150 2148
35
50  WRC 1814 2175
30  WH 2132 1245
10  WH 2897 1281
36
50  WH 1815 1189
30  WRC 2018 2161
10  WH 2148 1228
37
50  WRC 3987 2156
30  WRC 4400 2167
10  WRC 4733 2152
38
50  WH 4260 1192
30  WH 4851 1221
10  WH 4959 1186
39
50  WRC 3559 2178
30  WH 3611 1191
10  WRC 3650 2153
40
50  WRC 3512 2174
30  WH 4022 1274
10  WRC 4271 2189
41
50  WRC 3456 2145
30  WH 3517 1187
10  WRC 3719 2169
42
50  WRC 3052 2182
30  WRC 3094 2181
10  WRC 3489 2170
43
50  WRC 2683 2176
30  WRC 3264 2184
10  WH 3268 1188
45
50  WH 2335 1193
30  WRC 2627 2171
10  WRC 2653 2175
46
50  WH 2147 1271
30  WH 2444 1189
10  WRC 2445 2161
47
50  WRC 4069 2156
30  WH 5269 1195
10  WH 5319 1176
48
50  WRC 4896 2188
30  WH 5403 1197
10  WH 5668 1179
49
50  WRC 4226 2147
30  WH 4345 1220
10  WH 4565 1178
50
50  WH 3827 1277
30  WRC 4032 2189
10  WH 4859 1206
51
50  WRC 3802 2145
30  WH 4341 1240
10  WRC 4565 2169
52
50  WRC 3662 2177
30  WRC 3976 2173
10  WRC 4022 2170
53
50  WH 24955 1733
54
50  WRC 9339 1855
30  WH 11963 1734
55
50  WRC 20388 1858
30  WH 28845 1735
56
50  WH 27833 1736
57
50  WRC 14518 1859
30  WH 23321 1737
58
50  WH 21021 1738
59
50  WRC 13206 1860
61
50  WRC 13246 1861
30  WH 15727 1739
SCORE:WRC,WH,2920,2130,79.0
