WRC-SPL
1
50  SPL 8802 1687
30  WRC 10759 2171
2
50  SPL 8844 1719
30  WRC 10377 2161
10  SPL 12689 1653
3
50  WRC 8371 2156
30  SPL 8969 1739
10  WRC 9470 2151
4
50  SPL 9290 1705
30  SPL 9620 1671
10  WRC 10200 2180
5
50  SPL 7969 1720
30  WRC 8003 2147
10  WRC 9690 2155
6
50  SPL 7284 1689
30  WRC 7619 2174
10  SPL 8876 1666
7
50  SPL 7357 1698
30  SPL 7863 1697
10  WRC 8182 2146
8
50  WRC 7292 2182
30  WRC 7447 2177
10  SPL 8085 1680
9
50  WRC 3100 2162
30  SPL 3863 1722
10  SPL 4440 1735
10
50  SPL 3256 1677
30  WRC 3732 2165
10  SPL 4251 1702
11
50  WRC 1881 2176
30  SPL 1950 1672
10  WRC 1968 2196
12
50  WRC 2313 2150
30  SPL 2437 1691
10  WRC 2594 2183
13
50  SPL 3444 1687
30  WRC 3889 2175
10  SPL 4902 1713
14
50  SPL 3591 1719
30  SPL 3692 1670
10  WRC 4383 2191
15
50  SPL 3532 1739
30  WRC 3553 2167
10  WRC 3638 2151
16
50  SPL 3479 1665
30  SPL 4002 1679
10  SPL 4230 1700
17
50  SPL 6478 1718
30  WRC 6896 2147
10  WRC 7375 2153
18
50  SPL 6409 1689
30  WRC 6674 2174
10  WRC 7522 2189
19
50  SPL 6384 1698
30  WRC 6727 2145
10  SPL 7006 1697
20
50  WRC 6001 2181
30  WRC 6272 2182
10  WRC 7393 2157
21
50  WRC 3722 2162
30  SPL 4433 1722
10  SPL 5750 1696
22
50  WRC 4550 2165
30  SPL 5737 1677
10  SPL 5804 1716
23
50  WRC 2194 2196
30  SPL 2555 1708
10  SPL 2828 1715
24
50  SPL 2646 1726
30  WRC 3389 2183
10  SPL 3702 1707
25
50  WRC 2256 2171
30  SPL 2515 1647
10  SPL 2518 1717
26
50  SPL 1913 1719
30  WRC 2103 2161
10  WRC 2347 2191
27
50  WRC 4144 2151
30  WRC 4376 2167
10  SPL 4400 1709
28
50  SPL 5351 1669
30  WRC 5894 2188
10  SPL 5972 1700
29
50  WRC 3476 2178
30  WRC 4006 2153
10  WRC 4513 2155
30
50  SPL 3484 1689
30  WRC 3546 2174
10  SPL 3934 1666
31
80  SPL 3483 1698
40  SPL 3735 1649
0  WRC 3850 2146
32
80  WRC 3201 2181
40  WRC 3499 2177
0  WRC 3783 2193
33
80  WRC 2358 2196
40  WRC 2458 2176
0  SPL 3037 1676
35
50  WRC 1814 2175
30  SPL 2331 1690
10  SPL 2492 1713
36
50  SPL 1860 1670
30  WRC 2018 2161
10  WRC 2403 2191
37
50  WRC 3987 2156
30  SPL 4055 1739
10  WRC 4400 2167
38
50  SPL 3981 1705
30  SPL 4577 1671
10  SPL 4672 1679
39
50  SPL 3246 1718
30  SPL 3531 1720
10  WRC 3559 2178
40
50  WRC 3512 2174
30  SPL 4193 1727
10  WRC 4271 2189
41
50  SPL 3366 1697
30  WRC 3456 2145
10  SPL 3625 1649
42
50  WRC 3052 2182
30  WRC 3094 2181
10  WRC 3489 2170
43
50  SPL 2652 1672
30  WRC 2683 2176
10  WRC 3264 2184
44
50  SPL 3371 1699
30  SPL 3403 1726
10  SPL 3452 1662
45
50  SPL 2033 1687
30  SPL 2546 1738
10  WRC 2627 2171
46
50  SPL 2422 1653
30  WRC 2445 2161
10  WRC 2487 2191
47
50  WRC 4069 2156
30  SPL 5018 1652
10  SPL 5207 1663
48
50  WRC 4896 2188
30  SPL 5462 1700
10  SPL 7987 1678
49
50  WRC 4226 2147
30  WRC 4882 2155
10  SPL 5095 1704
50
50  WRC 4032 2189
30  SPL 4475 1666
10  SPL 5344 1727
51
50  WRC 3802 2145
30  SPL 4402 1712
10  SPL 4475 1664
52
50  WRC 3662 2177
30  WRC 3976 2173
10  WRC 4022 2170
53
50  SPL 18907 1804
54
50  SPL 9289 1796
30  WRC 9339 1855
55
50  WRC 20388 1858
30  SPL 20778 1798
57
50  WRC 14518 1859
30  SPL 17312 1800
58
50  SPL 15425 1801
59
50  WRC 13206 1860
30  SPL 13914 1802
61
50  WRC 13246 1861
30  SPL 13256 1803
SCORE:WRC,SPL,2540,2630,-9.0
