WRC-ROR
1
50  ROR 9794 13
30  ROR 10469 56
10  WRC 10759 2171
2
50  ROR 10266 6
30  WRC 10377 2161
10  WRC 13057 2144
3
50  ROR 7756 33
30  ROR 8009 14
10  WRC 8371 2156
4
50  ROR 7966 7
30  ROR 9978 43
10  WRC 10200 2180
5
50  ROR 7441 10
30  WRC 8003 2147
10  WRC 9690 2155
6
50  ROR 7169 27
30  WRC 7619 2174
10  ROR 8022 64
7
50  ROR 7410 35
30  WRC 8182 2146
10  WRC 8594 2169
8
50  ROR 6656 68
30  WRC 7292 2182
10  WRC 7447 2177
9
50  ROR 2537 63
30  WRC 3100 2162
10  ROR 3150 31
10
50  ROR 3291 67
30  WRC 3732 2165
10  ROR 4050 39
11
50  WRC 1881 2176
30  WRC 1968 2196
10  ROR 1994 48
12
50  ROR 2081 32
30  ROR 2137 5
10  ROR 2206 49
13
50  WRC 3889 2175
30  ROR 3966 15
10  ROR 3968 56
14
50  ROR 4316 20
30  WRC 4383 2191
10  ROR 4440 40
15
50  WRC 3553 2167
30  WRC 3638 2151
10  WRC 3659 2152
16
50  ROR 3175 36
30  ROR 4041 59
10  ROR 4160 44
17
50  ROR 6372 47
30  WRC 6896 2147
10  ROR 7128 57
18
50  ROR 6254 28
30  WRC 6674 2174
10  ROR 6944 64
19
50  ROR 6487 35
30  WRC 6727 2145
10  WRC 7127 2146
20
50  ROR 5890 68
30  WRC 6001 2181
10  WRC 6272 2182
21
50  ROR 2909 63
30  WRC 3722 2162
22
50  ROR 3997 67
30  WRC 4550 2165
10  ROR 5540 39
23
50  WRC 2194 2196
30  ROR 2778 21
10  ROR 3097 66
24
50  ROR 2470 5
30  ROR 2659 49
10  WRC 3389 2183
25
50  ROR 2044 56
30  WRC 2256 2171
10  ROR 2278 15
26
50  ROR 2088 26
30  WRC 2103 2161
10  WRC 2347 2191
27
50  ROR 3778 16
30  WRC 4144 2151
10  WRC 4376 2167
28
50  ROR 3850 36
30  ROR 4956 59
10  WRC 5894 2188
29
50  WRC 3476 2178
30  ROR 3806 57
10  WRC 4006 2153
30
50  WRC 3546 2174
30  ROR 3847 25
10  WRC 4187 2189
31
80  ROR 3550 35
40  ROR 3828 24
0  WRC 3850 2146
32
80  WRC 3201 2181
40  WRC 3499 2177
0  WRC 3783 2193
33
80  ROR 2116 34
40  WRC 2358 2196
0  WRC 2458 2176
34
80  ROR 2250 38
40  ROR 2288 5
0  ROR 2943 32
35
50  WRC 1814 2175
30  ROR 1889 61
10  ROR 2712 30
36
50  ROR 1883 6
30  WRC 2018 2161
10  ROR 2194 26
37
50  ROR 3327 33
30  ROR 3482 14
10  WRC 3987 2156
38
50  ROR 3441 7
30  ROR 5214 44
10  ROR 5678 59
39
50  ROR 3241 10
30  ROR 3500 18
10  ROR 3513 57
40
50  ROR 3207 28
30  WRC 3512 2174
10  ROR 3788 25
41
50  WRC 3456 2145
30  ROR 3589 23
10  ROR 3606 24
42
50  WRC 3052 2182
30  WRC 3094 2181
10  WRC 3489 2170
43
50  WRC 2683 2176
30  ROR 2875 34
10  WRC 3264 2184
44
50  ROR 2753 38
30  ROR 3152 55
10  ROR 3333 32
45
50  ROR 2326 61
30  WRC 2627 2171
10  WRC 2653 2175
46
50  WRC 2445 2161
30  WRC 2487 2191
10  ROR 2672 20
47
50  WRC 4069 2156
30  ROR 5050 16
10  ROR 5462 42
48
50  WRC 4896 2188
30  ROR 5233 43
10  ROR 5885 41
49
50  ROR 3527 47
30  WRC 4226 2147
10  ROR 4453 22
50
50  ROR 3632 27
30  WRC 4032 2189
51
50  WRC 3802 2145
30  WRC 4565 2169
10  ROR 5203 23
52
50  ROR 3534 68
30  WRC 3662 2177
10  WRC 3976 2173
54
50  WRC 9339 1855
30  ROR 9445 1624
55
50  ROR 18003 1627
30  WRC 20388 1858
56
50  ROR 16518 1628
57
50  ROR 13885 1629
30  WRC 14518 1859
58
50  ROR 14409 1630
59
50  ROR 12591 1631
30  WRC 13206 1860
60
50  ROR 12175 1632
61
50  WRC 13246 1861
SCORE:WRC,ROR,2100,3200,-110.0
