WRC-FO
1
50  WRC 10759 2171
30  FO 10771 2035
10  FO 12495 2122
2
50  WRC 10377 2161
30  FO 10637 2042
10  FO 11528 2114
3
50  FO 8237 2055
30  WRC 8371 2156
10  WRC 9470 2151
4
50  FO 8422 2127
30  FO 9837 2079
10  WRC 10200 2180
5
50  WRC 8003 2147
30  FO 8487 2036
10  WRC 9690 2155
6
50  WRC 7619 2174
30  FO 8478 2053
10  FO 8720 2121
7
50  FO 7744 2061
30  WRC 8182 2146
10  WRC 8594 2169
8
50  FO 6400 2077
30  FO 6997 2094
10  WRC 7292 2182
9
50  WRC 3100 2162
30  FO 3181 2050
10  FO 4028 2064
10
50  FO 2470 2128
30  FO 2776 2049
10  FO 3569 2106
11
50  WRC 1881 2176
30  WRC 1968 2196
10  FO 2071 2043
12
50  FO 1906 2065
30  FO 2293 2107
10  FO 2300 2101
13
50  WRC 3889 2175
30  FO 4515 2110
10  FO 4844 2074
14
50  FO 4140 2042
30  FO 4351 2088
10  WRC 4383 2191
15
50  WRC 3553 2167
30  WRC 3638 2151
10  WRC 3659 2152
16
50  FO 3571 2066
30  FO 3901 2100
10  FO 4127 2137
17
50  WRC 6896 2147
30  FO 7118 2036
10  WRC 7375 2153
18
50  WRC 6674 2174
30  FO 7319 2121
10  FO 7333 2053
19
50  FO 6721 2061
30  WRC 6727 2145
10  WRC 7127 2146
20
50  FO 5738 2077
30  FO 5938 2094
10  WRC 6001 2181
21
50  WRC 3722 2162
30  FO 3857 2050
10  FO 4878 2143
22
50  FO 2925 2128
30  FO 3814 2049
10  WRC 4550 2165
23
50  WRC 2194 2196
30  FO 2619 2139
10  FO 2720 2043
24
50  FO 2552 2065
30  FO 2965 2090
10  FO 3384 2124
25
50  WRC 2256 2171
30  FO 2372 2074
10  FO 2381 2035
26
50  WRC 2103 2161
30  FO 2225 2048
10  FO 2312 2114
27
50  FO 3759 2055
30  WRC 4144 2151
10  WRC 4376 2167
28
50  FO 4134 2127
30  FO 4747 2066
10  FO 4991 2079
29
50  WRC 3476 2178
30  WRC 4006 2153
10  FO 4128 2067
30
50  WRC 3546 2174
30  WRC 4187 2189
10  FO 4253 2121
31
80  WRC 3850 2146
40  WRC 4171 2169
0  FO 4765 2039
32
80  FO 3047 2077
40  WRC 3201 2181
0  FO 3414 2076
33
80  FO 2181 2139
40  WRC 2358 2196
0  FO 2381 2078
34
80  FO 3806 2120
35
50  WRC 1814 2175
30  FO 2208 2035
10  FO 2598 2122
36
50  WRC 2018 2161
30  FO 2122 2104
10  FO 2222 2048
37
50  WRC 3987 2156
30  WRC 4400 2167
10  FO 4659 2109
38
50  FO 4043 2127
30  FO 5475 2079
10  FO 8564 2041
39
50  WRC 3559 2178
30  WRC 3650 2153
10  FO 3744 2036
40
50  WRC 3512 2174
30  FO 3906 2053
10  WRC 4271 2189
41
50  WRC 3456 2145
30  FO 3459 2061
10  WRC 3719 2169
42
50  FO 2884 2094
30  WRC 3052 2182
10  WRC 3094 2181
43
50  WRC 2683 2176
30  FO 2740 2139
10  WRC 3264 2184
45
50  WRC 2627 2171
30  WRC 2653 2175
10  FO 2901 2110
46
50  WRC 2445 2161
30  FO 2462 2104
10  FO 2484 2130
47
50  FO 4008 2055
30  WRC 4069 2156
10  FO 5244 2109
48
50  FO 4576 2066
30  WRC 4896 2188
10  FO 6287 2137
49
50  WRC 4226 2147
30  FO 4431 2092
10  FO 4695 2071
50
50  WRC 4032 2189
30  FO 4110 2053
10  FO 4971 2047
51
50  WRC 3802 2145
30  FO 3932 2061
10  WRC 4565 2169
52
50  FO 3541 2077
30  WRC 3662 2177
10  FO 3725 2094
53
50  FO 14008 1854
54
50  WRC 9339 1855
30  FO 9738 1838
55
50  FO 19576 1843
30  WRC 20388 1858
56
50  FO 18719 1846
57
50  WRC 14518 1859
30  FO 15307 1849
58
50  FO 14984 1850
59
50  WRC 13206 1860
30  FO 15100 1853
61
50  WRC 13246 1861
SCORE:WRC,FO,2450,2740,-29.0
