WRC-HP
1
50  HP 9165 260
30  WRC 10759 2171
10  HP 11713 224
2
50  HP 9344 328
30  HP 9725 237
10  WRC 10377 2161
3
50  HP 7550 269
30  WRC 8371 2156
10  WRC 9470 2151
4
50  HP 7934 236
30  WRC 10200 2180
10  WRC 10965 2188
5
50  HP 7225 290
30  WRC 8003 2147
10  HP 8263 234
6
50  HP 7203 256
30  WRC 7619 2174
10  HP 8175 244
7
50  HP 7603 220
30  WRC 8182 2146
10  WRC 8594 2169
8
50  WRC 7292 2182
30  HP 7391 303
10  HP 7437 312
9
50  WRC 3100 2162
30  HP 3975 322
10  HP 3998 273
10
50  HP 3084 255
30  WRC 3732 2165
10  HP 4346 251
11
50  WRC 1881 2176
30  WRC 1968 2196
10  HP 2162 338
12
50  WRC 2313 2150
30  HP 2334 331
10  HP 2456 300
13
50  HP 3703 211
30  WRC 3889 2175
10  HP 4381 226
14
50  HP 3725 237
30  HP 4106 283
10  HP 4278 282
15
50  HP 3207 330
30  WRC 3553 2167
10  WRC 3638 2151
16
50  HP 3135 236
30  HP 3422 254
10  HP 3934 276
17
50  HP 6384 290
30  WRC 6896 2147
10  WRC 7375 2153
18
50  WRC 6674 2174
30  WRC 7522 2189
10  HP 7653 241
19
50  WRC 6727 2145
30  WRC 7127 2146
10  HP 8572 307
20
50  HP 5659 308
30  WRC 6001 2181
10  WRC 6272 2182
21
50  WRC 3722 2162
30  HP 4947 322
10  HP 6941 239
22
50  HP 2850 227
30  HP 3722 255
10  WRC 4550 2165
23
50  WRC 2194 2196
30  HP 2685 229
10  HP 2838 338
24
50  HP 2787 331
30  HP 2850 227
10  HP 3178 300
25
50  HP 1963 260
30  WRC 2256 2171
10  HP 2303 233
26
50  WRC 2103 2161
30  WRC 2347 2191
10  WRC 2506 2160
27
50  HP 3568 269
30  HP 3894 330
10  WRC 4144 2151
28
50  HP 4231 254
30  HP 5281 225
10  WRC 5894 2188
29
50  WRC 3476 2178
30  HP 3984 235
10  WRC 4006 2153
30
50  HP 3275 268
30  WRC 3546 2174
10  HP 4110 288
31
80  HP 3625 220
40  WRC 3850 2146
0  WRC 4171 2169
32
80  HP 2865 308
40  WRC 3201 2181
0  WRC 3499 2177
33
80  WRC 2358 2196
40  WRC 2458 2176
0  HP 2600 338
34
80  HP 2722 227
40  HP 3031 331
35
50  WRC 1814 2175
30  HP 1863 260
10  HP 1960 211
36
50  HP 1747 328
30  WRC 2018 2161
10  HP 2134 283
37
50  HP 3265 269
30  WRC 3987 2156
10  HP 4228 332
38
50  HP 3428 236
30  HP 6200 317
39
50  HP 3072 290
30  WRC 3559 2178
10  HP 3618 234
40
50  HP 3075 256
30  WRC 3512 2174
10  HP 3638 244
41
50  WRC 3456 2145
30  WRC 3719 2169
10  HP 4053 291
42
50  HP 2698 308
30  WRC 3052 2182
10  HP 3059 303
43
50  WRC 2683 2176
30  HP 2884 229
10  WRC 3264 2184
44
50  HP 3416 227
30  HP 3853 261
45
50  HP 2439 211
30  WRC 2627 2171
10  WRC 2653 2175
46
50  WRC 2445 2161
30  WRC 2487 2191
10  HP 2560 282
47
50  WRC 4069 2156
30  HP 4525 330
10  HP 4844 335
48
50  WRC 4896 2188
30  HP 5325 276
10  HP 5327 254
49
50  WRC 4226 2147
30  HP 4641 234
10  WRC 4882 2155
50
50  HP 3669 268
30  WRC 4032 2189
10  HP 4369 288
51
50  WRC 3802 2145
30  HP 3997 220
10  WRC 4565 2169
52
50  WRC 3662 2177
30  HP 3687 312
10  HP 3715 289
53
50  HP 18604 1656
54
50  WRC 9339 1855
30  HP 10553 1642
55
50  HP 18650 1644
30  WRC 20388 1858
56
50  HP 15963 1646
57
50  WRC 14518 1859
30  HP 17031 1647
58
50  HP 17835 1649
59
50  WRC 13206 1860
30  HP 15187 1650
60
50  HP 12150 1651
61
50  WRC 13246 1861
30  HP 13259 1653
SCORE:WRC,HP,2320,3060,-74.0
