WRC-TVT
1
50  WRC 10759 2171
30  TVT 11250 1868
10  TVT 11778 1909
2
50  TVT 9773 1951
30  WRC 10377 2161
10  TVT 10577 1856
3
50  TVT 7662 1866
30  WRC 8371 2156
10  TVT 8557 1845
4
50  TVT 9433 1917
30  WRC 10200 2180
10  WRC 10965 2188
5
50  TVT 7571 1867
30  WRC 8003 2147
10  WRC 9690 2155
6
50  TVT 7397 1888
30  TVT 7590 1911
10  WRC 7619 2174
7
50  WRC 8182 2146
30  WRC 8594 2169
10  TVT 9332 1900
8
50  TVT 6297 1874
30  WRC 7292 2182
10  WRC 7447 2177
9
50  WRC 3100 2162
30  TVT 4928 1875
10  TVT 5723 1865
10
50  TVT 3245 1950
30  TVT 3347 1908
10  WRC 3732 2165
11
50  WRC 1881 2176
30  WRC 1968 2196
10  TVT 2259 1952
12
50  TVT 2033 1946
30  WRC 2313 2150
10  TVT 2513 1903
13
50  WRC 3889 2175
30  TVT 4097 1868
10  TVT 4514 1853
14
50  TVT 3875 1951
30  TVT 4012 1879
10  WRC 4383 2191
15
50  TVT 3063 1866
30  TVT 3357 1845
10  WRC 3553 2167
16
50  TVT 4169 1880
30  WRC 4440 2188
10  TVT 4566 1886
17
50  WRC 6896 2147
30  TVT 6991 1867
10  WRC 7375 2153
18
50  TVT 6400 1911
30  WRC 6674 2174
10  TVT 6771 1888
19
50  WRC 6727 2145
30  WRC 7127 2146
10  TVT 8321 1900
20
50  TVT 5377 1899
30  TVT 5753 1874
10  WRC 6001 2181
21
50  WRC 3722 2162
30  TVT 4982 1875
10  TVT 6514 1865
22
50  TVT 3774 1908
30  TVT 4170 1950
10  WRC 4550 2165
23
50  WRC 2194 2196
30  TVT 2634 1892
10  TVT 2684 1952
24
50  TVT 2567 1946
30  TVT 3113 1935
10  TVT 3182 1903
25
50  WRC 2256 2171
30  TVT 2553 1909
10  TVT 2657 1853
26
50  WRC 2103 2161
30  WRC 2347 2191
10  TVT 2397 1898
27
50  TVT 4013 1845
30  WRC 4144 2151
10  WRC 4376 2167
28
50  TVT 5289 1880
30  WRC 5894 2188
10  TVT 7253 1943
29
50  WRC 3476 2178
30  TVT 3845 1910
10  WRC 4006 2153
30
50  TVT 3535 1888
30  WRC 3546 2174
10  TVT 3733 1911
31
80  WRC 3850 2146
40  TVT 4059 1900
0  WRC 4171 2169
32
80  TVT 2849 1899
40  WRC 3201 2181
0  WRC 3499 2177
33
80  WRC 2358 2196
40  WRC 2458 2176
0  TVT 2840 1952
34
80  TVT 2670 1946
40  TVT 3389 1896
35
50  WRC 1814 2175
30  TVT 2166 1868
10  TVT 2603 1909
36
50  WRC 2018 2161
30  TVT 2050 1856
10  TVT 2078 1951
37
50  TVT 3427 1866
30  WRC 3987 2156
10  TVT 4109 1913
38
50  TVT 4381 1917
30  TVT 7064 1848
39
50  TVT 3496 1867
30  WRC 3559 2178
10  WRC 3650 2153
40
50  TVT 3217 1888
30  WRC 3512 2174
10  WRC 4271 2189
41
50  WRC 3456 2145
30  WRC 3719 2169
42
50  TVT 2764 1899
30  TVT 2776 1874
10  WRC 3052 2182
43
50  WRC 2683 2176
30  TVT 3133 1952
10  TVT 3244 1892
44
50  TVT 2528 1946
30  TVT 3303 1896
10  TVT 3571 1903
45
50  WRC 2627 2171
30  WRC 2653 2175
10  TVT 2798 1853
46
50  WRC 2445 2161
30  WRC 2487 2191
10  TVT 2600 1856
47
50  WRC 4069 2156
30  TVT 4616 1913
10  TVT 4678 1916
48
50  WRC 4896 2188
30  TVT 5013 1917
10  TVT 5643 1886
49
50  WRC 4226 2147
30  TVT 4377 1910
10  WRC 4882 2155
50
50  TVT 3877 1911
30  WRC 4032 2189
51
50  WRC 3802 2145
30  WRC 4565 2169
10  TVT 4934 1885
52
50  TVT 3306 1874
30  WRC 3662 2177
10  TVT 3969 1860
53
50  TVT 16803 1828
54
50  WRC 9339 1855
30  TVT 12231 1815
55
50  TVT 19785 1818
30  WRC 20388 1858
56
50  TVT 17443 1820
57
50  TVT 14320 1822
30  WRC 14518 1859
58
50  TVT 17419 1825
59
50  WRC 13206 1860
30  TVT 15096 1826
61
50  TVT 13181 1827
30  WRC 13246 1861
SCORE:WRC,TVT,2410,2910,-50.0
