WRC-BJCCS
1
50  WRC 10759 2171
2
50  BJCCS 7311 1954
30  BJCCS 9619 1983
10  WRC 10377 2161
3
50  WRC 8371 2156
30  WRC 9470 2151
10  BJCCS 9831 1977
4
50  BJCCS 8868 1970
30  BJCCS 8910 1964
10  WRC 10200 2180
5
50  BJCCS 7494 1958
30  WRC 8003 2147
10  BJCCS 9193 1972
6
50  BJCCS 7580 1985
30  WRC 7619 2174
10  BJCCS 8634 1960
7
50  BJCCS 7577 1975
30  BJCCS 8144 1986
10  WRC 8182 2146
8
50  BJCCS 6444 1974
30  BJCCS 6544 1984
10  WRC 7292 2182
9
50  BJCCS 2399 1956
30  WRC 3100 2162
10  BJCCS 3603 1978
10
50  WRC 3732 2165
30  WRC 6075 2168
11
50  WRC 1881 2176
30  WRC 1968 2196
10  BJCCS 2100 1973
12
50  BJCCS 1892 1955
30  BJCCS 2070 1981
10  WRC 2313 2150
13
50  WRC 3889 2175
30  WRC 5975 2163
10  BJCCS 6250 1959
14
50  BJCCS 2934 1954
30  WRC 4383 2191
10  BJCCS 4497 1988
15
50  WRC 3553 2167
30  WRC 3638 2151
10  WRC 3659 2152
16
50  BJCCS 3568 1964
30  BJCCS 3666 1970
10  BJCCS 4350 1987
17
50  WRC 6896 2147
30  BJCCS 7103 1958
10  WRC 7375 2153
18
50  BJCCS 6120 1966
30  WRC 6674 2174
10  WRC 7522 2189
19
50  BJCCS 6706 1975
30  WRC 6727 2145
10  WRC 7127 2146
20
50  BJCCS 5725 1974
30  WRC 6001 2181
10  WRC 6272 2182
21
50  BJCCS 2962 1956
30  WRC 3722 2162
10  BJCCS 3903 1989
22
50  WRC 4550 2165
23
50  WRC 2194 2196
30  BJCCS 2553 1973
10  BJCCS 3003 1957
24
50  BJCCS 2342 1955
30  BJCCS 2669 1981
10  WRC 3389 2183
25
50  WRC 2256 2171
30  WRC 2677 2164
10  BJCCS 3262 1959
26
50  BJCCS 2019 1983
30  WRC 2103 2161
10  WRC 2347 2191
27
50  WRC 4144 2151
30  WRC 4376 2167
10  BJCCS 5075 1977
28
50  BJCCS 4400 1970
30  BJCCS 5672 1987
10  WRC 5894 2188
29
50  WRC 3476 2178
30  BJCCS 3747 1958
10  WRC 4006 2153
30
50  BJCCS 3247 1966
30  BJCCS 3419 1985
10  WRC 3546 2174
31
80  BJCCS 3610 1986
40  WRC 3850 2146
0  WRC 4171 2169
32
80  BJCCS 2989 1984
40  WRC 3201 2181
0  WRC 3499 2177
33
80  WRC 2358 2196
40  WRC 2458 2176
0  BJCCS 2559 1973
34
80  BJCCS 2165 1981
35
50  WRC 1814 2175
36
50  BJCCS 1770 1983
30  WRC 2018 2161
10  BJCCS 2356 1988
37
50  WRC 3987 2156
30  WRC 4400 2167
10  WRC 4733 2152
38
50  BJCCS 4031 1970
30  BJCCS 4178 1964
10  BJCCS 4825 1987
39
50  WRC 3559 2178
30  WRC 3650 2153
10  BJCCS 4225 1972
40
50  BJCCS 3145 1966
30  WRC 3512 2174
10  WRC 4271 2189
41
50  WRC 3456 2145
30  WRC 3719 2169
42
50  BJCCS 3000 1974
30  WRC 3052 2182
10  WRC 3094 2181
43
50  WRC 2683 2176
30  WRC 3264 2184
10  BJCCS 4025 1957
44
50  BJCCS 3022 1955
45
50  WRC 2627 2171
30  WRC 2653 2175
46
50  BJCCS 1744 1954
30  WRC 2445 2161
10  WRC 2487 2191
47
50  WRC 4069 2156
30  BJCCS 5529 1977
10  WRC 5535 2152
48
50  BJCCS 4834 1964
30  WRC 4896 2188
10  BJCCS 5853 1987
49
50  BJCCS 3875 1958
30  WRC 4226 2147
10  WRC 4882 2155
50
50  WRC 4032 2189
30  BJCCS 4163 1985
10  BJCCS 4372 1960
51
50  WRC 3802 2145
30  WRC 4565 2169
52
50  WRC 3662 2177
30  BJCCS 3897 1984
10  WRC 3976 2173
54
50  BJCCS 9233 1830
30  WRC 9339 1855
55
50  WRC 20388 1858
56
50  BJCCS 15437 1831
57
50  WRC 14518 1859
59
50  WRC 13206 1860
60
50  BJCCS 12532 1832
61
50  BJCCS 12031 1833
30  WRC 13246 1861
SCORE:WRC,BJCCS,2570,2400,17.0
