WRC-DUL
1
50  DUL 10606 1303
30  WRC 10759 2171
10  DUL 11379 1307
2
50  WRC 10377 2161
30  WRC 13057 2144
3
50  WRC 8371 2156
30  DUL 9243 1320
10  WRC 9470 2151
4
50  WRC 10200 2180
30  DUL 10659 1300
10  WRC 10965 2188
5
50  WRC 8003 2147
30  DUL 9208 1347
10  WRC 9690 2155
6
50  WRC 7619 2174
7
50  DUL 8048 1349
30  WRC 8182 2146
10  DUL 8394 1296
8
50  DUL 7197 1305
30  DUL 7268 1295
10  WRC 7292 2182
9
50  WRC 3100 2162
30  DUL 3522 1291
10  DUL 3850 1313
10
50  DUL 3298 1361
30  WRC 3732 2165
10  DUL 4187 1325
11
50  WRC 1881 2176
30  WRC 1968 2196
10  DUL 2237 1318
12
50  DUL 2127 1297
30  WRC 2313 2150
10  WRC 2594 2183
13
50  WRC 3889 2175
30  DUL 4160 1303
10  DUL 4350 1338
14
50  WRC 4383 2191
30  WRC 4678 2144
10  WRC 4715 2160
15
50  WRC 3553 2167
30  WRC 3638 2151
10  WRC 3659 2152
16
50  WRC 4440 2188
30  DUL 5700 1363
17
50  WRC 6896 2147
30  WRC 7375 2153
10  WRC 7397 2178
18
50  WRC 6674 2174
30  WRC 7522 2189
19
50  WRC 6727 2145
30  WRC 7127 2146
10  DUL 8299 1356
20
50  WRC 6001 2181
30  WRC 6272 2182
10  DUL 6944 1299
21
50  WRC 3722 2162
30  DUL 3983 1332
10  DUL 4739 1352
22
50  DUL 4059 1361
30  WRC 4550 2165
10  DUL 6140 1309
23
50  WRC 2194 2196
30  DUL 2695 1337
10  DUL 2847 1351
24
50  DUL 2994 1297
30  WRC 3389 2183
10  DUL 3733 1317
25
50  DUL 2093 1303
30  DUL 2238 1304
10  WRC 2256 2171
26
50  WRC 2103 2161
30  WRC 2347 2191
10  WRC 2506 2160
27
50  WRC 4144 2151
30  WRC 4376 2167
10  DUL 4920 1294
28
50  DUL 5527 1300
30  WRC 5894 2188
10  DUL 7231 1363
29
50  WRC 3476 2178
30  WRC 4006 2153
10  DUL 4352 1347
30
50  WRC 3546 2174
30  WRC 4187 2189
31
80  WRC 3850 2146
40  DUL 3909 1349
0  DUL 4014 1296
32
80  WRC 3201 2181
40  WRC 3499 2177
0  DUL 3673 1305
33
80  WRC 2358 2196
40  WRC 2458 2176
0  DUL 2739 1337
35
50  WRC 1814 2175
30  DUL 1873 1303
10  DUL 2175 1304
36
50  WRC 2018 2161
30  WRC 2403 2191
10  DUL 3350 1315
37
50  WRC 3987 2156
30  DUL 4325 1320
10  WRC 4400 2167
38
50  DUL 4950 1300
39
50  WRC 3559 2178
30  WRC 3650 2153
10  DUL 3977 1347
40
50  WRC 3512 2174
30  WRC 4271 2189
41
50  DUL 3374 1349
30  WRC 3456 2145
10  WRC 3719 2169
42
50  WRC 3052 2182
30  WRC 3094 2181
10  DUL 3122 1305
43
50  WRC 2683 2176
30  DUL 2877 1322
10  DUL 3127 1337
45
50  DUL 2291 1307
30  WRC 2627 2171
10  WRC 2653 2175
46
50  WRC 2445 2161
30  WRC 2487 2191
10  DUL 2757 1293
47
50  WRC 4069 2156
30  DUL 5163 1320
10  WRC 5535 2152
48
50  WRC 4896 2188
30  DUL 5469 1300
10  DUL 7927 1363
49
50  WRC 4226 2147
30  DUL 4732 1347
10  WRC 4882 2155
50
50  WRC 4032 2189
51
50  WRC 3802 2145
30  DUL 4042 1296
10  DUL 4289 1349
52
50  DUL 3484 1295
30  WRC 3662 2177
10  DUL 3871 1299
53
50  DUL 18537 1749
54
50  WRC 9339 1855
30  DUL 12181 1742
55
50  WRC 20388 1858
30  DUL 24027 1744
57
50  WRC 14518 1859
30  DUL 16909 1746
59
50  WRC 13206 1860
61
50  DUL 13150 1748
30  WRC 13246 1861
SCORE:WRC,DUL,3210,1630,158.0
