WRC-CH
1
50  CH 9387 3108
30  CH 9994 3070
10  WRC 10759 2171
2
50  WRC 10377 2161
30  WRC 13057 2144
10  CH 13943 3123
3
50  CH 8038 3083
30  WRC 8371 2156
10  WRC 9470 2151
4
50  CH 10107 3111
30  WRC 10200 2180
10  CH 10791 3081
5
50  WRC 8003 2147
30  CH 8338 3086
10  WRC 9690 2155
6
50  WRC 7619 2174
30  CH 8290 3085
10  CH 9969 3095
7
50  WRC 8182 2146
30  WRC 8594 2169
8
50  WRC 7292 2182
30  WRC 7447 2177
10  WRC 8320 2193
9
50  CH 2656 3080
30  CH 3053 3062
10  WRC 3100 2162
10
50  CH 2587 3076
30  CH 3566 3067
10  WRC 3732 2165
11
50  WRC 1881 2176
30  WRC 1968 2196
10  CH 2405 3069
12
50  CH 2153 3119
30  WRC 2313 2150
10  WRC 2594 2183
13
50  CH 3818 3108
30  CH 3875 3070
10  WRC 3889 2175
14
50  WRC 4383 2191
30  WRC 4678 2144
10  WRC 4715 2160
15
50  CH 3274 3083
30  WRC 3553 2167
10  WRC 3638 2151
16
50  CH 4012 3111
30  CH 4029 3081
10  WRC 4440 2188
17
50  WRC 6896 2147
30  WRC 7375 2153
10  WRC 7397 2178
18
50  WRC 6674 2174
30  CH 7168 3085
10  WRC 7522 2189
19
50  WRC 6727 2145
30  WRC 7127 2146
20
50  WRC 6001 2181
30  WRC 6272 2182
10  WRC 7393 2157
21
50  CH 3358 3062
30  CH 3632 3080
10  WRC 3722 2162
22
50  CH 4122 3076
30  WRC 4550 2165
10  CH 5985 3117
23
50  WRC 2194 2196
30  CH 2922 3120
10  CH 3278 3093
24
50  CH 3088 3119
30  WRC 3389 2183
10  CH 3578 3110
25
50  CH 2178 3108
30  WRC 2256 2171
10  CH 2381 3121
26
50  WRC 2103 2161
30  WRC 2347 2191
10  WRC 2506 2160
27
50  CH 3922 3083
30  WRC 4144 2151
10  WRC 4376 2167
28
50  CH 4947 3073
30  CH 4950 3111
10  CH 5001 3081
29
50  WRC 3476 2178
30  CH 3618 3086
10  WRC 4006 2153
30
50  WRC 3546 2174
30  WRC 4187 2189
10  CH 5310 3071
31
80  WRC 3850 2146
40  WRC 4171 2169
32
80  WRC 3201 2181
40  WRC 3499 2177
0  WRC 3783 2193
33
80  WRC 2358 2196
40  WRC 2458 2176
0  CH 3087 3069
34
80  CH 2778 3119
35
50  WRC 1814 2175
30  CH 1913 3066
10  CH 1999 3108
36
50  WRC 2018 2161
30  WRC 2403 2191
10  CH 3640 3123
37
50  CH 3868 3083
30  WRC 3987 2156
10  WRC 4400 2167
38
50  CH 5581 3111
30  CH 6155 3060
10  CH 6840 3081
39
50  CH 3546 3086
30  WRC 3559 2178
10  WRC 3650 2153
40
50  WRC 3512 2174
30  CH 4072 3085
10  WRC 4271 2189
41
50  WRC 3456 2145
30  WRC 3719 2169
42
50  WRC 3052 2182
30  WRC 3094 2181
10  WRC 3489 2170
43
50  WRC 2683 2176
30  WRC 3264 2184
10  CH 3694 3120
44
50  CH 4025 3119
45
50  CH 2458 3070
30  CH 2618 3089
10  WRC 2627 2171
46
50  WRC 2445 2161
30  WRC 2487 2191
47
50  WRC 4069 2156
30  CH 5384 3068
10  WRC 5535 2152
48
50  WRC 4896 2188
30  CH 6846 3060
10  CH 7466 3073
49
50  WRC 4226 2147
30  WRC 4882 2155
10  CH 5574 3114
50
50  WRC 4032 2189
30  CH 5263 3095
10  CH 7240 3059
51
50  WRC 3802 2145
30  WRC 4565 2169
52
50  WRC 3662 2177
30  WRC 3976 2173
10  WRC 4022 2170
53
50  CH 14214 1989
54
50  WRC 9339 1855
30  CH 12912 1982
55
50  CH 17409 1984
30  WRC 20388 1858
56
50  CH 25353 1985
57
50  WRC 14518 1859
30  CH 18681 1986
58
50  CH 21965 1987
59
50  WRC 13206 1860
60
50  CH 15906 1988
61
50  WRC 13246 1861
SCORE:WRC,CH,3080,2130,95.0
