WRC-CCC
1
50  CCC 9365 2014
30  WRC 10759 2171
2
50  WRC 10377 2161
30  CCC 10441 2005
10  CCC 11056 2019
3
50  WRC 8371 2156
30  WRC 9470 2151
10  CCC 9715 1991
4
50  CCC 8866 2012
30  CCC 9346 2027
10  WRC 10200 2180
5
50  CCC 7445 2031
30  WRC 8003 2147
10  CCC 8137 2030
6
50  WRC 7619 2174
7
50  CCC 7696 1992
30  WRC 8182 2146
10  CCC 8435 2028
8
50  WRC 7292 2182
30  WRC 7447 2177
10  CCC 7524 2002
9
50  WRC 3100 2162
30  CCC 3709 1996
10  CCC 3804 2009
10
50  WRC 3732 2165
30  WRC 6075 2168
11
50  WRC 1881 2176
30  WRC 1968 2196
10  CCC 2076 2026
12
50  CCC 1634 2020
30  WRC 2313 2150
10  WRC 2594 2183
13
50  WRC 3889 2175
30  CCC 4404 1995
10  CCC 4490 2006
14
50  CCC 4125 2019
30  WRC 4383 2191
10  WRC 4678 2144
15
50  WRC 3553 2167
30  WRC 3638 2151
10  WRC 3659 2152
16
50  CCC 3407 2012
30  CCC 4175 1993
10  WRC 4440 2188
17
50  WRC 6896 2147
30  WRC 7375 2153
10  WRC 7397 2178
18
50  WRC 6674 2174
30  WRC 7522 2189
10  CCC 12918 2015
19
50  WRC 6727 2145
30  CCC 7116 1992
10  WRC 7127 2146
20
50  WRC 6001 2181
30  WRC 6272 2182
10  CCC 6632 2002
21
50  WRC 3722 2162
30  CCC 4272 1996
10  CCC 6403 2016
22
50  WRC 4550 2165
23
50  WRC 2194 2196
30  CCC 2706 2023
10  CCC 2868 2026
24
50  WRC 3389 2183
30  CCC 4210 2000
10  WRC 4241 2154
25
50  WRC 2256 2171
30  WRC 2677 2164
10  CCC 2734 1995
26
50  CCC 1947 2005
30  WRC 2103 2161
10  WRC 2347 2191
27
50  WRC 4144 2151
30  WRC 4376 2167
10  CCC 9010 2033
28
50  CCC 4247 2012
30  WRC 5894 2188
29
50  WRC 3476 2178
30  CCC 3810 2030
10  WRC 4006 2153
30
50  WRC 3546 2174
30  WRC 4187 2189
31
80  CCC 3662 1992
40  CCC 3813 1998
0  WRC 3850 2146
32
80  WRC 3201 2181
40  WRC 3499 2177
0  WRC 3783 2193
33
80  CCC 2228 2026
40  WRC 2358 2196
0  WRC 2458 2176
35
50  WRC 1814 2175
30  CCC 1819 2014
36
50  CCC 1891 2005
30  WRC 2018 2161
10  WRC 2403 2191
37
50  WRC 3987 2156
30  CCC 4146 1991
10  WRC 4400 2167
38
50  CCC 4041 2027
30  CCC 4268 2012
39
50  CCC 3515 2031
30  WRC 3559 2178
10  CCC 3572 2030
40
50  WRC 3512 2174
30  WRC 4271 2189
41
50  CCC 3413 1992
30  WRC 3456 2145
10  WRC 3719 2169
42
50  WRC 3052 2182
30  WRC 3094 2181
10  WRC 3489 2170
43
50  WRC 2683 2176
30  WRC 3264 2184
10  CCC 3622 2024
45
50  CCC 2209 2014
30  CCC 2592 1995
10  WRC 2627 2171
46
50  WRC 2445 2161
30  WRC 2487 2191
10  CCC 3109 1997
47
50  WRC 4069 2156
30  CCC 5041 1991
10  WRC 5535 2152
48
50  WRC 4896 2188
30  CCC 5066 2027
49
50  CCC 3880 2031
30  WRC 4226 2147
10  CCC 4603 2029
50
50  WRC 4032 2189
51
50  WRC 3802 2145
30  CCC 4305 2028
10  CCC 4529 2013
52
50  WRC 3662 2177
30  WRC 3976 2173
10  WRC 4022 2170
54
50  WRC 9339 1855
30  CCC 11834 1834
55
50  CCC 19756 1835
30  WRC 20388 1858
56
50  CCC 20399 1836
57
50  WRC 14518 1859
59
50  WRC 13206 1860
61
50  WRC 13246 1861
SCORE:WRC,CCC,2970,1780,119.0
