WRC-SH
1
50  SH 10278 2639
30  WRC 10759 2171
10  SH 11089 2607
2
50  WRC 10377 2161
30  WRC 13057 2144
3
50  WRC 8371 2156
30  SH 8498 2619
10  WRC 9470 2151
4
50  SH 9948 2647
30  WRC 10200 2180
10  WRC 10965 2188
5
50  SH 7836 2618
30  WRC 8003 2147
10  SH 8931 2640
6
50  WRC 7619 2174
7
50  WRC 8182 2146
30  WRC 8594 2169
10  SH 9090 2631
8
50  SH 6485 2605
30  SH 7027 2613
10  WRC 7292 2182
9
50  WRC 3100 2162
30  SH 4522 2646
10
50  WRC 3732 2165
30  SH 5726 2645
10  WRC 6075 2168
11
50  WRC 1881 2176
30  WRC 1968 2196
10  SH 2056 2629
12
50  SH 2009 2642
30  WRC 2313 2150
10  WRC 2594 2183
13
50  SH 3852 2639
30  WRC 3889 2175
10  SH 4190 2603
14
50  WRC 4383 2191
30  WRC 4678 2144
10  WRC 4715 2160
15
50  SH 3463 2619
30  WRC 3553 2167
10  WRC 3638 2151
16
50  SH 3946 2630
30  SH 4097 2636
10  SH 4259 2647
17
50  SH 6858 2618
30  WRC 6896 2147
10  WRC 7375 2153
18
50  WRC 6674 2174
30  WRC 7522 2189
19
50  WRC 6727 2145
30  WRC 7127 2146
10  SH 8136 2631
20
50  SH 5747 2605
30  WRC 6001 2181
10  WRC 6272 2182
21
50  WRC 3722 2162
22
50  WRC 4550 2165
23
50  WRC 2194 2196
30  SH 2543 2629
10  SH 3060 2626
24
50  SH 2892 2642
30  WRC 3389 2183
10  WRC 4241 2154
25
50  WRC 2256 2171
30  SH 2416 2639
10  SH 2471 2643
26
50  WRC 2103 2161
30  WRC 2347 2191
10  WRC 2506 2160
27
50  WRC 4144 2151
30  WRC 4376 2167
10  SH 4434 2612
28
50  SH 4732 2630
30  SH 5383 2625
10  SH 5544 2636
29
50  WRC 3476 2178
30  SH 3769 2618
10  WRC 4006 2153
30
50  WRC 3546 2174
30  WRC 4187 2189
31
80  WRC 3850 2146
40  WRC 4171 2169
32
80  SH 3178 2605
40  WRC 3201 2181
0  WRC 3499 2177
33
80  WRC 2358 2196
40  WRC 2458 2176
0  SH 2598 2629
34
80  SH 2623 2642
35
50  WRC 1814 2175
30  SH 2202 2638
10  SH 2288 2607
36
50  WRC 2018 2161
30  WRC 2403 2191
10  SH 3525 2614
37
50  SH 3979 2619
30  WRC 3987 2156
10  WRC 4400 2167
38
50  SH 5382 2636
30  SH 5677 2625
10  SH 6324 2630
39
50  WRC 3559 2178
30  WRC 3650 2153
10  SH 3807 2640
40
50  WRC 3512 2174
30  WRC 4271 2189
41
50  WRC 3456 2145
30  WRC 3719 2169
42
50  SH 2953 2605
30  WRC 3052 2182
10  WRC 3094 2181
43
50  WRC 2683 2176
30  SH 2875 2629
10  WRC 3264 2184
44
50  SH 2983 2642
30  SH 3532 2644
10  SH 4311 2621
45
50  SH 2408 2639
30  SH 2480 2603
10  WRC 2627 2171
46
50  WRC 2445 2161
30  WRC 2487 2191
10  SH 2964 2617
47
50  WRC 4069 2156
30  SH 4632 2619
10  SH 5171 2612
48
50  WRC 4896 2188
30  SH 6956 2597
10  SH 7558 2625
49
50  WRC 4226 2147
30  SH 4600 2640
10  WRC 4882 2155
50
50  WRC 4032 2189
51
50  WRC 3802 2145
30  WRC 4565 2169
10  SH 4738 2631
52
50  SH 3350 2613
30  WRC 3662 2177
10  WRC 3976 2173
54
50  WRC 9339 1855
30  SH 11370 1919
55
50  SH 19413 1921
30  WRC 20388 1858
57
50  WRC 14518 1859
58
50  SH 19108 1923
59
50  WRC 13206 1860
30  SH 13886 1924
61
50  WRC 13246 1861
SCORE:WRC,SH,3000,1930,107.0
