WRC-ML
1
50  ML 7733 3026
30  ML 8827 3040
10  WRC 10759 2171
2
50  WRC 10377 2161
30  WRC 13057 2144
3
50  ML 7653 3039
30  WRC 8371 2156
10  ML 8387 3030
4
50  WRC 10200 2180
30  WRC 10965 2188
5
50  ML 7646 2976
30  WRC 8003 2147
10  WRC 9690 2155
6
50  WRC 7619 2174
30  ML 8587 3042
10  ML 8838 3041
7
50  WRC 8182 2146
30  WRC 8594 2169
8
50  ML 6856 3009
30  WRC 7292 2182
10  WRC 7447 2177
9
50  ML 2362 3027
30  WRC 3100 2162
10  ML 3564 3035
10
50  ML 3708 3055
30  WRC 3732 2165
10  ML 4282 3004
11
50  ML 1763 3018
30  WRC 1881 2176
10  WRC 1968 2196
12
50  ML 1841 3057
30  ML 2006 3058
10  ML 2091 3016
13
50  WRC 3889 2175
30  ML 4123 2974
10  ML 4884 2994
14
50  ML 3347 3007
30  ML 3845 3052
10  ML 4152 3017
15
50  ML 3038 3039
30  ML 3094 2983
10  ML 3537 2977
16
50  ML 3797 3008
30  ML 4314 3053
10  ML 4338 2971
17
50  ML 6728 3025
30  WRC 6896 2147
10  ML 7035 2976
18
50  WRC 6674 2174
30  ML 7318 3042
10  WRC 7522 2189
19
50  WRC 6727 2145
30  WRC 7127 2146
20
50  ML 5822 3009
30  WRC 6001 2181
10  WRC 6272 2182
21
50  ML 3140 3027
30  WRC 3722 2162
10  ML 4009 2975
22
50  WRC 4550 2165
30  ML 5102 3004
10  ML 5881 3055
23
50  WRC 2194 2196
30  ML 2434 2968
10  ML 2446 3018
24
50  ML 2428 3058
30  ML 2614 3057
10  ML 2625 3016
25
50  WRC 2256 2171
30  ML 2282 2979
10  ML 2409 2974
26
50  ML 1775 3007
30  WRC 2103 2161
10  ML 2128 3052
27
50  ML 3468 3028
30  ML 3828 3030
10  ML 4069 3021
28
50  ML 5208 3053
30  ML 5515 2971
10  WRC 5894 2188
29
50  WRC 3476 2178
30  ML 3495 3025
10  ML 3766 2976
30
50  WRC 3546 2174
30  WRC 4187 2189
10  ML 4514 3006
31
80  WRC 3850 2146
40  WRC 4171 2169
32
80  WRC 3201 2181
40  ML 3295 3009
0  WRC 3499 2177
33
80  WRC 2358 2196
40  WRC 2458 2176
0  WRC 3150 2148
35
50  ML 1494 3026
30  WRC 1814 2175
10  ML 1822 3040
36
50  ML 1976 3007
30  WRC 2018 2161
10  ML 2253 3017
37
50  ML 3107 3028
30  ML 3506 3039
10  ML 3809 3030
38
50  ML 4734 3008
30  ML 5303 3053
10  ML 5725 2971
39
50  ML 3244 2976
30  ML 3546 3025
10  WRC 3559 2178
40
50  WRC 3512 2174
30  WRC 4271 2189
10  ML 4843 3006
41
50  WRC 3456 2145
30  WRC 3719 2169
42
50  ML 2864 3009
30  WRC 3052 2182
10  WRC 3094 2181
43
50  WRC 2683 2176
30  ML 2798 3018
10  ML 2884 2968
44
50  ML 2996 2998
45
50  ML 1895 3026
30  ML 2352 3040
10  WRC 2627 2171
46
50  WRC 2445 2161
30  WRC 2487 2191
10  ML 2939 3031
47
50  ML 3656 3028
30  WRC 4069 2156
10  ML 4203 2983
48
50  ML 4858 3008
30  WRC 4896 2188
49
50  ML 4165 3025
30  WRC 4226 2147
10  WRC 4882 2155
50
50  WRC 4032 2189
30  ML 4115 3023
10  ML 4447 3041
51
50  WRC 3802 2145
30  WRC 4565 2169
52
50  WRC 3662 2177
30  WRC 3976 2173
10  WRC 4022 2170
53
50  ML 16500 1973
54
50  ML 9222 1974
30  WRC 9339 1855
55
50  ML 16363 1977
30  WRC 20388 1858
56
50  ML 18044 1978
57
50  ML 12776 1980
30  WRC 14518 1859
59
50  WRC 13206 1860
60
50  ML 14843 1981
61
50  WRC 13246 1861
SCORE:WRC,ML,2360,2700,-34.0
