WRC-WAW
1
50  WAW 9200 1022
30  WRC 10759 2171
10  WAW 11537 930
2
50  WAW 8528 1033
30  WRC 10377 2161
10  WAW 10693 964
3
50  WRC 8371 2156
30  WAW 9045 931
10  WRC 9470 2151
4
50  WAW 7781 940
30  WRC 10200 2180
10  WRC 10965 2188
5
50  WAW 7833 908
30  WRC 8003 2147
10  WAW 8719 1004
6
50  WAW 6684 904
30  WAW 7572 1032
10  WRC 7619 2174
7
50  WAW 7606 975
30  WRC 8182 2146
10  WRC 8594 2169
8
50  WAW 6267 1012
30  WRC 7292 2182
10  WAW 7387 1026
9
50  WAW 2516 959
30  WRC 3100 2162
10  WAW 4256 933
10
50  WAW 2569 916
30  WAW 3534 947
10  WRC 3732 2165
11
50  WAW 1876 1021
30  WRC 1881 2176
10  WRC 1968 2196
12
50  WAW 2056 961
30  WAW 2233 956
10  WRC 2313 2150
13
50  WAW 3626 939
30  WRC 3889 2175
10  WAW 5413 989
14
50  WAW 3897 964
30  WAW 4081 996
10  WAW 4251 912
15
50  WAW 3166 938
30  WRC 3553 2167
10  WRC 3638 2151
16
50  WAW 4262 998
30  WRC 4440 2188
10  WAW 6797 993
17
50  WRC 6896 2147
30  WAW 7038 929
10  WRC 7375 2153
18
50  WAW 6524 1030
30  WRC 6674 2174
10  WRC 7522 2189
19
50  WRC 6727 2145
30  WAW 7012 975
10  WRC 7127 2146
20
50  WRC 6001 2181
30  WRC 6272 2182
10  WAW 6546 1026
21
50  WAW 3312 959
30  WRC 3722 2162
10  WAW 4987 913
22
50  WAW 3255 916
30  WAW 3816 947
10  WRC 4550 2165
23
50  WRC 2194 2196
30  WAW 2516 1021
10  WAW 3094 980
24
50  WAW 2659 902
30  WAW 2953 956
10  WAW 3110 911
25
50  WRC 2256 2171
30  WAW 2369 906
10  WRC 2677 2164
26
50  WAW 1809 915
30  WRC 2103 2161
10  WAW 2300 996
27
50  WRC 4144 2151
30  WRC 4376 2167
10  WAW 4452 918
28
50  WAW 3533 940
30  WRC 5894 2188
10  WAW 8559 993
29
50  WRC 3476 2178
30  WAW 3721 929
10  WRC 4006 2153
30
50  WAW 3430 1030
30  WRC 3546 2174
10  WRC 4187 2189
31
80  WRC 3850 2146
40  WRC 4171 2169
0  WAW 5869 1018
32
80  WRC 3201 2181
40  WAW 3298 976
0  WAW 3409 948
33
80  WRC 2358 2196
40  WRC 2458 2176
0  WRC 3150 2148
35
50  WRC 1814 2175
30  WAW 2463 906
10  WAW 2667 955
36
50  WAW 1765 915
30  WRC 2018 2161
10  WRC 2403 2191
37
50  WAW 3497 938
30  WRC 3987 2156
10  WAW 4319 970
38
50  WAW 3681 940
30  WAW 5851 998
39
50  WRC 3559 2178
30  WRC 3650 2153
10  WAW 3972 1004
40
50  WAW 2938 904
30  WRC 3512 2174
10  WRC 4271 2189
41
50  WRC 3456 2145
30  WAW 3582 971
10  WRC 3719 2169
42
50  WAW 2976 976
30  WRC 3052 2182
10  WRC 3094 2181
43
50  WAW 2456 1021
30  WRC 2683 2176
10  WRC 3264 2184
44
50  WAW 3223 902
30  WAW 4112 945
45
50  WAW 2035 1022
30  WAW 2119 939
10  WAW 2477 930
46
50  WAW 1937 1033
30  WRC 2445 2161
10  WRC 2487 2191
47
50  WRC 4069 2156
30  WAW 4628 931
10  WAW 4840 950
48
50  WRC 4896 2188
30  WAW 5776 998
49
50  WAW 4032 908
30  WRC 4226 2147
10  WAW 4501 909
50
50  WAW 3637 1032
30  WRC 4032 2189
10  WAW 4833 943
51
50  WRC 3802 2145
30  WAW 3975 971
10  WRC 4565 2169
52
50  WAW 3347 1012
30  WRC 3662 2177
10  WAW 3827 948
53
50  WAW 14403 1722
54
50  WRC 9339 1855
30  WAW 9827 1709
55
50  WAW 16351 1711
30  WRC 20388 1858
56
50  WAW 15537 1713
57
50  WRC 14518 1859
30  WAW 14803 1715
58
50  WAW 30791 1717
59
50  WRC 13206 1860
30  WAW 13606 1718
60
50  WAW 11946 1720
61
50  WAW 11575 1721
30  WRC 13246 1861
SCORE:WRC,WAW,2290,2960,-67.0
