WRC-SHC
1
50  SHC 8773 492
30  SHC 10263 463
10  SHC 10669 513
2
50  WRC 10377 2161
30  SHC 10517 475
10  SHC 10644 539
3
50  WRC 8371 2156
30  SHC 8951 533
10  WRC 9470 2151
4
50  SHC 7872 552
30  WRC 10200 2180
10  WRC 10965 2188
5
50  WRC 8003 2147
30  SHC 8052 501
10  WRC 9690 2155
6
50  SHC 6757 549
30  WRC 7619 2174
10  SHC 11721 476
7
50  SHC 7710 459
30  SHC 7723 479
10  WRC 8182 2146
8
50  WRC 7292 2182
30  SHC 7306 502
10  SHC 7419 497
9
50  WRC 3100 2162
30  SHC 3479 481
10  SHC 3513 528
10
50  SHC 3037 565
30  SHC 3619 471
10  SHC 3666 534
11
50  WRC 1881 2176
30  WRC 1968 2196
10  SHC 2143 564
12
50  WRC 2313 2150
30  WRC 2594 2183
10  SHC 2783 535
13
50  SHC 3514 492
30  SHC 3799 547
10  WRC 3889 2175
14
50  SHC 4207 537
30  WRC 4383 2191
10  WRC 4678 2144
15
50  SHC 3479 533
30  WRC 3553 2167
10  WRC 3638 2151
16
50  SHC 3036 552
30  SHC 3941 542
10  SHC 3990 525
17
50  WRC 6896 2147
30  SHC 7129 546
10  WRC 7375 2153
18
50  WRC 6674 2174
30  SHC 7143 493
10  WRC 7522 2189
19
50  SHC 6655 479
30  WRC 6727 2145
10  SHC 6933 459
20
50  SHC 5949 490
30  WRC 6001 2181
10  WRC 6272 2182
21
50  SHC 2812 540
30  WRC 3722 2162
10  SHC 3757 481
22
50  SHC 3253 565
30  SHC 3894 471
10  WRC 4550 2165
23
50  WRC 2194 2196
30  SHC 2502 564
10  SHC 2827 554
24
50  SHC 2900 464
30  WRC 3389 2183
10  SHC 3818 512
25
50  SHC 2013 550
30  SHC 2044 513
10  SHC 2203 547
26
50  WRC 2103 2161
30  WRC 2347 2191
10  WRC 2506 2160
27
50  WRC 4144 2151
30  WRC 4376 2167
10  SHC 4386 533
28
50  SHC 4765 451
30  SHC 5445 525
10  WRC 5894 2188
29
50  WRC 3476 2178
30  SHC 3509 546
10  WRC 4006 2153
30
50  WRC 3546 2174
30  WRC 4187 2189
10  SHC 4305 493
31
80  SHC 3706 558
40  SHC 3828 458
0  WRC 3850 2146
32
80  SHC 3169 502
40  WRC 3201 2181
0  WRC 3499 2177
33
80  WRC 2358 2196
40  WRC 2458 2176
0  SHC 2923 554
34
80  SHC 3849 511
35
50  WRC 1814 2175
30  SHC 1906 463
10  SHC 2377 524
36
50  WRC 2018 2161
30  SHC 2075 537
10  SHC 2173 539
37
50  WRC 3987 2156
30  SHC 4158 514
10  WRC 4400 2167
38
50  SHC 3333 552
30  SHC 4793 525
10  SHC 6116 505
39
50  SHC 3290 501
30  WRC 3559 2178
10  WRC 3650 2153
40
50  SHC 2951 549
30  WRC 3512 2174
10  SHC 3667 493
41
50  SHC 3356 459
30  SHC 3443 479
10  WRC 3456 2145
42
50  SHC 2906 490
30  SHC 3016 502
10  WRC 3052 2182
43
50  WRC 2683 2176
30  SHC 3154 553
10  SHC 3207 469
44
50  SHC 3788 464
45
50  SHC 2141 550
30  SHC 2513 522
10  SHC 2620 524
46
50  SHC 2295 475
30  WRC 2445 2161
10  SHC 2475 539
47
50  WRC 4069 2156
30  SHC 5463 482
10  WRC 5535 2152
48
50  WRC 4896 2188
30  SHC 5134 542
10  SHC 5643 466
49
50  WRC 4226 2147
30  SHC 4671 478
10  WRC 4882 2155
50
50  SHC 3461 549
30  WRC 4032 2189
10  SHC 5967 476
51
50  WRC 3802 2145
30  SHC 4114 458
10  WRC 4565 2169
52
50  WRC 3662 2177
30  SHC 3760 490
10  SHC 3804 497
53
50  SHC 16298 1670
54
50  WRC 9339 1855
55
50  SHC 14927 1665
30  WRC 20388 1858
56
50  SHC 18851 1666
57
50  WRC 14518 1859
30  SHC 18766 1667
59
50  WRC 13206 1860
61
50  WRC 13246 1861
SCORE:WRC,SHC,2260,2870,-61.0
