WRC-FR
1
50  FR 9756 1771
30  WRC 10759 2171
10  FR 11123 1757
2
50  WRC 10377 2161
30  WRC 13057 2144
10  FR 14198 1805
3
50  WRC 8371 2156
30  FR 9077 1829
10  WRC 9470 2151
4
50  FR 7209 1825
30  FR 10057 1800
10  WRC 10200 2180
5
50  FR 7641 1767
30  WRC 8003 2147
10  FR 9555 1833
6
50  WRC 7619 2174
30  FR 8712 1781
10  FR 9324 1756
7
50  FR 8011 1828
30  WRC 8182 2146
10  WRC 8594 2169
8
50  WRC 7292 2182
30  WRC 7447 2177
10  FR 7819 1749
9
50  WRC 3100 2162
30  FR 4226 1823
10  FR 5019 1798
10
50  WRC 3732 2165
30  WRC 6075 2168
10  FR 6518 1775
11
50  WRC 1881 2176
30  WRC 1968 2196
10  FR 2003 1815
12
50  FR 2009 1740
30  FR 2057 1770
10  WRC 2313 2150
13
50  WRC 3889 2175
30  FR 4397 1757
10  FR 4501 1786
14
50  WRC 4383 2191
30  WRC 4678 2144
10  WRC 4715 2160
15
50  FR 3487 1785
30  WRC 3553 2167
10  WRC 3638 2151
16
50  FR 2909 1825
30  FR 3730 1826
10  FR 4046 1813
17
50  WRC 6896 2147
30  WRC 7375 2153
10  WRC 7397 2178
18
50  WRC 6674 2174
30  WRC 7522 2189
10  FR 7796 1831
19
50  WRC 6727 2145
30  FR 6978 1828
10  WRC 7127 2146
20
50  WRC 6001 2181
30  WRC 6272 2182
10  FR 7289 1748
21
50  WRC 3722 2162
30  FR 4902 1798
10  FR 6624 1823
22
50  WRC 4550 2165
30  FR 5597 1775
23
50  WRC 2194 2196
30  FR 2359 1815
10  FR 2628 1778
24
50  FR 2369 1740
30  WRC 3389 2183
10  FR 3435 1746
25
50  FR 2137 1771
30  WRC 2256 2171
10  FR 2467 1799
26
50  WRC 2103 2161
30  WRC 2347 2191
10  FR 2488 1837
27
50  WRC 4144 2151
30  WRC 4376 2167
10  FR 4456 1785
28
50  FR 4469 1826
30  FR 4849 1784
10  FR 5253 1780
29
50  WRC 3476 2178
30  FR 3559 1767
10  WRC 4006 2153
30
50  WRC 3546 2174
30  FR 4107 1781
10  WRC 4187 2189
31
80  FR 3485 1765
40  WRC 3850 2146
0  WRC 4171 2169
32
80  WRC 3201 2181
40  WRC 3499 2177
0  FR 3537 1749
33
80  WRC 2358 2196
40  FR 2371 1815
0  WRC 2458 2176
34
80  FR 2468 1740
40  FR 2562 1770
0  FR 4457 1789
35
50  WRC 1814 2175
30  FR 2038 1771
10  FR 2295 1786
36
50  WRC 2018 2161
30  WRC 2403 2191
37
50  WRC 3987 2156
30  FR 4082 1785
10  WRC 4400 2167
38
50  FR 3378 1825
30  FR 4474 1784
10  FR 5282 1800
39
50  FR 3359 1767
30  WRC 3559 2178
10  WRC 3650 2153
40
50  WRC 3512 2174
30  FR 3883 1781
10  FR 3989 1756
41
50  FR 3181 1765
30  WRC 3456 2145
10  FR 3494 1828
42
50  WRC 3052 2182
30  WRC 3094 2181
10  FR 3447 1749
43
50  WRC 2683 2176
30  FR 3201 1778
10  WRC 3264 2184
44
50  FR 2806 1770
30  FR 4503 1746
45
50  FR 2412 1771
30  WRC 2627 2171
10  FR 2652 1741
46
50  WRC 2445 2161
30  WRC 2487 2191
10  FR 2884 1794
47
50  WRC 4069 2156
30  FR 4369 1829
10  FR 5456 1821
48
50  FR 3828 1825
30  WRC 4896 2188
10  FR 5026 1800
49
50  FR 4196 1767
30  WRC 4226 2147
10  FR 4599 1833
50
50  WRC 4032 2189
30  FR 4141 1781
10  FR 5093 1756
51
50  FR 3700 1765
30  WRC 3802 2145
10  WRC 4565 2169
52
50  WRC 3662 2177
30  WRC 3976 2173
10  WRC 4022 2170
53
50  FR 30704 1814
54
50  WRC 9339 1855
30  FR 11241 1805
55
50  WRC 20388 1858
30  FR 23538 1808
56
50  FR 25100 1809
57
50  WRC 14518 1859
30  FR 15370 1811
58
50  FR 15968 1812
59
50  WRC 13206 1860
61
50  FR 12000 1813
30  WRC 13246 1861
SCORE:WRC,FR,2900,2390,51.0
