WRC-LCC
1
50  WRC 10759 2171
30  LCC 12900 2855
2
50  WRC 10377 2161
30  WRC 13057 2144
3
50  LCC 7247 2844
30  WRC 8371 2156
10  WRC 9470 2151
4
50  LCC 7346 2868
30  WRC 10200 2180
10  WRC 10965 2188
5
50  LCC 7149 2861
30  LCC 7241 2846
10  WRC 8003 2147
6
50  WRC 7619 2174
30  LCC 8146 2867
7
50  LCC 6395 2845
30  WRC 8182 2146
10  WRC 8594 2169
8
50  LCC 6350 2871
30  LCC 6572 2836
10  WRC 7292 2182
9
50  WRC 3100 2162
30  LCC 5246 2841
10  LCC 7384 2842
10
50  WRC 3732 2165
30  WRC 6075 2168
11
50  WRC 1881 2176
30  WRC 1968 2196
10  LCC 2278 2859
12
50  WRC 2313 2150
30  WRC 2594 2183
10  LCC 2865 2837
13
50  LCC 3277 2869
30  WRC 3889 2175
10  LCC 4483 2855
14
50  WRC 4383 2191
30  WRC 4678 2144
10  WRC 4715 2160
15
50  WRC 3553 2167
30  WRC 3638 2151
10  WRC 3659 2152
16
50  LCC 2821 2868
30  WRC 4440 2188
17
50  LCC 6550 2862
30  WRC 6896 2147
10  WRC 7375 2153
18
50  WRC 6674 2174
30  LCC 7280 2867
10  WRC 7522 2189
19
50  WRC 6727 2145
30  WRC 7127 2146
20
50  LCC 5634 2836
30  LCC 5829 2835
10  WRC 6001 2181
21
50  WRC 3722 2162
30  LCC 4821 2842
10  LCC 6763 2841
22
50  WRC 4550 2165
23
50  WRC 2194 2196
30  LCC 2705 2832
10  LCC 3055 2859
24
50  WRC 3389 2183
30  LCC 3932 2837
10  WRC 4241 2154
25
50  LCC 1880 2869
30  WRC 2256 2171
10  WRC 2677 2164
26
50  WRC 2103 2161
30  WRC 2347 2191
10  WRC 2506 2160
27
50  LCC 3373 2844
30  WRC 4144 2151
10  WRC 4376 2167
28
50  WRC 5894 2188
29
50  WRC 3476 2178
30  LCC 3544 2862
10  WRC 4006 2153
30
50  WRC 3546 2174
30  WRC 4187 2189
10  LCC 4645 2847
31
80  WRC 3850 2146
40  LCC 3887 2858
0  WRC 4171 2169
32
80  LCC 2945 2871
40  WRC 3201 2181
0  WRC 3499 2177
33
80  WRC 2358 2196
40  WRC 2458 2176
0  WRC 3150 2148
35
50  WRC 1814 2175
30  LCC 3666 2855
36
50  WRC 2018 2161
30  WRC 2403 2191
37
50  LCC 3470 2844
30  WRC 3987 2156
10  WRC 4400 2167
39
50  LCC 3019 2861
30  LCC 3026 2846
10  WRC 3559 2178
40
50  WRC 3512 2174
30  LCC 3952 2867
10  WRC 4271 2189
41
50  LCC 2770 2845
30  WRC 3456 2145
10  WRC 3719 2169
42
50  LCC 2625 2871
30  LCC 3019 2835
10  WRC 3052 2182
43
50  WRC 2683 2176
30  WRC 3264 2184
45
50  WRC 2627 2171
30  WRC 2653 2175
10  LCC 5274 2854
46
50  WRC 2445 2161
30  WRC 2487 2191
10  LCC 2716 2831
47
50  WRC 4069 2156
30  LCC 5133 2860
10  WRC 5535 2152
48
50  WRC 4896 2188
49
50  LCC 3773 2861
30  LCC 3821 2846
10  WRC 4226 2147
50
50  WRC 4032 2189
51
50  LCC 3654 2845
30  WRC 3802 2145
10  WRC 4565 2169
52
50  LCC 3518 2836
30  WRC 3662 2177
10  LCC 3734 2851
54
50  WRC 9339 1855
55
50  LCC 20217 1954
30  WRC 20388 1858
57
50  WRC 14518 1859
30  LCC 16435 1955
59
50  LCC 11929 1956
30  WRC 13206 1860
60
50  LCC 17576 1957
61
50  LCC 11533 1959
30  WRC 13246 1861
SCORE:WRC,LCC,2810,1860,95.0
