WRC-OMST
1
50  WRC 10759 2171
30  OMST 11741 3251
2
50  OMST 8160 3253
30  WRC 10377 2161
10  OMST 11720 3256
3
50  OMST 8244 3275
30  WRC 8371 2156
10  WRC 9470 2151
4
50  WRC 10200 2180
30  WRC 10965 2188
10  OMST 12479 3247
5
50  OMST 7843 3258
30  WRC 8003 2147
10  WRC 9690 2155
6
50  WRC 7619 2174
30  OMST 8919 3263
7
50  OMST 7093 3269
30  OMST 7725 3285
10  WRC 8182 2146
8
50  OMST 6319 3274
30  WRC 7292 2182
10  WRC 7447 2177
9
50  WRC 3100 2162
30  OMST 4425 3259
10
50  WRC 3732 2165
30  WRC 6075 2168
10  OMST 6597 3248
11
50  WRC 1881 2176
30  WRC 1968 2196
10  WRC 2449 2148
12
50  WRC 2313 2150
30  WRC 2594 2183
10  OMST 2603 3284
13
50  WRC 3889 2175
30  OMST 5372 3268
10  WRC 5975 2163
14
50  OMST 3975 3261
30  OMST 4353 3256
10  WRC 4383 2191
15
50  OMST 3544 3279
30  WRC 3553 2167
10  WRC 3638 2151
16
50  OMST 3447 3266
30  OMST 4120 3283
10  WRC 4440 2188
17
50  WRC 6896 2147
30  WRC 7375 2153
10  WRC 7397 2178
18
50  WRC 6674 2174
30  OMST 7259 3257
10  WRC 7522 2189
19
50  WRC 6727 2145
30  OMST 6744 3285
10  WRC 7127 2146
20
50  WRC 6001 2181
30  WRC 6272 2182
10  WRC 7393 2157
21
50  WRC 3722 2162
30  OMST 4632 3259
22
50  WRC 4550 2165
23
50  WRC 2194 2196
30  OMST 3056 3286
10  WRC 3359 2148
24
50  OMST 3206 3284
30  WRC 3389 2183
10  WRC 4241 2154
25
50  WRC 2256 2171
30  OMST 2406 3251
10  WRC 2677 2164
26
50  OMST 1790 3253
30  WRC 2103 2161
10  WRC 2347 2191
27
50  OMST 3878 3275
30  WRC 4144 2151
10  WRC 4376 2167
28
50  OMST 5844 3283
30  WRC 5894 2188
10  OMST 6204 3249
29
50  WRC 3476 2178
30  OMST 3722 3258
10  WRC 4006 2153
30
50  WRC 3546 2174
30  OMST 4116 3263
10  WRC 4187 2189
31
80  OMST 3750 3285
40  WRC 3850 2146
0  WRC 4171 2169
32
80  WRC 3201 2181
40  WRC 3499 2177
0  WRC 3783 2193
33
80  WRC 2358 2196
40  WRC 2458 2176
0  WRC 3150 2148
35
50  WRC 1814 2175
30  OMST 2550 3251
10  OMST 3109 3268
36
50  OMST 1563 3253
30  WRC 2018 2161
10  WRC 2403 2191
37
50  WRC 3987 2156
30  WRC 4400 2167
10  OMST 4713 3279
38
50  OMST 6100 3283
30  OMST 7372 3247
39
50  WRC 3559 2178
30  WRC 3650 2153
10  OMST 3721 3258
40
50  WRC 3512 2174
30  OMST 3669 3257
10  WRC 4271 2189
41
50  OMST 3053 3269
30  WRC 3456 2145
10  WRC 3719 2169
42
50  OMST 2766 3274
30  WRC 3052 2182
10  WRC 3094 2181
43
50  WRC 2683 2176
30  WRC 3264 2184
10  OMST 4881 3260
44
50  OMST 3195 3284
45
50  WRC 2627 2171
30  WRC 2653 2175
46
50  WRC 2445 2161
30  WRC 2487 2191
10  OMST 2777 3246
47
50  WRC 4069 2156
30  OMST 4560 3275
10  WRC 5535 2152
48
50  WRC 4896 2188
30  OMST 4907 3266
10  OMST 5397 3249
49
50  WRC 4226 2147
30  WRC 4882 2155
10  OMST 5025 3265
50
50  WRC 4032 2189
30  OMST 6900 3273
51
50  OMST 3703 3269
30  WRC 3802 2145
10  WRC 4565 2169
52
50  OMST 3415 3274
30  WRC 3662 2177
10  WRC 3976 2173
54
50  WRC 9339 1855
30  OMST 12837 2003
55
50  WRC 20388 1858
30  OMST 27406 2004
56
50  OMST 16499 2005
57
50  WRC 14518 1859
58
50  OMST 17262 2007
59
50  WRC 13206 1860
30  OMST 15246 2008
61
50  OMST 12078 2009
30  WRC 13246 1861
SCORE:WRC,OMST,3010,1990,102.0
