WRC-HSC
1
50  WRC 10759 2171
30  HSC 12582 3422
2
50  WRC 10377 2161
30  WRC 13057 2144
10  HSC 13133 3465
3
50  WRC 8371 2156
30  WRC 9470 2151
10  HSC 10519 3445
4
50  HSC 8441 3463
30  WRC 10200 2180
10  WRC 10965 2188
5
50  HSC 7740 3466
30  HSC 7854 3424
10  WRC 8003 2147
6
50  WRC 7619 2174
30  HSC 7907 3446
10  HSC 8508 3458
7
50  WRC 8182 2146
30  HSC 8442 3457
10  WRC 8594 2169
8
50  HSC 6592 3462
30  WRC 7292 2182
10  WRC 7447 2177
9
50  WRC 3100 2162
30  HSC 5143 3442
10  HSC 5829 3441
10
50  WRC 3732 2165
30  HSC 3999 3459
10  WRC 6075 2168
11
50  WRC 1881 2176
30  WRC 1968 2196
10  HSC 1977 3430
12
50  WRC 2313 2150
30  WRC 2594 2183
10  WRC 3719 2154
13
50  WRC 3889 2175
30  HSC 4509 3422
10  HSC 4704 3467
14
50  HSC 4084 3420
30  WRC 4383 2191
10  WRC 4678 2144
15
50  WRC 3553 2167
30  WRC 3638 2151
10  WRC 3659 2152
16
50  HSC 3251 3453
30  HSC 3253 3463
10  HSC 3521 3421
17
50  HSC 6734 3466
30  HSC 6821 3424
10  WRC 6896 2147
18
50  WRC 6674 2174
30  HSC 6803 3423
10  HSC 7347 3458
19
50  WRC 6727 2145
30  WRC 7127 2146
10  HSC 7373 3448
20
50  HSC 5558 3462
30  HSC 5947 3460
10  WRC 6001 2181
21
50  WRC 3722 2162
30  HSC 5788 3441
10  HSC 7357 3442
22
50  WRC 4550 2165
30  HSC 8421 3459
23
50  WRC 2194 2196
30  HSC 2976 3430
10  HSC 3307 3456
24
50  WRC 3389 2183
30  WRC 4241 2154
10  HSC 4538 3452
25
50  WRC 2256 2171
30  HSC 2488 3422
10  WRC 2677 2164
26
50  WRC 2103 2161
30  WRC 2347 2191
10  WRC 2506 2160
27
50  WRC 4144 2151
30  WRC 4376 2167
10  HSC 6280 3425
28
50  HSC 4294 3421
30  HSC 4380 3453
10  HSC 4906 3435
29
50  WRC 3476 2178
30  HSC 3789 3444
10  WRC 4006 2153
30
50  WRC 3546 2174
30  HSC 3802 3446
10  HSC 3893 3423
31
80  WRC 3850 2146
40  HSC 3913 3448
0  WRC 4171 2169
32
80  WRC 3201 2181
40  WRC 3499 2177
0  HSC 3721 3461
33
80  WRC 2358 2196
40  WRC 2458 2176
0  WRC 3150 2148
35
50  WRC 1814 2175
36
50  WRC 2018 2161
30  WRC 2403 2191
10  HSC 3654 3436
37
50  WRC 3987 2156
30  WRC 4400 2167
10  WRC 4733 2152
38
50  HSC 4317 3453
39
50  WRC 3559 2178
30  HSC 3635 3424
10  WRC 3650 2153
40
50  HSC 3304 3446
30  WRC 3512 2174
10  HSC 3927 3423
41
50  HSC 3312 3457
30  WRC 3456 2145
10  WRC 3719 2169
42
50  HSC 2639 3462
30  HSC 2925 3460
10  WRC 3052 2182
43
50  WRC 2683 2176
30  HSC 2932 3430
10  HSC 3033 3464
45
50  WRC 2627 2171
30  WRC 2653 2175
10  HSC 3075 3440
46
50  WRC 2445 2161
30  WRC 2487 2191
10  HSC 3058 3420
47
50  WRC 4069 2156
30  WRC 5535 2152
10  HSC 6262 3445
48
50  HSC 4691 3463
30  WRC 4896 2188
10  HSC 5188 3435
49
50  HSC 4065 3466
30  WRC 4226 2147
10  HSC 4831 3429
50
50  WRC 4032 2189
30  HSC 4279 3423
10  HSC 4618 3432
51
50  WRC 3802 2145
30  HSC 4470 3448
10  HSC 4532 3457
52
50  HSC 3407 3460
30  WRC 3662 2177
10  HSC 3845 3454
54
50  WRC 9339 1855
55
50  WRC 20388 1858
56
50  HSC 19928 2040
57
50  WRC 14518 1859
58
50  HSC 15277 2041
59
50  HSC 12869 2042
30  WRC 13206 1860
60
50  HSC 12747 2043
61
50  HSC 12104 2044
30  WRC 13246 1861
SCORE:WRC,HSC,2960,1990,97.0
