WRC-PO
1
50  PO 9340 2358
30  WRC 10759 2171
10  PO 10953 2304
2
50  WRC 10377 2161
30  PO 10430 2359
10  PO 12613 2389
3
50  WRC 8371 2156
30  WRC 9470 2151
10  PO 9899 2336
4
50  PO 9149 2391
30  WRC 10200 2180
10  WRC 10965 2188
5
50  WRC 8003 2147
30  PO 9593 2388
10  WRC 9690 2155
6
50  WRC 7619 2174
30  PO 7628 2297
10  PO 7677 2366
7
50  WRC 8182 2146
30  WRC 8594 2169
10  PO 8925 2320
8
50  PO 7191 2298
30  WRC 7292 2182
10  WRC 7447 2177
9
50  PO 2428 2293
30  WRC 3100 2162
10  PO 3240 2374
10
50  PO 2596 2346
30  PO 3253 2322
10  PO 3576 2305
11
50  WRC 1881 2176
30  WRC 1968 2196
10  PO 2096 2364
12
50  PO 2075 2402
30  PO 2097 2292
10  PO 2218 2345
13
50  PO 3834 2317
30  WRC 3889 2175
10  PO 4408 2304
14
50  PO 4212 2359
30  PO 4251 2389
10  PO 4348 2400
15
50  WRC 3553 2167
30  WRC 3638 2151
10  WRC 3659 2152
16
50  PO 3749 2349
30  PO 4409 2396
10  WRC 4440 2188
17
50  WRC 6896 2147
30  WRC 7375 2153
10  WRC 7397 2178
18
50  WRC 6674 2174
30  WRC 7522 2189
10  PO 7672 2315
19
50  WRC 6727 2145
30  WRC 7127 2146
10  PO 7177 2353
20
50  WRC 6001 2181
30  WRC 6272 2182
10  PO 7108 2298
21
50  PO 3271 2378
30  PO 3409 2293
10  WRC 3722 2162
22
50  PO 3458 2346
30  PO 3540 2322
10  WRC 4550 2165
23
50  WRC 2194 2196
30  PO 2579 2351
10  PO 2611 2330
24
50  PO 2745 2345
30  PO 2847 2292
10  PO 2897 2367
25
50  PO 2181 2317
30  WRC 2256 2171
10  PO 2479 2321
26
50  WRC 2103 2161
30  WRC 2347 2191
10  WRC 2506 2160
27
50  WRC 4144 2151
30  WRC 4376 2167
10  PO 5895 2403
28
50  PO 5190 2396
30  WRC 5894 2188
10  PO 7019 2399
29
50  WRC 3476 2178
30  WRC 4006 2153
10  WRC 4513 2155
30
50  PO 3426 2297
30  WRC 3546 2174
10  PO 3614 2366
31
80  WRC 3850 2146
40  PO 4090 2319
0  WRC 4171 2169
32
80  WRC 3201 2181
40  WRC 3499 2177
0  WRC 3783 2193
33
80  WRC 2358 2196
40  WRC 2458 2176
0  PO 2769 2364
34
80  PO 2833 2345
40  PO 2866 2402
0  PO 2975 2355
35
50  PO 1754 2358
30  WRC 1814 2175
10  PO 1951 2317
36
50  PO 2003 2359
30  WRC 2018 2161
10  PO 2400 2400
37
50  WRC 3987 2156
30  WRC 4400 2167
10  WRC 4733 2152
38
50  PO 4129 2391
30  PO 5443 2334
10  PO 6021 2383
39
50  WRC 3559 2178
30  WRC 3650 2153
10  PO 4303 2361
40
50  PO 3357 2297
30  WRC 3512 2174
10  PO 3587 2366
41
50  WRC 3456 2145
30  PO 3582 2353
10  WRC 3719 2169
42
50  WRC 3052 2182
30  WRC 3094 2181
10  PO 3243 2298
43
50  WRC 2683 2176
30  WRC 3264 2184
10  PO 3567 2390
44
50  PO 3713 2355
45
50  PO 2282 2358
30  WRC 2627 2171
10  WRC 2653 2175
46
50  WRC 2445 2161
30  WRC 2487 2191
10  PO 2697 2400
47
50  WRC 4069 2156
30  PO 4839 2336
10  WRC 5535 2152
48
50  WRC 4896 2188
30  PO 5239 2391
10  PO 5258 2349
49
50  WRC 4226 2147
30  PO 4732 2342
10  WRC 4882 2155
50
50  WRC 4032 2189
30  PO 4740 2331
10  PO 4829 2315
51
50  WRC 3802 2145
30  PO 4338 2320
10  WRC 4565 2169
52
50  WRC 3662 2177
30  WRC 3976 2173
10  WRC 4022 2170
53
50  PO 12839 1888
54
50  WRC 9339 1855
30  PO 9464 1876
55
50  PO 17012 1877
30  WRC 20388 1858
56
50  PO 19939 1879
57
50  WRC 14518 1859
30  PO 19083 1881
58
50  PO 16272 1882
59
50  WRC 13206 1860
30  PO 15543 1884
60
50  PO 13909 1886
61
50  PO 12619 1887
30  WRC 13246 1861
SCORE:WRC,PO,2920,2440,48.0
