WRC-ALT
1
50  WRC 10759 2171
2
50  WRC 10377 2161
30  WRC 13057 2144
3
50  WRC 8371 2156
30  WRC 9470 2151
4
50  WRC 10200 2180
30  WRC 10965 2188
5
50  WRC 8003 2147
30  WRC 9690 2155
6
50  WRC 7619 2174
7
50  WRC 8182 2146
30  WRC 8594 2169
8
50  WRC 7292 2182
30  WRC 7447 2177
10  WRC 8320 2193
9
50  WRC 3100 2162
10
50  WRC 3732 2165
30  WRC 6075 2168
11
50  WRC 1881 2176
30  WRC 1968 2196
10  WRC 2449 2148
12
50  WRC 2313 2150
30  WRC 2594 2183
10  WRC 3719 2154
13
50  WRC 3889 2175
30  WRC 5975 2163
14
50  WRC 4383 2191
30  WRC 4678 2144
10  WRC 4715 2160
15
50  WRC 3553 2167
30  WRC 3638 2151
10  WRC 3659 2152
16
50  WRC 4440 2188
17
50  WRC 6896 2147
30  WRC 7375 2153
10  WRC 7397 2178
18
50  WRC 6674 2174
30  WRC 7522 2189
19
50  WRC 6727 2145
30  WRC 7127 2146
20
50  WRC 6001 2181
30  WRC 6272 2182
10  WRC 7393 2157
21
50  WRC 3722 2162
22
50  WRC 4550 2165
23
50  WRC 2194 2196
30  WRC 3359 2148
10  WRC 3487 2184
24
50  WRC 3389 2183
30  WRC 4241 2154
10  WRC 6472 2179
25
50  WRC 2256 2171
30  WRC 2677 2164
26
50  WRC 2103 2161
30  WRC 2347 2191
10  WRC 2506 2160
27
50  WRC 4144 2151
30  WRC 4376 2167
28
50  WRC 5894 2188
29
50  WRC 3476 2178
30  WRC 4006 2153
10  WRC 4513 2155
30
50  WRC 3546 2174
30  WRC 4187 2189
31
80  WRC 3850 2146
40  WRC 4171 2169
32
80  WRC 3201 2181
40  WRC 3499 2177
0  WRC 3783 2193
33
80  WRC 2358 2196
40  WRC 2458 2176
0  WRC 3150 2148
35
50  WRC 1814 2175
36
50  WRC 2018 2161
30  WRC 2403 2191
37
50  WRC 3987 2156
30  WRC 4400 2167
10  WRC 4733 2152
39
50  WRC 3559 2178
30  WRC 3650 2153
10  WRC 6052 2194
40
50  WRC 3512 2174
30  WRC 4271 2189
41
50  WRC 3456 2145
30  WRC 3719 2169
42
50  WRC 3052 2182
30  WRC 3094 2181
10  WRC 3489 2170
43
50  WRC 2683 2176
30  WRC 3264 2184
45
50  WRC 2627 2171
30  WRC 2653 2175
46
50  WRC 2445 2161
30  WRC 2487 2191
47
50  WRC 4069 2156
30  WRC 5535 2152
48
50  WRC 4896 2188
49
50  WRC 4226 2147
30  WRC 4882 2155
10  WRC 6945 2194
50
50  WRC 4032 2189
51
50  WRC 3802 2145
30  WRC 4565 2169
52
50  WRC 3662 2177
30  WRC 3976 2173
10  WRC 4022 2170
54
50  WRC 9339 1855
55
50  WRC 20388 1858
57
50  WRC 14518 1859
59
50  WRC 13206 1860
61
50  WRC 13246 1861
SCORE:WRC,ALT,4150,0,415.0
