WRST-VOU
1
50  VOU 2893 1774
30  VOU 2916 976
10  VOU 2956 1490
2
50  VOU 2782 1488
30  VOU 2950 1018
10  WRST 3089 1112
3
50  WRST 2898 2611(Y) 1097
30  VOU 3142 1478
10  VOU 3149 981
4
50  VOU 3237 2917(Y) 1476
30  VOU 3260 2937(Y) 1017
10  VOU 3398 3062(Y) 960
5
50  VOU 3327 961
30  VOU 3399 3063(Y) 1016
10  WRST 3410 1636
6
50  VOU 3101 2794(Y) 1020
30  WRST 3481 1628
10  VOU 3591 3236(Y) 942
7
50  WRST 1718 1092
30  WRST 1738 1089
10  WRST 1751 1578(Y) 1623
8
50  VOU 1741 1569(Y) 1065
30  VOU 1909 995
10  VOU 1994 968
9
50  WRST 2105 1897(Y) 1137
30  WRST 2114 1160
10  VOU 2230 1773
10
50  WRST 1849 1666(Y) 1075
30  VOU 2022 1822(Y) 939
10  VOU 2038 936
11
50  VOU 2760 2487(Y) 934
30  VOU 2838 947
10  VOU 2976 973
12
50  VOU 3198 1499
30  VOU 3212 991
10  WRST 3422 1106
13
50  VOU 7023 976
30  WRST 7694 1108
10  VOU 8455 1029
14
50  VOU 6832 1488
30  WRST 7266 1111
10  VOU 7627 1018
15
50  WRST 7416 1097
30  VOU 7692 981
10  VOU 8313 994
16
50  VOU 8264 1476
30  VOU 8712 1017
10  VOU 8913 960
17
50  VOU 8804 961
30  VOU 8888 1016
10  WRST 9282 1636
18
50  VOU 7649 1020
30  VOU 9406 942
10  VOU 9442 1005
19
50  VOU 9732 1752
30  WRST 10718 1092
10  VOU 10921 1006
20
50  WRST 10958 1075
30  VOU 11465 1065
10  VOU 11998 959
21
50  VOU 3557 976
30  VOU 4034 1490
10  WRST 4169 1108
22
50  WRST 3837 1111
30  VOU 3847 941
10  VOU 4107 1018
23
50  VOU 3751 981
30  VOU 3933 3544(Y) 1478
10  VOU 4199 3783(Y) 962
24
50  VOU 4627 4169(Y) 1017
30  VOU 4680 1476
10  VOU 4693 956
25
50  VOU 4342 961
30  VOU 4646 969
10  WRST 4766 1636
26
50  VOU 3984 1020
30  VOU 4617 1005
10  WRST 4729 1138
27
50  VOU 2364 1752
30  VOU 2492 1006
10  VOU 2516 2267(Y) 974
28
50  VOU 2332 982
30  VOU 2429 2189(Y) 959
10  VOU 2558 932
29
50  WRST 3131 1091
30  VOU 3153 1773
10  VOU 3155 963
30
50  WRST 2631 2371(Y) 1075
30  VOU 2787 967
10  VOU 2797 936
31
80  VOU 12729 1348
40  WRST 13206 1449
32
80  VOU 15516 1353
40  WRST 17725 1600
33
80  VOU 9327 1900
40  WRST 10004 1455
34
80  VOU 10088 1903
40  WRST 10989 1236
35
50  WRST 3348 3017(Y) 1108
30  VOU 3434 976
10  VOU 4011 1029
36
50  VOU 3260 1488
30  VOU 3416 1018
10  WRST 3444 1112
37
50  VOU 3824 994
30  VOU 3863 981
10  VOU 4270 1478
38
50  VOU 3606 1476
30  VOU 3831 1017
10  VOU 4004 3608(Y) 960
39
50  VOU 3965 1016
30  WRST 4384 1143
10  VOU 4640 969
40
50  VOU 3631 1020
30  VOU 4072 942
10  WRST 4194 1628
41
50  VOU 2091 1884(Y) 1025
30  WRST 2160 1092
10  VOU 2161 1947(Y) 1007
42
50  VOU 2167 1953(Y) 1065
30  VOU 2243 959
10  VOU 2397 968
43
50  WRST 2715 2446(Y) 1141
30  VOU 2823 2544(Y) 1035
10  WRST 2834 1160
44
50  VOU 2276 2051(Y) 1049
30  VOU 2360 990
10  VOU 2398 2161(Y) 939
45
50  WRST 3393 3057(Y) 1635
30  VOU 3662 947
10  VOU 3709 934
46
50  VOU 3779 1499
30  VOU 3920 983
10  WRST 3966 1095
47
50  WRST 6675 1108
30  VOU 6803 1774
10  WRST 7003 1145
48
50  VOU 6049 5450(Y) 1488
30  WRST 6540 1112
10  WRST 7344 1629
49
50  WRST 6372 1097
30  VOU 7207 1051
10  WRST 7828 1104
50
50  VOU 7502 6759(Y) 960
30  VOU 8333 956
10  VOU 8567 1496
51
50  VOU 7660 961
30  WRST 7784 1636
10  WRST 7934 1143
52
50  VOU 7932 7146(Y) 942
30  WRST 7978 1634
10  VOU 8033 7237(Y) 1047
53
50  VOU 3869 1752
30  WRST 3882 3498(Y) 1092
10  WRST 3896 1089
54
50  VOU 4105 3699(Y) 1065
30  VOU 4353 965
10  VOU 4511 1059
55
50  VOU 4911 4425(Y) 952
30  WRST 5140 1160
10  WRST 5343 1137
56
50  WRST 4257 3836(Y) 1075
30  VOU 4585 4131(Y) 939
10  VOU 4887 4403(Y) 945
57
50  VOU 3312 943
30  WRST 3484 1145
10  VOU 3514 1490
58
50  WRST 3243 1111
30  VOU 3733 951
10  VOU 3790 935
59
50  WRST 3177 2863(Y) 1097
30  VOU 3523 994
10  VOU 3700 1478
60
50  WRST 4681 1146
30  WRST 4859 1621
10  WRST 4960 1082
61
50  VOU 3850 1016
30  WRST 4103 1638
10  WRST 4662 1128
62
50  WRST 4114 1628
30  VOU 4293 1005
10  WRST 4394 1634
63
50  VOU 1976 1752
30  VOU 2021 1007
10  VOU 2257 1006
64
50  VOU 2109 968
30  VOU 2238 959
10  VOU 2356 995
65
50  WRST 2713 2445(Y) 1091
30  VOU 3319 963
10  VOU 3689 1035
66
50  VOU 2409 939
30  VOU 2499 936
10  VOU 3037 992
67
80  WRST 13472 1860
40  VOU 13578 1225
68
80  VOU 13423 1370
40  WRST 14732 1609
SCORE:WRST,VOU,1970,4330,-236.0
