WRST-HC15
1
50  HC15 2559 2306(Y) 1736
30  WRST 2599 2342(Y) 236
10  HC15 2632 2372(Y) 1378
2
50  WRST 3012 2714(Y) 250
30  WRST 3020 2721(Y) 251
10  HC15 3116 2808(Y) 1599
3
50  HC15 2629 2369(Y) 1380
30  HC15 2915 2627(Y) 38
10  HC15 2918 2629(Y) 1374
4
50  HC15 3081 2776(Y) 1387
30  HC15 3225 53
10  HC15 3240 31
5
50  WRST 3308 213
30  WRST 3507 1527
10  WRST 3633 1528
6
50  HC15 2989 2693(Y) 54
30  HC15 3263 2940(Y) 15
10  HC15 3403 3066(Y) 25
7
50  HC15 1409 1270(Y) 7
30  HC15 1683 1517(Y) 14
10  WRST 1813 220
8
50  HC15 1490 1343(Y) 1379
30  HC15 1686 1519(Y) 10
10  HC15 1696 1528(Y) 29
9
50  HC15 1999 55
30  WRST 2052 1849(Y) 270
10  HC15 2097 1890(Y) 62
10
50  WRST 1890 1703(Y) 219
30  HC15 1942 1750(Y) 6
10  WRST 2001 284
11
50  HC15 2257 2034(Y) 36
30  HC15 3403 3066(Y) 1392
10  WRST 5980 285
12
50  WRST 3221 1531
30  WRST 4872 262
10  WRST 5319 264
13
50  HC15 6506 5862(Y) 1736
30  HC15 6566 5916(Y) 39
10  WRST 6843 236
14
50  WRST 8233 7418(Y) 251
30  HC15 8550 7703(Y) 1599
10  WRST 9146 227
15
50  HC15 6566 5916(Y) 1380
30  HC15 7210 6496(Y) 1374
10  HC15 7429 6693(Y) 38
16
50  HC15 8023 7228(Y) 31
30  HC15 8160 7352(Y) 53
10  HC15 8562 7714(Y) 23
17
50  WRST 8010 7217(Y) 213
30  WRST 9939 1527
10  HC15 10173 9165(Y) 30
18
50  HC15 7254 6536(Y) 54
30  HC15 8553 15
10  HC15 9153 8246(Y) 25
19
50  HC15 8041 7245(Y) 7
30  WRST 10465 220
10  HC15 10822 9750(Y) 1739
20
50  HC15 8422 7588(Y) 1379
30  WRST 10504 278
10  HC15 10929 9846(Y) 29
21
50  HC15 3365 3032(Y) 39
30  HC15 3368 3035(Y) 11
10  WRST 3572 236
22
50  WRST 3928 3539(Y) 250
30  HC15 4703 4237(Y) 26
10  WRST 5256 227
23
50  HC15 3522 3173(Y) 1380
30  WRST 4061 3659(Y) 249
10  HC15 4107 3700(Y) 56
24
50  WRST 4297 3872(Y) 258
30  HC15 4676 4213(Y) 53
10  HC15 4701 4236(Y) 28
25
50  WRST 4038 3638(Y) 213
30  WRST 5019 1528
10  HC15 5181 4668(Y) 57
26
50  HC15 3885 3500(Y) 54
30  HC15 4666 4204(Y) 25
10  WRST 4848 4368(Y) 287
27
50  HC15 1789 1612(Y) 7
30  WRST 2687 2421(Y) 220
10  WRST 2757 211
28
50  HC15 2001 1803(Y) 1379
30  HC15 2249 2027(Y) 1381
10  HC15 2268 2044(Y) 10
29
50  HC15 2289 2063(Y) 55
30  WRST 3152 270
10  HC15 3283 2958(Y) 36
30
50  HC15 2601 2344(Y) 6
30  HC15 2784 2509(Y) 1382
10  WRST 3121 240
31
80  HC15 13175 11870(Y) 794
40  WRST 13576 107
32
80  HC15 15603 14057(Y) 859
40  WRST 17600 540
33
80  HC15 7513 6769(Y) 861
40  WRST 9195 765
34
80  HC15 10031 9037(Y) 802
40  WRST 10577 999
35
50  HC15 2951 2659(Y) 39
30  HC15 3021 2722(Y) 1378
10  WRST 3049 2747(Y) 236
36
50  HC15 3755 3383(Y) 1599
30  WRST 3796 3420(Y) 251
10  WRST 3914 1526
37
50  HC15 3215 2897(Y) 38
30  HC15 3256 2934(Y) 1374
10  HC15 3344 3013(Y) 1380
38
50  HC15 3756 3384(Y) 53
30  HC15 3790 3415(Y) 31
10  HC15 3832 3453(Y) 1386
39
50  WRST 4023 3625(Y) 213
30  WRST 4260 1527
10  HC15 4517 4070(Y) 30
40
50  HC15 3466 3123(Y) 54
30  HC15 3994 3599(Y) 15
10  HC15 4203 3787(Y) 25
41
50  HC15 1848 1665(Y) 7
30  HC15 2064 1860(Y) 14
10  WRST 2307 220
42
50  HC15 1893 1706(Y) 1379
30  HC15 2061 1857(Y) 10
10  HC15 2125 1915(Y) 29
43
50  HC15 2373 2138(Y) 55
30  WRST 2562 2309(Y) 270
10  WRST 2600 276
44
50  WRST 2366 2132(Y) 219
30  HC15 2453 20
10  HC15 2458 2215(Y) 1382
45
50  HC15 2681 2416(Y) 36
30  HC15 3737 3367(Y) 1392
10  WRST 6651 285
46
50  WRST 3637 1531
30  WRST 4987 262
10  WRST 5176 1662
47
50  HC15 5757 5187(Y) 1378
30  HC15 5793 5219(Y) 39
10  HC15 5921 5335(Y) 11
48
50  WRST 6877 6196(Y) 250
30  HC15 7368 6638(Y) 1599
10  WRST 7664 1526
49
50  HC15 6433 5796(Y) 38
30  HC15 6483 5841(Y) 1374
10  HC15 6655 5996(Y) 1394
50
50  HC15 6971 6281(Y) 31
30  HC15 7302 6579(Y) 23
10  WRST 7478 6737(Y) 258
51
50  WRST 8104 7301(Y) 1527
30  HC15 8474 7635(Y) 57
10  WRST 8497 1528
52
50  HC15 7168 6458(Y) 15
30  WRST 8132 7327(Y) 287
10  HC15 8439 7603(Y) 18
53
50  HC15 3729 3360(Y) 14
30  HC15 4423 3985(Y) 1739
10  HC15 4570 4118(Y) 49
54
50  HC15 3828 3449(Y) 29
30  WRST 3850 3469(Y) 278
10  HC15 3876 3492(Y) 10
55
50  HC15 4215 3798(Y) 55
30  WRST 4833 276
10  WRST 4864 270
56
50  WRST 4342 3912(Y) 219
30  HC15 4446 4006(Y) 6
10  HC15 4598 4143(Y) 20
57
50  HC15 2726 2456(Y) 1378
30  HC15 2767 2493(Y) 1736
10  HC15 3059 2756(Y) 32
58
50  WRST 3928 1526
30  WRST 3957 3565(Y) 251
10  WRST 3971 3578(Y) 227
59
50  HC15 3374 3040(Y) 56
30  WRST 3524 221
10  WRST 3572 254
60
50  HC15 3842 23
30  WRST 4051 258
10  WRST 4352 226
61
50  WRST 4243 1528
30  HC15 4865 57
10  HC15 4999 4504(Y) 1740
62
50  HC15 4489 4045(Y) 40
30  HC15 4526 4078(Y) 1388
10  HC15 4726 4258(Y) 59
63
50  HC15 1833 1652(Y) 14
30  HC15 2673 2409(Y) 50
10  WRST 2787 211
64
50  WRST 2109 278
30  WRST 2141 228
10  HC15 2279 2054(Y) 1384
65
50  WRST 2855 276
66
50  HC15 2185 1969(Y) 20
30  WRST 2277 2052(Y) 219
10  HC15 2323 2093(Y) 6
67
80  HC15 13100 11802(Y) 865
40  WRST 13948 769
68
80  HC15 14370 12946(Y) 805
40  WRST 14447 118
SCORE:WRST,HC15,2170,4090,-192.0
