WST-NJST
1
50  WST 9560 1393
30  NJST 10050 3229
10  WST 10214 1445
2
50  WST 10409 1384
30  NJST 11875 3221
10  WST 15063 1458
3
50  NJST 7090 3206
30  NJST 7422 3238
10  NJST 8059 3224
4
50  WST 8631 1444
30  NJST 10567 3243
10  WST 13321 1412
5
50  WST 7806 1401
30  NJST 8025 3231
10  WST 8877 1387
6
50  WST 9363 1376
30  WST 9634 1370
10  WST 10053 1460
7
50  NJST 7619 3234
30  NJST 8972 3211
10  WST 9084 1399
8
50  WST 6800 1380
30  NJST 7947 3230
10  WST 8740 1463
9
50  NJST 2247 3222
30  NJST 3979 3235
10  WST 5891 1427
10
50  WST 3581 1423
30  WST 3746 1405
10  WST 3935 1442
11
50  WST 1954 1411
30  NJST 1965 3197
10  WST 2237 1389
12
50  WST 1846 1421
30  NJST 2010 3225
10  WST 2390 1388
13
50  WST 4119 1445
30  WST 4175 1366
10  NJST 4263 3229
14
50  WST 3938 1384
30  NJST 4209 3226
10  WST 4257 1392
15
50  NJST 2836 3206
30  NJST 2929 3238
10  NJST 3194 3191
16
50  NJST 3353 3236
30  WST 3387 1444
10  NJST 3959 3243
17
50  WST 7747 1425
30  WST 7844 1456
10  WST 8190 1436
18
50  WST 7996 1370
30  WST 8036 1460
10  WST 8139 1376
19
50  NJST 6731 3234
30  WST 7150 1461
10  NJST 7723 3240
20
50  WST 5963 1380
21
50  NJST 2794 3222
30  NJST 5043 3235
22
50  WST 3468 1423
30  WST 4919 1405
10  WST 7531 1442
23
50  WST 2557 1389
30  NJST 2604 3197
10  NJST 2613 3215
24
50  WST 2217 1421
30  NJST 2287 3225
10  WST 3152 1415
25
50  WST 2062 1393
30  NJST 2256 3212
10  WST 2282 1366
26
50  WST 2282 1392
30  NJST 2381 3221
10  NJST 2413 3226
27
50  NJST 3425 3213
30  NJST 3872 3191
10  WST 4415 1391
28
50  NJST 4575 3236
30  NJST 5369 3214
10  NJST 5659 3243
29
50  WST 3400 1401
30  NJST 3852 3231
10  WST 3975 1387
30
50  WST 4352 1376
30  WST 4367 1369
31
80  WST 3713 1461
40  NJST 3781 3234
0  WST 4152 1399
32
80  NJST 3987 3230
40  WST 4072 1463
33
80  WST 2529 1411
40  WST 2560 1389
0  WST 2919 1455
34
80  WST 2022 1421
40  WST 4708 1372
0  WST 4744 1408
35
50  WST 1716 1393
30  NJST 2103 3229
10  WST 2115 1396
36
50  NJST 2091 3226
30  WST 2963 1378
10  WST 3169 1458
37
50  NJST 3407 3206
30  NJST 3522 3238
10  NJST 3778 3224
38
50  WST 4603 1444
30  WST 6015 1412
39
50  NJST 3557 3231
30  WST 3694 1387
10  WST 4081 1456
40
50  WST 4535 1370
30  WST 4549 1369
41
50  NJST 3315 3234
30  WST 3744 1461
10  NJST 4063 3240
42
50  WST 2927 1380
30  NJST 3604 3230
43
50  WST 2528 1411
30  NJST 3128 3219
10  WST 3299 1455
44
50  NJST 3275 3225
30  WST 3463 1421
10  WST 3545 1388
45
50  WST 2255 1445
30  WST 2335 1396
10  WST 2484 1379
46
50  WST 2591 1392
30  WST 2789 1458
10  NJST 3038 3221
47
50  NJST 4290 3224
30  WST 4922 1409
10  WST 5107 1402
48
50  WST 4406 1444
30  NJST 5291 3214
10  NJST 5836 3236
49
50  NJST 4193 3231
30  WST 4372 1456
10  WST 4502 1401
50
50  WST 5246 1460
30  WST 5342 1369
51
50  NJST 4359 3211
30  WST 4490 1399
10  NJST 4675 3240
52
50  NJST 3787 3230
30  WST 4178 1463
53
50  WST 18453 1763
54
50  WST 8588 1752
30  NJST 10675 1997
55
50  WST 16994 1755
30  NJST 19643 1998
56
50  NJST 22728 1999
57
50  NJST 12482 2000
30  WST 15310 1758
58
50  NJST 18127 2002
59
50  WST 13947 1760
60
50  WST 14387 1761
61
50  WST 15394 1762
SCORE:WST,NJST,3120,2110,101.0
