WST-TVT
1
50  WST 9560 1393
30  WST 10214 1445
10  WST 10894 1396
2
50  TVT 9773 1951
30  WST 10409 1384
10  TVT 10577 1856
3
50  TVT 7662 1866
30  TVT 8557 1845
10  WST 9201 1410
4
50  WST 8631 1444
30  TVT 9433 1917
10  TVT 11734 1880
5
50  TVT 7571 1867
30  WST 7806 1401
10  WST 8877 1387
6
50  TVT 7397 1888
30  TVT 7590 1911
10  WST 9363 1376
7
50  WST 9084 1399
30  TVT 9332 1900
10  TVT 9869 1844
8
50  TVT 6297 1874
30  WST 6800 1380
10  TVT 8188 1860
9
50  TVT 4928 1875
30  TVT 5723 1865
10  WST 5891 1427
10
50  TVT 3245 1950
30  TVT 3347 1908
10  WST 3581 1423
11
50  WST 1954 1411
30  WST 2237 1389
10  TVT 2259 1952
12
50  WST 1846 1421
30  TVT 2033 1946
10  WST 2390 1388
13
50  TVT 4097 1868
30  WST 4119 1445
10  WST 4175 1366
14
50  TVT 3875 1951
30  WST 3938 1384
10  TVT 4012 1879
15
50  TVT 3063 1866
30  TVT 3357 1845
10  WST 3622 1448
16
50  WST 3387 1444
30  TVT 4169 1880
10  TVT 4566 1886
17
50  TVT 6991 1867
30  TVT 7376 1910
10  WST 7747 1425
18
50  TVT 6400 1911
30  TVT 6771 1888
10  WST 7996 1370
19
50  WST 7150 1461
30  WST 7878 1399
10  TVT 8321 1900
20
50  TVT 5377 1899
30  TVT 5753 1874
10  WST 5963 1380
21
50  TVT 4982 1875
30  TVT 6514 1865
10  TVT 6537 1870
22
50  WST 3468 1423
30  TVT 3774 1908
10  TVT 4170 1950
23
50  WST 2557 1389
30  TVT 2634 1892
10  TVT 2684 1952
24
50  WST 2217 1421
30  TVT 2567 1946
10  TVT 3113 1935
25
50  WST 2062 1393
30  WST 2282 1366
10  WST 2344 1379
26
50  WST 2282 1392
30  TVT 2397 1898
10  TVT 2513 1907
27
50  TVT 4013 1845
30  WST 4415 1391
10  WST 4528 1410
28
50  TVT 5289 1880
30  WST 6243 1412
10  TVT 7253 1943
29
50  WST 3400 1401
30  TVT 3845 1910
10  WST 3975 1387
30
50  TVT 3535 1888
30  TVT 3733 1911
10  WST 4352 1376
31
80  WST 3713 1461
40  TVT 4059 1900
0  WST 4152 1399
32
80  TVT 2849 1899
40  TVT 3656 1860
0  TVT 4069 1947
33
80  WST 2529 1411
40  WST 2560 1389
0  TVT 2840 1952
34
80  WST 2022 1421
40  TVT 2670 1946
0  TVT 3389 1896
35
50  WST 1716 1393
30  WST 2115 1396
10  TVT 2166 1868
36
50  TVT 2050 1856
30  TVT 2078 1951
10  TVT 2336 1898
37
50  TVT 3427 1866
30  TVT 4109 1913
10  WST 4690 1448
38
50  TVT 4381 1917
30  WST 4603 1444
10  WST 6015 1412
39
50  TVT 3496 1867
30  WST 3694 1387
10  WST 4081 1456
40
50  TVT 3217 1888
30  WST 4535 1370
10  WST 4549 1369
41
50  WST 3744 1461
30  WST 4652 1454
42
50  TVT 2764 1899
30  TVT 2776 1874
10  WST 2927 1380
43
50  WST 2528 1411
30  TVT 3133 1952
10  TVT 3244 1892
44
50  TVT 2528 1946
30  TVT 3303 1896
10  WST 3463 1421
45
50  WST 2255 1445
30  WST 2335 1396
10  WST 2484 1379
46
50  WST 2591 1392
30  TVT 2600 1856
10  TVT 2637 1907
47
50  TVT 4616 1913
30  TVT 4678 1916
10  WST 4922 1409
48
50  WST 4406 1444
30  TVT 5013 1917
10  TVT 5643 1886
49
50  WST 4372 1456
30  TVT 4377 1910
10  WST 4502 1401
50
50  TVT 3877 1911
30  WST 5246 1460
10  WST 5342 1369
51
50  WST 4490 1399
30  TVT 4934 1885
52
50  TVT 3306 1874
30  TVT 3969 1860
10  WST 4178 1463
53
50  TVT 16803 1828
30  WST 18453 1763
54
50  WST 8588 1752
30  TVT 12231 1815
55
50  WST 16994 1755
30  TVT 19785 1818
56
50  TVT 17443 1820
57
50  TVT 14320 1822
30  WST 15310 1758
58
50  TVT 17419 1825
59
50  WST 13947 1760
30  TVT 15096 1826
60
50  WST 14387 1761
61
50  TVT 13181 1827
30  WST 15394 1762
SCORE:WST,TVT,2430,2980,-55.0
