WST-WAW
1
50  WAW 9200 1022
30  WST 9560 1393
10  WST 10214 1445
2
50  WAW 8528 1033
30  WST 10409 1384
10  WAW 10693 964
3
50  WAW 9045 931
30  WST 9201 1410
10  WST 9728 1391
4
50  WAW 7781 940
30  WST 8631 1444
10  WST 13321 1412
5
50  WST 7806 1401
30  WAW 7833 908
10  WAW 8719 1004
6
50  WAW 6684 904
30  WAW 7572 1032
10  WST 9363 1376
7
50  WAW 7606 975
30  WST 9084 1399
10  WAW 10288 957
8
50  WAW 6267 1012
30  WST 6800 1380
10  WAW 7387 1026
9
50  WAW 2516 959
30  WAW 4256 933
10  WAW 4412 913
10
50  WAW 2569 916
30  WAW 3534 947
10  WST 3581 1423
11
50  WAW 1876 1021
30  WST 1954 1411
10  WST 2237 1389
12
50  WST 1846 1421
30  WAW 2056 961
10  WAW 2233 956
13
50  WAW 3626 939
30  WST 4119 1445
10  WST 4175 1366
14
50  WAW 3897 964
30  WST 3938 1384
10  WAW 4081 996
15
50  WAW 3166 938
30  WST 3622 1448
10  WST 3751 1410
16
50  WST 3387 1444
30  WAW 4262 998
10  WST 4944 1412
17
50  WAW 7038 929
30  WST 7747 1425
10  WAW 7763 909
18
50  WAW 6524 1030
30  WAW 7990 943
10  WST 7996 1370
19
50  WAW 7012 975
30  WST 7150 1461
10  WST 7878 1399
20
50  WST 5963 1380
30  WAW 6546 1026
10  WAW 7147 948
21
50  WAW 3312 959
30  WAW 4987 913
10  WAW 5907 933
22
50  WAW 3255 916
30  WST 3468 1423
10  WAW 3816 947
23
50  WAW 2516 1021
30  WST 2557 1389
10  WST 2771 1404
24
50  WST 2217 1421
30  WAW 2659 902
10  WAW 2953 956
25
50  WST 2062 1393
30  WST 2282 1366
10  WST 2344 1379
26
50  WAW 1809 915
30  WST 2282 1392
10  WAW 2300 996
27
50  WST 4415 1391
30  WAW 4452 918
10  WST 4528 1410
28
50  WAW 3533 940
30  WST 6243 1412
10  WST 7391 1453
29
50  WST 3400 1401
30  WAW 3721 929
10  WST 3975 1387
30
50  WAW 3430 1030
30  WST 4352 1376
10  WST 4367 1369
31
80  WST 3713 1461
40  WST 4152 1399
0  WST 5088 1454
32
80  WAW 3298 976
40  WAW 3409 948
0  WAW 3836 937
33
80  WST 2529 1411
40  WST 2560 1389
0  WST 2919 1455
34
80  WST 2022 1421
40  WST 4708 1372
0  WST 4744 1408
35
50  WST 1716 1393
30  WST 2115 1396
10  WST 2315 1386
36
50  WAW 1765 915
30  WAW 2451 1031
10  WST 2963 1378
37
50  WAW 3497 938
30  WAW 4319 970
10  WST 4690 1448
38
50  WAW 3681 940
30  WST 4603 1444
10  WAW 5851 998
39
50  WST 3694 1387
30  WAW 3972 1004
10  WST 4081 1456
40
50  WAW 2938 904
30  WST 4535 1370
10  WST 4549 1369
41
50  WAW 3582 971
30  WST 3744 1461
10  WST 4652 1454
42
50  WST 2927 1380
30  WAW 2976 976
10  WAW 3246 1026
43
50  WAW 2456 1021
30  WST 2528 1411
10  WST 3299 1455
44
50  WAW 3223 902
30  WST 3463 1421
10  WST 3545 1388
45
50  WAW 2035 1022
30  WAW 2119 939
10  WST 2255 1445
46
50  WAW 1937 1033
30  WAW 2572 912
10  WST 2591 1392
47
50  WAW 4628 931
30  WAW 4840 950
10  WAW 4857 970
48
50  WST 4406 1444
30  WAW 5776 998
10  WST 7495 1453
49
50  WAW 4032 908
30  WST 4372 1456
10  WAW 4501 909
50
50  WAW 3637 1032
30  WAW 4833 943
10  WST 5246 1460
51
50  WAW 3975 971
30  WST 4490 1399
10  WAW 4857 957
52
50  WAW 3347 1012
30  WAW 3827 948
10  WST 4178 1463
53
50  WAW 14403 1722
30  WST 18453 1763
54
50  WST 8588 1752
30  WAW 9827 1709
55
50  WAW 16351 1711
30  WST 16994 1755
56
50  WAW 15537 1713
57
50  WAW 14803 1715
30  WST 15310 1758
58
50  WAW 30791 1717
59
50  WAW 13606 1718
30  WST 13947 1760
60
50  WAW 11946 1720
30  WST 14387 1761
61
50  WAW 11575 1721
30  WST 15394 1762
SCORE:WST,WAW,2270,3190,-92.0
