WST-SPL
1
50  SPL 8802 1687
30  WST 9560 1393
10  WST 10214 1445
2
50  SPL 8844 1719
30  WST 10409 1384
10  SPL 12689 1653
3
50  SPL 8969 1739
30  WST 9201 1410
10  WST 9728 1391
4
50  WST 8631 1444
30  SPL 9290 1705
10  SPL 9620 1671
5
50  WST 7806 1401
30  SPL 7969 1720
10  WST 8877 1387
6
50  SPL 7284 1689
30  SPL 8876 1666
10  WST 9363 1376
7
50  SPL 7357 1698
30  SPL 7863 1697
10  SPL 8531 1664
8
50  WST 6800 1380
30  SPL 8085 1680
10  WST 8740 1463
9
50  SPL 3863 1722
30  SPL 4440 1735
10  SPL 5306 1696
10
50  SPL 3256 1677
30  WST 3581 1423
10  WST 3746 1405
11
50  SPL 1950 1672
30  WST 1954 1411
10  SPL 2012 1708
12
50  WST 1846 1421
30  WST 2390 1388
10  SPL 2437 1691
13
50  SPL 3444 1687
30  WST 4119 1445
10  WST 4175 1366
14
50  SPL 3591 1719
30  SPL 3692 1670
10  WST 3938 1384
15
50  SPL 3532 1739
30  WST 3622 1448
10  WST 3751 1410
16
50  WST 3387 1444
30  SPL 3479 1665
10  SPL 4002 1679
17
50  SPL 6478 1718
30  WST 7747 1425
10  WST 7844 1456
18
50  SPL 6409 1689
30  WST 7996 1370
10  WST 8036 1460
19
50  SPL 6384 1698
30  SPL 7006 1697
10  WST 7150 1461
20
50  WST 5963 1380
30  SPL 7947 1688
21
50  SPL 4433 1722
30  SPL 5750 1696
22
50  WST 3468 1423
30  WST 4919 1405
10  SPL 5737 1677
23
50  SPL 2555 1708
30  WST 2557 1389
10  WST 2771 1404
24
50  WST 2217 1421
30  SPL 2646 1726
10  WST 3152 1415
25
50  WST 2062 1393
30  WST 2282 1366
10  WST 2344 1379
26
50  SPL 1913 1719
30  WST 2282 1392
10  SPL 2665 1686
27
50  SPL 4400 1709
30  WST 4415 1391
10  WST 4528 1410
28
50  SPL 5351 1669
30  SPL 5972 1700
10  WST 6243 1412
29
50  WST 3400 1401
30  WST 3975 1387
10  WST 4552 1436
30
50  SPL 3484 1689
30  SPL 3934 1666
10  WST 4352 1376
31
80  SPL 3483 1698
40  WST 3713 1461
0  SPL 3735 1649
32
80  WST 4072 1463
33
80  WST 2529 1411
40  WST 2560 1389
0  WST 2919 1455
34
80  WST 2022 1421
40  WST 4708 1372
0  WST 4744 1408
35
50  WST 1716 1393
30  WST 2115 1396
10  WST 2315 1386
36
50  SPL 1860 1670
30  SPL 2421 1653
10  SPL 2546 1655
37
50  SPL 4055 1739
30  WST 4690 1448
10  SPL 4759 1709
38
50  SPL 3981 1705
30  SPL 4577 1671
10  WST 4603 1444
39
50  SPL 3246 1718
30  SPL 3531 1720
10  WST 3694 1387
40
50  SPL 4193 1727
30  WST 4535 1370
10  WST 4549 1369
41
50  SPL 3366 1697
30  SPL 3625 1649
10  WST 3744 1461
42
50  WST 2927 1380
30  SPL 3697 1680
43
50  WST 2528 1411
30  SPL 2652 1672
10  WST 3299 1455
44
50  SPL 3371 1699
30  SPL 3403 1726
10  SPL 3452 1662
45
50  SPL 2033 1687
30  WST 2255 1445
10  WST 2335 1396
46
50  SPL 2422 1653
30  WST 2591 1392
10  SPL 2747 1655
47
50  WST 4922 1409
30  SPL 5018 1652
10  WST 5107 1402
48
50  WST 4406 1444
30  SPL 5462 1700
10  WST 7495 1453
49
50  WST 4372 1456
30  WST 4502 1401
10  WST 5088 1425
50
50  SPL 4475 1666
30  WST 5246 1460
10  WST 5342 1369
51
50  SPL 4402 1712
30  SPL 4475 1664
10  WST 4490 1399
52
50  WST 4178 1463
30  SPL 4552 1688
53
50  WST 18453 1763
30  SPL 18907 1804
54
50  WST 8588 1752
30  SPL 9289 1796
55
50  WST 16994 1755
30  SPL 20778 1798
57
50  WST 15310 1758
30  SPL 17312 1800
58
50  SPL 15425 1801
59
50  SPL 13914 1802
30  WST 13947 1760
60
50  WST 14387 1761
61
50  SPL 13256 1803
30  WST 15394 1762
SCORE:WST,SPL,2520,2780,-26.0
