WST-NC
1
50  NC 9537 1485
30  WST 9560 1393
10  WST 10214 1445
2
50  WST 10409 1384
30  NC 10859 1532
10  NC 13682 1467
3
50  NC 7906 1477
30  WST 9201 1410
10  NC 9235 1504
4
50  NC 8479 1533
30  WST 8631 1444
10  NC 9094 1471
5
50  WST 7806 1401
30  NC 8092 1476
10  WST 8877 1387
6
50  NC 9079 1524
30  WST 9363 1376
10  NC 9428 1514
7
50  NC 8569 1497
30  WST 9084 1399
10  NC 9537 1466
8
50  WST 6800 1380
30  NC 7103 1483
10  NC 7146 1492
9
50  NC 2950 1526
30  NC 4638 1486
10  WST 5891 1427
10
50  WST 3581 1423
30  WST 3746 1405
10  WST 3935 1442
11
50  WST 1954 1411
30  NC 2056 1515
10  WST 2237 1389
12
50  WST 1846 1421
30  NC 2144 1487
10  NC 2181 1530
13
50  WST 4119 1445
30  WST 4175 1366
10  NC 4184 1474
14
50  WST 3938 1384
30  WST 4257 1392
10  NC 4309 1528
15
50  NC 3160 1477
30  WST 3622 1448
10  NC 3698 1522
16
50  NC 3250 1517
30  WST 3387 1444
10  NC 3447 1533
17
50  NC 7388 1470
30  WST 7747 1425
10  WST 7844 1456
18
50  NC 7797 1537
30  NC 7947 1524
10  WST 7996 1370
19
50  WST 7150 1461
30  NC 7391 1497
10  WST 7878 1399
20
50  WST 5963 1380
30  NC 6181 1483
10  NC 6473 1509
21
50  NC 4007 1526
30  NC 5883 1486
22
50  WST 3468 1423
30  WST 4919 1405
10  WST 7531 1442
23
50  WST 2557 1389
30  NC 2606 1516
10  WST 2771 1404
24
50  WST 2217 1421
30  NC 2572 1487
10  NC 3022 1489
25
50  NC 1994 1485
30  WST 2062 1393
10  WST 2282 1366
26
50  WST 2282 1392
30  NC 2422 1525
10  NC 2580 1467
27
50  NC 3567 1477
30  WST 4415 1391
10  WST 4528 1410
28
50  NC 4119 1533
30  NC 4179 1471
10  NC 5222 1518
29
50  WST 3400 1401
30  NC 3790 1470
10  WST 3975 1387
30
50  WST 4352 1376
30  WST 4367 1369
10  NC 4540 1537
31
80  WST 3713 1461
40  NC 3954 1497
0  WST 4152 1399
32
80  NC 3181 1492
40  NC 3437 1509
0  WST 4072 1463
33
80  WST 2529 1411
40  WST 2560 1389
0  NC 2860 1516
34
80  WST 2022 1421
40  NC 2659 1530
0  NC 3803 1487
35
50  WST 1716 1393
30  NC 1873 1485
10  WST 2115 1396
36
50  NC 2300 1525
30  NC 2389 1532
10  NC 2462 1528
37
50  NC 4296 1519
30  NC 4328 1504
10  NC 4475 1522
38
50  NC 3571 1517
30  NC 4003 1471
10  WST 4603 1444
39
50  NC 3541 1470
30  NC 3618 1476
10  WST 3694 1387
40
50  NC 4068 1537
30  NC 4128 1514
10  WST 4535 1370
41
50  WST 3744 1461
30  NC 3763 1497
10  NC 4526 1505
42
50  WST 2927 1380
30  NC 2993 1483
10  NC 3113 1492
43
50  WST 2528 1411
30  NC 3047 1516
10  WST 3299 1455
44
50  NC 2992 1494
30  NC 3066 1489
10  NC 3369 1530
45
50  WST 2255 1445
30  WST 2335 1396
10  NC 2462 1474
46
50  NC 2525 1532
30  WST 2591 1392
10  WST 2789 1458
47
50  NC 4322 1477
30  NC 4701 1519
10  NC 4796 1522
48
50  WST 4406 1444
30  NC 4507 1517
10  NC 5165 1502
49
50  NC 4160 1476
30  WST 4372 1456
10  WST 4502 1401
50
50  NC 4410 1524
30  WST 5246 1460
10  WST 5342 1369
51
50  WST 4490 1399
30  NC 4844 1505
10  NC 4958 1466
52
50  NC 3615 1483
30  NC 3750 1492
10  WST 4178 1463
53
50  WST 18453 1763
54
50  WST 8588 1752
30  NC 9591 1764
55
50  WST 16994 1755
30  NC 18144 1766
56
50  NC 18106 1768
57
50  NC 15191 1770
30  WST 15310 1758
58
50  NC 14393 1772
59
50  WST 13947 1760
30  NC 14019 1773
60
50  WST 14387 1761
30  NC 14844 1774
61
50  NC 14235 1775
30  WST 15394 1762
SCORE:WST,NC,2530,2890,-36.0
