WST-HSC
1
50  WST 9560 1393
30  WST 10214 1445
10  WST 10894 1396
2
50  WST 10409 1384
30  HSC 13133 3465
10  HSC 13628 3436
3
50  WST 9201 1410
30  WST 9728 1391
10  WST 10363 1448
4
50  HSC 8441 3463
30  WST 8631 1444
10  WST 13321 1412
5
50  HSC 7740 3466
30  WST 7806 1401
10  HSC 7854 3424
6
50  HSC 7907 3446
30  HSC 8508 3458
10  WST 9363 1376
7
50  HSC 8442 3457
30  HSC 8729 3447
10  WST 9084 1399
8
50  HSC 6592 3462
30  WST 6800 1380
10  HSC 7912 3461
9
50  HSC 5143 3442
30  HSC 5829 3441
10  WST 5891 1427
10
50  WST 3581 1423
30  WST 3746 1405
10  WST 3935 1442
11
50  WST 1954 1411
30  HSC 1977 3430
10  HSC 2019 3464
12
50  WST 1846 1421
30  WST 2390 1388
10  WST 2517 1372
13
50  WST 4119 1445
30  WST 4175 1366
10  WST 4283 1386
14
50  WST 3938 1384
30  HSC 4084 3420
10  WST 4257 1392
15
50  WST 3622 1448
30  WST 3751 1410
10  WST 3823 1391
16
50  HSC 3251 3453
30  HSC 3253 3463
10  WST 3387 1444
17
50  HSC 6734 3466
30  HSC 6821 3424
10  HSC 7172 3444
18
50  HSC 6803 3423
30  HSC 7347 3458
10  WST 7996 1370
19
50  WST 7150 1461
30  HSC 7373 3448
10  HSC 7776 3447
20
50  HSC 5558 3462
30  HSC 5947 3460
10  WST 5963 1380
21
50  HSC 5788 3441
30  HSC 7357 3442
10  HSC 17095 3443
22
50  WST 3468 1423
30  WST 4919 1405
10  WST 7531 1442
23
50  WST 2557 1389
30  WST 2771 1404
10  HSC 2976 3430
24
50  WST 2217 1421
30  WST 3152 1415
10  WST 3157 1388
25
50  WST 2062 1393
30  WST 2282 1366
10  WST 2344 1379
26
50  WST 2282 1392
30  WST 2797 1417
10  HSC 2844 3420
27
50  WST 4415 1391
30  WST 4528 1410
10  WST 4606 1375
28
50  HSC 4294 3421
30  HSC 4380 3453
10  HSC 4906 3435
29
50  WST 3400 1401
30  HSC 3789 3444
10  WST 3975 1387
30
50  HSC 3802 3446
30  HSC 3893 3423
10  WST 4352 1376
31
80  WST 3713 1461
40  HSC 3913 3448
0  WST 4152 1399
32
80  HSC 3721 3461
40  WST 4072 1463
0  HSC 4294 3454
33
80  WST 2529 1411
40  WST 2560 1389
0  WST 2919 1455
34
80  WST 2022 1421
40  WST 4708 1372
0  WST 4744 1408
35
50  WST 1716 1393
30  WST 2115 1396
10  WST 2315 1386
36
50  WST 2963 1378
30  WST 3169 1458
10  WST 3212 1417
37
50  WST 4690 1448
30  WST 4878 1375
10  HSC 4920 3445
38
50  HSC 4317 3453
30  WST 4603 1444
10  WST 6015 1412
39
50  HSC 3635 3424
30  WST 3694 1387
10  HSC 3875 3444
40
50  HSC 3304 3446
30  HSC 3927 3423
10  WST 4535 1370
41
50  HSC 3312 3457
30  WST 3744 1461
10  HSC 4225 3448
42
50  HSC 2639 3462
30  HSC 2925 3460
10  WST 2927 1380
43
50  WST 2528 1411
30  HSC 2932 3430
10  HSC 3033 3464
44
50  WST 3463 1421
30  WST 3545 1388
45
50  WST 2255 1445
30  WST 2335 1396
10  WST 2484 1379
46
50  WST 2591 1392
30  WST 2789 1458
10  HSC 3058 3420
47
50  WST 4922 1409
30  WST 5107 1402
10  WST 5631 1439
48
50  WST 4406 1444
30  HSC 4691 3463
10  HSC 5188 3435
49
50  HSC 4065 3466
30  WST 4372 1456
10  WST 4502 1401
50
50  HSC 4279 3423
30  HSC 4618 3432
10  WST 5246 1460
51
50  HSC 4470 3448
30  WST 4490 1399
10  HSC 4532 3457
52
50  HSC 3407 3460
30  HSC 3845 3454
10  HSC 4113 3461
53
50  WST 18453 1763
54
50  WST 8588 1752
55
50  WST 16994 1755
56
50  HSC 19928 2040
57
50  WST 15310 1758
58
50  HSC 15277 2041
59
50  HSC 12869 2042
30  WST 13947 1760
60
50  HSC 12747 2043
30  WST 14387 1761
61
50  HSC 12104 2044
30  WST 15394 1762
SCORE:WST,HSC,3050,2280,77.0
