WST-WCSC
1
50  WCSC 8690 844
30  WCSC 9353 884
10  WST 9560 1393
2
50  WST 10409 1384
30  WCSC 10839 784
10  WST 15063 1458
3
50  WCSC 7943 800
30  WCSC 8633 883
10  WST 9201 1410
4
50  WCSC 8409 810
30  WST 8631 1444
10  WCSC 9688 775
5
50  WCSC 7784 895
30  WST 7806 1401
10  WST 8877 1387
6
50  WCSC 7896 776
30  WCSC 8833 821
10  WST 9363 1376
7
50  WCSC 8963 860
30  WST 9084 1399
10  WCSC 9778 900
8
50  WST 6800 1380
30  WCSC 7650 843
10  WCSC 7728 787
9
50  WCSC 3175 869
30  WCSC 3328 872
10  WST 5891 1427
10
50  WCSC 3536 830
30  WST 3581 1423
10  WCSC 3673 786
11
50  WCSC 1889 855
30  WST 1954 1411
10  WCSC 2129 826
12
50  WCSC 1740 870
30  WST 1846 1421
10  WCSC 1904 877
13
50  WCSC 3738 871
30  WCSC 3787 884
10  WST 4119 1445
14
50  WST 3938 1384
30  WCSC 4129 831
10  WST 4257 1392
15
50  WCSC 3219 896
30  WCSC 3312 840
10  WCSC 3557 883
16
50  WST 3387 1444
30  WCSC 3434 775
10  WCSC 3517 863
17
50  WCSC 7082 859
30  WCSC 7348 845
10  WST 7747 1425
18
50  WCSC 6674 798
30  WCSC 6843 776
10  WCSC 7480 821
19
50  WST 7150 1461
30  WST 7878 1399
10  WCSC 7938 860
20
50  WST 5963 1380
30  WCSC 6297 843
10  WCSC 7173 864
21
50  WCSC 3090 869
30  WCSC 4438 872
10  WCSC 8236 893
22
50  WST 3468 1423
30  WCSC 4634 830
10  WST 4919 1405
23
50  WCSC 2098 817
30  WST 2557 1389
10  WCSC 2637 898
24
50  WCSC 1929 801
30  WST 2217 1421
10  WCSC 2358 877
25
50  WCSC 2043 816
30  WST 2062 1393
10  WST 2282 1366
26
50  WCSC 2111 784
30  WST 2282 1392
10  WCSC 2634 868
27
50  WCSC 3813 800
30  WST 4415 1391
10  WST 4528 1410
28
50  WCSC 4178 810
30  WCSC 5603 847
10  WCSC 6144 849
29
50  WST 3400 1401
30  WCSC 3500 895
10  WST 3975 1387
30
50  WCSC 3909 821
30  WCSC 4312 791
10  WST 4352 1376
31
80  WST 3713 1461
40  WCSC 3840 803
0  WST 4152 1399
32
80  WCSC 3606 864
40  WST 4072 1463
0  WCSC 4593 827
33
80  WCSC 2225 826
40  WCSC 2500 817
0  WST 2529 1411
34
80  WST 2022 1421
40  WCSC 2223 877
0  WCSC 2855 857
35
50  WST 1716 1393
30  WCSC 1938 871
10  WST 2115 1396
36
50  WCSC 2122 876
30  WST 2963 1378
10  WCSC 3057 823
37
50  WCSC 3982 840
30  WST 4690 1448
10  WST 4878 1375
38
50  WCSC 4317 863
30  WST 4603 1444
10  WCSC 4653 775
39
50  WCSC 3434 859
30  WST 3694 1387
10  WST 4081 1456
40
50  WCSC 3463 798
30  WCSC 4046 880
10  WST 4535 1370
41
50  WST 3744 1461
30  WCSC 3803 803
10  WCSC 3928 900
42
50  WST 2927 1380
30  WCSC 3134 787
10  WCSC 3376 790
43
50  WST 2528 1411
30  WCSC 2682 855
10  WCSC 3027 826
44
50  WCSC 2112 801
30  WCSC 2583 870
10  WST 3463 1421
45
50  WCSC 2151 844
30  WST 2255 1445
10  WST 2335 1396
46
50  WCSC 2403 831
30  WST 2591 1392
10  WST 2789 1458
47
50  WCSC 4162 896
30  WST 4922 1409
10  WST 5107 1402
48
50  WST 4406 1444
30  WCSC 4555 810
10  WST 7495 1453
49
50  WST 4372 1456
30  WST 4502 1401
10  WCSC 4656 845
50
50  WCSC 4113 776
30  WCSC 4549 798
10  WST 5246 1460
51
50  WCSC 4467 860
30  WST 4490 1399
10  WCSC 5658 835
52
50  WCSC 3963 864
30  WST 4178 1463
53
50  WCSC 16033 1707
30  WST 18453 1763
54
50  WCSC 7650 1692
30  WST 8588 1752
55
50  WCSC 16081 1695
30  WST 16994 1755
56
50  WCSC 17798 1697
57
50  WCSC 13322 1699
30  WST 15310 1758
58
50  WCSC 18199 1702
59
50  WCSC 13190 1703
30  WST 13947 1760
60
50  WST 14387 1761
30  WCSC 15089 1704
61
50  WCSC 12596 1705
30  WST 15394 1762
SCORE:WST,WCSC,2030,3420,-139.0
