WST-CCC
1
50  CCC 9365 2014
30  WST 9560 1393
10  WST 10214 1445
2
50  WST 10409 1384
30  CCC 10441 2005
10  CCC 11056 2019
3
50  WST 9201 1410
30  CCC 9715 1991
10  WST 9728 1391
4
50  WST 8631 1444
30  CCC 8866 2012
10  CCC 9346 2027
5
50  CCC 7445 2031
30  WST 7806 1401
10  CCC 8137 2030
6
50  WST 9363 1376
30  WST 9634 1370
10  WST 10053 1460
7
50  CCC 7696 1992
30  CCC 8435 2028
10  CCC 8545 1998
8
50  WST 6800 1380
30  CCC 7524 2002
10  WST 8740 1463
9
50  CCC 3709 1996
30  CCC 3804 2009
10  WST 5891 1427
10
50  WST 3581 1423
30  WST 3746 1405
10  WST 3935 1442
11
50  WST 1954 1411
30  CCC 2076 2026
10  WST 2237 1389
12
50  CCC 1634 2020
30  WST 1846 1421
10  WST 2390 1388
13
50  WST 4119 1445
30  WST 4175 1366
10  WST 4283 1386
14
50  WST 3938 1384
30  CCC 4125 2019
10  WST 4257 1392
15
50  WST 3622 1448
30  CCC 3750 1991
10  WST 3751 1410
16
50  WST 3387 1444
30  CCC 3407 2012
10  CCC 4175 1993
17
50  WST 7747 1425
30  WST 7844 1456
10  WST 8190 1436
18
50  WST 7996 1370
30  WST 8036 1460
10  WST 8139 1376
19
50  CCC 7116 1992
30  WST 7150 1461
10  CCC 7469 2028
20
50  WST 5963 1380
30  CCC 6632 2002
21
50  CCC 4272 1996
30  CCC 6403 2016
10  CCC 7363 1999
22
50  WST 3468 1423
30  WST 4919 1405
10  WST 7531 1442
23
50  WST 2557 1389
30  CCC 2706 2023
10  WST 2771 1404
24
50  WST 2217 1421
30  WST 3152 1415
10  WST 3157 1388
25
50  WST 2062 1393
30  WST 2282 1366
10  WST 2344 1379
26
50  CCC 1947 2005
30  WST 2282 1392
10  CCC 2432 2025
27
50  WST 4415 1391
30  WST 4528 1410
10  WST 4606 1375
28
50  CCC 4247 2012
30  WST 6243 1412
10  WST 7391 1453
29
50  WST 3400 1401
30  CCC 3810 2030
10  WST 3975 1387
30
50  WST 4352 1376
30  WST 4367 1369
31
80  CCC 3662 1992
40  WST 3713 1461
0  CCC 3813 1998
32
80  WST 4072 1463
33
80  CCC 2228 2026
40  WST 2529 1411
0  WST 2560 1389
34
80  WST 2022 1421
40  WST 4708 1372
0  WST 4744 1408
35
50  WST 1716 1393
30  CCC 1819 2014
10  WST 2115 1396
36
50  CCC 1891 2005
30  CCC 2957 2025
10  WST 2963 1378
37
50  CCC 4146 1991
30  WST 4690 1448
10  WST 4878 1375
38
50  CCC 4041 2027
30  CCC 4268 2012
10  WST 4603 1444
39
50  CCC 3515 2031
30  CCC 3572 2030
10  WST 3694 1387
40
50  WST 4535 1370
30  WST 4549 1369
41
50  CCC 3413 1992
30  CCC 3736 2028
10  WST 3744 1461
42
50  WST 2927 1380
43
50  WST 2528 1411
30  WST 3299 1455
10  CCC 3622 2024
44
50  WST 3463 1421
30  WST 3545 1388
45
50  CCC 2209 2014
30  WST 2255 1445
10  WST 2335 1396
46
50  WST 2591 1392
30  WST 2789 1458
10  CCC 3109 1997
47
50  WST 4922 1409
30  CCC 5041 1991
10  WST 5107 1402
48
50  WST 4406 1444
30  CCC 5066 2027
10  WST 7495 1453
49
50  CCC 3880 2031
30  WST 4372 1456
10  WST 4502 1401
50
50  WST 5246 1460
30  WST 5342 1369
51
50  CCC 4305 2028
30  WST 4490 1399
10  CCC 4529 2013
52
50  WST 4178 1463
53
50  WST 18453 1763
54
50  WST 8588 1752
30  CCC 11834 1834
55
50  WST 16994 1755
30  CCC 19756 1835
56
50  CCC 20399 1836
57
50  WST 15310 1758
59
50  WST 13947 1760
60
50  WST 14387 1761
61
50  WST 15394 1762
SCORE:WST,CCC,3230,1860,137.0
