WST-FO
1
50  WST 9560 1393
30  WST 10214 1445
10  FO 10771 2035
2
50  WST 10409 1384
30  FO 10637 2042
10  FO 11528 2114
3
50  FO 8237 2055
30  WST 9201 1410
10  WST 9728 1391
4
50  FO 8422 2127
30  WST 8631 1444
10  FO 9837 2079
5
50  WST 7806 1401
30  FO 8487 2036
10  WST 8877 1387
6
50  FO 8478 2053
30  FO 8720 2121
10  WST 9363 1376
7
50  FO 7744 2061
30  WST 9084 1399
8
50  FO 6400 2077
30  WST 6800 1380
10  FO 6997 2094
9
50  FO 3181 2050
30  FO 4028 2064
10  FO 4659 2143
10
50  FO 2470 2128
30  FO 2776 2049
10  FO 3569 2106
11
50  WST 1954 1411
30  FO 2071 2043
10  FO 2090 2078
12
50  WST 1846 1421
30  FO 1906 2065
10  FO 2293 2107
13
50  WST 4119 1445
30  WST 4175 1366
10  WST 4283 1386
14
50  WST 3938 1384
30  FO 4140 2042
10  WST 4257 1392
15
50  WST 3622 1448
30  WST 3751 1410
10  WST 3823 1391
16
50  WST 3387 1444
30  FO 3571 2066
10  FO 3901 2100
17
50  FO 7118 2036
30  FO 7692 2071
10  WST 7747 1425
18
50  FO 7319 2121
30  FO 7333 2053
10  FO 7915 2047
19
50  FO 6721 2061
30  WST 7150 1461
10  WST 7878 1399
20
50  FO 5738 2077
30  FO 5938 2094
10  WST 5963 1380
21
50  FO 3857 2050
30  FO 4878 2143
10  FO 5563 2064
22
50  FO 2925 2128
30  WST 3468 1423
10  FO 3814 2049
23
50  WST 2557 1389
30  FO 2619 2139
10  FO 2720 2043
24
50  WST 2217 1421
30  FO 2552 2065
10  FO 2965 2090
25
50  WST 2062 1393
30  WST 2282 1366
10  WST 2344 1379
26
50  FO 2225 2048
30  WST 2282 1392
10  FO 2312 2114
27
50  FO 3759 2055
30  WST 4415 1391
10  FO 4467 2109
28
50  FO 4134 2127
30  FO 4747 2066
10  FO 4991 2079
29
50  WST 3400 1401
30  WST 3975 1387
10  FO 4128 2067
30
50  FO 4253 2121
30  WST 4352 1376
10  WST 4367 1369
31
80  WST 3713 1461
40  WST 4152 1399
0  FO 4765 2039
32
80  FO 3047 2077
40  FO 3414 2076
0  WST 4072 1463
33
80  FO 2181 2139
40  FO 2381 2078
0  WST 2529 1411
34
80  WST 2022 1421
40  FO 3806 2120
0  WST 4708 1372
35
50  WST 1716 1393
30  WST 2115 1396
10  FO 2208 2035
36
50  FO 2122 2104
30  FO 2222 2048
10  FO 2563 2114
37
50  FO 4659 2109
30  WST 4690 1448
10  FO 4838 2051
38
50  FO 4043 2127
30  WST 4603 1444
10  FO 5475 2079
39
50  WST 3694 1387
30  FO 3744 2036
10  FO 3968 2060
40
50  FO 3906 2053
30  WST 4535 1370
10  WST 4549 1369
41
50  FO 3459 2061
30  WST 3744 1461
10  WST 4652 1454
42
50  FO 2884 2094
30  WST 2927 1380
10  FO 3478 2076
43
50  WST 2528 1411
30  FO 2740 2139
10  WST 3299 1455
44
50  WST 3463 1421
30  WST 3545 1388
45
50  WST 2255 1445
30  WST 2335 1396
10  WST 2484 1379
46
50  FO 2462 2104
30  FO 2484 2130
10  WST 2591 1392
47
50  FO 4008 2055
30  WST 4922 1409
10  WST 5107 1402
48
50  WST 4406 1444
30  FO 4576 2066
10  FO 6287 2137
49
50  WST 4372 1456
30  FO 4431 2092
10  WST 4502 1401
50
50  FO 4110 2053
30  FO 4971 2047
10  WST 5246 1460
51
50  FO 3932 2061
30  WST 4490 1399
52
50  FO 3541 2077
30  FO 3725 2094
10  FO 4119 2132
53
50  FO 14008 1854
30  WST 18453 1763
54
50  WST 8588 1752
30  FO 9738 1838
55
50  WST 16994 1755
30  FO 19576 1843
56
50  FO 18719 1846
57
50  FO 15307 1849
30  WST 15310 1758
58
50  FO 14984 1850
59
50  WST 13947 1760
30  FO 15100 1853
60
50  WST 14387 1761
61
50  WST 15394 1762
SCORE:WST,FO,2420,2950,-53.0
