WST-SL
1
50  WST 9560 1393
30  WST 10214 1445
10  WST 10894 1396
2
50  SL 8346 2877
30  SL 8361 2923
10  WST 10409 1384
3
50  SL 8950 2918
30  SL 9075 2884
10  WST 9201 1410
4
50  WST 8631 1444
30  SL 9534 2909
10  WST 13321 1412
5
50  SL 7340 2901
30  SL 7391 2928
10  WST 7806 1401
6
50  SL 7120 2921
30  SL 7529 2886
10  SL 7588 2883
7
50  WST 9084 1399
8
50  WST 6800 1380
30  SL 7163 2917
10  WST 8740 1463
9
50  WST 5891 1427
30  SL 5934 2911
10  SL 5950 2896
10
50  WST 3581 1423
30  WST 3746 1405
10  WST 3935 1442
11
50  SL 1652 2876
30  SL 1699 2908
10  SL 1840 2885
12
50  SL 1650 2874
30  WST 1846 1421
10  WST 2390 1388
13
50  WST 4119 1445
30  WST 4175 1366
10  WST 4283 1386
14
50  SL 3409 2923
30  WST 3938 1384
10  WST 4257 1392
15
50  SL 3377 2884
30  SL 3550 2920
10  SL 3600 2918
16
50  SL 3384 2909
30  WST 3387 1444
10  SL 3680 2880
17
50  SL 6280 2928
30  SL 6354 2901
10  WST 7747 1425
18
50  SL 6249 2921
30  SL 6403 2883
10  SL 7270 2932
19
50  WST 7150 1461
30  WST 7878 1399
10  WST 9216 1454
20
50  WST 5963 1380
30  SL 5976 2917
10  SL 7788 2925
22
50  WST 3468 1423
30  WST 4919 1405
10  WST 7531 1442
23
50  SL 1968 2876
30  SL 2090 2908
10  SL 2282 2885
24
50  SL 2070 2874
30  WST 2217 1421
10  WST 3152 1415
25
50  WST 2062 1393
30  WST 2282 1366
10  WST 2344 1379
26
50  SL 1912 2877
30  SL 2043 2899
10  WST 2282 1392
27
50  WST 4415 1391
30  SL 4425 2918
10  WST 4528 1410
28
50  SL 4029 2909
30  SL 5410 2880
10  SL 5932 2931
29
50  SL 3388 2928
30  WST 3400 1401
10  WST 3975 1387
30
50  SL 3439 2883
30  SL 4214 2932
10  WST 4352 1376
31
80  WST 3713 1461
40  WST 4152 1399
0  WST 5088 1454
32
80  SL 3410 2917
40  WST 4072 1463
0  SL 5208 2925
33
80  SL 1860 2876
40  SL 2121 2908
0  SL 2362 2885
34
80  WST 2022 1421
40  SL 2033 2874
0  WST 4708 1372
35
50  WST 1716 1393
30  WST 2115 1396
10  WST 2315 1386
36
50  SL 1757 2877
30  SL 2149 2899
10  SL 2374 2894
37
50  SL 4031 2920
30  WST 4690 1448
10  WST 4878 1375
38
50  WST 4603 1444
30  SL 4922 2909
10  SL 5777 2880
39
50  SL 3265 2928
30  SL 3427 2901
10  WST 3694 1387
40
50  SL 4456 2932
30  WST 4535 1370
10  WST 4549 1369
41
50  WST 3744 1461
30  WST 4652 1454
42
50  SL 2859 2917
30  WST 2927 1380
43
50  SL 2284 2876
30  WST 2528 1411
10  SL 2790 2885
44
50  SL 2286 2874
30  WST 3463 1421
10  WST 3545 1388
45
50  WST 2255 1445
30  WST 2335 1396
10  WST 2484 1379
46
50  SL 1938 2923
30  SL 2446 2899
10  WST 2591 1392
47
50  SL 4651 2912
30  SL 4742 2918
10  WST 4922 1409
48
50  WST 4406 1444
30  SL 6701 2931
10  SL 6857 2880
49
50  SL 3903 2901
30  SL 4117 2916
10  WST 4372 1456
50
50  SL 3447 2921
30  SL 3884 2904
10  WST 5246 1460
51
50  WST 4490 1399
52
50  WST 4178 1463
53
50  WST 18453 1763
30  SL 23862 1969
54
50  WST 8588 1752
30  SL 11727 1961
55
50  WST 16994 1755
30  SL 20788 1963
56
50  SL 15044 1965
57
50  WST 15310 1758
30  SL 15791 1966
59
50  WST 13947 1760
30  SL 15156 1967
60
50  SL 12371 1968
30  WST 14387 1761
61
50  WST 15394 1762
SCORE:WST,SL,2380,2770,-39.0
