WST-WM
1
50  WST 9560 1393
30  WST 10214 1445
10  WST 10894 1396
2
50  WM 9257 442
30  WM 10290 397
10  WST 10409 1384
3
50  WST 9201 1410
30  WM 9647 413
10  WST 9728 1391
4
50  WM 8102 420
30  WST 8631 1444
10  WM 10572 426
5
50  WM 7746 354
30  WST 7806 1401
10  WM 8813 396
6
50  WM 9098 366
30  WST 9363 1376
10  WST 9634 1370
7
50  WM 7315 362
30  WM 7745 395
10  WST 9084 1399
8
50  WM 6781 429
30  WST 6800 1380
10  WM 8122 418
9
50  WM 2723 424
30  WM 4715 386
10  WM 4725 349
10
50  WM 2822 399
30  WST 3581 1423
10  WM 3653 438
11
50  WST 1954 1411
30  WST 2237 1389
10  WM 2259 410
12
50  WST 1846 1421
30  WM 1872 422
10  WM 2007 398
13
50  WM 4088 368
30  WST 4119 1445
10  WST 4175 1366
14
50  WM 3604 344
30  WM 3605 370
10  WM 3615 442
15
50  WM 3354 413
30  WST 3622 1448
10  WM 3712 392
16
50  WM 3172 419
30  WM 3212 420
10  WST 3387 1444
17
50  WM 6889 447
30  WM 7740 444
10  WST 7747 1425
18
50  WM 6745 449
30  WM 7763 417
10  WM 7980 366
19
50  WM 6491 362
30  WM 6744 395
10  WST 7150 1461
20
50  WST 5963 1380
30  WM 6571 418
10  WM 7421 414
21
50  WM 3807 424
30  WM 4444 369
10  WM 4552 400
22
50  WST 3468 1423
30  WM 3663 399
10  WM 3854 438
23
50  WST 2557 1389
30  WST 2771 1404
10  WST 3094 1418
24
50  WST 2217 1421
30  WM 2235 422
10  WM 2456 398
25
50  WST 2062 1393
30  WST 2282 1366
10  WM 2297 368
26
50  WM 1956 357
30  WM 2032 442
10  WST 2282 1392
27
50  WST 4415 1391
30  WM 4469 421
10  WST 4528 1410
28
50  WM 3978 419
30  WM 4551 426
10  WM 6008 432
29
50  WST 3400 1401
30  WM 3591 447
10  WM 3647 354
30
50  WM 3774 449
30  WM 4159 366
10  WST 4352 1376
31
80  WM 3342 362
40  WM 3633 395
0  WST 3713 1461
32
80  WM 4063 339
40  WST 4072 1463
0  WM 4075 414
33
80  WST 2529 1411
40  WST 2560 1389
0  WST 2919 1455
34
80  WST 2022 1421
40  WM 2535 422
0  WM 3318 434
35
50  WST 1716 1393
30  WST 2115 1396
10  WM 2172 368
36
50  WM 1782 370
30  WM 1856 344
10  WM 2326 361
37
50  WM 3887 413
30  WM 4606 392
10  WST 4690 1448
38
50  WM 3441 419
30  WST 4603 1444
10  WM 5119 426
39
50  WST 3694 1387
30  WM 3809 447
10  WM 3952 428
40
50  WST 4535 1370
30  WST 4549 1369
41
50  WST 3744 1461
30  WST 4652 1454
42
50  WM 2804 429
30  WST 2927 1380
10  WM 3032 418
43
50  WST 2528 1411
30  WM 2913 410
10  WST 3299 1455
44
50  WM 3271 398
30  WM 3397 373
10  WST 3463 1421
45
50  WST 2255 1445
30  WST 2335 1396
10  WST 2484 1379
46
50  WM 2401 397
30  WM 2450 361
10  WST 2591 1392
47
50  WST 4922 1409
30  WST 5107 1402
10  WM 5535 342
48
50  WM 4140 420
30  WST 4406 1444
10  WM 5713 376
49
50  WM 3902 354
30  WM 4207 396
10  WST 4372 1456
50
50  WM 4287 449
30  WST 5246 1460
10  WST 5342 1369
51
50  WST 4490 1399
30  WM 4555 382
10  WM 5679 416
52
50  WM 3656 429
30  WM 4028 405
10  WST 4178 1463
53
50  WM 18189 1662
30  WST 18453 1763
54
50  WST 8588 1752
30  WM 11382 1658
55
50  WST 16994 1755
57
50  WST 15310 1758
59
50  WST 13947 1760
30  WM 14150 1660
60
50  WST 14387 1761
61
50  WM 14309 1661
30  WST 15394 1762
SCORE:WST,WM,2310,2940,-63.0
