WST-FR
1
50  WST 9560 1393
30  FR 9756 1771
10  WST 10214 1445
2
50  WST 10409 1384
30  FR 14198 1805
10  WST 15063 1458
3
50  FR 9077 1829
30  WST 9201 1410
10  WST 9728 1391
4
50  FR 7209 1825
30  WST 8631 1444
10  FR 10057 1800
5
50  FR 7641 1767
30  WST 7806 1401
10  WST 8877 1387
6
50  FR 8712 1781
30  FR 9324 1756
10  WST 9363 1376
7
50  FR 8011 1828
30  WST 9084 1399
10  FR 9367 1769
8
50  WST 6800 1380
30  FR 7819 1749
10  WST 8740 1463
9
50  FR 4226 1823
30  FR 5019 1798
10  FR 5146 1762
10
50  WST 3581 1423
30  WST 3746 1405
10  WST 3935 1442
11
50  WST 1954 1411
30  FR 2003 1815
10  WST 2237 1389
12
50  WST 1846 1421
30  FR 2009 1740
10  FR 2057 1770
13
50  WST 4119 1445
30  WST 4175 1366
10  WST 4283 1386
14
50  WST 3938 1384
30  WST 4257 1392
10  WST 4503 1417
15
50  FR 3487 1785
30  WST 3622 1448
10  WST 3751 1410
16
50  FR 2909 1825
30  WST 3387 1444
10  FR 3730 1826
17
50  WST 7747 1425
30  WST 7844 1456
10  FR 8153 1833
18
50  FR 7796 1831
30  FR 7883 1756
10  WST 7996 1370
19
50  FR 6978 1828
30  WST 7150 1461
10  WST 7878 1399
20
50  WST 5963 1380
30  FR 7289 1748
21
50  FR 4902 1798
30  FR 6624 1823
10  FR 7689 1755
22
50  WST 3468 1423
30  WST 4919 1405
10  FR 5597 1775
23
50  FR 2359 1815
30  WST 2557 1389
10  FR 2628 1778
24
50  WST 2217 1421
30  FR 2369 1740
10  WST 3152 1415
25
50  WST 2062 1393
30  FR 2137 1771
10  WST 2282 1366
26
50  WST 2282 1392
30  FR 2488 1837
10  WST 2797 1417
27
50  WST 4415 1391
30  FR 4456 1785
10  WST 4528 1410
28
50  FR 4469 1826
30  FR 4849 1784
10  FR 5253 1780
29
50  WST 3400 1401
30  FR 3559 1767
10  WST 3975 1387
30
50  FR 4107 1781
30  FR 4263 1831
10  WST 4352 1376
31
80  FR 3485 1765
40  WST 3713 1461
0  WST 4152 1399
32
80  FR 3537 1749
40  FR 3950 1748
0  WST 4072 1463
33
80  FR 2371 1815
40  WST 2529 1411
0  WST 2560 1389
34
80  WST 2022 1421
40  FR 2468 1740
0  FR 2562 1770
35
50  WST 1716 1393
30  FR 2038 1771
10  WST 2115 1396
36
50  WST 2963 1378
30  WST 3169 1458
10  WST 3212 1417
37
50  FR 4082 1785
30  FR 4656 1829
10  WST 4690 1448
38
50  FR 3378 1825
30  FR 4474 1784
10  WST 4603 1444
39
50  FR 3359 1767
30  WST 3694 1387
10  WST 4081 1456
40
50  FR 3883 1781
30  FR 3989 1756
10  FR 4378 1831
41
50  FR 3181 1765
30  FR 3494 1828
10  WST 3744 1461
42
50  WST 2927 1380
30  FR 3447 1749
43
50  WST 2528 1411
30  FR 3201 1778
10  WST 3299 1455
44
50  FR 2806 1770
30  WST 3463 1421
10  WST 3545 1388
45
50  WST 2255 1445
30  WST 2335 1396
10  FR 2412 1771
46
50  WST 2591 1392
30  WST 2789 1458
10  FR 2884 1794
47
50  FR 4369 1829
30  WST 4922 1409
10  WST 5107 1402
48
50  FR 3828 1825
30  WST 4406 1444
10  FR 5026 1800
49
50  FR 4196 1767
30  WST 4372 1456
10  WST 4502 1401
50
50  FR 4141 1781
30  FR 5093 1756
10  WST 5246 1460
51
50  FR 3700 1765
30  WST 4490 1399
10  FR 4614 1769
52
50  WST 4178 1463
30  FR 4293 1748
53
50  WST 18453 1763
30  FR 30704 1814
54
50  WST 8588 1752
30  FR 11241 1805
55
50  WST 16994 1755
30  FR 23538 1808
56
50  FR 25100 1809
57
50  WST 15310 1758
30  FR 15370 1811
58
50  FR 15968 1812
59
50  WST 13947 1760
60
50  WST 14387 1761
61
50  FR 12000 1813
30  WST 15394 1762
SCORE:WST,FR,2600,2770,-17.0
