WST-CVST
1
50  WST 9560 1393
30  WST 10214 1445
10  WST 10894 1396
2
50  WST 10409 1384
30  CVST 12734 2437
10  CVST 12739 2416
3
50  WST 9201 1410
30  WST 9728 1391
10  WST 10363 1448
4
50  WST 8631 1444
30  CVST 9787 2472
10  CVST 10762 2415
5
50  WST 7806 1401
30  CVST 8095 2417
10  WST 8877 1387
6
50  WST 9363 1376
30  WST 9634 1370
10  WST 10053 1460
7
50  CVST 8300 2486
30  WST 9084 1399
10  CVST 9113 2471
8
50  WST 6800 1380
30  CVST 7131 2460
10  WST 8740 1463
9
50  CVST 5503 2431
30  WST 5891 1427
10
50  WST 3581 1423
30  WST 3746 1405
10  WST 3935 1442
11
50  WST 1954 1411
30  CVST 2134 2473
10  WST 2237 1389
12
50  WST 1846 1421
30  CVST 2072 2430
10  WST 2390 1388
13
50  WST 4119 1445
30  WST 4175 1366
10  WST 4283 1386
14
50  WST 3938 1384
30  WST 4257 1392
10  CVST 4356 2416
15
50  WST 3622 1448
30  WST 3751 1410
10  WST 3823 1391
16
50  WST 3387 1444
30  CVST 3974 2415
10  CVST 3988 2483
17
50  CVST 7332 2417
30  WST 7747 1425
10  WST 7844 1456
18
50  WST 7996 1370
30  WST 8036 1460
10  WST 8139 1376
19
50  WST 7150 1461
30  CVST 7231 2447
10  CVST 7352 2486
20
50  WST 5963 1380
30  CVST 6471 2460
10  CVST 7039 2475
22
50  WST 3468 1423
30  WST 4919 1405
10  CVST 7122 2450
23
50  CVST 2512 2473
30  WST 2557 1389
10  WST 2771 1404
24
50  WST 2217 1421
30  CVST 2544 2430
10  WST 3152 1415
25
50  WST 2062 1393
30  WST 2282 1366
10  WST 2344 1379
26
50  WST 2282 1392
30  CVST 2446 2466
10  CVST 2693 2437
27
50  WST 4415 1391
30  WST 4528 1410
10  WST 4606 1375
28
50  CVST 4787 2472
30  CVST 5099 2408
10  CVST 5134 2481
29
50  WST 3400 1401
30  WST 3975 1387
10  CVST 4394 2454
30
50  WST 4352 1376
30  WST 4367 1369
10  CVST 5015 2474
31
80  WST 3713 1461
40  CVST 3768 2467
0  CVST 4033 2447
32
80  CVST 3903 2443
40  CVST 3967 2475
0  WST 4072 1463
33
80  CVST 2497 2473
40  WST 2529 1411
0  WST 2560 1389
34
80  WST 2022 1421
40  CVST 2670 2430
0  WST 4708 1372
35
50  WST 1716 1393
30  WST 2115 1396
10  WST 2315 1386
36
50  CVST 2475 2413
30  CVST 2943 2466
10  WST 2963 1378
37
50  WST 4690 1448
30  WST 4878 1375
10  WST 5105 1402
38
50  WST 4603 1444
30  CVST 5369 2472
10  CVST 5604 2415
39
50  CVST 3459 2417
30  WST 3694 1387
10  WST 4081 1456
40
50  WST 4535 1370
30  WST 4549 1369
10  CVST 4744 2480
41
50  WST 3744 1461
30  CVST 3789 2486
10  CVST 3790 2447
42
50  WST 2927 1380
30  CVST 4069 2475
10  CVST 4834 2407
43
50  WST 2528 1411
30  CVST 3090 2433
10  CVST 3214 2414
44
50  CVST 3410 2429
30  WST 3463 1421
10  WST 3545 1388
45
50  WST 2255 1445
30  WST 2335 1396
10  WST 2484 1379
46
50  CVST 2589 2437
30  WST 2591 1392
10  CVST 2769 2416
47
50  WST 4922 1409
30  WST 5107 1402
10  CVST 5630 2459
48
50  WST 4406 1444
30  CVST 5286 2408
10  CVST 6513 2481
49
50  WST 4372 1456
30  CVST 4415 2417
10  WST 4502 1401
50
50  CVST 4978 2480
30  WST 5246 1460
10  WST 5342 1369
51
50  WST 4490 1399
30  CVST 4631 2471
10  CVST 5069 2456
52
50  CVST 3446 2460
30  WST 4178 1463
10  CVST 5103 2443
53
50  WST 18453 1763
54
50  WST 8588 1752
30  CVST 9359 1890
55
50  WST 16994 1755
30  CVST 19053 1892
56
50  CVST 18637 1894
57
50  WST 15310 1758
30  CVST 17503 1896
58
50  CVST 17620 1898
59
50  WST 13947 1760
30  CVST 17112 1900
60
50  WST 14387 1761
30  CVST 15547 1901
61
50  CVST 12697 1902
30  WST 15394 1762
SCORE:WST,CVST,3380,1950,143.0
