WST-ROR
1
50  WST 9560 1393
30  ROR 9794 13
10  WST 10214 1445
2
50  ROR 10266 6
30  WST 10409 1384
10  WST 15063 1458
3
50  ROR 7756 33
30  ROR 8009 14
10  WST 9201 1410
4
50  ROR 7966 7
30  WST 8631 1444
10  ROR 9978 43
5
50  ROR 7441 10
30  WST 7806 1401
10  WST 8877 1387
6
50  ROR 7169 27
30  ROR 8022 64
10  WST 9363 1376
7
50  ROR 7410 35
30  WST 9084 1399
10  ROR 9194 23
8
50  ROR 6656 68
30  WST 6800 1380
10  WST 8740 1463
9
50  ROR 2537 63
30  ROR 3150 31
10  WST 5891 1427
10
50  ROR 3291 67
30  WST 3581 1423
10  WST 3746 1405
11
50  WST 1954 1411
30  ROR 1994 48
10  WST 2237 1389
12
50  WST 1846 1421
30  ROR 2081 32
10  ROR 2137 5
13
50  ROR 3966 15
30  ROR 3968 56
10  ROR 3978 13
14
50  WST 3938 1384
30  WST 4257 1392
10  ROR 4316 20
15
50  WST 3622 1448
30  WST 3751 1410
10  WST 3823 1391
16
50  ROR 3175 36
30  WST 3387 1444
10  ROR 4041 59
17
50  ROR 6372 47
30  ROR 7128 57
10  WST 7747 1425
18
50  ROR 6254 28
30  ROR 6944 64
10  WST 7996 1370
19
50  ROR 6487 35
30  WST 7150 1461
10  ROR 7791 24
20
50  ROR 5890 68
30  WST 5963 1380
21
50  ROR 2909 63
22
50  WST 3468 1423
30  ROR 3997 67
10  WST 4919 1405
23
50  WST 2557 1389
30  WST 2771 1404
10  ROR 2778 21
24
50  WST 2217 1421
30  ROR 2470 5
10  ROR 2659 49
25
50  ROR 2044 56
30  WST 2062 1393
10  ROR 2278 15
26
50  ROR 2088 26
30  WST 2282 1392
10  ROR 2765 12
27
50  ROR 3778 16
30  WST 4415 1391
10  WST 4528 1410
28
50  ROR 3850 36
30  ROR 4956 59
10  WST 6243 1412
29
50  WST 3400 1401
30  ROR 3806 57
10  WST 3975 1387
30
50  ROR 3847 25
30  WST 4352 1376
10  WST 4367 1369
31
80  ROR 3550 35
40  WST 3713 1461
0  ROR 3828 24
32
80  WST 4072 1463
33
80  ROR 2116 34
40  WST 2529 1411
0  WST 2560 1389
34
80  WST 2022 1421
40  ROR 2250 38
0  ROR 2288 5
35
50  WST 1716 1393
30  ROR 1889 61
10  WST 2115 1396
36
50  ROR 1883 6
30  ROR 2194 26
10  ROR 2291 17
37
50  ROR 3327 33
30  ROR 3482 14
10  WST 4690 1448
38
50  ROR 3441 7
30  WST 4603 1444
10  ROR 5214 44
39
50  ROR 3241 10
30  ROR 3500 18
10  ROR 3513 57
40
50  ROR 3207 28
30  ROR 3788 25
10  WST 4535 1370
41
50  ROR 3589 23
30  ROR 3606 24
10  WST 3744 1461
42
50  WST 2927 1380
43
50  WST 2528 1411
30  ROR 2875 34
10  WST 3299 1455
44
50  ROR 2753 38
30  ROR 3152 55
10  ROR 3333 32
45
50  WST 2255 1445
30  ROR 2326 61
10  WST 2335 1396
46
50  WST 2591 1392
30  ROR 2672 20
10  WST 2789 1458
47
50  WST 4922 1409
30  ROR 5050 16
10  WST 5107 1402
48
50  WST 4406 1444
30  ROR 5233 43
10  ROR 5885 41
49
50  ROR 3527 47
30  WST 4372 1456
10  ROR 4453 22
50
50  ROR 3632 27
30  WST 5246 1460
10  WST 5342 1369
51
50  WST 4490 1399
30  ROR 5203 23
52
50  ROR 3534 68
30  WST 4178 1463
53
50  WST 18453 1763
54
50  WST 8588 1752
30  ROR 9445 1624
55
50  WST 16994 1755
30  ROR 18003 1627
56
50  ROR 16518 1628
57
50  ROR 13885 1629
30  WST 15310 1758
58
50  ROR 14409 1630
59
50  ROR 12591 1631
30  WST 13947 1760
60
50  ROR 12175 1632
30  WST 14387 1761
61
50  WST 15394 1762
SCORE:WST,ROR,2240,3010,-77.0
