WST-WRC
1
50  WST 9560 1393
30  WST 10214 1445
10  WRC 10759 2171
2
50  WRC 10377 2161
30  WST 10409 1384
10  WRC 13057 2144
3
50  WRC 8371 2156
30  WST 9201 1410
10  WRC 9470 2151
4
50  WST 8631 1444
30  WRC 10200 2180
10  WRC 10965 2188
5
50  WST 7806 1401
30  WRC 8003 2147
10  WST 8877 1387
6
50  WRC 7619 2174
30  WST 9363 1376
10  WST 9634 1370
7
50  WRC 8182 2146
30  WRC 8594 2169
10  WST 9084 1399
8
50  WST 6800 1380
30  WRC 7292 2182
10  WRC 7447 2177
9
50  WRC 3100 2162
30  WST 5891 1427
10
50  WST 3581 1423
30  WRC 3732 2165
10  WST 3746 1405
11
50  WRC 1881 2176
30  WST 1954 1411
10  WRC 1968 2196
12
50  WST 1846 1421
30  WRC 2313 2150
10  WST 2390 1388
13
50  WRC 3889 2175
30  WST 4119 1445
10  WST 4175 1366
14
50  WST 3938 1384
30  WST 4257 1392
10  WRC 4383 2191
15
50  WRC 3553 2167
30  WST 3622 1448
10  WRC 3638 2151
16
50  WST 3387 1444
30  WRC 4440 2188
10  WST 4944 1412
17
50  WRC 6896 2147
30  WRC 7375 2153
10  WRC 7397 2178
18
50  WRC 6674 2174
30  WRC 7522 2189
10  WST 7996 1370
19
50  WRC 6727 2145
30  WRC 7127 2146
10  WST 7150 1461
20
50  WST 5963 1380
30  WRC 6001 2181
10  WRC 6272 2182
21
50  WRC 3722 2162
22
50  WST 3468 1423
30  WRC 4550 2165
10  WST 4919 1405
23
50  WRC 2194 2196
30  WST 2557 1389
10  WST 2771 1404
24
50  WST 2217 1421
30  WST 3152 1415
10  WST 3157 1388
25
50  WST 2062 1393
30  WRC 2256 2171
10  WST 2282 1366
26
50  WRC 2103 2161
30  WST 2282 1392
10  WRC 2347 2191
27
50  WRC 4144 2151
30  WRC 4376 2167
10  WST 4415 1391
28
50  WRC 5894 2188
30  WST 6243 1412
10  WST 7391 1453
29
50  WST 3400 1401
30  WRC 3476 2178
10  WST 3975 1387
30
50  WRC 3546 2174
30  WRC 4187 2189
10  WST 4352 1376
31
80  WST 3713 1461
40  WRC 3850 2146
0  WST 4152 1399
32
80  WRC 3201 2181
40  WRC 3499 2177
0  WRC 3783 2193
33
80  WRC 2358 2196
40  WRC 2458 2176
0  WST 2529 1411
34
80  WST 2022 1421
40  WST 4708 1372
0  WST 4744 1408
35
50  WST 1716 1393
30  WRC 1814 2175
10  WST 2115 1396
36
50  WRC 2018 2161
30  WRC 2403 2191
10  WST 2963 1378
37
50  WRC 3987 2156
30  WRC 4400 2167
10  WST 4690 1448
38
50  WST 4603 1444
30  WST 6015 1412
39
50  WRC 3559 2178
30  WRC 3650 2153
10  WST 3694 1387
40
50  WRC 3512 2174
30  WRC 4271 2189
10  WST 4535 1370
41
50  WRC 3456 2145
30  WRC 3719 2169
10  WST 3744 1461
42
50  WST 2927 1380
30  WRC 3052 2182
10  WRC 3094 2181
43
50  WST 2528 1411
30  WRC 2683 2176
10  WRC 3264 2184
44
50  WST 3463 1421
30  WST 3545 1388
45
50  WST 2255 1445
30  WST 2335 1396
10  WST 2484 1379
46
50  WRC 2445 2161
30  WRC 2487 2191
10  WST 2591 1392
47
50  WRC 4069 2156
30  WST 4922 1409
10  WST 5107 1402
48
50  WST 4406 1444
30  WRC 4896 2188
10  WST 7495 1453
49
50  WRC 4226 2147
30  WST 4372 1456
10  WST 4502 1401
50
50  WRC 4032 2189
30  WST 5246 1460
10  WST 5342 1369
51
50  WRC 3802 2145
30  WST 4490 1399
10  WRC 4565 2169
52
50  WRC 3662 2177
30  WRC 3976 2173
10  WRC 4022 2170
53
50  WST 18453 1763
54
50  WST 8588 1752
30  WRC 9339 1855
55
50  WST 16994 1755
30  WRC 20388 1858
57
50  WRC 14518 1859
30  WST 15310 1758
59
50  WRC 13206 1860
30  WST 13947 1760
60
50  WST 14387 1761
61
50  WRC 13246 1861
30  WST 15394 1762
SCORE:WST,WRC,2380,2850,-47.0
