WST-SD
1
50  WST 9560 1393
30  WST 10214 1445
10  SD 10430 3496
2
50  WST 10409 1384
30  SD 13250 3516
10  SD 13371 3510
3
50  SD 9045 3497
30  WST 9201 1410
10  WST 9728 1391
4
50  WST 8631 1444
30  SD 10282 3500
10  SD 12127 3483
5
50  WST 7806 1401
30  WST 8877 1387
10  WST 9115 1456
6
50  SD 7475 3498
30  WST 9363 1376
10  SD 9590 3480
7
50  WST 9084 1399
30  SD 9537 3481
8
50  WST 6800 1380
30  SD 8732 3501
10  WST 8740 1463
9
50  SD 3290 3514
30  SD 3633 3515
10  SD 4007 3491
10
50  SD 2538 3513
30  SD 3182 3519
10  SD 3209 3512
11
50  WST 1954 1411
30  WST 2237 1389
10  WST 2277 1455
12
50  WST 1846 1421
30  SD 1883 3478
10  SD 2227 3499
13
50  WST 4119 1445
30  WST 4175 1366
10  WST 4283 1386
14
50  WST 3938 1384
30  WST 4257 1392
10  WST 4503 1417
15
50  WST 3622 1448
30  WST 3751 1410
10  WST 3823 1391
16
50  WST 3387 1444
30  SD 4600 3483
10  WST 4944 1412
17
50  WST 7747 1425
30  WST 7844 1456
10  WST 8190 1436
18
50  SD 6208 3498
30  WST 7996 1370
10  WST 8036 1460
19
50  WST 7150 1461
30  WST 7878 1399
10  WST 9216 1454
20
50  WST 5963 1380
30  SD 8545 3495
21
50  SD 3746 3506
30  SD 3990 3515
10  SD 4595 3491
22
50  SD 3064 3513
30  WST 3468 1423
10  SD 3569 3519
23
50  WST 2557 1389
30  WST 2771 1404
10  WST 3094 1418
24
50  WST 2217 1421
30  SD 2452 3478
10  SD 2613 3499
25
50  WST 2062 1393
30  SD 2087 3496
10  WST 2282 1366
26
50  WST 2282 1392
30  SD 2570 3503
10  SD 2651 3510
27
50  SD 4000 3497
30  WST 4415 1391
10  WST 4528 1410
28
50  SD 4532 3500
30  SD 5972 3483
10  WST 6243 1412
29
50  WST 3400 1401
30  WST 3975 1387
10  SD 4327 3521
30
50  WST 4352 1376
30  WST 4367 1369
10  SD 4615 3480
31
80  WST 3713 1461
40  WST 4152 1399
0  SD 4613 3481
32
80  WST 4072 1463
40  SD 4585 3501
0  SD 5383 3495
33
80  WST 2529 1411
40  WST 2560 1389
0  WST 2919 1455
34
80  WST 2022 1421
40  SD 2528 3478
0  SD 2935 3499
35
50  WST 1716 1393
30  SD 2064 3496
10  WST 2115 1396
36
50  SD 2477 3516
30  WST 2963 1378
10  WST 3169 1458
37
50  SD 4327 3497
30  WST 4690 1448
10  WST 4878 1375
38
50  WST 4603 1444
30  SD 5521 3500
10  WST 6015 1412
39
50  WST 3694 1387
30  WST 4081 1456
10  WST 4397 1420
40
50  SD 4488 3480
30  WST 4535 1370
10  WST 4549 1369
41
50  WST 3744 1461
30  SD 4363 3481
10  WST 4652 1454
42
50  WST 2927 1380
30  SD 3970 3501
43
50  WST 2528 1411
30  WST 3299 1455
10  WST 4266 1389
44
50  SD 2788 3478
30  SD 3101 3499
10  WST 3463 1421
45
50  WST 2255 1445
30  WST 2335 1396
10  WST 2484 1379
46
50  WST 2591 1392
30  WST 2789 1458
10  SD 3234 3510
47
50  SD 4700 3497
30  WST 4922 1409
10  WST 5107 1402
48
50  WST 4406 1444
30  SD 5057 3500
10  SD 6591 3483
49
50  WST 4372 1456
30  WST 4502 1401
10  SD 4806 3487
50
50  WST 5246 1460
30  SD 5284 3480
10  WST 5342 1369
51
50  WST 4490 1399
30  SD 5034 3481
52
50  SD 4000 3501
30  WST 4178 1463
10  SD 4808 3495
53
50  SD 15585 2067
30  WST 18453 1763
54
50  WST 8588 1752
30  SD 12488 2064
55
50  WST 16994 1755
30  SD 21624 2065
56
50  SD 19897 2066
57
50  WST 15310 1758
59
50  WST 13947 1760
60
50  WST 14387 1761
61
50  WST 15394 1762
SCORE:WST,SD,3430,1820,161.0
