WST-FV
1
50  WST 9560 1393
30  FV 10025 3349
10  WST 10214 1445
2
50  WST 10409 1384
30  FV 10634 3383
10  WST 15063 1458
3
50  FV 8790 3380
30  WST 9201 1410
10  FV 9695 3377
4
50  WST 8631 1444
30  FV 11027 3350
10  FV 11813 3356
5
50  WST 7806 1401
30  FV 8295 3351
10  WST 8877 1387
6
50  WST 9363 1376
30  WST 9634 1370
10  WST 10053 1460
7
50  WST 9084 1399
30  FV 10543 3373
8
50  WST 6800 1380
30  FV 7139 3384
10  FV 7577 3364
9
50  FV 3222 3343
30  WST 5891 1427
10  FV 11425 3361
10
50  FV 3344 3360
30  WST 3581 1423
10  WST 3746 1405
11
50  WST 1954 1411
30  FV 2181 3382
10  FV 2232 3344
12
50  WST 1846 1421
30  FV 2238 3368
10  WST 2390 1388
13
50  WST 4119 1445
30  WST 4175 1366
10  WST 4283 1386
14
50  WST 3938 1384
30  WST 4257 1392
10  WST 4503 1417
15
50  FV 3525 3380
30  WST 3622 1448
10  WST 3751 1410
16
50  WST 3387 1444
30  FV 3762 3359
10  FV 3785 3379
17
50  FV 7303 3351
30  FV 7582 3352
10  WST 7747 1425
18
50  WST 7996 1370
30  WST 8036 1460
10  WST 8139 1376
19
50  WST 7150 1461
30  WST 7878 1399
10  FV 8631 3373
20
50  WST 5963 1380
30  FV 6359 3384
10  FV 6653 3355
21
50  FV 3926 3343
22
50  WST 3468 1423
30  WST 4919 1405
10  FV 5770 3360
23
50  WST 2557 1389
30  FV 2641 3344
10  FV 2675 3382
24
50  WST 2217 1421
30  WST 3152 1415
10  WST 3157 1388
25
50  WST 2062 1393
30  FV 2089 3349
10  WST 2282 1366
26
50  WST 2282 1392
30  FV 2464 3369
10  WST 2797 1417
27
50  FV 4028 3380
30  WST 4415 1391
10  WST 4528 1410
28
50  FV 4766 3359
30  FV 5353 3379
10  FV 5591 3356
29
50  WST 3400 1401
30  FV 3738 3351
10  WST 3975 1387
30
50  WST 4352 1376
30  WST 4367 1369
10  FV 5003 3367
31
80  WST 3713 1461
40  WST 4152 1399
0  WST 5088 1454
32
80  FV 3475 3364
40  FV 3512 3384
0  FV 3645 3355
33
80  WST 2529 1411
40  WST 2560 1389
0  WST 2919 1455
34
80  WST 2022 1421
40  FV 3213 3368
0  WST 4708 1372
35
50  WST 1716 1393
30  FV 1908 3349
10  WST 2115 1396
36
50  FV 2340 3383
30  WST 2963 1378
10  FV 3039 3372
37
50  FV 4444 3380
30  FV 4509 3362
10  WST 4690 1448
38
50  WST 4603 1444
30  FV 5006 3359
10  WST 6015 1412
39
50  FV 3577 3351
30  WST 3694 1387
10  FV 3887 3352
40
50  WST 4535 1370
30  WST 4549 1369
10  FV 5819 3367
41
50  WST 3744 1461
30  WST 4652 1454
10  FV 4947 3373
42
50  WST 2927 1380
30  FV 3234 3384
10  FV 3381 3358
43
50  WST 2528 1411
30  WST 3299 1455
10  FV 3579 3382
44
50  WST 3463 1421
30  WST 3545 1388
10  FV 3925 3368
45
50  WST 2255 1445
30  WST 2335 1396
10  WST 2484 1379
46
50  WST 2591 1392
30  FV 2665 3383
10  WST 2789 1458
47
50  WST 4922 1409
30  WST 5107 1402
10  FV 5371 3377
48
50  WST 4406 1444
30  FV 5718 3350
10  FV 5747 3356
49
50  FV 4203 3352
30  WST 4372 1456
10  WST 4502 1401
50
50  FV 5175 3367
30  WST 5246 1460
10  WST 5342 1369
51
50  WST 4490 1399
52
50  WST 4178 1463
30  FV 4388 3355
10  FV 4463 3364
53
50  WST 18453 1763
54
50  WST 8588 1752
30  FV 11293 2015
55
50  WST 16994 1755
30  FV 20352 2016
56
50  FV 19896 2017
57
50  WST 15310 1758
30  FV 17397 2018
58
50  FV 17403 2019
59
50  WST 13947 1760
30  FV 16759 2020
60
50  WST 14387 1761
61
50  WST 15394 1762
SCORE:WST,FV,3340,1940,140.0
