WV-AND
1
50  WV 9634 3126
30  AND 9931 1090
10  AND 10053 1040
2
50  WV 9582 3183
30  WV 10834 3137
10  WV 12243 3138
3
50  AND 8533 1041
30  WV 8547 3175
10  AND 9628 1059
4
50  AND 8178 1089
30  AND 8422 1120
10  WV 9062 3187
5
50  AND 7363 1095
30  WV 8203 3127
10  AND 9390 1124
6
50  WV 8053 3169
30  AND 8681 1127
10  AND 8847 1045
7
50  WV 7778 3180
30  AND 7909 1094
10  WV 8888 3143
8
50  AND 8629 1101
30  WV 8844 3162
10  WV 9831 3172
9
50  WV 2925 3155
30  AND 4037 1072
10  AND 4153 1046
10
50  AND 3468 1139
30  WV 4763 3145
10  AND 4798 1146
11
50  WV 1953 3125
30  AND 2150 1034
10  AND 2224 1105
12
50  WV 2122 3186
30  WV 2162 3157
10  WV 2363 3171
13
50  WV 3669 3126
30  AND 3820 1054
10  AND 3843 1107
14
50  WV 3866 3137
30  WV 4043 3183
10  AND 4141 1080
15
50  WV 3300 3175
30  AND 3380 1122
10  AND 3537 1059
16
50  AND 3513 1079
30  AND 3896 1053
10  AND 4127 1050
17
50  AND 6284 1121
30  AND 6286 1095
10  AND 7659 1161
18
50  WV 7144 3169
30  AND 7423 1127
10  AND 8120 1100
19
50  WV 6813 3180
30  AND 7168 1108
10  AND 7177 1137
20
50  AND 5943 1125
30  AND 7119 1116
10  AND 7226 1118
21
50  WV 4028 3155
30  AND 4686 1072
10  AND 4868 1174
22
50  AND 4911 1139
30  AND 4974 1143
10  WV 5456 3161
23
50  WV 2531 3125
30  AND 2751 1034
10  WV 3012 3184
24
50  AND 2843 1066
30  WV 2869 3157
10  WV 3056 3136
25
50  AND 2055 1044
30  AND 2282 1171
10  AND 2349 1073
26
50  WV 2374 3128
30  WV 2384 3137
10  WV 2531 3135
27
50  AND 3713 1122
30  WV 3719 3175
10  AND 4077 1041
28
50  AND 3865 1120
30  AND 4801 1053
10  WV 7090 3150
29
50  AND 3901 1068
30  WV 3922 3127
10  AND 4043 1124
30
50  AND 4322 1127
30  AND 4348 1100
10  AND 4675 1081
31
80  AND 3907 1108
40  AND 4229 1113
0  WV 4296 3143
32
80  AND 3183 1125
40  AND 3636 1118
0  WV 4203 3178
33
80  WV 2975 3179
40  AND 3553 1105
0  WV 4516 3160
34
80  WV 3246 3157
40  WV 3944 3148
0  WV 3975 3168
35
50  AND 1935 1090
30  AND 1953 1040
10  WV 2047 3126
36
50  WV 2003 3183
30  AND 2289 1035
10  WV 2541 3135
37
50  AND 3932 1122
30  AND 3956 1059
10  WV 5409 3151
38
50  AND 3591 1089
30  AND 3613 1120
10  WV 5762 3153
39
50  AND 3193 1121
30  AND 3229 1095
10  WV 3641 3127
40
50  WV 3619 3169
30  AND 3823 1045
10  AND 4450 1100
41
50  AND 3548 1137
30  WV 4306 3163
10  AND 4334 1162
42
50  WV 3808 3162
30  WV 4391 3134
43
50  WV 3034 3125
30  AND 3225 1034
10  WV 3416 3184
44
50  WV 2947 3186
30  WV 4212 3168
45
50  AND 2051 1044
30  WV 2325 3173
10  WV 2512 3154
46
50  AND 2599 1077
30  WV 2850 3138
10  AND 3350 1134
47
50  AND 4259 1041
30  WV 4675 3175
10  WV 5353 3151
48
50  AND 4420 1089
30  AND 5038 1079
10  WV 5571 3153
49
50  AND 4009 1121
30  WV 4422 3127
10  AND 4613 1124
50
50  WV 4337 3169
30  AND 4404 1081
10  AND 4473 1045
51
50  AND 4211 1094
30  WV 4218 3180
10  AND 4288 1108
52
50  WV 4388 3178
30  AND 4413 1101
10  WV 4837 3134
53
50  WV 28353 1996
54
50  WV 9372 1991
30  AND 11193 1724
55
50  AND 16214 1726
30  WV 16756 1993
56
50  WV 16555 1994
30  AND 19643 1728
57
50  AND 20541 1729
59
50  AND 14394 1731
61
50  AND 12242 1732
30  WV 13737 1995
SCORE:WV,AND,2280,2970,-69.0
