WV-ALT
1
50  WV 9634 3126
30  WV 10830 3164
10  WV 10963 3154
2
50  WV 9582 3183
30  WV 10834 3137
10  WV 12243 3138
3
50  WV 8547 3175
30  WV 12135 3159
4
50  WV 9062 3187
30  WV 10928 3153
5
50  WV 8203 3127
30  WV 9550 3188
10  WV 10028 3174
6
50  WV 8053 3169
7
50  WV 7778 3180
30  WV 8888 3143
10  WV 9674 3142
8
50  WV 8844 3162
30  WV 9831 3172
9
50  WV 2925 3155
30  WV 4315 3166
10  WV 7619 3156
10
50  WV 4763 3145
30  WV 10260 3149
10  WV 12916 3161
11
50  WV 1953 3125
30  WV 2356 3184
10  WV 2358 3179
12
50  WV 2122 3186
30  WV 2162 3157
10  WV 2363 3171
13
50  WV 3669 3126
30  WV 4250 3154
10  WV 4362 3173
14
50  WV 3866 3137
30  WV 4043 3183
10  WV 4197 3128
15
50  WV 3300 3175
30  WV 4409 3151
10  WV 4619 3159
16
50  WV 4490 3153
17
50  WV 8916 3188
30  WV 9272 3174
10  WV 9353 3133
18
50  WV 7144 3169
19
50  WV 6813 3180
30  WV 8390 3142
10  WV 8453 3144
20
50  WV 7485 3178
30  WV 7778 3162
10  WV 8138 3172
21
50  WV 4028 3155
30  WV 4987 3166
10  WV 6575 3156
22
50  WV 5456 3161
30  WV 9569 3145
10  WV 16103 3149
23
50  WV 2531 3125
30  WV 3012 3184
10  WV 3021 3179
24
50  WV 2869 3157
30  WV 3056 3136
10  WV 3065 3186
25
50  WV 2540 3173
30  WV 2931 3139
10  WV 3169 3189
26
50  WV 2374 3128
30  WV 2384 3137
10  WV 2531 3135
27
50  WV 3719 3175
30  WV 5863 3151
28
50  WV 7090 3150
29
50  WV 3922 3127
30  WV 5481 3133
31
80  WV 4296 3143
40  WV 4431 3144
0  WV 4956 3163
32
80  WV 4203 3178
40  WV 4375 3134
0  WV 4941 3172
33
80  WV 2975 3179
40  WV 4516 3160
0  WV 6890 3185
34
80  WV 3246 3157
40  WV 3944 3148
0  WV 3975 3168
35
50  WV 2047 3126
30  WV 2066 3164
10  WV 2906 3167
36
50  WV 2003 3183
30  WV 2541 3135
10  WV 2578 3128
37
50  WV 5409 3151
30  WV 5656 3159
38
50  WV 5762 3153
39
50  WV 3641 3127
30  WV 4318 3188
10  WV 4556 3174
40
50  WV 3619 3169
41
50  WV 4306 3163
30  WV 4394 3144
42
50  WV 3808 3162
30  WV 4391 3134
43
50  WV 3034 3125
30  WV 3416 3184
10  WV 5222 3185
44
50  WV 2947 3186
30  WV 4212 3168
45
50  WV 2325 3173
30  WV 2512 3154
10  WV 3162 3189
46
50  WV 2850 3138
30  WV 3583 3135
47
50  WV 4675 3175
30  WV 5353 3151
10  WV 5537 3159
48
50  WV 5571 3153
30  WV 8066 3150
49
50  WV 4422 3127
30  WV 4728 3188
10  WV 4981 3174
50
50  WV 4337 3169
51
50  WV 4218 3180
30  WV 4663 3143
10  WV 5228 3142
52
50  WV 4388 3178
30  WV 4837 3134
10  WV 5015 3172
53
50  WV 28353 1996
54
50  WV 9372 1991
55
50  WV 16756 1993
56
50  WV 16555 1994
61
50  WV 13737 1995
SCORE:WV,ALT,4570,0,457.0
