WV-BJCCS
1
50  WV 9634 3126
30  WV 10830 3164
10  WV 10963 3154
2
50  BJCCS 7311 1954
30  WV 9582 3183
10  BJCCS 9619 1983
3
50  WV 8547 3175
30  BJCCS 9831 1977
10  WV 12135 3159
4
50  BJCCS 8868 1970
30  BJCCS 8910 1964
10  WV 9062 3187
5
50  BJCCS 7494 1958
30  WV 8203 3127
10  BJCCS 9193 1972
6
50  BJCCS 7580 1985
30  WV 8053 3169
10  BJCCS 8634 1960
7
50  BJCCS 7577 1975
30  WV 7778 3180
10  BJCCS 8144 1986
8
50  BJCCS 6444 1974
30  BJCCS 6544 1984
10  BJCCS 7982 1962
9
50  BJCCS 2399 1956
30  WV 2925 3155
10  BJCCS 3603 1978
10
50  WV 4763 3145
30  WV 10260 3149
10  WV 12916 3161
11
50  WV 1953 3125
30  BJCCS 2100 1973
10  WV 2356 3184
12
50  BJCCS 1892 1955
30  BJCCS 2070 1981
10  WV 2122 3186
13
50  WV 3669 3126
30  WV 4250 3154
10  WV 4362 3173
14
50  BJCCS 2934 1954
30  WV 3866 3137
10  WV 4043 3183
15
50  WV 3300 3175
30  BJCCS 4347 1976
10  WV 4409 3151
16
50  BJCCS 3568 1964
30  BJCCS 3666 1970
10  BJCCS 4350 1987
17
50  BJCCS 7103 1958
30  BJCCS 7806 1972
10  WV 8916 3188
18
50  BJCCS 6120 1966
30  WV 7144 3169
10  BJCCS 7762 1960
19
50  BJCCS 6706 1975
30  WV 6813 3180
10  BJCCS 7454 1986
20
50  BJCCS 5725 1974
30  BJCCS 6940 1962
10  BJCCS 7134 1982
21
50  BJCCS 2962 1956
30  BJCCS 3903 1989
10  WV 4028 3155
22
50  WV 5456 3161
30  WV 9569 3145
10  WV 16103 3149
23
50  WV 2531 3125
30  BJCCS 2553 1973
10  BJCCS 3003 1957
24
50  BJCCS 2342 1955
30  BJCCS 2669 1981
10  WV 2869 3157
25
50  WV 2540 3173
30  WV 2931 3139
10  WV 3169 3189
26
50  BJCCS 2019 1983
30  BJCCS 2356 1988
10  WV 2374 3128
27
50  WV 3719 3175
30  BJCCS 5075 1977
10  BJCCS 5514 1976
28
50  BJCCS 4400 1970
30  BJCCS 5672 1987
10  WV 7090 3150
29
50  BJCCS 3747 1958
30  WV 3922 3127
10  BJCCS 4150 1972
30
50  BJCCS 3247 1966
30  BJCCS 3419 1985
10  BJCCS 4946 1980
31
80  BJCCS 3610 1986
40  WV 4296 3143
0  WV 4431 3144
32
80  BJCCS 2989 1984
40  BJCCS 3687 1962
0  WV 4203 3178
33
80  BJCCS 2559 1973
40  WV 2975 3179
0  BJCCS 3103 1956
34
80  BJCCS 2165 1981
40  WV 3246 3157
0  WV 3944 3148
35
50  WV 2047 3126
30  WV 2066 3164
10  WV 2906 3167
36
50  BJCCS 1770 1983
30  WV 2003 3183
10  BJCCS 2356 1988
37
50  BJCCS 4916 1977
30  BJCCS 5334 1976
10  WV 5409 3151
38
50  BJCCS 4031 1970
30  BJCCS 4178 1964
10  BJCCS 4825 1987
39
50  WV 3641 3127
30  BJCCS 4225 1972
10  WV 4318 3188
40
50  BJCCS 3145 1966
30  WV 3619 3169
10  BJCCS 4636 1980
41
50  WV 4306 3163
30  WV 4394 3144
42
50  BJCCS 3000 1974
30  BJCCS 3739 1962
10  WV 3808 3162
43
50  WV 3034 3125
30  WV 3416 3184
10  BJCCS 4025 1957
44
50  WV 2947 3186
30  BJCCS 3022 1955
10  WV 4212 3168
45
50  WV 2325 3173
30  WV 2512 3154
10  WV 3162 3189
46
50  BJCCS 1744 1954
30  WV 2850 3138
10  BJCCS 3508 1953
47
50  WV 4675 3175
30  WV 5353 3151
10  BJCCS 5529 1977
48
50  BJCCS 4834 1964
30  WV 5571 3153
10  BJCCS 5853 1987
49
50  BJCCS 3875 1958
30  WV 4422 3127
10  WV 4728 3188
50
50  BJCCS 4163 1985
30  WV 4337 3169
10  BJCCS 4372 1960
51
50  WV 4218 3180
30  WV 4663 3143
10  WV 5228 3142
52
50  BJCCS 3897 1984
30  BJCCS 4203 1982
10  WV 4388 3178
53
50  WV 28353 1996
54
50  BJCCS 9233 1830
30  WV 9372 1991
55
50  WV 16756 1993
56
50  BJCCS 15437 1831
30  WV 16555 1994
60
50  BJCCS 12532 1832
61
50  BJCCS 12031 1833
30  WV 13737 1995
SCORE:WV,BJCCS,2240,2940,-70.0
