WV-CR
1
50  WV 9634 3126
30  WV 10830 3164
10  WV 10963 3154
2
50  WV 9582 3183
30  WV 10834 3137
10  WV 12243 3138
3
50  WV 8547 3175
30  CR 9232 3319
10  WV 12135 3159
4
50  CR 8600 3475
30  WV 9062 3187
10  CR 10240 3470
5
50  WV 8203 3127
30  CR 8527 3299
10  WV 9550 3188
6
50  WV 8053 3169
7
50  WV 7778 3180
30  WV 8888 3143
10  CR 9051 3476
8
50  CR 6896 3314
30  CR 7457 3298
10  WV 8844 3162
9
50  WV 2925 3155
30  CR 2966 3340
10  CR 2986 3297
10
50  CR 3769 3292
30  CR 4727 3291
10  WV 4763 3145
11
50  WV 1953 3125
30  WV 2356 3184
10  WV 2358 3179
12
50  WV 2122 3186
30  WV 2162 3157
10  CR 2227 3313
13
50  WV 3669 3126
30  WV 4250 3154
10  WV 4362 3173
14
50  WV 3866 3137
30  WV 4043 3183
10  WV 4197 3128
15
50  WV 3300 3175
30  CR 3501 3319
10  WV 4409 3151
16
50  CR 3247 3475
30  CR 3667 3315
10  CR 3858 3470
17
50  CR 7574 3299
30  WV 8916 3188
10  WV 9272 3174
18
50  WV 7144 3169
19
50  WV 6813 3180
30  CR 8297 3476
10  WV 8390 3142
20
50  CR 6211 3314
30  CR 6259 3298
10  WV 7485 3178
21
50  CR 3135 3340
30  CR 3330 3342
10  CR 3584 3297
22
50  WV 5456 3161
30  WV 9569 3145
10  WV 16103 3149
23
50  WV 2531 3125
30  CR 2932 3302
10  WV 3012 3184
24
50  WV 2869 3157
30  CR 2928 3313
10  WV 3056 3136
25
50  CR 2378 3334
30  WV 2540 3173
10  CR 2545 3321
26
50  WV 2374 3128
30  WV 2384 3137
10  WV 2531 3135
27
50  WV 3719 3175
30  CR 4382 3319
10  WV 5863 3151
28
50  CR 3958 3475
30  CR 4915 3315
10  CR 5541 3294
29
50  WV 3922 3127
30  CR 3934 3299
10  CR 4923 3305
31
80  CR 4231 3476
40  WV 4296 3143
0  WV 4431 3144
32
80  CR 3125 3314
40  WV 4203 3178
0  WV 4375 3134
33
80  WV 2975 3179
40  CR 3483 3332
0  WV 4516 3160
34
80  CR 3214 3313
40  WV 3246 3157
0  WV 3944 3148
35
50  WV 2047 3126
30  WV 2066 3164
10  CR 2349 3321
36
50  WV 2003 3183
30  WV 2541 3135
10  WV 2578 3128
37
50  WV 5409 3151
30  WV 5656 3159
38
50  CR 3709 3475
30  CR 4460 3470
10  CR 5271 3315
39
50  WV 3641 3127
30  CR 4012 3299
10  WV 4318 3188
40
50  WV 3619 3169
41
50  CR 3916 3476
30  WV 4306 3163
10  WV 4394 3144
42
50  CR 3003 3298
30  WV 3808 3162
10  WV 4391 3134
43
50  WV 3034 3125
30  WV 3416 3184
10  CR 3545 3332
44
50  WV 2947 3186
30  WV 4212 3168
45
50  WV 2325 3173
30  WV 2512 3154
10  CR 2738 3321
46
50  CR 2711 3301
30  WV 2850 3138
10  WV 3583 3135
47
50  WV 4675 3175
30  CR 4747 3319
10  WV 5353 3151
48
50  WV 5571 3153
30  CR 6163 3312
10  WV 8066 3150
49
50  WV 4422 3127
30  WV 4728 3188
10  WV 4981 3174
50
50  WV 4337 3169
51
50  WV 4218 3180
30  WV 4663 3143
10  WV 5228 3142
52
50  CR 3675 3314
30  CR 3995 3298
10  WV 4388 3178
53
50  WV 28353 1996
54
50  WV 9372 1991
30  CR 12468 2010
55
50  WV 16756 1993
56
50  WV 16555 1994
58
50  CR 15619 2063
59
50  CR 17846 2014
61
50  WV 13737 1995
SCORE:WV,CR,3070,1840,123.0
