WV-CC
1
50  WV 9634 3126
30  WV 10830 3164
10  CC 10921 2939
2
50  CC 8850 2949
30  WV 9582 3183
10  WV 10834 3137
3
50  CC 8118 2938
30  CC 8262 2957
10  WV 8547 3175
4
50  CC 8034 2948
30  WV 9062 3187
10  WV 10928 3153
5
50  CC 7882 2954
30  WV 8203 3127
10  CC 9281 2937
6
50  WV 8053 3169
30  CC 8156 2963
10  CC 8302 2944
7
50  WV 7778 3180
30  WV 8888 3143
10  CC 9441 2943
8
50  CC 6620 2964
30  CC 7634 2934
10  WV 8844 3162
9
50  WV 2925 3155
30  CC 3234 2960
10  WV 4315 3166
10
50  WV 4763 3145
30  WV 10260 3149
10  WV 12916 3161
11
50  WV 1953 3125
30  CC 2302 2951
10  WV 2356 3184
12
50  CC 1919 2950
30  WV 2122 3186
10  WV 2162 3157
13
50  WV 3669 3126
30  CC 4125 2959
10  WV 4250 3154
14
50  WV 3866 3137
30  WV 4043 3183
10  WV 4197 3128
15
50  CC 3222 2938
30  CC 3295 2957
10  WV 3300 3175
16
50  CC 3277 2948
30  WV 4490 3153
10  CC 5782 2956
17
50  CC 7166 2937
30  CC 7925 2942
10  CC 8272 2955
18
50  CC 6925 2944
30  WV 7144 3169
19
50  WV 6813 3180
30  WV 8390 3142
10  WV 8453 3144
20
50  CC 6203 2934
30  CC 7121 2935
10  WV 7485 3178
21
50  CC 2950 2960
30  WV 4028 3155
10  WV 4987 3166
22
50  WV 5456 3161
30  WV 9569 3145
10  WV 16103 3149
23
50  WV 2531 3125
30  CC 2725 2951
10  WV 3012 3184
24
50  CC 2439 2950
30  WV 2869 3157
10  WV 3056 3136
25
50  CC 2207 2939
30  CC 2372 2958
10  CC 2463 2961
26
50  CC 1737 2949
30  WV 2374 3128
10  WV 2384 3137
27
50  WV 3719 3175
30  CC 4340 2965
10  WV 5863 3151
28
50  WV 7090 3150
30  CC 8178 2956
29
50  WV 3922 3127
30  CC 4219 2937
10  CC 4225 2952
30
50  CC 3806 2944
30  CC 3850 2963
31
80  WV 4296 3143
40  WV 4431 3144
0  CC 4707 2943
32
80  CC 3128 2964
40  CC 3500 2934
0  WV 4203 3178
33
80  WV 2975 3179
40  WV 4516 3160
0  WV 6890 3185
34
80  CC 2484 2950
40  WV 3246 3157
0  WV 3944 3148
35
50  CC 2038 2939
30  WV 2047 3126
10  WV 2066 3164
36
50  CC 1658 2949
30  WV 2003 3183
10  WV 2541 3135
37
50  CC 3522 2938
30  CC 3640 2957
10  WV 5409 3151
38
50  CC 3847 2948
30  WV 5762 3153
39
50  CC 3449 2954
30  WV 3641 3127
10  CC 3895 2942
40
50  CC 3527 2944
30  WV 3619 3169
10  CC 4050 2963
41
50  CC 4125 2943
30  WV 4306 3163
10  WV 4394 3144
42
50  CC 2822 2964
30  CC 3266 2934
10  WV 3808 3162
43
50  WV 3034 3125
30  CC 3131 2951
10  WV 3416 3184
44
50  CC 2945 2950
30  WV 2947 3186
10  WV 4212 3168
45
50  WV 2325 3173
30  CC 2420 2939
10  CC 2485 2958
46
50  CC 2719 2936
30  CC 2841 2941
10  WV 2850 3138
47
50  CC 4600 2965
30  WV 4675 3175
10  WV 5353 3151
48
50  CC 4097 2948
30  WV 5571 3153
10  WV 8066 3150
49
50  CC 3807 2954
30  WV 4422 3127
10  CC 4456 2942
50
50  CC 4108 2963
30  WV 4337 3169
51
50  WV 4218 3180
30  WV 4663 3143
10  WV 5228 3142
52
50  CC 3294 2964
30  WV 4388 3178
10  CC 4506 2947
53
50  WV 28353 1996
54
50  WV 9372 1991
55
50  WV 16756 1993
56
50  WV 16555 1994
30  CC 19707 1970
57
50  CC 15841 1971
59
50  CC 13789 1972
61
50  WV 13737 1995
SCORE:WV,CC,2520,2610,-9.0
