WV-CH
1
50  CH 9387 3108
30  WV 9634 3126
10  CH 9994 3070
2
50  WV 9582 3183
30  WV 10834 3137
10  WV 12243 3138
3
50  CH 8038 3083
30  WV 8547 3175
10  CH 10602 3088
4
50  WV 9062 3187
30  CH 10107 3111
10  CH 10791 3081
5
50  WV 8203 3127
30  CH 8338 3086
10  WV 9550 3188
6
50  WV 8053 3169
30  CH 8290 3085
10  CH 9969 3095
7
50  WV 7778 3180
30  WV 8888 3143
10  WV 9674 3142
8
50  WV 8844 3162
30  CH 9731 3107
10  WV 9831 3172
9
50  CH 2656 3080
30  WV 2925 3155
10  CH 3053 3062
10
50  CH 2587 3076
30  CH 3566 3067
10  CH 3896 3117
11
50  WV 1953 3125
30  WV 2356 3184
10  WV 2358 3179
12
50  WV 2122 3186
30  CH 2153 3119
10  WV 2162 3157
13
50  WV 3669 3126
30  CH 3818 3108
10  CH 3875 3070
14
50  WV 3866 3137
30  WV 4043 3183
10  WV 4197 3128
15
50  CH 3274 3083
30  WV 3300 3175
10  CH 4234 3088
16
50  CH 4012 3111
30  CH 4029 3081
10  WV 4490 3153
17
50  CH 7585 3086
30  WV 8916 3188
10  WV 9272 3174
18
50  WV 7144 3169
30  CH 7168 3085
10  CH 9206 3095
19
50  WV 6813 3180
30  WV 8390 3142
10  WV 8453 3144
20
50  WV 7485 3178
30  WV 7778 3162
10  WV 8138 3172
21
50  CH 3358 3062
30  CH 3632 3080
10  WV 4028 3155
22
50  CH 4122 3076
30  WV 5456 3161
10  CH 5985 3117
23
50  WV 2531 3125
30  CH 2922 3120
10  WV 3012 3184
24
50  WV 2869 3157
30  WV 3056 3136
10  WV 3065 3186
25
50  CH 2178 3108
30  CH 2381 3121
10  CH 2466 3112
26
50  WV 2374 3128
30  WV 2384 3137
10  WV 2531 3135
27
50  WV 3719 3175
30  CH 3922 3083
10  CH 5050 3088
28
50  CH 4947 3073
30  CH 4950 3111
10  CH 5001 3081
29
50  CH 3618 3086
30  WV 3922 3127
10  CH 4940 3114
30
50  CH 5310 3071
30  CH 5478 3059
31
80  WV 4296 3143
40  WV 4431 3144
0  WV 4956 3163
32
80  WV 4203 3178
40  WV 4375 3134
0  WV 4941 3172
33
80  WV 2975 3179
40  CH 3087 3069
0  WV 4516 3160
34
80  CH 2778 3119
40  WV 3246 3157
0  WV 3944 3148
35
50  CH 1913 3066
30  CH 1999 3108
10  WV 2047 3126
36
50  WV 2003 3183
30  WV 2541 3135
10  WV 2578 3128
37
50  CH 3868 3083
30  CH 4818 3088
10  WV 5409 3151
38
50  CH 5581 3111
30  WV 5762 3153
10  CH 6155 3060
39
50  CH 3546 3086
30  WV 3641 3127
10  WV 4318 3188
40
50  WV 3619 3169
30  CH 4072 3085
41
50  WV 4306 3163
30  WV 4394 3144
42
50  WV 3808 3162
30  WV 4391 3134
10  CH 4947 3107
43
50  WV 3034 3125
30  WV 3416 3184
10  CH 3694 3120
44
50  WV 2947 3186
30  CH 4025 3119
10  WV 4212 3168
45
50  WV 2325 3173
30  CH 2458 3070
10  WV 2512 3154
46
50  WV 2850 3138
30  WV 3583 3135
47
50  WV 4675 3175
30  WV 5353 3151
10  CH 5384 3068
48
50  WV 5571 3153
30  CH 6846 3060
10  CH 7466 3073
49
50  WV 4422 3127
30  WV 4728 3188
10  WV 4981 3174
50
50  WV 4337 3169
30  CH 5263 3095
10  CH 7240 3059
51
50  WV 4218 3180
30  WV 4663 3143
10  WV 5228 3142
52
50  WV 4388 3178
30  WV 4837 3134
10  CH 4908 3102
53
50  CH 14214 1989
30  WV 28353 1996
54
50  WV 9372 1991
30  CH 12912 1982
55
50  WV 16756 1993
30  CH 17409 1984
56
50  WV 16555 1994
30  CH 25353 1985
57
50  CH 18681 1986
58
50  CH 21965 1987
60
50  CH 15906 1988
61
50  WV 13737 1995
SCORE:WV,CH,3150,2130,102.0
