WV-FV
1
50  WV 9634 3126
30  FV 10025 3349
10  WV 10830 3164
2
50  WV 9582 3183
30  FV 10634 3383
10  WV 10834 3137
3
50  WV 8547 3175
30  FV 8790 3380
10  FV 9695 3377
4
50  WV 9062 3187
30  WV 10928 3153
10  FV 11027 3350
5
50  WV 8203 3127
30  FV 8295 3351
10  FV 8941 3381
6
50  WV 8053 3169
30  FV 10438 3367
7
50  WV 7778 3180
30  WV 8888 3143
10  WV 9674 3142
8
50  FV 7139 3384
30  FV 7577 3364
10  FV 8072 3358
9
50  WV 2925 3155
30  FV 3222 3343
10  WV 4315 3166
10
50  FV 3344 3360
30  WV 4763 3145
10  WV 10260 3149
11
50  WV 1953 3125
30  FV 2181 3382
10  FV 2232 3344
12
50  WV 2122 3186
30  WV 2162 3157
10  FV 2238 3368
13
50  WV 3669 3126
30  WV 4250 3154
10  WV 4362 3173
14
50  WV 3866 3137
30  WV 4043 3183
10  WV 4197 3128
15
50  WV 3300 3175
30  FV 3525 3380
10  FV 3960 3377
16
50  FV 3762 3359
30  FV 3785 3379
10  FV 4108 3350
17
50  FV 7303 3351
30  FV 7582 3352
10  WV 8916 3188
18
50  WV 7144 3169
19
50  WV 6813 3180
30  WV 8390 3142
10  WV 8453 3144
20
50  FV 6359 3384
30  FV 6653 3355
10  FV 6853 3358
21
50  FV 3926 3343
30  WV 4028 3155
10  WV 4987 3166
22
50  WV 5456 3161
30  FV 5770 3360
10  WV 9569 3145
23
50  WV 2531 3125
30  FV 2641 3344
10  FV 2675 3382
24
50  WV 2869 3157
30  WV 3056 3136
10  WV 3065 3186
25
50  FV 2089 3349
30  WV 2540 3173
10  FV 2812 3353
26
50  WV 2374 3128
30  WV 2384 3137
10  FV 2464 3369
27
50  WV 3719 3175
30  FV 4028 3380
10  FV 4595 3377
28
50  FV 4766 3359
30  FV 5353 3379
10  FV 5591 3356
29
50  FV 3738 3351
30  WV 3922 3127
10  FV 4328 3357
30
50  FV 5003 3367
31
80  WV 4296 3143
40  WV 4431 3144
0  WV 4956 3163
32
80  FV 3475 3364
40  FV 3512 3384
0  FV 3645 3355
33
80  WV 2975 3179
40  FV 3532 3344
0  WV 4516 3160
34
80  FV 3213 3368
40  WV 3246 3157
0  WV 3944 3148
35
50  FV 1908 3349
30  WV 2047 3126
10  WV 2066 3164
36
50  WV 2003 3183
30  FV 2340 3383
10  WV 2541 3135
37
50  FV 4444 3380
30  FV 4509 3362
10  FV 4872 3371
38
50  FV 5006 3359
30  WV 5762 3153
39
50  FV 3577 3351
30  WV 3641 3127
10  FV 3887 3352
40
50  WV 3619 3169
30  FV 5819 3367
41
50  WV 4306 3163
30  WV 4394 3144
10  FV 4947 3373
42
50  FV 3234 3384
30  FV 3381 3358
10  FV 3491 3355
43
50  WV 3034 3125
30  WV 3416 3184
10  FV 3579 3382
44
50  WV 2947 3186
30  FV 3925 3368
10  WV 4212 3168
45
50  WV 2325 3173
30  WV 2512 3154
10  FV 3062 3348
46
50  FV 2665 3383
30  FV 2806 3363
10  WV 2850 3138
47
50  WV 4675 3175
30  WV 5353 3151
10  FV 5371 3377
48
50  WV 5571 3153
30  FV 5718 3350
10  FV 5747 3356
49
50  FV 4203 3352
30  WV 4422 3127
10  WV 4728 3188
50
50  WV 4337 3169
30  FV 5175 3367
51
50  WV 4218 3180
30  WV 4663 3143
10  WV 5228 3142
52
50  WV 4388 3178
30  FV 4463 3364
10  FV 4503 3358
53
50  WV 28353 1996
54
50  WV 9372 1991
30  FV 11293 2015
55
50  WV 16756 1993
30  FV 20352 2016
56
50  WV 16555 1994
30  FV 19896 2017
57
50  FV 17397 2018
58
50  FV 17403 2019
59
50  FV 16759 2020
61
50  WV 13737 1995
SCORE:WV,FV,2850,2320,53.0
