WV-FR
1
50  WV 9634 3126
30  FR 9756 1771
10  WV 10830 3164
2
50  WV 9582 3183
30  WV 10834 3137
10  WV 12243 3138
3
50  WV 8547 3175
30  FR 9077 1829
10  FR 9742 1797
4
50  FR 7209 1825
30  WV 9062 3187
10  FR 10057 1800
5
50  FR 7641 1767
30  WV 8203 3127
10  WV 9550 3188
6
50  WV 8053 3169
30  FR 8712 1781
10  FR 9324 1756
7
50  WV 7778 3180
30  FR 8011 1828
10  WV 8888 3143
8
50  FR 7819 1749
30  WV 8844 3162
10  WV 9831 3172
9
50  WV 2925 3155
30  FR 4226 1823
10  WV 4315 3166
10
50  WV 4763 3145
30  FR 6518 1775
10  WV 10260 3149
11
50  WV 1953 3125
30  FR 2003 1815
10  FR 2238 1778
12
50  FR 2009 1740
30  FR 2057 1770
10  WV 2122 3186
13
50  WV 3669 3126
30  WV 4250 3154
10  WV 4362 3173
14
50  WV 3866 3137
30  WV 4043 3183
10  WV 4197 3128
15
50  WV 3300 3175
30  FR 3487 1785
10  FR 3761 1797
16
50  FR 2909 1825
30  FR 3730 1826
10  FR 4046 1813
17
50  FR 8153 1833
30  FR 8839 1772
10  FR 8850 1783
18
50  WV 7144 3169
30  FR 7796 1831
10  FR 7883 1756
19
50  WV 6813 3180
30  FR 6978 1828
10  WV 8390 3142
20
50  FR 7289 1748
30  WV 7485 3178
10  WV 7778 3162
21
50  WV 4028 3155
30  FR 4902 1798
10  WV 4987 3166
22
50  WV 5456 3161
30  FR 5597 1775
10  WV 9569 3145
23
50  FR 2359 1815
30  WV 2531 3125
10  FR 2628 1778
24
50  FR 2369 1740
30  WV 2869 3157
10  WV 3056 3136
25
50  FR 2137 1771
30  FR 2467 1799
10  WV 2540 3173
26
50  WV 2374 3128
30  WV 2384 3137
10  FR 2488 1837
27
50  WV 3719 3175
30  FR 4456 1785
10  FR 4617 1797
28
50  FR 4469 1826
30  FR 4849 1784
10  FR 5253 1780
29
50  FR 3559 1767
30  WV 3922 3127
10  FR 4101 1833
30
50  FR 4107 1781
30  FR 4263 1831
31
80  FR 3485 1765
40  WV 4296 3143
0  WV 4431 3144
32
80  FR 3537 1749
40  FR 3950 1748
0  WV 4203 3178
33
80  FR 2371 1815
40  FR 2673 1820
0  WV 2975 3179
34
80  FR 2468 1740
40  FR 2562 1770
0  WV 3246 3157
35
50  FR 2038 1771
30  WV 2047 3126
10  WV 2066 3164
36
50  WV 2003 3183
30  WV 2541 3135
10  WV 2578 3128
37
50  FR 4082 1785
30  FR 4656 1829
10  FR 4838 1758
38
50  FR 3378 1825
30  FR 4474 1784
10  FR 5282 1800
39
50  FR 3359 1767
30  WV 3641 3127
10  WV 4318 3188
40
50  WV 3619 3169
30  FR 3883 1781
10  FR 3989 1756
41
50  FR 3181 1765
30  FR 3494 1828
10  WV 4306 3163
42
50  FR 3447 1749
30  WV 3808 3162
10  WV 4391 3134
43
50  WV 3034 3125
30  FR 3201 1778
10  WV 3416 3184
44
50  FR 2806 1770
30  WV 2947 3186
10  WV 4212 3168
45
50  WV 2325 3173
30  FR 2412 1771
10  WV 2512 3154
46
50  WV 2850 3138
30  FR 2884 1794
10  FR 2992 1805
47
50  FR 4369 1829
30  WV 4675 3175
10  WV 5353 3151
48
50  FR 3828 1825
30  FR 5026 1800
10  FR 5087 1826
49
50  FR 4196 1767
30  WV 4422 3127
10  FR 4599 1833
50
50  FR 4141 1781
30  WV 4337 3169
10  FR 5093 1756
51
50  FR 3700 1765
30  WV 4218 3180
10  FR 4614 1769
52
50  FR 4293 1748
30  WV 4388 3178
10  WV 4837 3134
53
50  WV 28353 1996
30  FR 30704 1814
54
50  WV 9372 1991
30  FR 11241 1805
55
50  WV 16756 1993
30  FR 23538 1808
56
50  WV 16555 1994
30  FR 25100 1809
57
50  FR 15370 1811
58
50  FR 15968 1812
61
50  FR 12000 1813
30  WV 13737 1995
SCORE:WV,FR,2260,3030,-77.0
