WV-HH
1
50  WV 9634 3126
30  WV 10830 3164
10  HH 10833 2255
2
50  WV 9582 3183
30  WV 10834 3137
10  HH 11531 2218
3
50  HH 8407 2211
30  WV 8547 3175
10  HH 9578 2285
4
50  WV 9062 3187
30  WV 10928 3153
10  HH 11712 2279
5
50  HH 7706 2236
30  HH 7812 2240
10  HH 8182 2224
6
50  WV 8053 3169
30  HH 8663 2233
10  HH 9413 2227
7
50  HH 7733 2237
30  WV 7778 3180
10  WV 8888 3143
8
50  HH 7209 2235
30  HH 8647 2270
10  WV 8844 3162
9
50  WV 2925 3155
30  HH 4109 2220
10  WV 4315 3166
10
50  HH 3377 2222
30  HH 3744 2225
10  WV 4763 3145
11
50  WV 1953 3125
30  HH 2287 2212
10  WV 2356 3184
12
50  WV 2122 3186
30  WV 2162 3157
10  WV 2363 3171
13
50  WV 3669 3126
30  HH 4202 2249
10  WV 4250 3154
14
50  WV 3866 3137
30  WV 4043 3183
10  WV 4197 3128
15
50  HH 3227 2211
30  WV 3300 3175
10  HH 3926 2286
16
50  HH 3967 2266
30  HH 4259 2248
10  WV 4490 3153
17
50  HH 6947 2240
30  HH 7712 2223
10  HH 7895 2253
18
50  WV 7144 3169
30  HH 8103 2227
10  HH 9845 2204
19
50  HH 6752 2237
30  WV 6813 3180
10  HH 7974 2206
20
50  HH 6551 2234
30  WV 7485 3178
10  WV 7778 3162
21
50  WV 4028 3155
30  WV 4987 3166
10  HH 5075 2214
22
50  HH 5363 2225
30  WV 5456 3161
10  HH 5694 2222
23
50  WV 2531 3125
30  WV 3012 3184
10  WV 3021 3179
24
50  WV 2869 3157
30  WV 3056 3136
10  WV 3065 3186
25
50  HH 2290 2255
30  HH 2331 2249
10  WV 2540 3173
26
50  WV 2374 3128
30  WV 2384 3137
10  WV 2531 3135
27
50  WV 3719 3175
30  HH 5237 2209
10  HH 5608 2257
28
50  HH 4889 2248
30  HH 5064 2266
10  HH 5677 2241
29
50  HH 3628 2236
30  HH 3878 2223
10  HH 3909 2224
30
50  HH 4996 2269
30  HH 5063 2227
10  HH 6102 2271
31
80  HH 3649 2237
40  HH 4100 2246
0  WV 4296 3143
32
80  HH 3688 2235
40  WV 4203 3178
0  HH 4219 2270
33
80  WV 2975 3179
40  HH 3238 2212
0  HH 3519 2230
34
80  WV 3246 3157
40  WV 3944 3148
0  WV 3975 3168
35
50  HH 1913 2263
30  HH 2028 2249
10  WV 2047 3126
36
50  WV 2003 3183
30  HH 2421 2218
10  WV 2541 3135
37
50  HH 3806 2211
30  HH 4734 2285
10  HH 4809 2286
38
50  HH 5450 2268
30  HH 5463 2248
10  HH 5563 2279
39
50  HH 3508 2240
30  HH 3614 2224
10  WV 3641 3127
40
50  WV 3619 3169
30  HH 4760 2269
10  HH 5189 2204
41
50  HH 3301 2237
30  HH 3977 2246
10  HH 4113 2206
42
50  HH 3522 2234
30  WV 3808 3162
10  HH 3852 2270
43
50  WV 3034 3125
30  WV 3416 3184
10  HH 4070 2198
44
50  WV 2947 3186
30  WV 4212 3168
45
50  WV 2325 3173
30  HH 2358 2250
10  HH 2470 2263
46
50  HH 2822 2218
30  WV 2850 3138
10  HH 3170 2273
47
50  WV 4675 3175
30  HH 4890 2285
10  WV 5353 3151
48
50  WV 5571 3153
30  WV 8066 3150
49
50  HH 3832 2236
30  WV 4422 3127
10  WV 4728 3188
50
50  WV 4337 3169
30  HH 5039 2271
10  HH 6403 2201
51
50  WV 4218 3180
30  HH 4534 2246
10  WV 4663 3143
52
50  HH 3701 2234
30  HH 3822 2235
10  WV 4388 3178
53
50  HH 18253 1874
30  WV 28353 1996
54
50  WV 9372 1991
30  HH 11083 1862
55
50  WV 16756 1993
30  HH 17450 1864
56
50  WV 16555 1994
30  HH 20332 1866
57
50  HH 15031 1868
58
50  HH 18633 1869
59
50  HH 13502 1870
61
50  HH 12364 1873
30  WV 13737 1995
SCORE:WV,HH,2490,2840,-35.0
