WV-LCC
1
50  WV 9634 3126
30  WV 10830 3164
10  WV 10963 3154
2
50  WV 9582 3183
30  WV 10834 3137
10  WV 12243 3138
3
50  LCC 7247 2844
30  WV 8547 3175
10  LCC 9800 2860
4
50  LCC 7346 2868
30  WV 9062 3187
10  WV 10928 3153
5
50  LCC 7149 2861
30  LCC 7241 2846
10  WV 8203 3127
6
50  WV 8053 3169
30  LCC 8146 2867
7
50  LCC 6395 2845
30  WV 7778 3180
10  LCC 8620 2858
8
50  LCC 6350 2871
30  LCC 6572 2836
10  LCC 7900 2851
9
50  WV 2925 3155
30  WV 4315 3166
10  LCC 5246 2841
10
50  WV 4763 3145
30  WV 10260 3149
10  WV 12916 3161
11
50  WV 1953 3125
30  LCC 2278 2859
10  LCC 2345 2832
12
50  WV 2122 3186
30  WV 2162 3157
10  WV 2363 3171
13
50  LCC 3277 2869
30  WV 3669 3126
10  WV 4250 3154
14
50  WV 3866 3137
30  WV 4043 3183
10  WV 4197 3128
15
50  WV 3300 3175
30  LCC 4085 2864
10  WV 4409 3151
16
50  LCC 2821 2868
30  WV 4490 3153
17
50  LCC 6550 2862
30  LCC 8026 2829
10  LCC 8665 2866
18
50  WV 7144 3169
30  LCC 7280 2867
10  LCC 9017 2847
19
50  WV 6813 3180
30  WV 8390 3142
10  WV 8453 3144
20
50  LCC 5634 2836
30  LCC 5829 2835
10  LCC 6720 2870
21
50  WV 4028 3155
30  LCC 4821 2842
10  WV 4987 3166
22
50  WV 5456 3161
30  WV 9569 3145
10  WV 16103 3149
23
50  WV 2531 3125
30  LCC 2705 2832
10  WV 3012 3184
24
50  WV 2869 3157
30  WV 3056 3136
10  WV 3065 3186
25
50  LCC 1880 2869
30  WV 2540 3173
10  WV 2931 3139
26
50  WV 2374 3128
30  WV 2384 3137
10  WV 2531 3135
27
50  LCC 3373 2844
30  WV 3719 3175
10  LCC 5359 2864
28
50  WV 7090 3150
29
50  LCC 3544 2862
30  WV 3922 3127
10  LCC 4528 2829
30
50  LCC 4645 2847
30  LCC 6495 2838
10  LCC 9469 2849
31
80  LCC 3887 2858
40  WV 4296 3143
0  WV 4431 3144
32
80  LCC 2945 2871
40  LCC 3756 2834
0  LCC 4034 2833
33
80  WV 2975 3179
40  LCC 4011 2859
0  WV 4516 3160
34
80  WV 3246 3157
40  WV 3944 3148
0  WV 3975 3168
35
50  WV 2047 3126
30  WV 2066 3164
10  WV 2906 3167
36
50  WV 2003 3183
30  WV 2541 3135
10  WV 2578 3128
37
50  LCC 3470 2844
30  LCC 5231 2860
10  WV 5409 3151
38
50  WV 5762 3153
39
50  LCC 3019 2861
30  LCC 3026 2846
10  LCC 3614 2862
40
50  WV 3619 3169
30  LCC 3952 2867
41
50  LCC 2770 2845
30  LCC 3963 2858
10  WV 4306 3163
42
50  LCC 2625 2871
30  LCC 3019 2835
10  LCC 3132 2851
43
50  WV 3034 3125
30  WV 3416 3184
10  WV 5222 3185
44
50  WV 2947 3186
30  WV 4212 3168
45
50  WV 2325 3173
30  WV 2512 3154
10  WV 3162 3189
46
50  LCC 2716 2831
30  WV 2850 3138
10  WV 3583 3135
47
50  WV 4675 3175
30  LCC 5133 2860
10  WV 5353 3151
48
50  WV 5571 3153
30  WV 8066 3150
49
50  LCC 3773 2861
30  LCC 3821 2846
10  WV 4422 3127
50
50  WV 4337 3169
51
50  LCC 3654 2845
30  WV 4218 3180
10  WV 4663 3143
52
50  LCC 3518 2836
30  LCC 3734 2851
10  LCC 3784 2835
53
50  WV 28353 1996
54
50  WV 9372 1991
55
50  WV 16756 1993
30  LCC 20217 1954
56
50  WV 16555 1994
57
50  LCC 16435 1955
59
50  LCC 11929 1956
60
50  LCC 17576 1957
61
50  LCC 11533 1959
30  WV 13737 1995
SCORE:WV,LCC,2860,2230,63.0
