WV-NJST
1
50  WV 9634 3126
30  NJST 10050 3229
10  WV 10830 3164
2
50  WV 9582 3183
30  WV 10834 3137
10  NJST 11875 3221
3
50  NJST 7090 3206
30  NJST 7422 3238
10  NJST 8059 3224
4
50  WV 9062 3187
30  NJST 10567 3243
10  WV 10928 3153
5
50  NJST 8025 3231
30  WV 8203 3127
10  WV 9550 3188
6
50  WV 8053 3169
7
50  NJST 7619 3234
30  WV 7778 3180
10  WV 8888 3143
8
50  NJST 7947 3230
30  WV 8844 3162
10  WV 9831 3172
9
50  NJST 2247 3222
30  WV 2925 3155
10  NJST 3979 3235
10
50  WV 4763 3145
30  WV 10260 3149
10  WV 12916 3161
11
50  WV 1953 3125
30  NJST 1965 3197
10  NJST 2321 3215
12
50  NJST 2010 3225
30  WV 2122 3186
10  WV 2162 3157
13
50  WV 3669 3126
30  WV 4250 3154
10  NJST 4263 3229
14
50  WV 3866 3137
30  WV 4043 3183
10  WV 4197 3128
15
50  NJST 2836 3206
30  NJST 2929 3238
10  NJST 3194 3191
16
50  NJST 3353 3236
30  NJST 3959 3243
10  NJST 4316 3214
17
50  WV 8916 3188
30  WV 9272 3174
10  WV 9353 3133
18
50  WV 7144 3169
19
50  NJST 6731 3234
30  WV 6813 3180
10  NJST 7723 3240
20
50  WV 7485 3178
30  WV 7778 3162
10  WV 8138 3172
21
50  NJST 2794 3222
30  WV 4028 3155
10  WV 4987 3166
22
50  WV 5456 3161
30  WV 9569 3145
10  WV 16103 3149
23
50  WV 2531 3125
30  NJST 2604 3197
10  NJST 2613 3215
24
50  NJST 2287 3225
30  WV 2869 3157
10  WV 3056 3136
25
50  NJST 2256 3212
30  NJST 2372 3196
10  WV 2540 3173
26
50  WV 2374 3128
30  NJST 2381 3221
10  WV 2384 3137
27
50  NJST 3425 3213
30  WV 3719 3175
10  NJST 3872 3191
28
50  NJST 4575 3236
30  NJST 5369 3214
10  NJST 5659 3243
29
50  NJST 3852 3231
30  WV 3922 3127
10  WV 5481 3133
31
80  NJST 3781 3234
40  NJST 4162 3211
0  WV 4296 3143
32
80  NJST 3987 3230
40  WV 4203 3178
0  WV 4375 3134
33
80  WV 2975 3179
40  NJST 3345 3197
0  WV 4516 3160
34
80  WV 3246 3157
40  WV 3944 3148
0  WV 3975 3168
35
50  WV 2047 3126
30  WV 2066 3164
10  NJST 2103 3229
36
50  WV 2003 3183
30  NJST 2091 3226
10  WV 2541 3135
37
50  NJST 3407 3206
30  NJST 3522 3238
10  NJST 3778 3224
38
50  WV 5762 3153
39
50  NJST 3557 3231
30  WV 3641 3127
10  WV 4318 3188
40
50  WV 3619 3169
41
50  NJST 3315 3234
30  NJST 4063 3240
10  WV 4306 3163
42
50  NJST 3604 3230
30  WV 3808 3162
10  WV 4391 3134
43
50  WV 3034 3125
30  NJST 3128 3219
10  WV 3416 3184
44
50  WV 2947 3186
30  NJST 3275 3225
10  WV 4212 3168
45
50  WV 2325 3173
30  WV 2512 3154
10  NJST 2662 3194
46
50  WV 2850 3138
30  NJST 3038 3221
10  WV 3583 3135
47
50  NJST 4290 3224
30  WV 4675 3175
10  NJST 5129 3232
48
50  NJST 5291 3214
30  WV 5571 3153
10  NJST 5836 3236
49
50  NJST 4193 3231
30  WV 4422 3127
10  WV 4728 3188
50
50  WV 4337 3169
51
50  WV 4218 3180
30  NJST 4359 3211
10  WV 4663 3143
52
50  NJST 3787 3230
30  WV 4388 3178
10  WV 4837 3134
53
50  WV 28353 1996
54
50  WV 9372 1991
30  NJST 10675 1997
55
50  WV 16756 1993
30  NJST 19643 1998
56
50  WV 16555 1994
30  NJST 22728 1999
57
50  NJST 12482 2000
58
50  NJST 18127 2002
61
50  WV 13737 1995
SCORE:WV,NJST,2700,2250,45.0
