WV-OMST
1
50  WV 9634 3126
30  WV 10830 3164
10  WV 10963 3154
2
50  OMST 8160 3253
30  WV 9582 3183
10  WV 10834 3137
3
50  OMST 8244 3275
30  WV 8547 3175
10  WV 12135 3159
4
50  WV 9062 3187
30  WV 10928 3153
10  OMST 12479 3247
5
50  OMST 7843 3258
30  WV 8203 3127
10  WV 9550 3188
6
50  WV 8053 3169
30  OMST 8919 3263
7
50  OMST 7093 3269
30  OMST 7725 3285
10  WV 7778 3180
8
50  OMST 6319 3274
30  WV 8844 3162
10  WV 9831 3172
9
50  WV 2925 3155
30  WV 4315 3166
10  OMST 4425 3259
10
50  WV 4763 3145
30  OMST 6597 3248
10  OMST 7467 3252
11
50  WV 1953 3125
30  WV 2356 3184
10  WV 2358 3179
12
50  WV 2122 3186
30  WV 2162 3157
10  WV 2363 3171
13
50  WV 3669 3126
30  WV 4250 3154
10  WV 4362 3173
14
50  WV 3866 3137
30  OMST 3975 3261
10  WV 4043 3183
15
50  WV 3300 3175
30  OMST 3544 3279
10  WV 4409 3151
16
50  OMST 3447 3266
30  OMST 4120 3283
10  WV 4490 3153
17
50  OMST 8269 3271
30  WV 8916 3188
10  WV 9272 3174
18
50  WV 7144 3169
30  OMST 7259 3257
10  OMST 9822 3273
19
50  OMST 6744 3285
30  WV 6813 3180
10  WV 8390 3142
20
50  OMST 7432 3288
30  WV 7485 3178
10  WV 7778 3162
21
50  WV 4028 3155
30  OMST 4632 3259
10  WV 4987 3166
22
50  WV 5456 3161
30  WV 9569 3145
10  WV 16103 3149
23
50  WV 2531 3125
30  WV 3012 3184
10  WV 3021 3179
24
50  WV 2869 3157
30  WV 3056 3136
10  WV 3065 3186
25
50  OMST 2406 3251
30  WV 2540 3173
10  OMST 2784 3268
26
50  OMST 1790 3253
30  WV 2374 3128
10  WV 2384 3137
27
50  WV 3719 3175
30  OMST 3878 3275
10  OMST 4726 3279
28
50  OMST 5844 3283
30  OMST 6204 3249
10  WV 7090 3150
29
50  OMST 3722 3258
30  WV 3922 3127
10  OMST 4518 3271
30
50  OMST 4116 3263
30  OMST 5097 3273
31
80  OMST 3750 3285
40  WV 4296 3143
0  WV 4431 3144
32
80  WV 4203 3178
40  OMST 4363 3288
0  WV 4375 3134
33
80  WV 2975 3179
40  OMST 4259 3289
0  WV 4516 3160
34
80  WV 3246 3157
40  WV 3944 3148
0  WV 3975 3168
35
50  WV 2047 3126
30  WV 2066 3164
10  OMST 2550 3251
36
50  OMST 1563 3253
30  WV 2003 3183
10  WV 2541 3135
37
50  OMST 4713 3279
30  OMST 5228 3262
10  WV 5409 3151
38
50  WV 5762 3153
30  OMST 6100 3283
10  OMST 7372 3247
39
50  WV 3641 3127
30  OMST 3721 3258
10  WV 4318 3188
40
50  WV 3619 3169
30  OMST 3669 3257
41
50  OMST 3053 3269
30  WV 4306 3163
10  WV 4394 3144
42
50  OMST 2766 3274
30  WV 3808 3162
10  OMST 4310 3288
43
50  WV 3034 3125
30  WV 3416 3184
10  OMST 4881 3260
44
50  WV 2947 3186
30  OMST 3195 3284
10  WV 4212 3168
45
50  WV 2325 3173
30  WV 2512 3154
10  WV 3162 3189
46
50  OMST 2777 3246
30  WV 2850 3138
10  WV 3583 3135
47
50  OMST 4560 3275
30  WV 4675 3175
10  WV 5353 3151
48
50  OMST 4907 3266
30  OMST 5397 3249
10  WV 5571 3153
49
50  WV 4422 3127
30  WV 4728 3188
10  WV 4981 3174
50
50  WV 4337 3169
30  OMST 6900 3273
51
50  OMST 3703 3269
30  WV 4218 3180
10  WV 4663 3143
52
50  OMST 3415 3274
30  WV 4388 3178
10  WV 4837 3134
53
50  WV 28353 1996
54
50  WV 9372 1991
30  OMST 12837 2003
55
50  WV 16756 1993
30  OMST 27406 2004
56
50  OMST 16499 2005
30  WV 16555 1994
58
50  OMST 17262 2007
59
50  OMST 15246 2008
61
50  OMST 12078 2009
30  WV 13737 1995
SCORE:WV,OMST,3010,2220,79.0
