WV-RW
1
50  WV 9634 3126
30  RW 10009 718
10  WV 10830 3164
2
50  RW 8968 753
30  WV 9582 3183
10  RW 9600 762
3
50  WV 8547 3175
30  RW 8982 725
10  RW 10153 686
4
50  WV 9062 3187
30  RW 10600 736
10  WV 10928 3153
5
50  RW 7908 773
30  WV 8203 3127
10  RW 8319 735
6
50  RW 7729 752
30  WV 8053 3169
7
50  RW 7459 772
30  WV 7778 3180
10  WV 8888 3143
8
50  RW 6948 733
30  RW 7027 763
10  RW 7268 742
9
50  RW 2557 688
30  WV 2925 3155
10  RW 4166 684
10
50  RW 3534 751
30  RW 4054 720
10  RW 4172 695
11
50  WV 1953 3125
30  RW 1975 771
10  WV 2356 3184
12
50  RW 1829 726
30  RW 2055 696
10  WV 2122 3186
13
50  WV 3669 3126
30  RW 3735 718
10  RW 3906 701
14
50  WV 3866 3137
30  RW 3905 762
10  WV 4043 3183
15
50  WV 3300 3175
30  RW 3539 727
10  RW 3832 725
16
50  RW 3402 724
30  RW 3930 736
10  WV 4490 3153
17
50  RW 7229 735
30  RW 8526 767
10  RW 8675 754
18
50  RW 6623 752
30  WV 7144 3169
10  RW 9885 691
19
50  RW 6387 772
30  WV 6813 3180
10  WV 8390 3142
20
50  RW 5551 716
30  RW 5951 763
10  RW 6060 733
21
50  RW 3450 688
30  WV 4028 3155
10  RW 4716 684
22
50  RW 4079 695
30  RW 4291 751
10  WV 5456 3161
23
50  WV 2531 3125
30  WV 3012 3184
10  WV 3021 3179
24
50  RW 2427 726
30  RW 2718 737
10  RW 2770 747
25
50  RW 1989 701
30  RW 2244 715
10  RW 2482 768
26
50  RW 1908 753
30  RW 2256 749
10  WV 2374 3128
27
50  WV 3719 3175
30  RW 4563 743
10  RW 4912 729
28
50  RW 4728 724
30  RW 4906 766
10  RW 6790 713
29
50  RW 3721 735
30  WV 3922 3127
10  RW 4257 754
30
50  RW 5444 691
30  RW 6076 769
31
80  RW 3927 722
40  WV 4296 3143
0  WV 4431 3144
32
80  RW 3041 716
40  RW 3259 742
0  RW 3425 690
33
80  RW 2497 771
40  RW 2947 740
0  WV 2975 3179
34
80  RW 2609 696
40  RW 2669 747
0  RW 3215 748
35
50  RW 1973 718
30  WV 2047 3126
10  WV 2066 3164
36
50  RW 1899 762
30  WV 2003 3183
10  WV 2541 3135
37
50  RW 4372 686
30  RW 4780 689
10  RW 4900 764
38
50  RW 4420 736
30  RW 4496 766
10  WV 5762 3153
39
50  RW 3435 773
30  WV 3641 3127
10  RW 4221 767
40
50  WV 3619 3169
30  RW 5377 769
41
50  RW 3266 772
30  RW 4106 722
10  WV 4306 3163
42
50  RW 2739 716
30  RW 2939 733
10  RW 3106 742
43
50  RW 2462 771
30  WV 3034 3125
10  WV 3416 3184
44
50  RW 2621 726
30  WV 2947 3186
10  RW 3435 748
45
50  WV 2325 3173
30  RW 2351 701
10  WV 2512 3154
46
50  RW 2123 753
30  WV 2850 3138
10  RW 2953 749
47
50  RW 4334 725
30  WV 4675 3175
10  RW 4809 727
48
50  RW 5496 766
30  WV 5571 3153
10  WV 8066 3150
49
50  RW 3988 773
30  WV 4422 3127
10  WV 4728 3188
50
50  RW 4049 752
30  WV 4337 3169
10  RW 5058 691
51
50  WV 4218 3180
30  WV 4663 3143
10  RW 4707 722
52
50  RW 3837 763
30  RW 4031 710
10  WV 4388 3178
53
50  RW 17717 1691
30  WV 28353 1996
54
50  WV 9372 1991
30  RW 10673 1686
55
50  WV 16756 1993
30  RW 18245 1687
56
50  WV 16555 1994
30  RW 19983 1688
57
50  RW 15355 1689
61
50  WV 13737 1995
SCORE:WV,RW,1700,3490,-179.0
