WV-ROR
1
50  WV 9634 3126
30  ROR 9794 13
10  ROR 10469 56
2
50  WV 9582 3183
30  ROR 10266 6
10  WV 10834 3137
3
50  ROR 7756 33
30  ROR 8009 14
10  WV 8547 3175
4
50  ROR 7966 7
30  WV 9062 3187
10  ROR 9978 43
5
50  ROR 7441 10
30  WV 8203 3127
10  WV 9550 3188
6
50  ROR 7169 27
30  ROR 8022 64
10  WV 8053 3169
7
50  ROR 7410 35
30  WV 7778 3180
10  WV 8888 3143
8
50  ROR 6656 68
30  WV 8844 3162
10  WV 9831 3172
9
50  ROR 2537 63
30  WV 2925 3155
10  ROR 3150 31
10
50  ROR 3291 67
30  ROR 4050 39
10  WV 4763 3145
11
50  WV 1953 3125
30  ROR 1994 48
10  WV 2356 3184
12
50  ROR 2081 32
30  WV 2122 3186
10  ROR 2137 5
13
50  WV 3669 3126
30  ROR 3966 15
10  ROR 3968 56
14
50  WV 3866 3137
30  WV 4043 3183
10  WV 4197 3128
15
50  WV 3300 3175
30  ROR 3890 42
10  WV 4409 3151
16
50  ROR 3175 36
30  ROR 4041 59
10  ROR 4160 44
17
50  ROR 6372 47
30  ROR 7128 57
10  ROR 7938 18
18
50  ROR 6254 28
30  ROR 6944 64
10  WV 7144 3169
19
50  ROR 6487 35
30  WV 6813 3180
10  ROR 7791 24
20
50  ROR 5890 68
30  WV 7485 3178
10  WV 7778 3162
21
50  ROR 2909 63
30  WV 4028 3155
10  WV 4987 3166
22
50  ROR 3997 67
30  WV 5456 3161
10  ROR 5540 39
23
50  WV 2531 3125
30  ROR 2778 21
10  WV 3012 3184
24
50  ROR 2470 5
30  ROR 2659 49
10  WV 2869 3157
25
50  ROR 2044 56
30  ROR 2278 15
10  WV 2540 3173
26
50  ROR 2088 26
30  WV 2374 3128
10  WV 2384 3137
27
50  WV 3719 3175
30  ROR 3778 16
10  WV 5863 3151
28
50  ROR 3850 36
30  ROR 4956 59
10  WV 7090 3150
29
50  ROR 3806 57
30  WV 3922 3127
10  ROR 4128 69
30
50  ROR 3847 25
31
80  ROR 3550 35
40  ROR 3828 24
0  WV 4296 3143
32
80  WV 4203 3178
40  WV 4375 3134
0  WV 4941 3172
33
80  ROR 2116 34
40  ROR 2636 48
0  WV 2975 3179
34
80  ROR 2250 38
40  ROR 2288 5
0  ROR 2943 32
35
50  ROR 1889 61
30  WV 2047 3126
10  WV 2066 3164
36
50  ROR 1883 6
30  WV 2003 3183
10  ROR 2194 26
37
50  ROR 3327 33
30  ROR 3482 14
10  WV 5409 3151
38
50  ROR 3441 7
30  ROR 5214 44
10  ROR 5678 59
39
50  ROR 3241 10
30  ROR 3500 18
10  ROR 3513 57
40
50  ROR 3207 28
30  WV 3619 3169
10  ROR 3788 25
41
50  ROR 3589 23
30  ROR 3606 24
10  WV 4306 3163
42
50  WV 3808 3162
30  WV 4391 3134
43
50  ROR 2875 34
30  WV 3034 3125
10  WV 3416 3184
44
50  ROR 2753 38
30  WV 2947 3186
10  ROR 3152 55
45
50  WV 2325 3173
30  ROR 2326 61
10  WV 2512 3154
46
50  ROR 2672 20
30  WV 2850 3138
10  ROR 2881 17
47
50  WV 4675 3175
30  ROR 5050 16
10  WV 5353 3151
48
50  ROR 5233 43
30  WV 5571 3153
10  ROR 5885 41
49
50  ROR 3527 47
30  WV 4422 3127
10  ROR 4453 22
50
50  ROR 3632 27
30  WV 4337 3169
51
50  WV 4218 3180
30  WV 4663 3143
10  ROR 5203 23
52
50  ROR 3534 68
30  WV 4388 3178
10  WV 4837 3134
53
50  WV 28353 1996
54
50  WV 9372 1991
30  ROR 9445 1624
55
50  WV 16756 1993
30  ROR 18003 1627
56
50  ROR 16518 1628
30  WV 16555 1994
57
50  ROR 13885 1629
58
50  ROR 14409 1630
59
50  ROR 12591 1631
60
50  ROR 12175 1632
61
50  WV 13737 1995
SCORE:WV,ROR,1960,3320,-136.0
