WV-SPL
1
50  SPL 8802 1687
30  WV 9634 3126
10  WV 10830 3164
2
50  SPL 8844 1719
30  WV 9582 3183
10  WV 10834 3137
3
50  WV 8547 3175
30  SPL 8969 1739
10  SPL 10281 1709
4
50  WV 9062 3187
30  SPL 9290 1705
10  SPL 9620 1671
5
50  SPL 7969 1720
30  WV 8203 3127
10  WV 9550 3188
6
50  SPL 7284 1689
30  WV 8053 3169
10  SPL 8876 1666
7
50  SPL 7357 1698
30  WV 7778 3180
10  SPL 7863 1697
8
50  SPL 8085 1680
30  WV 8844 3162
10  WV 9831 3172
9
50  WV 2925 3155
30  SPL 3863 1722
10  WV 4315 3166
10
50  SPL 3256 1677
30  SPL 4251 1702
10  SPL 4288 1673
11
50  SPL 1950 1672
30  WV 1953 3125
10  SPL 2012 1708
12
50  WV 2122 3186
30  WV 2162 3157
10  WV 2363 3171
13
50  SPL 3444 1687
30  WV 3669 3126
10  WV 4250 3154
14
50  SPL 3591 1719
30  SPL 3692 1670
10  WV 3866 3137
15
50  WV 3300 3175
30  SPL 3532 1739
10  SPL 4178 1730
16
50  SPL 3479 1665
30  SPL 4002 1679
10  SPL 4230 1700
17
50  SPL 6478 1718
30  SPL 8753 1704
10  WV 8916 3188
18
50  SPL 6409 1689
30  WV 7144 3169
10  SPL 8355 1727
19
50  SPL 6384 1698
30  WV 6813 3180
10  SPL 7006 1697
20
50  WV 7485 3178
30  WV 7778 3162
10  SPL 7947 1688
21
50  WV 4028 3155
30  SPL 4433 1722
10  WV 4987 3166
22
50  WV 5456 3161
30  SPL 5737 1677
10  SPL 5804 1716
23
50  WV 2531 3125
30  SPL 2555 1708
10  SPL 2828 1715
24
50  SPL 2646 1726
30  WV 2869 3157
10  WV 3056 3136
25
50  SPL 2515 1647
30  SPL 2518 1717
10  SPL 2522 1731
26
50  SPL 1913 1719
30  WV 2374 3128
10  WV 2384 3137
27
50  WV 3719 3175
30  SPL 4400 1709
10  WV 5863 3151
28
50  SPL 5351 1669
30  SPL 5972 1700
10  WV 7090 3150
29
50  WV 3922 3127
30  SPL 4667 1711
10  WV 5481 3133
30
50  SPL 3484 1689
30  SPL 3934 1666
31
80  SPL 3483 1698
40  SPL 3735 1649
0  WV 4296 3143
32
80  WV 4203 3178
40  WV 4375 3134
0  WV 4941 3172
33
80  WV 2975 3179
40  SPL 3037 1676
0  SPL 3209 1715
34
80  WV 3246 3157
40  WV 3944 3148
0  WV 3975 3168
35
50  WV 2047 3126
30  WV 2066 3164
10  SPL 2331 1690
36
50  SPL 1860 1670
30  WV 2003 3183
10  SPL 2421 1653
37
50  SPL 4055 1739
30  SPL 4759 1709
10  WV 5409 3151
38
50  SPL 3981 1705
30  SPL 4577 1671
10  SPL 4672 1679
39
50  SPL 3246 1718
30  SPL 3531 1720
10  WV 3641 3127
40
50  WV 3619 3169
30  SPL 4193 1727
41
50  SPL 3366 1697
30  SPL 3625 1649
10  SPL 3772 1664
42
50  SPL 3697 1680
30  WV 3808 3162
10  WV 4391 3134
43
50  SPL 2652 1672
30  WV 3034 3125
10  SPL 3321 1715
44
50  WV 2947 3186
30  SPL 3371 1699
10  SPL 3403 1726
45
50  SPL 2033 1687
30  WV 2325 3173
10  WV 2512 3154
46
50  SPL 2422 1653
30  SPL 2747 1655
10  SPL 2784 1732
47
50  WV 4675 3175
30  SPL 5018 1652
10  SPL 5207 1663
48
50  SPL 5462 1700
30  WV 5571 3153
10  SPL 7987 1678
49
50  WV 4422 3127
30  WV 4728 3188
10  WV 4981 3174
50
50  WV 4337 3169
30  SPL 4475 1666
10  SPL 5344 1727
51
50  WV 4218 3180
30  SPL 4402 1712
10  SPL 4475 1664
52
50  WV 4388 3178
30  SPL 4552 1688
10  WV 4837 3134
53
50  SPL 18907 1804
30  WV 28353 1996
54
50  SPL 9289 1796
30  WV 9372 1991
55
50  WV 16756 1993
30  SPL 20778 1798
56
50  WV 16555 1994
57
50  SPL 17312 1800
58
50  SPL 15425 1801
59
50  SPL 13914 1802
61
50  SPL 13256 1803
30  WV 13737 1995
SCORE:WV,SPL,2300,3000,-70.0
