WV-SPD
1
50  WV 9634 3126
30  SPD 10483 2543
10  WV 10830 3164
2
50  SPD 8459 2533
30  WV 9582 3183
10  SPD 9968 2525
3
50  WV 8547 3175
30  SPD 10200 2513
10  SPD 10800 2550
4
50  WV 9062 3187
30  SPD 10001 2510
10  SPD 10160 2549
5
50  SPD 7938 2532
30  WV 8203 3127
10  SPD 8957 2503
6
50  WV 8053 3169
30  SPD 8395 2544
10  SPD 11019 2502
7
50  WV 7778 3180
30  WV 8888 3143
10  WV 9674 3142
8
50  WV 8844 3162
30  SPD 8953 2540
10  WV 9831 3172
9
50  WV 2925 3155
30  SPD 3385 2489
10  SPD 4118 2490
10
50  WV 4763 3145
30  SPD 7354 2554
10  WV 10260 3149
11
50  WV 1953 3125
30  WV 2356 3184
10  WV 2358 3179
12
50  WV 2122 3186
30  WV 2162 3157
10  WV 2363 3171
13
50  WV 3669 3126
30  WV 4250 3154
10  WV 4362 3173
14
50  SPD 3450 2533
30  WV 3866 3137
10  WV 4043 3183
15
50  WV 3300 3175
30  SPD 3909 2511
10  SPD 3928 2531
16
50  SPD 3708 2553
30  SPD 3714 2510
10  SPD 3970 2493
17
50  SPD 6896 2532
30  SPD 8813 2548
10  WV 8916 3188
18
50  SPD 7106 2544
30  WV 7144 3169
10  SPD 8412 2551
19
50  WV 6813 3180
30  SPD 8300 2539
10  WV 8390 3142
20
50  SPD 7422 2552
30  WV 7485 3178
10  WV 7778 3162
21
50  SPD 3859 2489
30  SPD 3863 2490
10  WV 4028 3155
22
50  SPD 5433 2536
30  WV 5456 3161
10  SPD 7209 2554
23
50  WV 2531 3125
30  WV 3012 3184
10  WV 3021 3179
24
50  WV 2869 3157
30  WV 3056 3136
10  WV 3065 3186
25
50  SPD 2138 2543
30  SPD 2449 2512
10  WV 2540 3173
26
50  SPD 1891 2533
30  SPD 2140 2525
10  WV 2374 3128
27
50  WV 3719 3175
30  SPD 4615 2511
10  SPD 4970 2513
28
50  SPD 4881 2509
30  SPD 5303 2549
10  SPD 5803 2514
29
50  WV 3922 3127
30  SPD 4043 2518
10  SPD 4679 2522
30
50  SPD 4387 2508
30  SPD 4707 2542
10  SPD 4803 2551
31
80  SPD 4170 2539
40  WV 4296 3143
0  WV 4431 3144
32
80  SPD 4063 2552
40  WV 4203 3178
0  WV 4375 3134
33
80  WV 2975 3179
40  SPD 4375 2534
0  WV 4516 3160
34
80  WV 3246 3157
40  WV 3944 3148
0  WV 3975 3168
35
50  WV 2047 3126
30  WV 2066 3164
10  SPD 2403 2543
36
50  WV 2003 3183
30  SPD 2102 2525
10  WV 2541 3135
37
50  SPD 4592 2550
30  SPD 4819 2511
10  SPD 4969 2487
38
50  SPD 4631 2553
30  SPD 4950 2549
10  SPD 5247 2493
39
50  SPD 3639 2532
30  WV 3641 3127
10  SPD 3788 2503
40
50  WV 3619 3169
30  SPD 3814 2544
10  SPD 6559 2502
41
50  SPD 4227 2539
30  WV 4306 3163
10  WV 4394 3144
42
50  WV 3808 3162
30  WV 4391 3134
43
50  WV 3034 3125
30  WV 3416 3184
10  SPD 3899 2526
44
50  WV 2947 3186
30  WV 4212 3168
45
50  WV 2325 3173
30  WV 2512 3154
10  SPD 2703 2512
46
50  SPD 2083 2533
30  SPD 2428 2525
10  WV 2850 3138
47
50  WV 4675 3175
30  SPD 4937 2513
10  WV 5353 3151
48
50  SPD 5052 2510
30  SPD 5469 2553
10  SPD 5490 2506
49
50  WV 4422 3127
30  SPD 4663 2547
10  SPD 4725 2503
50
50  SPD 4334 2551
30  WV 4337 3169
10  SPD 4456 2502
51
50  WV 4218 3180
30  WV 4663 3143
10  WV 5228 3142
52
50  WV 4388 3178
30  SPD 4607 2540
10  SPD 4683 2552
53
50  SPD 27334 1912
30  WV 28353 1996
54
50  WV 9372 1991
30  SPD 15415 1904
55
50  WV 16756 1993
30  SPD 18900 1906
56
50  WV 16555 1994
57
50  SPD 16523 1907
58
50  SPD 15638 1908
59
50  SPD 13778 1909
60
50  SPD 14566 1910
61
50  WV 13737 1995
30  SPD 17680 1911
SCORE:WV,SPD,2750,2600,15.0
