WV-SH
1
50  WV 9634 3126
30  SH 10278 2639
10  WV 10830 3164
2
50  WV 9582 3183
30  WV 10834 3137
10  WV 12243 3138
3
50  SH 8498 2619
30  WV 8547 3175
10  SH 9564 2612
4
50  WV 9062 3187
30  SH 9948 2647
10  WV 10928 3153
5
50  SH 7836 2618
30  WV 8203 3127
10  SH 8931 2640
6
50  WV 8053 3169
7
50  WV 7778 3180
30  WV 8888 3143
10  SH 9090 2631
8
50  SH 6485 2605
30  SH 7027 2613
10  WV 8844 3162
9
50  WV 2925 3155
30  WV 4315 3166
10  SH 4522 2646
10
50  WV 4763 3145
30  SH 5726 2645
10  WV 10260 3149
11
50  WV 1953 3125
30  SH 2056 2629
10  WV 2356 3184
12
50  SH 2009 2642
30  WV 2122 3186
10  WV 2162 3157
13
50  WV 3669 3126
30  SH 3852 2639
10  SH 4190 2603
14
50  WV 3866 3137
30  WV 4043 3183
10  WV 4197 3128
15
50  WV 3300 3175
30  SH 3463 2619
10  SH 4058 2612
16
50  SH 3946 2630
30  SH 4097 2636
10  SH 4259 2647
17
50  SH 6858 2618
30  SH 8035 2641
10  SH 8570 2637
18
50  WV 7144 3169
19
50  WV 6813 3180
30  SH 8136 2631
10  WV 8390 3142
20
50  SH 5747 2605
30  SH 6437 2613
10  WV 7485 3178
21
50  WV 4028 3155
30  WV 4987 3166
10  WV 6575 3156
22
50  WV 5456 3161
30  WV 9569 3145
10  WV 16103 3149
23
50  WV 2531 3125
30  SH 2543 2629
10  WV 3012 3184
24
50  WV 2869 3157
30  SH 2892 2642
10  WV 3056 3136
25
50  SH 2416 2639
30  SH 2471 2643
10  SH 2480 2607
26
50  WV 2374 3128
30  WV 2384 3137
10  WV 2531 3135
27
50  WV 3719 3175
30  SH 4434 2612
10  SH 4963 2608
28
50  SH 4732 2630
30  SH 5383 2625
10  SH 5544 2636
29
50  SH 3769 2618
30  WV 3922 3127
10  SH 4517 2637
31
80  WV 4296 3143
40  WV 4431 3144
0  WV 4956 3163
32
80  SH 3178 2605
40  WV 4203 3178
0  WV 4375 3134
33
80  SH 2598 2629
40  WV 2975 3179
0  SH 3369 2626
34
80  SH 2623 2642
40  WV 3246 3157
0  WV 3944 3148
35
50  WV 2047 3126
30  WV 2066 3164
10  SH 2202 2638
36
50  WV 2003 3183
30  WV 2541 3135
10  WV 2578 3128
37
50  SH 3979 2619
30  WV 5409 3151
10  SH 5428 2608
38
50  SH 5382 2636
30  SH 5677 2625
10  WV 5762 3153
39
50  WV 3641 3127
30  SH 3807 2640
10  SH 3932 2641
40
50  WV 3619 3169
41
50  WV 4306 3163
30  WV 4394 3144
42
50  SH 2953 2605
30  SH 3161 2613
10  WV 3808 3162
43
50  SH 2875 2629
30  WV 3034 3125
10  WV 3416 3184
44
50  WV 2947 3186
30  SH 2983 2642
10  SH 3532 2644
45
50  WV 2325 3173
30  SH 2408 2639
10  SH 2480 2603
46
50  WV 2850 3138
30  SH 2964 2617
10  WV 3583 3135
47
50  SH 4632 2619
30  WV 4675 3175
10  SH 5171 2612
48
50  WV 5571 3153
30  SH 6956 2597
10  SH 7558 2625
49
50  WV 4422 3127
30  SH 4600 2640
10  WV 4728 3188
50
50  WV 4337 3169
51
50  WV 4218 3180
30  WV 4663 3143
10  SH 4738 2631
52
50  SH 3350 2613
30  WV 4388 3178
10  WV 4837 3134
53
50  WV 28353 1996
54
50  WV 9372 1991
30  SH 11370 1919
55
50  WV 16756 1993
30  SH 19413 1921
56
50  WV 16555 1994
58
50  SH 19108 1923
59
50  SH 13886 1924
61
50  WV 13737 1995
SCORE:WV,SH,2830,2120,71.0
