WV-SHC
1
50  SHC 8773 492
30  WV 9634 3126
10  SHC 10263 463
2
50  WV 9582 3183
30  SHC 10517 475
10  SHC 10644 539
3
50  WV 8547 3175
30  SHC 8951 533
10  SHC 9627 514
4
50  SHC 7872 552
30  WV 9062 3187
10  WV 10928 3153
5
50  SHC 8052 501
30  WV 8203 3127
10  WV 9550 3188
6
50  SHC 6757 549
30  WV 8053 3169
10  SHC 11721 476
7
50  SHC 7710 459
30  SHC 7723 479
10  WV 7778 3180
8
50  SHC 7306 502
30  SHC 7419 497
10  SHC 8186 450
9
50  WV 2925 3155
30  SHC 3479 481
10  SHC 3513 528
10
50  SHC 3037 565
30  SHC 3619 471
10  SHC 3666 534
11
50  WV 1953 3125
30  SHC 2143 564
10  SHC 2346 491
12
50  WV 2122 3186
30  WV 2162 3157
10  WV 2363 3171
13
50  SHC 3514 492
30  WV 3669 3126
10  SHC 3799 547
14
50  WV 3866 3137
30  WV 4043 3183
10  WV 4197 3128
15
50  WV 3300 3175
30  SHC 3479 533
10  SHC 3687 514
16
50  SHC 3036 552
30  SHC 3941 542
10  SHC 3990 525
17
50  SHC 7129 546
30  SHC 7729 478
10  WV 8916 3188
18
50  SHC 7143 493
30  WV 7144 3169
10  SHC 8607 488
19
50  SHC 6655 479
30  WV 6813 3180
10  SHC 6933 459
20
50  SHC 5949 490
30  SHC 6294 497
10  SHC 6959 450
21
50  SHC 2812 540
30  SHC 3757 481
10  WV 4028 3155
22
50  SHC 3253 565
30  SHC 3894 471
10  SHC 4737 534
23
50  SHC 2502 564
30  WV 2531 3125
10  SHC 2827 554
24
50  WV 2869 3157
30  SHC 2900 464
10  WV 3056 3136
25
50  SHC 2013 550
30  SHC 2044 513
10  SHC 2203 547
26
50  WV 2374 3128
30  WV 2384 3137
10  WV 2531 3135
27
50  WV 3719 3175
30  SHC 4386 533
10  SHC 4756 487
28
50  SHC 4765 451
30  SHC 5445 525
10  SHC 6153 456
29
50  SHC 3509 546
30  WV 3922 3127
10  WV 5481 3133
30
50  SHC 4305 493
30  SHC 4891 488
31
80  SHC 3706 558
40  SHC 3828 458
0  SHC 4017 489
32
80  SHC 3169 502
40  SHC 3619 526
0  WV 4203 3178
33
80  SHC 2923 554
40  WV 2975 3179
0  SHC 2977 491
34
80  WV 3246 3157
40  SHC 3849 511
0  WV 3944 3148
35
50  SHC 1906 463
30  WV 2047 3126
10  WV 2066 3164
36
50  WV 2003 3183
30  SHC 2075 537
10  SHC 2173 539
37
50  SHC 4158 514
30  SHC 4610 487
10  SHC 5393 477
38
50  SHC 3333 552
30  SHC 4793 525
10  WV 5762 3153
39
50  SHC 3290 501
30  WV 3641 3127
10  SHC 3653 546
40
50  SHC 2951 549
30  WV 3619 3169
10  SHC 3667 493
41
50  SHC 3356 459
30  SHC 3443 479
10  WV 4306 3163
42
50  SHC 2906 490
30  SHC 3016 502
10  WV 3808 3162
43
50  WV 3034 3125
30  SHC 3154 553
10  SHC 3207 469
44
50  WV 2947 3186
30  SHC 3788 464
10  WV 4212 3168
45
50  SHC 2141 550
30  WV 2325 3173
10  WV 2512 3154
46
50  SHC 2295 475
30  SHC 2475 539
10  WV 2850 3138
47
50  WV 4675 3175
30  WV 5353 3151
10  SHC 5463 482
48
50  SHC 5134 542
30  WV 5571 3153
10  SHC 5643 466
49
50  WV 4422 3127
30  SHC 4671 478
10  WV 4728 3188
50
50  SHC 3461 549
30  WV 4337 3169
10  SHC 5967 476
51
50  SHC 4114 458
30  WV 4218 3180
10  WV 4663 3143
52
50  SHC 3760 490
30  SHC 3804 497
10  SHC 4231 496
53
50  SHC 16298 1670
30  WV 28353 1996
54
50  WV 9372 1991
55
50  SHC 14927 1665
30  WV 16756 1993
56
50  WV 16555 1994
30  SHC 18851 1666
57
50  SHC 18766 1667
61
50  WV 13737 1995
SCORE:WV,SHC,1870,3310,-144.0
