WV-SD
1
50  WV 9634 3126
30  SD 10430 3496
10  WV 10830 3164
2
50  WV 9582 3183
30  WV 10834 3137
10  WV 12243 3138
3
50  WV 8547 3175
30  SD 9045 3497
10  SD 11452 3488
4
50  WV 9062 3187
30  SD 10282 3500
10  WV 10928 3153
5
50  WV 8203 3127
30  WV 9550 3188
10  SD 9879 3521
6
50  SD 7475 3498
30  WV 8053 3169
10  SD 9590 3480
7
50  WV 7778 3180
30  WV 8888 3143
10  SD 9537 3481
8
50  SD 8732 3501
30  WV 8844 3162
10  WV 9831 3172
9
50  WV 2925 3155
30  SD 3290 3514
10  SD 3633 3515
10
50  SD 2538 3513
30  SD 3182 3519
10  SD 3209 3512
11
50  WV 1953 3125
30  WV 2356 3184
10  WV 2358 3179
12
50  SD 1883 3478
30  WV 2122 3186
10  WV 2162 3157
13
50  WV 3669 3126
30  WV 4250 3154
10  WV 4362 3173
14
50  WV 3866 3137
30  WV 4043 3183
10  WV 4197 3128
15
50  WV 3300 3175
30  WV 4409 3151
10  WV 4619 3159
16
50  WV 4490 3153
30  SD 4600 3483
17
50  SD 8478 3521
30  WV 8916 3188
10  WV 9272 3174
18
50  SD 6208 3498
30  WV 7144 3169
19
50  WV 6813 3180
30  WV 8390 3142
10  WV 8453 3144
20
50  WV 7485 3178
30  WV 7778 3162
10  WV 8138 3172
21
50  SD 3746 3506
30  SD 3990 3515
10  WV 4028 3155
22
50  SD 3064 3513
30  SD 3569 3519
10  SD 4264 3512
23
50  WV 2531 3125
30  WV 3012 3184
10  WV 3021 3179
24
50  SD 2452 3478
30  SD 2613 3499
10  SD 2721 3509
25
50  SD 2087 3496
30  WV 2540 3173
10  WV 2931 3139
26
50  WV 2374 3128
30  WV 2384 3137
10  WV 2531 3135
27
50  WV 3719 3175
30  SD 4000 3497
10  SD 5826 3488
28
50  SD 4532 3500
30  SD 5972 3483
10  WV 7090 3150
29
50  WV 3922 3127
30  SD 4327 3521
10  SD 4726 3487
30
50  SD 4615 3480
31
80  WV 4296 3143
40  WV 4431 3144
0  SD 4613 3481
32
80  WV 4203 3178
40  WV 4375 3134
0  SD 4585 3501
33
80  WV 2975 3179
40  WV 4516 3160
0  WV 6890 3185
34
80  SD 2528 3478
40  SD 2935 3499
0  WV 3246 3157
35
50  WV 2047 3126
30  SD 2064 3496
10  WV 2066 3164
36
50  WV 2003 3183
30  SD 2477 3516
10  WV 2541 3135
37
50  SD 4327 3497
30  WV 5409 3151
10  WV 5656 3159
38
50  SD 5521 3500
30  WV 5762 3153
39
50  WV 3641 3127
30  WV 4318 3188
10  WV 4556 3174
40
50  WV 3619 3169
30  SD 4488 3480
41
50  WV 4306 3163
30  SD 4363 3481
10  WV 4394 3144
42
50  WV 3808 3162
30  SD 3970 3501
10  WV 4391 3134
43
50  WV 3034 3125
30  WV 3416 3184
10  SD 4865 3505
44
50  SD 2788 3478
30  WV 2947 3186
10  SD 3101 3499
45
50  WV 2325 3173
30  WV 2512 3154
10  SD 2541 3479
46
50  WV 2850 3138
30  SD 3234 3510
10  WV 3583 3135
47
50  WV 4675 3175
30  SD 4700 3497
10  WV 5353 3151
48
50  SD 5057 3500
30  WV 5571 3153
10  SD 6591 3483
49
50  WV 4422 3127
30  WV 4728 3188
10  SD 4806 3487
50
50  WV 4337 3169
30  SD 5284 3480
51
50  WV 4218 3180
30  WV 4663 3143
10  SD 5034 3481
52
50  SD 4000 3501
30  WV 4388 3178
10  SD 4808 3495
53
50  SD 15585 2067
30  WV 28353 1996
54
50  WV 9372 1991
30  SD 12488 2064
55
50  WV 16756 1993
30  SD 21624 2065
56
50  WV 16555 1994
30  SD 19897 2066
61
50  WV 13737 1995
SCORE:WV,SD,3200,1880,132.0
