WV-TVT
1
50  WV 9634 3126
30  WV 10830 3164
10  WV 10963 3154
2
50  WV 9582 3183
30  TVT 9773 1951
10  TVT 10577 1856
3
50  TVT 7662 1866
30  WV 8547 3175
10  TVT 8557 1845
4
50  WV 9062 3187
30  TVT 9433 1917
10  WV 10928 3153
5
50  TVT 7571 1867
30  WV 8203 3127
10  WV 9550 3188
6
50  TVT 7397 1888
30  TVT 7590 1911
10  WV 8053 3169
7
50  WV 7778 3180
30  WV 8888 3143
10  TVT 9332 1900
8
50  TVT 6297 1874
30  TVT 8188 1860
10  WV 8844 3162
9
50  WV 2925 3155
30  WV 4315 3166
10  TVT 4928 1875
10
50  TVT 3245 1950
30  TVT 3347 1908
10  WV 4763 3145
11
50  WV 1953 3125
30  TVT 2259 1952
10  TVT 2350 1890
12
50  TVT 2033 1946
30  WV 2122 3186
10  WV 2162 3157
13
50  WV 3669 3126
30  TVT 4097 1868
10  WV 4250 3154
14
50  WV 3866 3137
30  TVT 3875 1951
10  TVT 4012 1879
15
50  TVT 3063 1866
30  WV 3300 3175
10  TVT 3357 1845
16
50  TVT 4169 1880
30  WV 4490 3153
10  TVT 4566 1886
17
50  TVT 6991 1867
30  TVT 7376 1910
10  WV 8916 3188
18
50  TVT 6400 1911
30  TVT 6771 1888
10  WV 7144 3169
19
50  WV 6813 3180
30  TVT 8321 1900
10  WV 8390 3142
20
50  TVT 5377 1899
30  TVT 5753 1874
10  WV 7485 3178
21
50  WV 4028 3155
30  TVT 4982 1875
10  WV 4987 3166
22
50  TVT 3774 1908
30  TVT 4170 1950
10  WV 5456 3161
23
50  WV 2531 3125
30  TVT 2634 1892
10  TVT 2684 1952
24
50  TVT 2567 1946
30  WV 2869 3157
10  WV 3056 3136
25
50  WV 2540 3173
30  TVT 2553 1909
10  TVT 2657 1853
26
50  WV 2374 3128
30  WV 2384 3137
10  TVT 2397 1898
27
50  WV 3719 3175
30  TVT 4013 1845
10  TVT 4915 1859
28
50  TVT 5289 1880
30  WV 7090 3150
10  TVT 7253 1943
29
50  TVT 3845 1910
30  WV 3922 3127
10  WV 5481 3133
30
50  TVT 3535 1888
30  TVT 3733 1911
10  TVT 6939 1905
31
80  TVT 4059 1900
40  WV 4296 3143
0  WV 4431 3144
32
80  TVT 2849 1899
40  TVT 3656 1860
0  TVT 4069 1947
33
80  TVT 2840 1952
40  WV 2975 3179
0  TVT 3641 1890
34
80  TVT 2670 1946
40  WV 3246 3157
0  TVT 3389 1896
35
50  WV 2047 3126
30  WV 2066 3164
10  TVT 2166 1868
36
50  WV 2003 3183
30  TVT 2050 1856
10  TVT 2078 1951
37
50  TVT 3427 1866
30  TVT 4109 1913
10  TVT 4780 1916
38
50  TVT 4381 1917
30  WV 5762 3153
10  TVT 7064 1848
39
50  TVT 3496 1867
30  WV 3641 3127
10  WV 4318 3188
40
50  TVT 3217 1888
30  WV 3619 3169
41
50  WV 4306 3163
30  WV 4394 3144
42
50  TVT 2764 1899
30  TVT 2776 1874
10  TVT 3737 1889
43
50  WV 3034 3125
30  TVT 3133 1952
10  TVT 3244 1892
44
50  TVT 2528 1946
30  WV 2947 3186
10  TVT 3303 1896
45
50  WV 2325 3173
30  WV 2512 3154
10  TVT 2798 1853
46
50  TVT 2600 1856
30  TVT 2637 1907
10  TVT 2667 1879
47
50  TVT 4616 1913
30  WV 4675 3175
10  TVT 4678 1916
48
50  TVT 5013 1917
30  WV 5571 3153
10  TVT 5643 1886
49
50  TVT 4377 1910
30  WV 4422 3127
10  WV 4728 3188
50
50  TVT 3877 1911
30  WV 4337 3169
51
50  WV 4218 3180
30  WV 4663 3143
10  TVT 4934 1885
52
50  TVT 3306 1874
30  TVT 3969 1860
10  WV 4388 3178
53
50  TVT 16803 1828
30  WV 28353 1996
54
50  WV 9372 1991
30  TVT 12231 1815
55
50  WV 16756 1993
30  TVT 19785 1818
56
50  WV 16555 1994
30  TVT 17443 1820
57
50  TVT 14320 1822
58
50  TVT 17419 1825
59
50  TVT 15096 1826
61
50  TVT 13181 1827
30  WV 13737 1995
SCORE:WV,TVT,2240,3080,-84.0
