WV-WST
1
50  WST 9560 1393
30  WV 9634 3126
10  WST 10214 1445
2
50  WV 9582 3183
30  WST 10409 1384
10  WV 10834 3137
3
50  WV 8547 3175
30  WST 9201 1410
10  WST 9728 1391
4
50  WST 8631 1444
30  WV 9062 3187
10  WV 10928 3153
5
50  WST 7806 1401
30  WV 8203 3127
10  WST 8877 1387
6
50  WV 8053 3169
30  WST 9363 1376
10  WST 9634 1370
7
50  WV 7778 3180
30  WV 8888 3143
10  WST 9084 1399
8
50  WST 6800 1380
30  WST 8740 1463
10  WV 8844 3162
9
50  WV 2925 3155
30  WV 4315 3166
10  WST 5891 1427
10
50  WST 3581 1423
30  WST 3746 1405
10  WST 3935 1442
11
50  WV 1953 3125
30  WST 1954 1411
10  WST 2237 1389
12
50  WST 1846 1421
30  WV 2122 3186
10  WV 2162 3157
13
50  WV 3669 3126
30  WST 4119 1445
10  WST 4175 1366
14
50  WV 3866 3137
30  WST 3938 1384
10  WV 4043 3183
15
50  WV 3300 3175
30  WST 3622 1448
10  WST 3751 1410
16
50  WST 3387 1444
30  WV 4490 3153
10  WST 4944 1412
17
50  WST 7747 1425
30  WST 7844 1456
10  WST 8190 1436
18
50  WV 7144 3169
30  WST 7996 1370
10  WST 8036 1460
19
50  WV 6813 3180
30  WST 7150 1461
10  WST 7878 1399
20
50  WST 5963 1380
30  WV 7485 3178
10  WV 7778 3162
21
50  WV 4028 3155
30  WV 4987 3166
10  WV 6575 3156
22
50  WST 3468 1423
30  WST 4919 1405
10  WV 5456 3161
23
50  WV 2531 3125
30  WST 2557 1389
10  WST 2771 1404
24
50  WST 2217 1421
30  WV 2869 3157
10  WV 3056 3136
25
50  WST 2062 1393
30  WST 2282 1366
10  WST 2344 1379
26
50  WST 2282 1392
30  WV 2374 3128
10  WV 2384 3137
27
50  WV 3719 3175
30  WST 4415 1391
10  WST 4528 1410
28
50  WST 6243 1412
30  WV 7090 3150
10  WST 7391 1453
29
50  WST 3400 1401
30  WV 3922 3127
10  WST 3975 1387
30
50  WST 4352 1376
30  WST 4367 1369
31
80  WST 3713 1461
40  WST 4152 1399
0  WV 4296 3143
32
80  WST 4072 1463
40  WV 4203 3178
0  WV 4375 3134
33
80  WST 2529 1411
40  WST 2560 1389
0  WST 2919 1455
34
80  WST 2022 1421
40  WV 3246 3157
0  WV 3944 3148
35
50  WST 1716 1393
30  WV 2047 3126
10  WV 2066 3164
36
50  WV 2003 3183
30  WV 2541 3135
10  WV 2578 3128
37
50  WST 4690 1448
30  WST 4878 1375
10  WST 5105 1402
38
50  WST 4603 1444
30  WV 5762 3153
10  WST 6015 1412
39
50  WV 3641 3127
30  WST 3694 1387
10  WST 4081 1456
40
50  WV 3619 3169
30  WST 4535 1370
10  WST 4549 1369
41
50  WST 3744 1461
30  WV 4306 3163
10  WV 4394 3144
42
50  WST 2927 1380
30  WV 3808 3162
10  WV 4391 3134
43
50  WST 2528 1411
30  WV 3034 3125
10  WST 3299 1455
44
50  WV 2947 3186
30  WST 3463 1421
10  WST 3545 1388
45
50  WST 2255 1445
30  WV 2325 3173
10  WST 2335 1396
46
50  WST 2591 1392
30  WST 2789 1458
10  WV 2850 3138
47
50  WV 4675 3175
30  WST 4922 1409
10  WST 5107 1402
48
50  WST 4406 1444
30  WV 5571 3153
10  WST 7495 1453
49
50  WST 4372 1456
30  WV 4422 3127
10  WST 4502 1401
50
50  WV 4337 3169
30  WST 5246 1460
10  WST 5342 1369
51
50  WV 4218 3180
30  WST 4490 1399
10  WV 4663 3143
52
50  WST 4178 1463
30  WV 4388 3178
10  WV 4837 3134
53
50  WST 18453 1763
30  WV 28353 1996
54
50  WST 8588 1752
30  WV 9372 1991
55
50  WV 16756 1993
30  WST 16994 1755
56
50  WV 16555 1994
57
50  WST 15310 1758
59
50  WST 13947 1760
60
50  WST 14387 1761
61
50  WV 13737 1995
30  WST 15394 1762
SCORE:WV,WST,2200,3110,-91.0
