WV-WH
1
50  WV 9634 3126
30  WH 9640 1193
10  WV 10830 3164
2
50  WV 9582 3183
30  WH 10577 1271
10  WV 10834 3137
3
50  WH 8247 1194
30  WV 8547 3175
10  WH 9784 1222
4
50  WV 9062 3187
30  WH 9193 1192
10  WV 10928 3153
5
50  WH 7892 1191
30  WV 8203 3127
10  WH 9129 1190
6
50  WV 8053 3169
30  WH 10114 1226
10  WH 10162 1274
7
50  WV 7778 3180
30  WH 8651 1276
10  WV 8888 3143
8
50  WH 8286 1280
30  WH 8650 1198
10  WV 8844 3162
9
50  WV 2925 3155
30  WH 3735 1229
10  WV 4315 3166
10
50  WH 4124 1181
30  WV 4763 3145
10  WH 4823 1257
11
50  WV 1953 3125
30  WH 2018 1188
10  WH 2124 1236
12
50  WV 2122 3186
30  WV 2162 3157
10  WV 2363 3171
13
50  WV 3669 3126
30  WV 4250 3154
10  WV 4362 3173
14
50  WV 3866 3137
30  WH 4037 1228
10  WV 4043 3183
15
50  WV 3300 3175
30  WH 3344 1194
10  WH 3856 1222
16
50  WH 3582 1197
30  WH 3814 1205
10  WH 3817 1217
17
50  WH 7845 1178
30  WH 8026 1224
10  WH 8275 1190
18
50  WH 6598 1277
30  WV 7144 3169
10  WH 8628 1206
19
50  WV 6813 3180
30  WH 6868 1187
10  WH 7183 1240
20
50  WH 6743 1246
30  WH 7183 1247
10  WV 7485 3178
21
50  WV 4028 3155
30  WV 4987 3166
10  WH 5483 1229
22
50  WV 5456 3161
30  WV 9569 3145
10  WV 16103 3149
23
50  WV 2531 3125
30  WH 2603 1188
10  WH 2802 1236
24
50  WV 2869 3157
30  WV 3056 3136
10  WV 3065 3186
25
50  WH 2213 1193
30  WH 2308 1245
10  WV 2540 3173
26
50  WH 2321 1271
30  WV 2374 3128
10  WV 2384 3137
27
50  WV 3719 3175
30  WH 3950 1194
10  WH 5243 1195
28
50  WH 4251 1192
30  WH 4716 1197
10  WH 5074 1205
29
50  WH 3513 1191
30  WV 3922 3127
10  WH 4098 1178
30
50  WH 3788 1277
30  WH 4543 1226
10  WH 5338 1261
31
80  WH 3613 1240
40  WH 3877 1187
0  WV 4296 3143
32
80  WH 3597 1247
40  WH 3989 1183
0  WH 4195 1198
33
80  WV 2975 3179
40  WV 4516 3160
0  WV 6890 3185
34
80  WV 3246 3157
40  WV 3944 3148
0  WV 3975 3168
35
50  WV 2047 3126
30  WV 2066 3164
10  WH 2132 1245
36
50  WH 1815 1189
30  WV 2003 3183
10  WH 2148 1228
37
50  WH 4920 1176
30  WV 5409 3151
10  WH 5609 1201
38
50  WH 4260 1192
30  WH 4851 1221
10  WH 4959 1186
39
50  WH 3611 1191
30  WV 3641 3127
10  WV 4318 3188
40
50  WV 3619 3169
30  WH 4022 1274
41
50  WH 3517 1187
30  WH 3852 1276
10  WV 4306 3163
42
50  WH 3502 1280
30  WH 3724 1198
10  WV 3808 3162
43
50  WV 3034 3125
30  WH 3268 1188
10  WV 3416 3184
44
50  WV 2947 3186
30  WV 4212 3168
45
50  WV 2325 3173
30  WH 2335 1193
10  WV 2512 3154
46
50  WH 2147 1271
30  WH 2444 1189
10  WV 2850 3138
47
50  WV 4675 3175
30  WH 5269 1195
10  WH 5319 1176
48
50  WH 5403 1197
30  WV 5571 3153
10  WH 5668 1179
49
50  WH 4345 1220
30  WV 4422 3127
10  WH 4565 1178
50
50  WH 3827 1277
30  WV 4337 3169
10  WH 4859 1206
51
50  WV 4218 3180
30  WH 4341 1240
10  WV 4663 3143
52
50  WH 4106 1280
30  WH 4311 1247
10  WH 4359 1182
53
50  WH 24955 1733
30  WV 28353 1996
54
50  WV 9372 1991
30  WH 11963 1734
55
50  WV 16756 1993
30  WH 28845 1735
56
50  WV 16555 1994
30  WH 27833 1736
57
50  WH 23321 1737
58
50  WH 21021 1738
61
50  WV 13737 1995
30  WH 15727 1739
SCORE:WV,WH,2450,2830,-38.0
