WV-WAW
1
50  WAW 9200 1022
30  WV 9634 3126
10  WV 10830 3164
2
50  WAW 8528 1033
30  WV 9582 3183
10  WAW 10693 964
3
50  WV 8547 3175
30  WAW 9045 931
10  WAW 9818 950
4
50  WAW 7781 940
30  WV 9062 3187
10  WV 10928 3153
5
50  WAW 7833 908
30  WV 8203 3127
10  WAW 8719 1004
6
50  WAW 6684 904
30  WAW 7572 1032
10  WV 8053 3169
7
50  WAW 7606 975
30  WV 7778 3180
10  WV 8888 3143
8
50  WAW 6267 1012
30  WAW 7387 1026
10  WAW 7867 968
9
50  WAW 2516 959
30  WV 2925 3155
10  WAW 4256 933
10
50  WAW 2569 916
30  WAW 3534 947
10  WAW 4040 932
11
50  WAW 1876 1021
30  WV 1953 3125
10  WV 2356 3184
12
50  WAW 2056 961
30  WV 2122 3186
10  WV 2162 3157
13
50  WAW 3626 939
30  WV 3669 3126
10  WV 4250 3154
14
50  WV 3866 3137
30  WAW 3897 964
10  WV 4043 3183
15
50  WAW 3166 938
30  WV 3300 3175
10  WAW 4014 950
16
50  WAW 4262 998
30  WV 4490 3153
10  WAW 6797 993
17
50  WAW 7038 929
30  WAW 7763 909
10  WAW 8048 1023
18
50  WAW 6524 1030
30  WV 7144 3169
10  WAW 7990 943
19
50  WV 6813 3180
30  WAW 7012 975
10  WV 8390 3142
20
50  WAW 6546 1026
30  WAW 7147 948
10  WAW 7310 937
21
50  WAW 3312 959
30  WV 4028 3155
10  WV 4987 3166
22
50  WAW 3255 916
30  WAW 3816 947
10  WV 5456 3161
23
50  WAW 2516 1021
30  WV 2531 3125
10  WV 3012 3184
24
50  WAW 2659 902
30  WV 2869 3157
10  WAW 2953 956
25
50  WAW 2369 906
30  WV 2540 3173
10  WAW 2753 955
26
50  WAW 1809 915
30  WAW 2300 996
10  WAW 2371 926
27
50  WV 3719 3175
30  WAW 4452 918
10  WAW 5397 1013
28
50  WAW 3533 940
30  WV 7090 3150
10  WAW 8559 993
29
50  WAW 3721 929
30  WV 3922 3127
10  WV 5481 3133
30
50  WAW 3430 1030
30  WAW 5037 1010
31
80  WV 4296 3143
40  WV 4431 3144
0  WV 4956 3163
32
80  WAW 3298 976
40  WAW 3409 948
0  WAW 3836 937
33
80  WV 2975 3179
40  WV 4516 3160
0  WV 6890 3185
34
80  WV 3246 3157
40  WV 3944 3148
0  WV 3975 3168
35
50  WV 2047 3126
30  WV 2066 3164
10  WAW 2463 906
36
50  WAW 1765 915
30  WV 2003 3183
10  WAW 2451 1031
37
50  WAW 3497 938
30  WAW 4319 970
10  WV 5409 3151
38
50  WAW 3681 940
30  WV 5762 3153
10  WAW 5851 998
39
50  WV 3641 3127
30  WAW 3972 1004
10  WV 4318 3188
40
50  WAW 2938 904
30  WV 3619 3169
10  WAW 4697 951
41
50  WAW 3582 971
30  WV 4306 3163
10  WV 4394 3144
42
50  WAW 2976 976
30  WAW 3246 1026
10  WAW 3267 968
43
50  WAW 2456 1021
30  WV 3034 3125
10  WV 3416 3184
44
50  WV 2947 3186
30  WAW 3223 902
10  WAW 4112 945
45
50  WAW 2035 1022
30  WAW 2119 939
10  WV 2325 3173
46
50  WAW 1937 1033
30  WAW 2572 912
10  WV 2850 3138
47
50  WAW 4628 931
30  WV 4675 3175
10  WAW 4840 950
48
50  WV 5571 3153
30  WAW 5776 998
10  WV 8066 3150
49
50  WAW 4032 908
30  WV 4422 3127
10  WAW 4501 909
50
50  WAW 3637 1032
30  WV 4337 3169
10  WAW 4833 943
51
50  WAW 3975 971
30  WV 4218 3180
10  WV 4663 3143
52
50  WAW 3347 1012
30  WAW 3827 948
10  WV 4388 3178
53
50  WAW 14403 1722
30  WV 28353 1996
54
50  WV 9372 1991
30  WAW 9827 1709
55
50  WAW 16351 1711
30  WV 16756 1993
56
50  WAW 15537 1713
30  WV 16555 1994
57
50  WAW 14803 1715
58
50  WAW 30791 1717
59
50  WAW 13606 1718
60
50  WAW 11946 1720
61
50  WAW 11575 1721
30  WV 13737 1995
SCORE:WV,WAW,1990,3400,-141.0
