WV-WCSC
1
50  WCSC 8690 844
30  WCSC 9353 884
10  WV 9634 3126
2
50  WV 9582 3183
30  WV 10834 3137
10  WCSC 10839 784
3
50  WCSC 7943 800
30  WV 8547 3175
10  WCSC 8633 883
4
50  WCSC 8409 810
30  WV 9062 3187
10  WCSC 9688 775
5
50  WCSC 7784 895
30  WV 8203 3127
10  WV 9550 3188
6
50  WCSC 7896 776
30  WV 8053 3169
10  WCSC 8833 821
7
50  WV 7778 3180
30  WV 8888 3143
10  WCSC 8963 860
8
50  WCSC 7650 843
30  WCSC 7728 787
10  WV 8844 3162
9
50  WV 2925 3155
30  WCSC 3175 869
10  WCSC 3328 872
10
50  WCSC 3536 830
30  WCSC 3673 786
10  WV 4763 3145
11
50  WCSC 1889 855
30  WV 1953 3125
10  WCSC 2129 826
12
50  WCSC 1740 870
30  WCSC 1904 877
10  WCSC 2085 857
13
50  WV 3669 3126
30  WCSC 3738 871
10  WCSC 3787 884
14
50  WV 3866 3137
30  WV 4043 3183
10  WCSC 4129 831
15
50  WCSC 3219 896
30  WV 3300 3175
10  WCSC 3312 840
16
50  WCSC 3434 775
30  WCSC 3517 863
10  WCSC 3730 847
17
50  WCSC 7082 859
30  WCSC 7348 845
10  WCSC 8671 828
18
50  WCSC 6674 798
30  WCSC 6843 776
10  WV 7144 3169
19
50  WV 6813 3180
30  WCSC 7938 860
10  WCSC 7996 881
20
50  WCSC 6297 843
30  WCSC 7173 864
10  WCSC 7327 790
21
50  WCSC 3090 869
30  WV 4028 3155
10  WCSC 4438 872
22
50  WCSC 4634 830
30  WCSC 5263 777
10  WCSC 5283 822
23
50  WCSC 2098 817
30  WV 2531 3125
10  WCSC 2637 898
24
50  WCSC 1929 801
30  WCSC 2358 877
10  WCSC 2809 857
25
50  WCSC 2043 816
30  WCSC 2299 839
10  WCSC 2317 805
26
50  WCSC 2111 784
30  WV 2374 3128
10  WV 2384 3137
27
50  WV 3719 3175
30  WCSC 3813 800
10  WCSC 5066 820
28
50  WCSC 4178 810
30  WCSC 5603 847
10  WCSC 6144 849
29
50  WCSC 3500 895
30  WV 3922 3127
10  WCSC 4621 858
30
50  WCSC 3909 821
30  WCSC 4312 791
10  WCSC 4536 880
31
80  WCSC 3840 803
40  WV 4296 3143
0  WCSC 4301 835
32
80  WCSC 3606 864
40  WV 4203 3178
0  WV 4375 3134
33
80  WCSC 2225 826
40  WCSC 2500 817
0  WV 2975 3179
34
80  WCSC 2223 877
40  WCSC 2855 857
0  WV 3246 3157
35
50  WCSC 1938 871
30  WV 2047 3126
10  WV 2066 3164
36
50  WV 2003 3183
30  WCSC 2122 876
10  WV 2541 3135
37
50  WCSC 3982 840
30  WV 5409 3151
10  WV 5656 3159
38
50  WCSC 4317 863
30  WCSC 4653 775
10  WV 5762 3153
39
50  WCSC 3434 859
30  WV 3641 3127
10  WCSC 4315 828
40
50  WCSC 3463 798
30  WV 3619 3169
10  WCSC 4046 880
41
50  WCSC 3803 803
30  WCSC 3928 900
10  WV 4306 3163
42
50  WCSC 3134 787
30  WCSC 3376 790
10  WV 3808 3162
43
50  WCSC 2682 855
30  WCSC 3027 826
10  WV 3034 3125
44
50  WCSC 2112 801
30  WCSC 2583 870
10  WV 2947 3186
45
50  WCSC 2151 844
30  WV 2325 3173
10  WV 2512 3154
46
50  WCSC 2403 831
30  WV 2850 3138
10  WV 3583 3135
47
50  WCSC 4162 896
30  WV 4675 3175
10  WV 5353 3151
48
50  WCSC 4555 810
30  WV 5571 3153
10  WV 8066 3150
49
50  WV 4422 3127
30  WCSC 4656 845
10  WV 4728 3188
50
50  WCSC 4113 776
30  WV 4337 3169
10  WCSC 4549 798
51
50  WV 4218 3180
30  WCSC 4467 860
10  WV 4663 3143
52
50  WCSC 3963 864
30  WV 4388 3178
10  WV 4837 3134
53
50  WCSC 16033 1707
30  WV 28353 1996
54
50  WCSC 7650 1692
30  WV 9372 1991
55
50  WCSC 16081 1695
30  WV 16756 1993
56
50  WV 16555 1994
30  WCSC 17798 1697
57
50  WCSC 13322 1699
58
50  WCSC 18199 1702
59
50  WCSC 13190 1703
60
50  WCSC 15089 1704
61
50  WCSC 12596 1705
30  WV 13737 1995
SCORE:WV,WCSC,1650,3750,-210.0
