WV-WRC
1
50  WV 9634 3126
30  WRC 10759 2171
10  WV 10830 3164
2
50  WV 9582 3183
30  WRC 10377 2161
10  WV 10834 3137
3
50  WRC 8371 2156
30  WV 8547 3175
10  WRC 9470 2151
4
50  WV 9062 3187
30  WRC 10200 2180
10  WV 10928 3153
5
50  WRC 8003 2147
30  WV 8203 3127
10  WV 9550 3188
6
50  WRC 7619 2174
30  WV 8053 3169
7
50  WV 7778 3180
30  WRC 8182 2146
10  WRC 8594 2169
8
50  WRC 7292 2182
30  WRC 7447 2177
10  WRC 8320 2193
9
50  WV 2925 3155
30  WRC 3100 2162
10  WV 4315 3166
10
50  WRC 3732 2165
30  WV 4763 3145
10  WRC 6075 2168
11
50  WRC 1881 2176
30  WV 1953 3125
10  WRC 1968 2196
12
50  WV 2122 3186
30  WV 2162 3157
10  WRC 2313 2150
13
50  WV 3669 3126
30  WRC 3889 2175
10  WV 4250 3154
14
50  WV 3866 3137
30  WV 4043 3183
10  WV 4197 3128
15
50  WV 3300 3175
30  WRC 3553 2167
10  WRC 3638 2151
16
50  WRC 4440 2188
30  WV 4490 3153
17
50  WRC 6896 2147
30  WRC 7375 2153
10  WRC 7397 2178
18
50  WRC 6674 2174
30  WV 7144 3169
10  WRC 7522 2189
19
50  WRC 6727 2145
30  WV 6813 3180
10  WRC 7127 2146
20
50  WRC 6001 2181
30  WRC 6272 2182
10  WRC 7393 2157
21
50  WRC 3722 2162
30  WV 4028 3155
10  WV 4987 3166
22
50  WRC 4550 2165
30  WV 5456 3161
10  WV 9569 3145
23
50  WRC 2194 2196
30  WV 2531 3125
10  WV 3012 3184
24
50  WV 2869 3157
30  WV 3056 3136
10  WV 3065 3186
25
50  WRC 2256 2171
30  WV 2540 3173
10  WRC 2677 2164
26
50  WRC 2103 2161
30  WRC 2347 2191
10  WV 2374 3128
27
50  WV 3719 3175
30  WRC 4144 2151
10  WRC 4376 2167
28
50  WRC 5894 2188
30  WV 7090 3150
29
50  WRC 3476 2178
30  WV 3922 3127
10  WRC 4006 2153
30
50  WRC 3546 2174
30  WRC 4187 2189
31
80  WRC 3850 2146
40  WRC 4171 2169
0  WV 4296 3143
32
80  WRC 3201 2181
40  WRC 3499 2177
0  WRC 3783 2193
33
80  WRC 2358 2196
40  WRC 2458 2176
0  WV 2975 3179
34
80  WV 3246 3157
40  WV 3944 3148
0  WV 3975 3168
35
50  WRC 1814 2175
30  WV 2047 3126
10  WV 2066 3164
36
50  WV 2003 3183
30  WRC 2018 2161
10  WRC 2403 2191
37
50  WRC 3987 2156
30  WRC 4400 2167
10  WRC 4733 2152
38
50  WV 5762 3153
39
50  WRC 3559 2178
30  WV 3641 3127
10  WRC 3650 2153
40
50  WRC 3512 2174
30  WV 3619 3169
10  WRC 4271 2189
41
50  WRC 3456 2145
30  WRC 3719 2169
10  WV 4306 3163
42
50  WRC 3052 2182
30  WRC 3094 2181
10  WRC 3489 2170
43
50  WRC 2683 2176
30  WV 3034 3125
10  WRC 3264 2184
44
50  WV 2947 3186
30  WV 4212 3168
45
50  WV 2325 3173
30  WV 2512 3154
10  WRC 2627 2171
46
50  WRC 2445 2161
30  WRC 2487 2191
10  WV 2850 3138
47
50  WRC 4069 2156
30  WV 4675 3175
10  WV 5353 3151
48
50  WRC 4896 2188
30  WV 5571 3153
10  WV 8066 3150
49
50  WRC 4226 2147
30  WV 4422 3127
10  WV 4728 3188
50
50  WRC 4032 2189
30  WV 4337 3169
51
50  WRC 3802 2145
30  WV 4218 3180
10  WRC 4565 2169
52
50  WRC 3662 2177
30  WRC 3976 2173
10  WRC 4022 2170
53
50  WV 28353 1996
54
50  WRC 9339 1855
30  WV 9372 1991
55
50  WV 16756 1993
30  WRC 20388 1858
56
50  WV 16555 1994
57
50  WRC 14518 1859
59
50  WRC 13206 1860
61
50  WRC 13246 1861
30  WV 13737 1995
SCORE:WV,WRC,2100,3040,-94.0
