WV-WW
1
50  WW 9347 1645
30  WV 9634 3126
10  WV 10830 3164
2
50  WV 9582 3183
30  WV 10834 3137
10  WW 11716 1597
3
50  WV 8547 3175
30  WW 9519 1584
10  WW 9887 1634
4
50  WV 9062 3187
30  WW 10807 1577
10  WV 10928 3153
5
50  WW 8091 1544
30  WV 8203 3127
10  WW 8587 1626
6
50  WW 7547 1643
30  WV 8053 3169
10  WW 9959 1576
7
50  WV 7778 3180
30  WW 7781 1616
10  WV 8888 3143
8
50  WW 6700 1585
30  WW 7888 1550
10  WW 7994 1627
9
50  WV 2925 3155
30  WW 3607 1555
10  WV 4315 3166
10
50  WW 2803 1591
30  WW 4153 1615
10  WW 4281 1593
11
50  WV 1953 3125
30  WW 1959 1580
10  WW 2100 1573
12
50  WV 2122 3186
30  WV 2162 3157
10  WW 2186 1619
13
50  WV 3669 3126
30  WW 3890 1589
10  WV 4250 3154
14
50  WV 3866 3137
30  WV 4043 3183
10  WW 4059 1552
15
50  WW 3228 1625
30  WV 3300 3175
10  WW 3729 1584
16
50  WW 3762 1605
30  WW 4147 1587
10  WW 4232 1564
17
50  WW 6844 1581
30  WW 6869 1618
10  WV 8916 3188
18
50  WW 7106 1583
30  WV 7144 3169
10  WW 9689 1607
19
50  WW 6303 1551
30  WV 6813 3180
10  WW 7506 1562
20
50  WW 6309 1582
30  WW 6444 1565
10  WW 7222 1627
21
50  WV 4028 3155
30  WW 4309 1555
10  WV 4987 3166
22
50  WW 5181 1591
30  WV 5456 3161
10  WW 5769 1615
23
50  WW 2472 1580
30  WV 2531 3125
10  WV 3012 3184
24
50  WV 2869 3157
30  WW 3006 1635
10  WV 3056 3136
25
50  WW 2100 1645
30  WW 2475 1589
10  WW 2518 1598
26
50  WV 2374 3128
30  WV 2384 3137
10  WW 2428 1569
27
50  WV 3719 3175
30  WW 4756 1634
10  WW 5269 1578
28
50  WW 4644 1605
30  WW 5342 1577
10  WW 5388 1564
29
50  WW 3622 1618
30  WW 3709 1595
10  WV 3922 3127
30
50  WW 3488 1643
30  WW 3675 1583
10  WW 5000 1576
31
80  WW 3531 1551
40  WW 3584 1616
0  WW 4031 1640
32
80  WW 3043 1585
40  WW 3605 1582
0  WW 3766 1565
33
80  WW 2604 1573
40  WV 2975 3179
0  WW 3637 1621
34
80  WV 3246 3157
40  WW 3675 1635
0  WV 3944 3148
35
50  WW 1864 1645
30  WV 2047 3126
10  WV 2066 3164
36
50  WV 2003 3183
30  WW 2463 1639
10  WV 2541 3135
37
50  WW 3816 1625
30  WW 3966 1572
10  WW 4694 1543
38
50  WW 4303 1636
30  WW 5550 1577
10  WV 5762 3153
39
50  WW 3473 1618
30  WW 3593 1581
10  WV 3641 3127
40
50  WW 3459 1643
30  WV 3619 3169
10  WW 4190 1576
41
50  WW 3331 1616
30  WW 3788 1640
10  WW 3844 1562
42
50  WW 2879 1585
30  WW 3316 1565
10  WW 3472 1550
43
50  WW 2591 1573
30  WV 3034 3125
10  WW 3260 1601
44
50  WV 2947 3186
30  WW 3581 1620
10  WV 4212 3168
45
50  WV 2325 3173
30  WW 2350 1589
10  WW 2469 1638
46
50  WW 2640 1552
30  WW 2721 1629
10  WV 2850 3138
47
50  WW 4207 1625
30  WW 4327 1572
10  WW 4363 1584
48
50  WW 4466 1636
30  WW 5481 1605
10  WV 5571 3153
49
50  WW 3978 1544
30  WW 4063 1581
10  WV 4422 3127
50
50  WW 4181 1583
30  WV 4337 3169
51
50  WW 3768 1551
30  WV 4218 3180
10  WW 4440 1596
52
50  WW 3665 1608
30  WW 3700 1582
10  WW 3838 1550
53
50  WW 11534 1795
30  WV 28353 1996
54
50  WV 9372 1991
30  WW 9416 1776
55
50  WV 16756 1993
30  WW 17160 1779
56
50  WV 16555 1994
30  WW 18144 1782
57
50  WW 14228 1784
58
50  WW 20981 1788
59
50  WW 12400 1789
60
50  WW 13835 1791
61
50  WW 11479 1792
30  WV 13737 1995
SCORE:WV,WW,1820,3570,-175.0
