WW-AND
1
50  WW 9347 1645
30  AND 9931 1090
10  AND 10053 1040
2
50  WW 11716 1597
30  WW 12762 1592
10  WW 14049 1606
3
50  AND 8533 1041
30  WW 9519 1584
10  AND 9628 1059
4
50  AND 8178 1089
30  AND 8422 1120
10  WW 10807 1577
5
50  AND 7363 1095
30  WW 8091 1544
10  WW 8587 1626
6
50  WW 7547 1643
30  AND 8681 1127
10  AND 8847 1045
7
50  WW 7781 1616
30  AND 7909 1094
10  WW 9163 1640
8
50  WW 6700 1585
30  WW 7888 1550
10  WW 7994 1627
9
50  WW 3607 1555
30  AND 4037 1072
10  AND 4153 1046
10
50  WW 2803 1591
30  AND 3468 1139
10  WW 4153 1615
11
50  WW 1959 1580
30  WW 2100 1573
10  AND 2150 1034
12
50  WW 2186 1619
30  AND 2387 1066
10  WW 2438 1561
13
50  AND 3820 1054
30  AND 3843 1107
10  WW 3890 1589
14
50  WW 4059 1552
30  AND 4141 1080
10  WW 4381 1569
15
50  WW 3228 1625
30  AND 3380 1122
10  AND 3537 1059
16
50  AND 3513 1079
30  WW 3762 1605
10  AND 3896 1053
17
50  AND 6284 1121
30  AND 6286 1095
10  WW 6844 1581
18
50  WW 7106 1583
30  AND 7423 1127
10  AND 8120 1100
19
50  WW 6303 1551
30  AND 7168 1108
10  AND 7177 1137
20
50  AND 5943 1125
30  WW 6309 1582
10  WW 6444 1565
21
50  WW 4309 1555
30  AND 4686 1072
10  AND 4868 1174
22
50  AND 4911 1139
30  AND 4974 1143
10  WW 5181 1591
23
50  WW 2472 1580
30  AND 2751 1034
10  AND 3269 1109
24
50  AND 2843 1066
30  WW 3006 1635
10  WW 3325 1619
25
50  AND 2055 1044
30  WW 2100 1645
10  AND 2282 1171
26
50  WW 2428 1569
30  AND 2596 1035
10  WW 2609 1623
27
50  AND 3713 1122
30  AND 4077 1041
10  WW 4756 1634
28
50  AND 3865 1120
30  WW 4644 1605
10  AND 4801 1053
29
50  WW 3622 1618
30  WW 3709 1595
10  AND 3901 1068
30
50  WW 3488 1643
30  WW 3675 1583
10  AND 4322 1127
31
80  WW 3531 1551
40  WW 3584 1616
0  AND 3907 1108
32
80  WW 3043 1585
40  AND 3183 1125
0  WW 3605 1582
33
80  WW 2604 1573
40  AND 3553 1105
0  WW 3637 1621
34
80  WW 3675 1635
35
50  WW 1864 1645
30  AND 1935 1090
10  AND 1953 1040
36
50  AND 2289 1035
30  WW 2463 1639
10  WW 2991 1623
37
50  WW 3816 1625
30  AND 3932 1122
10  AND 3956 1059
38
50  AND 3591 1089
30  AND 3613 1120
10  WW 4303 1636
39
50  AND 3193 1121
30  AND 3229 1095
10  WW 3473 1618
40
50  WW 3459 1643
30  AND 3823 1045
10  WW 4190 1576
41
50  WW 3331 1616
30  AND 3548 1137
10  WW 3788 1640
42
50  WW 2879 1585
30  WW 3316 1565
10  WW 3472 1550
43
50  WW 2591 1573
30  AND 3225 1034
10  WW 3260 1601
44
50  WW 3581 1620
30  WW 7800 1593
45
50  AND 2051 1044
30  WW 2350 1589
10  WW 2469 1638
46
50  AND 2599 1077
30  WW 2640 1552
10  WW 2721 1629
47
50  WW 4207 1625
30  AND 4259 1041
10  WW 4327 1572
48
50  AND 4420 1089
30  WW 4466 1636
10  AND 5038 1079
49
50  WW 3978 1544
30  AND 4009 1121
10  WW 4063 1581
50
50  WW 4181 1583
30  AND 4404 1081
10  AND 4473 1045
51
50  WW 3768 1551
30  AND 4211 1094
10  AND 4288 1108
52
50  WW 3665 1608
30  WW 3700 1582
10  WW 3838 1550
53
50  WW 11534 1795
54
50  WW 9416 1776
30  AND 11193 1724
55
50  AND 16214 1726
30  WW 17160 1779
56
50  WW 18144 1782
30  AND 19643 1728
57
50  WW 14228 1784
30  AND 20541 1729
58
50  WW 20981 1788
59
50  WW 12400 1789
30  AND 14394 1731
60
50  WW 13835 1791
61
50  WW 11479 1792
30  AND 12242 1732
SCORE:WW,AND,3130,2250,88.0
