WW-CH
1
50  WW 9347 1645
30  CH 9387 3108
10  CH 9994 3070
2
50  WW 11716 1597
30  WW 12762 1592
10  CH 13943 3123
3
50  CH 8038 3083
30  WW 9519 1584
10  WW 9887 1634
4
50  CH 10107 3111
30  CH 10791 3081
10  WW 10807 1577
5
50  WW 8091 1544
30  CH 8338 3086
10  WW 8587 1626
6
50  WW 7547 1643
30  CH 8290 3085
10  WW 9959 1576
7
50  WW 7781 1616
30  WW 9163 1640
8
50  WW 6700 1585
30  WW 7888 1550
10  WW 7994 1627
9
50  CH 2656 3080
30  CH 3053 3062
10  CH 3434 3118
10
50  CH 2587 3076
30  WW 2803 1591
10  CH 3566 3067
11
50  WW 1959 1580
30  WW 2100 1573
10  CH 2405 3069
12
50  CH 2153 3119
30  WW 2186 1619
10  WW 2438 1561
13
50  CH 3818 3108
30  CH 3875 3070
10  WW 3890 1589
14
50  WW 4059 1552
30  WW 4381 1569
10  WW 4538 1623
15
50  WW 3228 1625
30  CH 3274 3083
10  WW 3729 1584
16
50  WW 3762 1605
30  CH 4012 3111
10  CH 4029 3081
17
50  WW 6844 1581
30  WW 6869 1618
10  CH 7585 3086
18
50  WW 7106 1583
30  CH 7168 3085
10  CH 9206 3095
19
50  WW 6303 1551
30  WW 7506 1562
10  WW 10972 1558
20
50  WW 6309 1582
30  WW 6444 1565
10  WW 7222 1627
21
50  CH 3358 3062
30  CH 3632 3080
10  WW 4309 1555
22
50  CH 4122 3076
30  WW 5181 1591
10  WW 5769 1615
23
50  WW 2472 1580
30  CH 2922 3120
10  CH 3278 3093
24
50  WW 3006 1635
30  CH 3088 3119
10  WW 3325 1619
25
50  WW 2100 1645
30  CH 2178 3108
10  CH 2381 3121
26
50  WW 2428 1569
30  CH 2538 3087
10  WW 2609 1623
27
50  CH 3922 3083
30  WW 4756 1634
10  CH 5050 3088
28
50  WW 4644 1605
30  CH 4947 3073
10  CH 4950 3111
29
50  CH 3618 3086
30  WW 3622 1618
10  WW 3709 1595
30
50  WW 3488 1643
30  WW 3675 1583
10  WW 5000 1576
31
80  WW 3531 1551
40  WW 3584 1616
0  WW 4031 1640
32
80  WW 3043 1585
40  WW 3605 1582
0  WW 3766 1565
33
80  WW 2604 1573
40  CH 3087 3069
0  WW 3637 1621
34
80  CH 2778 3119
40  WW 3675 1635
35
50  WW 1864 1645
30  CH 1913 3066
10  CH 1999 3108
36
50  WW 2463 1639
30  WW 2991 1623
10  WW 3288 1592
37
50  WW 3816 1625
30  CH 3868 3083
10  WW 3966 1572
38
50  WW 4303 1636
30  WW 5550 1577
10  CH 5581 3111
39
50  WW 3473 1618
30  CH 3546 3086
10  WW 3593 1581
40
50  WW 3459 1643
30  CH 4072 3085
10  WW 4190 1576
41
50  WW 3331 1616
30  WW 3788 1640
10  WW 3844 1562
42
50  WW 2879 1585
30  WW 3316 1565
10  WW 3472 1550
43
50  WW 2591 1573
30  WW 3260 1601
10  WW 3675 1621
44
50  WW 3581 1620
30  CH 4025 3119
10  WW 7800 1593
45
50  WW 2350 1589
30  CH 2458 3070
10  WW 2469 1638
46
50  WW 2640 1552
30  WW 2721 1629
10  WW 3502 1606
47
50  WW 4207 1625
30  WW 4327 1572
10  WW 4363 1584
48
50  WW 4466 1636
30  WW 5481 1605
10  WW 6525 1628
49
50  WW 3978 1544
30  WW 4063 1581
10  WW 4550 1637
50
50  WW 4181 1583
30  CH 5263 3095
10  CH 7240 3059
51
50  WW 3768 1551
30  WW 4440 1596
10  WW 6650 1558
52
50  WW 3665 1608
30  WW 3700 1582
10  WW 3838 1550
53
50  WW 11534 1795
30  CH 14214 1989
54
50  WW 9416 1776
30  CH 12912 1982
55
50  WW 17160 1779
30  CH 17409 1984
56
50  WW 18144 1782
30  CH 25353 1985
57
50  WW 14228 1784
30  CH 18681 1986
58
50  WW 20981 1788
30  CH 21965 1987
59
50  WW 12400 1789
60
50  WW 13835 1791
30  CH 15906 1988
61
50  WW 11479 1792
SCORE:WW,CH,3810,1640,217.0
