WW-CC
1
50  WW 9347 1645
30  CC 10921 2939
10  WW 13828 1598
2
50  CC 8850 2949
30  WW 11716 1597
10  WW 12762 1592
3
50  CC 8118 2938
30  CC 8262 2957
10  WW 9519 1584
4
50  CC 8034 2948
30  WW 10807 1577
10  WW 11487 1587
5
50  CC 7882 2954
30  WW 8091 1544
10  WW 8587 1626
6
50  WW 7547 1643
30  CC 8156 2963
10  CC 8302 2944
7
50  WW 7781 1616
30  WW 9163 1640
10  CC 9441 2943
8
50  CC 6620 2964
30  WW 6700 1585
10  CC 7634 2934
9
50  CC 3234 2960
30  WW 3607 1555
10
50  WW 2803 1591
30  WW 4153 1615
10  WW 4281 1593
11
50  WW 1959 1580
30  WW 2100 1573
10  CC 2302 2951
12
50  CC 1919 2950
30  WW 2186 1619
10  WW 2438 1561
13
50  WW 3890 1589
30  CC 4125 2959
10  WW 4283 1638
14
50  WW 4059 1552
30  WW 4381 1569
10  WW 4538 1623
15
50  CC 3222 2938
30  WW 3228 1625
10  CC 3295 2957
16
50  CC 3277 2948
30  WW 3762 1605
10  WW 4147 1587
17
50  WW 6844 1581
30  WW 6869 1618
10  CC 7166 2937
18
50  CC 6925 2944
30  WW 7106 1583
10  WW 9689 1607
19
50  WW 6303 1551
30  WW 7506 1562
10  WW 10972 1558
20
50  CC 6203 2934
30  WW 6309 1582
10  WW 6444 1565
21
50  CC 2950 2960
30  WW 4309 1555
22
50  WW 5181 1591
30  WW 5769 1615
10  WW 6866 1593
23
50  WW 2472 1580
30  CC 2725 2951
10  WW 3306 1539
24
50  CC 2439 2950
30  WW 3006 1635
10  WW 3325 1619
25
50  WW 2100 1645
30  CC 2207 2939
10  CC 2372 2958
26
50  CC 1737 2949
30  WW 2428 1569
10  WW 2609 1623
27
50  CC 4340 2965
30  WW 4756 1634
10  WW 5269 1578
28
50  WW 4644 1605
30  WW 5342 1577
10  WW 5388 1564
29
50  WW 3622 1618
30  WW 3709 1595
10  WW 3993 1553
30
50  WW 3488 1643
30  WW 3675 1583
10  CC 3806 2944
31
80  WW 3531 1551
40  WW 3584 1616
0  WW 4031 1640
32
80  WW 3043 1585
40  CC 3128 2964
0  CC 3500 2934
33
80  WW 2604 1573
40  WW 3637 1621
0  WW 4053 1614
34
80  CC 2484 2950
40  WW 3675 1635
35
50  WW 1864 1645
30  CC 2038 2939
10  CC 2359 2959
36
50  CC 1658 2949
30  WW 2463 1639
10  CC 2789 2941
37
50  CC 3522 2938
30  CC 3640 2957
10  WW 3816 1625
38
50  CC 3847 2948
30  WW 4303 1636
10  WW 5550 1577
39
50  CC 3449 2954
30  WW 3473 1618
10  WW 3593 1581
40
50  WW 3459 1643
30  CC 3527 2944
10  CC 4050 2963
41
50  WW 3331 1616
30  WW 3788 1640
10  WW 3844 1562
42
50  CC 2822 2964
30  WW 2879 1585
10  CC 3266 2934
43
50  WW 2591 1573
30  CC 3131 2951
10  WW 3260 1601
44
50  CC 2945 2950
30  WW 3581 1620
10  WW 7800 1593
45
50  WW 2350 1589
30  CC 2420 2939
10  WW 2469 1638
46
50  WW 2640 1552
30  CC 2719 2936
10  WW 2721 1629
47
50  WW 4207 1625
30  WW 4327 1572
10  WW 4363 1584
48
50  CC 4097 2948
30  WW 4466 1636
10  WW 5481 1605
49
50  CC 3807 2954
30  WW 3978 1544
10  WW 4063 1581
50
50  CC 4108 2963
30  WW 4181 1583
51
50  WW 3768 1551
30  WW 4440 1596
10  CC 5260 2943
52
50  CC 3294 2964
30  WW 3665 1608
10  WW 3700 1582
53
50  WW 11534 1795
54
50  WW 9416 1776
55
50  WW 17160 1779
56
50  WW 18144 1782
30  CC 19707 1970
57
50  WW 14228 1784
30  CC 15841 1971
58
50  WW 20981 1788
59
50  WW 12400 1789
30  CC 13789 1972
60
50  WW 13835 1791
61
50  WW 11479 1792
SCORE:WW,CC,3360,1950,141.0
