WW-CVST
1
50  WW 9347 1645
30  CVST 11587 2418
10  CVST 13418 2455
2
50  WW 11716 1597
30  CVST 12734 2437
10  CVST 12739 2416
3
50  WW 9519 1584
30  WW 9887 1634
10  CVST 10802 2463
4
50  CVST 9787 2472
30  CVST 10762 2415
10  WW 10807 1577
5
50  WW 8091 1544
30  CVST 8095 2417
10  WW 8587 1626
6
50  WW 7547 1643
30  WW 9959 1576
10  CVST 10273 2480
7
50  WW 7781 1616
30  CVST 8300 2486
10  CVST 9113 2471
8
50  WW 6700 1585
30  CVST 7131 2460
10  WW 7888 1550
9
50  WW 3607 1555
30  CVST 5503 2431
10
50  WW 2803 1591
30  CVST 4087 2450
10  WW 4153 1615
11
50  WW 1959 1580
30  WW 2100 1573
10  CVST 2134 2473
12
50  CVST 2072 2430
30  WW 2186 1619
10  WW 2438 1561
13
50  WW 3890 1589
30  WW 4283 1638
10  CVST 4397 2469
14
50  WW 4059 1552
30  CVST 4356 2416
10  WW 4381 1569
15
50  WW 3228 1625
30  WW 3729 1584
10  CVST 3928 2463
16
50  WW 3762 1605
30  CVST 3974 2415
10  CVST 3988 2483
17
50  WW 6844 1581
30  WW 6869 1618
10  CVST 7332 2417
18
50  WW 7106 1583
30  CVST 9025 2474
10  CVST 9203 2458
19
50  WW 6303 1551
30  CVST 7231 2447
10  CVST 7352 2486
20
50  WW 6309 1582
30  WW 6444 1565
10  CVST 6471 2460
21
50  WW 4309 1555
22
50  WW 5181 1591
30  WW 5769 1615
10  WW 6866 1593
23
50  WW 2472 1580
30  CVST 2512 2473
10  CVST 2834 2464
24
50  CVST 2544 2430
30  WW 3006 1635
10  CVST 3310 2453
25
50  WW 2100 1645
30  CVST 2453 2418
10  WW 2475 1589
26
50  WW 2428 1569
30  CVST 2446 2466
10  WW 2609 1623
27
50  WW 4756 1634
30  CVST 4985 2448
10  WW 5269 1578
28
50  WW 4644 1605
30  CVST 4787 2472
10  CVST 5099 2408
29
50  WW 3622 1618
30  WW 3709 1595
10  WW 3993 1553
30
50  WW 3488 1643
30  WW 3675 1583
10  WW 5000 1576
31
80  WW 3531 1551
40  WW 3584 1616
0  CVST 3768 2467
32
80  WW 3043 1585
40  WW 3605 1582
0  WW 3766 1565
33
80  CVST 2497 2473
40  WW 2604 1573
0  CVST 3566 2461
34
80  CVST 2670 2430
40  WW 3675 1635
35
50  WW 1864 1645
30  CVST 2464 2418
10  WW 2529 1638
36
50  WW 2463 1639
30  CVST 2475 2413
10  CVST 2943 2466
37
50  WW 3816 1625
30  WW 3966 1572
10  WW 4694 1543
38
50  WW 4303 1636
30  CVST 5369 2472
10  WW 5550 1577
39
50  CVST 3459 2417
30  WW 3473 1618
10  WW 3593 1581
40
50  WW 3459 1643
30  WW 4190 1576
10  CVST 4744 2480
41
50  WW 3331 1616
30  WW 3788 1640
10  CVST 3789 2486
42
50  WW 2879 1585
30  WW 3316 1565
10  WW 3472 1550
43
50  WW 2591 1573
30  CVST 3090 2433
10  CVST 3214 2414
44
50  CVST 3410 2429
30  WW 3581 1620
10  WW 7800 1593
45
50  WW 2350 1589
30  WW 2469 1638
10  WW 2637 1542
46
50  CVST 2589 2437
30  WW 2640 1552
10  WW 2721 1629
47
50  WW 4207 1625
30  WW 4327 1572
10  WW 4363 1584
48
50  WW 4466 1636
30  CVST 5286 2408
10  WW 5481 1605
49
50  WW 3978 1544
30  WW 4063 1581
10  CVST 4415 2417
50
50  WW 4181 1583
30  CVST 4978 2480
10  CVST 5988 2411
51
50  WW 3768 1551
30  WW 4440 1596
10  CVST 4631 2471
52
50  CVST 3446 2460
30  WW 3665 1608
10  WW 3700 1582
53
50  WW 11534 1795
54
50  CVST 9359 1890
30  WW 9416 1776
55
50  WW 17160 1779
30  CVST 19053 1892
56
50  WW 18144 1782
30  CVST 18637 1894
57
50  WW 14228 1784
30  CVST 17503 1896
58
50  CVST 17620 1898
30  WW 20981 1788
59
50  WW 12400 1789
30  CVST 17112 1900
60
50  WW 13835 1791
30  CVST 15547 1901
61
50  WW 11479 1792
30  CVST 12697 1902
SCORE:WW,CVST,3730,1710,202.0
