WW-CASC
1
50  WW 9347 1645
30  CASC 10350 2559
10  WW 13828 1598
2
50  WW 11716 1597
30  WW 12762 1592
10  WW 14049 1606
3
50  CASC 8249 2560
30  CASC 9192 2568
10  WW 9519 1584
4
50  CASC 9625 2570
30  CASC 9843 2565
10  WW 10807 1577
5
50  WW 8091 1544
30  WW 8587 1626
10  WW 8612 1595
6
50  WW 7547 1643
30  WW 9959 1576
7
50  CASC 7566 2596
30  WW 7781 1616
10  WW 9163 1640
8
50  CASC 6676 2589
30  WW 6700 1585
10  CASC 7000 2582
9
50  WW 3607 1555
30  CASC 4132 2558
10
50  WW 2803 1591
30  WW 4153 1615
10  WW 4281 1593
11
50  WW 1959 1580
30  WW 2100 1573
10  WW 2471 1644
12
50  CASC 1967 2569
30  WW 2186 1619
10  CASC 2387 2571
13
50  WW 3890 1589
30  WW 4283 1638
10  WW 4853 1546
14
50  CASC 3920 2567
30  WW 4059 1552
10  CASC 4271 2592
15
50  WW 3228 1625
30  CASC 3326 2560
10  CASC 3459 2595
16
50  CASC 3723 2565
30  WW 3762 1605
10  CASC 3791 2570
17
50  WW 6844 1581
30  WW 6869 1618
10  WW 9438 1559
18
50  WW 7106 1583
30  WW 9689 1607
19
50  WW 6303 1551
30  CASC 7263 2581
10  WW 7506 1562
20
50  CASC 5976 2589
30  CASC 6106 2585
10  WW 6309 1582
21
50  WW 4309 1555
30  CASC 4897 2558
22
50  WW 5181 1591
30  WW 5769 1615
10  WW 6866 1593
23
50  WW 2472 1580
30  CASC 3091 2590
10  WW 3306 1539
24
50  CASC 2707 2569
30  CASC 2839 2571
10  WW 3006 1635
25
50  WW 2100 1645
30  CASC 2255 2559
10  WW 2475 1589
26
50  CASC 2159 2567
30  WW 2428 1569
10  CASC 2461 2561
27
50  CASC 4156 2595
30  CASC 4365 2568
10  CASC 4599 2580
28
50  WW 4644 1605
30  CASC 5026 2573
10  WW 5342 1577
29
50  WW 3622 1618
30  WW 3709 1595
10  WW 3993 1553
30
50  WW 3488 1643
30  WW 3675 1583
10  WW 5000 1576
31
80  CASC 3307 2596
40  WW 3531 1551
0  WW 3584 1616
32
80  WW 3043 1585
40  CASC 3368 2582
0  CASC 3454 2593
33
80  WW 2604 1573
40  WW 3637 1621
0  WW 4053 1614
34
80  WW 3675 1635
35
50  WW 1864 1645
30  CASC 2100 2559
10  WW 2529 1638
36
50  WW 2463 1639
30  CASC 2600 2561
10  CASC 2771 2592
37
50  CASC 3762 2560
30  WW 3816 1625
10  WW 3966 1572
38
50  WW 4303 1636
30  WW 5550 1577
10  CASC 6298 2573
39
50  WW 3473 1618
30  WW 3593 1581
10  WW 3706 1595
40
50  WW 3459 1643
30  WW 4190 1576
41
50  WW 3331 1616
30  CASC 3334 2596
10  WW 3788 1640
42
50  WW 2879 1585
30  CASC 3113 2593
10  CASC 3183 2585
43
50  WW 2591 1573
30  WW 3260 1601
10  WW 3675 1621
44
50  CASC 2689 2569
30  WW 3581 1620
10  WW 7800 1593
45
50  WW 2350 1589
30  CASC 2417 2559
10  WW 2469 1638
46
50  CASC 2299 2567
30  WW 2640 1552
10  WW 2721 1629
47
50  WW 4207 1625
30  WW 4327 1572
10  WW 4363 1584
48
50  WW 4466 1636
30  CASC 4834 2565
10  WW 5481 1605
49
50  WW 3978 1544
30  WW 4063 1581
10  WW 4550 1637
50
50  WW 4181 1583
51
50  WW 3768 1551
30  WW 4440 1596
10  CASC 4516 2594
52
50  CASC 3417 2589
30  CASC 3541 2585
10  CASC 3601 2593
53
50  WW 11534 1795
54
50  WW 9416 1776
30  CASC 12204 1913
55
50  WW 17160 1779
56
50  WW 18144 1782
30  CASC 18359 1914
57
50  CASC 14158 1915
30  WW 14228 1784
58
50  CASC 16135 1917
30  WW 20981 1788
59
50  WW 12400 1789
60
50  WW 13835 1791
61
50  WW 11479 1792
30  CASC 12488 1918
SCORE:WW,CASC,3490,1780,171.0
