WW-DUL
1
50  WW 9347 1645
30  DUL 10606 1303
10  DUL 11379 1307
2
50  WW 11716 1597
30  WW 12762 1592
10  WW 14049 1606
3
50  DUL 9243 1320
30  WW 9519 1584
10  WW 9887 1634
4
50  DUL 10659 1300
30  WW 10807 1577
10  WW 11487 1587
5
50  WW 8091 1544
30  WW 8587 1626
10  WW 8612 1595
6
50  WW 7547 1643
30  WW 9959 1576
7
50  WW 7781 1616
30  DUL 8048 1349
10  DUL 8394 1296
8
50  WW 6700 1585
30  DUL 7197 1305
10  DUL 7268 1295
9
50  DUL 3522 1291
30  WW 3607 1555
10  DUL 3850 1313
10
50  WW 2803 1591
30  DUL 3298 1361
10  WW 4153 1615
11
50  WW 1959 1580
30  WW 2100 1573
10  DUL 2237 1318
12
50  DUL 2127 1297
30  WW 2186 1619
10  WW 2438 1561
13
50  WW 3890 1589
30  DUL 4160 1303
10  WW 4283 1638
14
50  WW 4059 1552
30  WW 4381 1569
10  WW 4538 1623
15
50  WW 3228 1625
30  WW 3729 1584
10  DUL 4062 1323
16
50  WW 3762 1605
30  WW 4147 1587
10  WW 4232 1564
17
50  WW 6844 1581
30  WW 6869 1618
10  WW 9438 1559
18
50  WW 7106 1583
30  WW 9689 1607
19
50  WW 6303 1551
30  WW 7506 1562
10  DUL 8299 1356
20
50  WW 6309 1582
30  WW 6444 1565
10  DUL 6944 1299
21
50  DUL 3983 1332
30  WW 4309 1555
10  DUL 4739 1352
22
50  DUL 4059 1361
30  WW 5181 1591
10  WW 5769 1615
23
50  WW 2472 1580
30  DUL 2695 1337
10  DUL 2847 1351
24
50  DUL 2994 1297
30  WW 3006 1635
10  WW 3325 1619
25
50  DUL 2093 1303
30  WW 2100 1645
10  DUL 2238 1304
26
50  WW 2428 1569
30  WW 2609 1623
10  WW 2644 1592
27
50  WW 4756 1634
30  DUL 4920 1294
10  DUL 5019 1334
28
50  WW 4644 1605
30  WW 5342 1577
10  WW 5388 1564
29
50  WW 3622 1618
30  WW 3709 1595
10  WW 3993 1553
30
50  WW 3488 1643
30  WW 3675 1583
10  WW 5000 1576
31
80  WW 3531 1551
40  WW 3584 1616
0  DUL 3909 1349
32
80  WW 3043 1585
40  WW 3605 1582
0  DUL 3673 1305
33
80  WW 2604 1573
40  DUL 2739 1337
0  DUL 3487 1351
34
80  WW 3675 1635
35
50  WW 1864 1645
30  DUL 1873 1303
10  DUL 2175 1304
36
50  WW 2463 1639
30  WW 2991 1623
10  WW 3288 1592
37
50  WW 3816 1625
30  WW 3966 1572
10  DUL 4325 1320
38
50  WW 4303 1636
30  DUL 4950 1300
10  WW 5550 1577
39
50  WW 3473 1618
30  WW 3593 1581
10  WW 3706 1595
40
50  WW 3459 1643
30  WW 4190 1576
41
50  WW 3331 1616
30  DUL 3374 1349
10  WW 3788 1640
42
50  WW 2879 1585
30  DUL 3122 1305
10  WW 3316 1565
43
50  WW 2591 1573
30  DUL 2877 1322
10  DUL 3127 1337
44
50  WW 3581 1620
30  WW 7800 1593
45
50  DUL 2291 1307
30  WW 2350 1589
10  WW 2469 1638
46
50  WW 2640 1552
30  WW 2721 1629
10  DUL 2757 1293
47
50  WW 4207 1625
30  WW 4327 1572
10  WW 4363 1584
48
50  WW 4466 1636
30  DUL 5469 1300
10  WW 5481 1605
49
50  WW 3978 1544
30  WW 4063 1581
10  WW 4550 1637
50
50  WW 4181 1583
51
50  WW 3768 1551
30  DUL 4042 1296
10  DUL 4289 1349
52
50  DUL 3484 1295
30  WW 3665 1608
10  WW 3700 1582
53
50  WW 11534 1795
30  DUL 18537 1749
54
50  WW 9416 1776
30  DUL 12181 1742
55
50  WW 17160 1779
30  DUL 24027 1744
56
50  WW 18144 1782
57
50  WW 14228 1784
30  DUL 16909 1746
58
50  WW 20981 1788
59
50  WW 12400 1789
60
50  WW 13835 1791
61
50  WW 11479 1792
30  DUL 13150 1748
SCORE:WW,DUL,4000,1280,272.0
