WW-FO
1
50  WW 9347 1645
30  FO 10771 2035
10  FO 12495 2122
2
50  FO 10637 2042
30  FO 11528 2114
10  WW 11716 1597
3
50  FO 8237 2055
30  WW 9519 1584
10  WW 9887 1634
4
50  FO 8422 2127
30  FO 9837 2079
10  WW 10807 1577
5
50  WW 8091 1544
30  FO 8487 2036
10  WW 8587 1626
6
50  WW 7547 1643
30  FO 8478 2053
10  FO 8720 2121
7
50  FO 7744 2061
30  WW 7781 1616
10  WW 9163 1640
8
50  FO 6400 2077
30  WW 6700 1585
10  FO 6997 2094
9
50  FO 3181 2050
30  WW 3607 1555
10  FO 4028 2064
10
50  FO 2470 2128
30  FO 2776 2049
10  WW 2803 1591
11
50  WW 1959 1580
30  FO 2071 2043
10  FO 2090 2078
12
50  FO 1906 2065
30  WW 2186 1619
10  FO 2293 2107
13
50  WW 3890 1589
30  WW 4283 1638
10  FO 4515 2110
14
50  WW 4059 1552
30  FO 4140 2042
10  FO 4351 2088
15
50  WW 3228 1625
30  WW 3729 1584
10  WW 4216 1578
16
50  FO 3571 2066
30  WW 3762 1605
10  FO 3901 2100
17
50  WW 6844 1581
30  WW 6869 1618
10  FO 7118 2036
18
50  WW 7106 1583
30  FO 7319 2121
10  FO 7333 2053
19
50  WW 6303 1551
30  FO 6721 2061
10  WW 7506 1562
20
50  FO 5738 2077
30  FO 5938 2094
10  WW 6309 1582
21
50  FO 3857 2050
30  WW 4309 1555
10  FO 4878 2143
22
50  FO 2925 2128
30  FO 3814 2049
10  WW 5181 1591
23
50  WW 2472 1580
30  FO 2619 2139
10  FO 2720 2043
24
50  FO 2552 2065
30  FO 2965 2090
10  WW 3006 1635
25
50  WW 2100 1645
30  FO 2372 2074
10  FO 2381 2035
26
50  FO 2225 2048
30  FO 2312 2114
10  FO 2352 2042
27
50  FO 3759 2055
30  FO 4467 2109
10  FO 4728 2051
28
50  FO 4134 2127
30  WW 4644 1605
10  FO 4747 2066
29
50  WW 3622 1618
30  WW 3709 1595
10  WW 3993 1553
30
50  WW 3488 1643
30  WW 3675 1583
10  FO 4253 2121
31
80  WW 3531 1551
40  WW 3584 1616
0  WW 4031 1640
32
80  WW 3043 1585
40  FO 3047 2077
0  FO 3414 2076
33
80  FO 2181 2139
40  FO 2381 2078
0  WW 2604 1573
34
80  WW 3675 1635
40  FO 3806 2120
35
50  WW 1864 1645
30  FO 2208 2035
10  WW 2529 1638
36
50  FO 2122 2104
30  FO 2222 2048
10  WW 2463 1639
37
50  WW 3816 1625
30  WW 3966 1572
10  FO 4659 2109
38
50  FO 4043 2127
30  WW 4303 1636
10  FO 5475 2079
39
50  WW 3473 1618
30  WW 3593 1581
10  WW 3706 1595
40
50  WW 3459 1643
30  FO 3906 2053
10  WW 4190 1576
41
50  WW 3331 1616
30  FO 3459 2061
10  WW 3788 1640
42
50  WW 2879 1585
30  FO 2884 2094
10  WW 3316 1565
43
50  WW 2591 1573
30  FO 2740 2139
10  WW 3260 1601
44
50  WW 3581 1620
30  WW 7800 1593
45
50  WW 2350 1589
30  WW 2469 1638
10  WW 2637 1542
46
50  FO 2462 2104
30  FO 2484 2130
10  WW 2640 1552
47
50  FO 4008 2055
30  WW 4207 1625
10  WW 4327 1572
48
50  WW 4466 1636
30  FO 4576 2066
10  WW 5481 1605
49
50  WW 3978 1544
30  WW 4063 1581
10  FO 4431 2092
50
50  FO 4110 2053
30  WW 4181 1583
10  FO 4971 2047
51
50  WW 3768 1551
30  FO 3932 2061
10  WW 4440 1596
52
50  FO 3541 2077
30  WW 3665 1608
10  WW 3700 1582
53
50  WW 11534 1795
30  FO 14008 1854
54
50  WW 9416 1776
30  FO 9738 1838
55
50  WW 17160 1779
30  FO 19576 1843
56
50  WW 18144 1782
30  FO 18719 1846
57
50  WW 14228 1784
30  FO 15307 1849
58
50  FO 14984 1850
30  WW 20981 1788
59
50  WW 12400 1789
30  FO 15100 1853
60
50  WW 13835 1791
61
50  WW 11479 1792
SCORE:WW,FO,2920,2530,39.0
