WW-GBP
1
50  WW 9347 1645
30  GBP 11741 3412
10  GBP 13410 3402
2
50  GBP 9298 3408
30  GBP 9322 3416
10  WW 11716 1597
3
50  WW 9519 1584
30  WW 9887 1634
10  GBP 11009 3417
4
50  GBP 10451 3407
30  WW 10807 1577
10  WW 11487 1587
5
50  WW 8091 1544
30  WW 8587 1626
10  WW 8612 1595
6
50  GBP 7190 3414
30  WW 7547 1643
10  GBP 8906 3399
7
50  GBP 7477 3415
30  WW 7781 1616
10  WW 9163 1640
8
50  WW 6700 1585
30  WW 7888 1550
10  WW 7994 1627
9
50  GBP 2550 3410
30  WW 3607 1555
10  GBP 3697 3404
10
50  WW 2803 1591
30  WW 4153 1615
10  WW 4281 1593
11
50  WW 1959 1580
30  GBP 2046 3413
10  WW 2100 1573
12
50  GBP 1853 3388
30  WW 2186 1619
10  WW 2438 1561
13
50  WW 3890 1589
30  GBP 3943 3412
10  WW 4283 1638
14
50  GBP 3432 3408
30  WW 4059 1552
10  WW 4381 1569
15
50  WW 3228 1625
30  WW 3729 1584
10  WW 4216 1578
16
50  WW 3762 1605
30  GBP 3813 3407
10  WW 4147 1587
17
50  WW 6844 1581
30  WW 6869 1618
10  WW 9438 1559
18
50  WW 7106 1583
30  GBP 8007 3399
10  GBP 8147 3400
19
50  WW 6303 1551
30  GBP 6648 3415
10  GBP 7221 3418
20
50  WW 6309 1582
30  WW 6444 1565
10  GBP 7038 3392
21
50  GBP 3449 3404
30  GBP 3872 3410
10  WW 4309 1555
22
50  WW 5181 1591
30  WW 5769 1615
10  WW 6866 1593
23
50  WW 2472 1580
30  GBP 2762 3396
10  WW 3306 1539
24
50  GBP 2508 3388
30  GBP 2585 3395
10  WW 3006 1635
25
50  WW 2100 1645
30  GBP 2384 3412
10  WW 2475 1589
26
50  GBP 1909 3416
30  WW 2428 1569
10  WW 2609 1623
27
50  WW 4756 1634
30  GBP 5013 3417
10  WW 5269 1578
28
50  WW 4644 1605
30  WW 5342 1577
10  WW 5388 1564
29
50  WW 3622 1618
30  WW 3709 1595
10  WW 3993 1553
30
50  GBP 3294 3414
30  WW 3488 1643
10  WW 3675 1583
31
80  WW 3531 1551
40  WW 3584 1616
0  WW 4031 1640
32
80  WW 3043 1585
40  WW 3605 1582
0  WW 3766 1565
33
80  GBP 2384 3413
40  WW 2604 1573
0  WW 3637 1621
34
80  GBP 2772 3388
40  GBP 3281 3395
0  WW 3675 1635
35
50  WW 1864 1645
30  WW 2529 1638
10  GBP 2647 3412
36
50  GBP 1660 3408
30  WW 2463 1639
10  GBP 2481 3391
37
50  WW 3816 1625
30  WW 3966 1572
10  WW 4694 1543
38
50  WW 4303 1636
30  WW 5550 1577
39
50  WW 3473 1618
30  WW 3593 1581
10  WW 3706 1595
40
50  GBP 3096 3414
30  WW 3459 1643
10  WW 4190 1576
41
50  WW 3331 1616
30  WW 3788 1640
10  WW 3844 1562
42
50  WW 2879 1585
30  WW 3316 1565
10  WW 3472 1550
43
50  WW 2591 1573
30  GBP 3213 3413
10  WW 3260 1601
44
50  GBP 3047 3403
30  GBP 3172 3388
10  WW 3581 1620
45
50  WW 2350 1589
30  WW 2469 1638
10  WW 2637 1542
46
50  GBP 2090 3416
30  GBP 2550 3406
10  WW 2640 1552
47
50  WW 4207 1625
30  WW 4327 1572
10  WW 4363 1584
48
50  WW 4466 1636
30  GBP 5239 3407
10  WW 5481 1605
49
50  WW 3978 1544
30  WW 4063 1581
10  WW 4550 1637
50
50  WW 4181 1583
30  GBP 4584 3400
10  GBP 5112 3401
51
50  WW 3768 1551
30  GBP 4132 3418
10  WW 4440 1596
52
50  WW 3665 1608
30  WW 3700 1582
10  GBP 3738 3393
53
50  WW 11534 1795
54
50  WW 9416 1776
30  GBP 9875 2033
55
50  WW 17160 1779
56
50  GBP 16283 2035
30  WW 18144 1782
57
50  WW 14228 1784
58
50  WW 20981 1788
59
50  WW 12400 1789
60
50  GBP 13453 2036
30  WW 13835 1791
61
50  WW 11479 1792
SCORE:WW,GBP,3600,1730,187.0
