WW-HP
1
50  HP 9165 260
30  WW 9347 1645
10  HP 11713 224
2
50  HP 9344 328
30  HP 9725 237
10  WW 11716 1597
3
50  HP 7550 269
30  WW 9519 1584
10  HP 9669 332
4
50  HP 7934 236
30  WW 10807 1577
10  HP 11247 225
5
50  HP 7225 290
30  WW 8091 1544
10  HP 8263 234
6
50  HP 7203 256
30  WW 7547 1643
10  HP 8175 244
7
50  HP 7603 220
30  WW 7781 1616
10  WW 9163 1640
8
50  WW 6700 1585
30  HP 7391 303
10  HP 7437 312
9
50  WW 3607 1555
30  HP 3975 322
10  HP 3998 273
10
50  WW 2803 1591
30  HP 3084 255
10  WW 4153 1615
11
50  WW 1959 1580
30  WW 2100 1573
10  HP 2162 338
12
50  WW 2186 1619
30  HP 2334 331
10  WW 2438 1561
13
50  HP 3703 211
30  WW 3890 1589
10  WW 4283 1638
14
50  HP 3725 237
30  WW 4059 1552
10  HP 4106 283
15
50  HP 3207 330
30  WW 3228 1625
10  HP 3650 335
16
50  HP 3135 236
30  HP 3422 254
10  WW 3762 1605
17
50  HP 6384 290
30  WW 6844 1581
10  WW 6869 1618
18
50  WW 7106 1583
30  HP 7653 241
10  HP 8009 304
19
50  WW 6303 1551
30  WW 7506 1562
10  HP 8572 307
20
50  HP 5659 308
30  WW 6309 1582
10  HP 6313 312
21
50  WW 4309 1555
30  HP 4947 322
10  HP 6941 239
22
50  HP 2850 227
30  HP 3722 255
10  WW 5181 1591
23
50  WW 2472 1580
30  HP 2685 229
10  HP 2838 338
24
50  HP 2787 331
30  HP 2850 227
10  WW 3006 1635
25
50  HP 1963 260
30  WW 2100 1645
10  HP 2303 233
26
50  WW 2428 1569
30  HP 2563 246
10  WW 2609 1623
27
50  HP 3568 269
30  HP 3894 330
10  WW 4756 1634
28
50  HP 4231 254
30  WW 4644 1605
10  HP 5281 225
29
50  WW 3622 1618
30  WW 3709 1595
10  HP 3984 235
30
50  HP 3275 268
30  WW 3488 1643
10  WW 3675 1583
31
80  WW 3531 1551
40  WW 3584 1616
0  HP 3625 220
32
80  HP 2865 308
40  WW 3043 1585
0  HP 3557 289
33
80  HP 2600 338
40  WW 2604 1573
0  HP 2612 214
34
80  HP 2722 227
40  HP 3031 331
0  WW 3675 1635
35
50  HP 1863 260
30  WW 1864 1645
10  HP 1960 211
36
50  HP 1747 328
30  HP 2134 283
10  WW 2463 1639
37
50  HP 3265 269
30  WW 3816 1625
10  WW 3966 1572
38
50  HP 3428 236
30  WW 4303 1636
10  WW 5550 1577
39
50  HP 3072 290
30  WW 3473 1618
10  WW 3593 1581
40
50  HP 3075 256
30  WW 3459 1643
10  HP 3638 244
41
50  WW 3331 1616
30  WW 3788 1640
10  WW 3844 1562
42
50  HP 2698 308
30  WW 2879 1585
10  HP 3059 303
43
50  WW 2591 1573
30  HP 2884 229
10  WW 3260 1601
44
50  HP 3416 227
30  WW 3581 1620
10  HP 3853 261
45
50  WW 2350 1589
30  HP 2439 211
10  WW 2469 1638
46
50  HP 2560 282
30  WW 2640 1552
10  WW 2721 1629
47
50  WW 4207 1625
30  WW 4327 1572
10  WW 4363 1584
48
50  WW 4466 1636
30  HP 5325 276
10  HP 5327 254
49
50  WW 3978 1544
30  WW 4063 1581
10  WW 4550 1637
50
50  HP 3669 268
30  WW 4181 1583
10  HP 4369 288
51
50  WW 3768 1551
30  HP 3997 220
10  WW 4440 1596
52
50  WW 3665 1608
30  HP 3687 312
10  WW 3700 1582
53
50  WW 11534 1795
30  HP 18604 1656
54
50  WW 9416 1776
30  HP 10553 1642
55
50  WW 17160 1779
30  HP 18650 1644
56
50  HP 15963 1646
30  WW 18144 1782
57
50  WW 14228 1784
30  HP 17031 1647
58
50  HP 17835 1649
30  WW 20981 1788
59
50  WW 12400 1789
30  HP 15187 1650
60
50  HP 12150 1651
30  WW 13835 1791
61
50  WW 11479 1792
30  HP 13259 1653
SCORE:WW,HP,2650,2870,-22.0
