WW-LCC
1
50  WW 9347 1645
30  LCC 12900 2855
10  WW 13828 1598
2
50  WW 11716 1597
30  WW 12762 1592
10  WW 14049 1606
3
50  LCC 7247 2844
30  WW 9519 1584
10  LCC 9800 2860
4
50  LCC 7346 2868
30  WW 10807 1577
10  WW 11487 1587
5
50  LCC 7149 2861
30  LCC 7241 2846
10  WW 8091 1544
6
50  WW 7547 1643
30  LCC 8146 2867
10  WW 9959 1576
7
50  LCC 6395 2845
30  WW 7781 1616
10  LCC 8620 2858
8
50  LCC 6350 2871
30  LCC 6572 2836
10  WW 6700 1585
9
50  WW 3607 1555
30  LCC 5246 2841
10  LCC 7384 2842
10
50  WW 2803 1591
30  WW 4153 1615
10  WW 4281 1593
11
50  WW 1959 1580
30  WW 2100 1573
10  LCC 2278 2859
12
50  WW 2186 1619
30  WW 2438 1561
10  WW 2463 1635
13
50  LCC 3277 2869
30  WW 3890 1589
10  WW 4283 1638
14
50  WW 4059 1552
30  WW 4381 1569
10  WW 4538 1623
15
50  WW 3228 1625
30  WW 3729 1584
10  LCC 4085 2864
16
50  LCC 2821 2868
30  WW 3762 1605
10  WW 4147 1587
17
50  LCC 6550 2862
30  WW 6844 1581
10  WW 6869 1618
18
50  WW 7106 1583
30  LCC 7280 2867
10  LCC 9017 2847
19
50  WW 6303 1551
30  WW 7506 1562
10  WW 10972 1558
20
50  LCC 5634 2836
30  LCC 5829 2835
10  WW 6309 1582
21
50  WW 4309 1555
30  LCC 4821 2842
10  LCC 6763 2841
22
50  WW 5181 1591
30  WW 5769 1615
10  WW 6866 1593
23
50  WW 2472 1580
30  LCC 2705 2832
10  LCC 3055 2859
24
50  WW 3006 1635
30  WW 3325 1619
10  WW 3415 1541
25
50  LCC 1880 2869
30  WW 2100 1645
10  WW 2475 1589
26
50  WW 2428 1569
30  WW 2609 1623
10  WW 2644 1592
27
50  LCC 3373 2844
30  WW 4756 1634
10  WW 5269 1578
28
50  WW 4644 1605
30  WW 5342 1577
10  WW 5388 1564
29
50  LCC 3544 2862
30  WW 3622 1618
10  WW 3709 1595
30
50  WW 3488 1643
30  WW 3675 1583
10  LCC 4645 2847
31
80  WW 3531 1551
40  WW 3584 1616
0  LCC 3887 2858
32
80  LCC 2945 2871
40  WW 3043 1585
0  WW 3605 1582
33
80  WW 2604 1573
40  WW 3637 1621
0  LCC 4011 2859
34
80  WW 3675 1635
35
50  WW 1864 1645
30  WW 2529 1638
10  WW 2996 1560
36
50  WW 2463 1639
30  WW 2991 1623
10  WW 3288 1592
37
50  LCC 3470 2844
30  WW 3816 1625
10  WW 3966 1572
38
50  WW 4303 1636
30  WW 5550 1577
39
50  LCC 3019 2861
30  LCC 3026 2846
10  WW 3473 1618
40
50  WW 3459 1643
30  LCC 3952 2867
10  WW 4190 1576
41
50  LCC 2770 2845
30  WW 3331 1616
10  WW 3788 1640
42
50  LCC 2625 2871
30  WW 2879 1585
10  LCC 3019 2835
43
50  WW 2591 1573
30  WW 3260 1601
10  WW 3675 1621
44
50  WW 3581 1620
30  WW 7800 1593
45
50  WW 2350 1589
30  WW 2469 1638
10  WW 2637 1542
46
50  WW 2640 1552
30  LCC 2716 2831
10  WW 2721 1629
47
50  WW 4207 1625
30  WW 4327 1572
10  WW 4363 1584
48
50  WW 4466 1636
30  WW 5481 1605
10  WW 6525 1628
49
50  LCC 3773 2861
30  LCC 3821 2846
10  WW 3978 1544
50
50  WW 4181 1583
51
50  LCC 3654 2845
30  WW 3768 1551
10  WW 4440 1596
52
50  LCC 3518 2836
30  WW 3665 1608
10  WW 3700 1582
53
50  WW 11534 1795
54
50  WW 9416 1776
55
50  WW 17160 1779
30  LCC 20217 1954
56
50  WW 18144 1782
57
50  WW 14228 1784
30  LCC 16435 1955
58
50  WW 20981 1788
59
50  LCC 11929 1956
30  WW 12400 1789
60
50  WW 13835 1791
30  LCC 17576 1957
61
50  WW 11479 1792
30  LCC 11533 1959
SCORE:WW,LCC,3610,1690,192.0
