WW-NC
1
50  WW 9347 1645
30  NC 9537 1485
10  NC 11022 1472
2
50  NC 10859 1532
30  WW 11716 1597
10  WW 12762 1592
3
50  NC 7906 1477
30  NC 9235 1504
10  WW 9519 1584
4
50  NC 8479 1533
30  NC 9094 1471
10  NC 10406 1518
5
50  WW 8091 1544
30  NC 8092 1476
10  WW 8587 1626
6
50  WW 7547 1643
30  NC 9079 1524
10  NC 9428 1514
7
50  WW 7781 1616
30  NC 8569 1497
10  WW 9163 1640
8
50  WW 6700 1585
30  NC 7103 1483
10  NC 7146 1492
9
50  NC 2950 1526
30  WW 3607 1555
10  NC 4638 1486
10
50  WW 2803 1591
30  WW 4153 1615
10  WW 4281 1593
11
50  WW 1959 1580
30  NC 2056 1515
10  WW 2100 1573
12
50  NC 2144 1487
30  NC 2181 1530
10  WW 2186 1619
13
50  WW 3890 1589
30  NC 4184 1474
10  WW 4283 1638
14
50  WW 4059 1552
30  NC 4309 1528
10  WW 4381 1569
15
50  NC 3160 1477
30  WW 3228 1625
10  NC 3698 1522
16
50  NC 3250 1517
30  NC 3447 1533
10  WW 3762 1605
17
50  WW 6844 1581
30  WW 6869 1618
10  NC 7388 1470
18
50  WW 7106 1583
30  NC 7797 1537
10  NC 7947 1524
19
50  WW 6303 1551
30  NC 7391 1497
10  WW 7506 1562
20
50  NC 6181 1483
30  WW 6309 1582
10  WW 6444 1565
21
50  NC 4007 1526
30  WW 4309 1555
10  NC 5883 1486
22
50  WW 5181 1591
30  WW 5769 1615
10  WW 6866 1593
23
50  WW 2472 1580
30  NC 2606 1516
10  NC 3179 1527
24
50  NC 2572 1487
30  WW 3006 1635
10  NC 3022 1489
25
50  NC 1994 1485
30  WW 2100 1645
10  NC 2363 1475
26
50  NC 2422 1525
30  WW 2428 1569
10  NC 2580 1467
27
50  NC 3567 1477
30  NC 4549 1504
10  WW 4756 1634
28
50  NC 4119 1533
30  NC 4179 1471
10  WW 4644 1605
29
50  WW 3622 1618
30  WW 3709 1595
10  NC 3790 1470
30
50  WW 3488 1643
30  WW 3675 1583
10  NC 4540 1537
31
80  WW 3531 1551
40  WW 3584 1616
0  NC 3954 1497
32
80  WW 3043 1585
40  NC 3181 1492
0  NC 3437 1509
33
80  WW 2604 1573
40  NC 2860 1516
0  NC 2900 1515
34
80  NC 2659 1530
40  WW 3675 1635
0  NC 3803 1487
35
50  WW 1864 1645
30  NC 1873 1485
10  NC 2172 1472
36
50  NC 2300 1525
30  NC 2389 1532
10  NC 2462 1528
37
50  WW 3816 1625
30  WW 3966 1572
10  NC 4296 1519
38
50  NC 3571 1517
30  NC 4003 1471
10  WW 4303 1636
39
50  WW 3473 1618
30  NC 3541 1470
10  WW 3593 1581
40
50  WW 3459 1643
30  NC 4068 1537
10  NC 4128 1514
41
50  WW 3331 1616
30  NC 3763 1497
10  WW 3788 1640
42
50  WW 2879 1585
30  NC 2993 1483
10  NC 3113 1492
43
50  WW 2591 1573
30  NC 3047 1516
10  WW 3260 1601
44
50  NC 2992 1494
30  NC 3066 1489
10  NC 3369 1530
45
50  WW 2350 1589
30  NC 2462 1474
10  WW 2469 1638
46
50  NC 2525 1532
30  WW 2640 1552
10  WW 2721 1629
47
50  WW 4207 1625
30  NC 4322 1477
10  WW 4327 1572
48
50  WW 4466 1636
30  NC 4507 1517
10  NC 5165 1502
49
50  WW 3978 1544
30  WW 4063 1581
10  NC 4160 1476
50
50  WW 4181 1583
30  NC 4410 1524
10  NC 5575 1508
51
50  WW 3768 1551
30  WW 4440 1596
10  NC 4844 1505
52
50  NC 3615 1483
30  WW 3665 1608
10  WW 3700 1582
53
50  WW 11534 1795
54
50  WW 9416 1776
30  NC 9591 1764
55
50  WW 17160 1779
30  NC 18144 1766
56
50  NC 18106 1768
30  WW 18144 1782
57
50  WW 14228 1784
30  NC 15191 1770
58
50  NC 14393 1772
30  WW 20981 1788
59
50  WW 12400 1789
30  NC 14019 1773
60
50  WW 13835 1791
30  NC 14844 1774
61
50  WW 11479 1792
30  NC 14235 1775
SCORE:WW,NC,2950,2540,41.0
