WW-RW
1
50  WW 9347 1645
30  RW 10009 718
10  RW 11222 768
2
50  RW 8968 753
30  RW 9600 762
10  WW 11716 1597
3
50  RW 8982 725
30  WW 9519 1584
10  WW 9887 1634
4
50  RW 10600 736
30  WW 10807 1577
10  WW 11487 1587
5
50  RW 7908 773
30  WW 8091 1544
10  RW 8319 735
6
50  WW 7547 1643
30  RW 7729 752
10  WW 9959 1576
7
50  RW 7459 772
30  WW 7781 1616
10  WW 9163 1640
8
50  WW 6700 1585
30  RW 6948 733
10  RW 7027 763
9
50  RW 2557 688
30  WW 3607 1555
10  RW 4166 684
10
50  WW 2803 1591
30  RW 3534 751
10  RW 4054 720
11
50  WW 1959 1580
30  RW 1975 771
10  WW 2100 1573
12
50  RW 1829 726
30  RW 2055 696
10  WW 2186 1619
13
50  RW 3735 718
30  WW 3890 1589
10  RW 3906 701
14
50  RW 3905 762
30  WW 4059 1552
10  WW 4381 1569
15
50  WW 3228 1625
30  RW 3539 727
10  WW 3729 1584
16
50  RW 3402 724
30  WW 3762 1605
10  RW 3930 736
17
50  WW 6844 1581
30  WW 6869 1618
10  RW 7229 735
18
50  RW 6623 752
30  WW 7106 1583
10  WW 9689 1607
19
50  WW 6303 1551
30  RW 6387 772
10  WW 7506 1562
20
50  RW 5551 716
30  RW 5951 763
10  RW 6060 733
21
50  RW 3450 688
30  WW 4309 1555
10  RW 4716 684
22
50  RW 4079 695
30  RW 4291 751
10  WW 5181 1591
23
50  WW 2472 1580
30  WW 3306 1539
10  WW 3509 1614
24
50  RW 2427 726
30  RW 2718 737
10  RW 2770 747
25
50  RW 1989 701
30  WW 2100 1645
10  RW 2244 715
26
50  RW 1908 753
30  RW 2256 749
10  WW 2428 1569
27
50  RW 4563 743
30  WW 4756 1634
10  RW 4912 729
28
50  WW 4644 1605
30  RW 4728 724
10  RW 4906 766
29
50  WW 3622 1618
30  WW 3709 1595
10  RW 3721 735
30
50  WW 3488 1643
30  WW 3675 1583
10  WW 5000 1576
31
80  WW 3531 1551
40  WW 3584 1616
0  RW 3927 722
32
80  RW 3041 716
40  WW 3043 1585
0  RW 3259 742
33
80  RW 2497 771
40  WW 2604 1573
0  RW 2947 740
34
80  RW 2609 696
40  RW 2669 747
0  RW 3215 748
35
50  WW 1864 1645
30  RW 1973 718
10  RW 2525 758
36
50  RW 1899 762
30  WW 2463 1639
10  RW 2556 730
37
50  WW 3816 1625
30  WW 3966 1572
10  RW 4372 686
38
50  WW 4303 1636
30  RW 4420 736
10  RW 4496 766
39
50  RW 3435 773
30  WW 3473 1618
10  WW 3593 1581
40
50  WW 3459 1643
30  WW 4190 1576
10  RW 5377 769
41
50  RW 3266 772
30  WW 3331 1616
10  WW 3788 1640
42
50  RW 2739 716
30  WW 2879 1585
10  RW 2939 733
43
50  RW 2462 771
30  WW 2591 1573
10  WW 3260 1601
44
50  RW 2621 726
30  RW 3435 748
10  WW 3581 1620
45
50  WW 2350 1589
30  RW 2351 701
10  WW 2469 1638
46
50  RW 2123 753
30  WW 2640 1552
10  WW 2721 1629
47
50  WW 4207 1625
30  WW 4327 1572
10  RW 4334 725
48
50  WW 4466 1636
30  WW 5481 1605
10  RW 5496 766
49
50  WW 3978 1544
30  RW 3988 773
10  WW 4063 1581
50
50  RW 4049 752
30  WW 4181 1583
10  RW 5058 691
51
50  WW 3768 1551
30  WW 4440 1596
10  RW 4707 722
52
50  WW 3665 1608
30  WW 3700 1582
10  RW 3837 763
53
50  WW 11534 1795
30  RW 17717 1691
54
50  WW 9416 1776
30  RW 10673 1686
55
50  WW 17160 1779
30  RW 18245 1687
56
50  WW 18144 1782
30  RW 19983 1688
57
50  WW 14228 1784
30  RW 15355 1689
58
50  WW 20981 1788
59
50  WW 12400 1789
60
50  WW 13835 1791
61
50  WW 11479 1792
SCORE:WW,RW,2840,2560,28.0
