WW-SCSC
1
50  WW 9347 1645
30  SCSC 9422 83
10  SCSC 9644 126
2
50  SCSC 10856 129
30  SCSC 11107 196
10  WW 11716 1597
3
50  SCSC 8177 125
30  SCSC 8218 208
10  WW 9519 1584
4
50  SCSC 8071 200
30  SCSC 9385 128
10  WW 10807 1577
5
50  SCSC 7622 107
30  WW 8091 1544
10  WW 8587 1626
6
50  SCSC 6832 178
30  SCSC 7156 151
10  WW 7547 1643
7
50  WW 7781 1616
30  SCSC 8853 117
10  WW 9163 1640
8
50  WW 6700 1585
30  SCSC 6738 176
10  WW 7888 1550
9
50  SCSC 3301 182
30  WW 3607 1555
10  SCSC 3619 94
10
50  SCSC 2637 185
30  WW 2803 1591
10  SCSC 4081 123
11
50  WW 1959 1580
30  SCSC 2091 172
10  WW 2100 1573
12
50  SCSC 1919 154
30  WW 2186 1619
10  SCSC 2425 195
13
50  SCSC 3635 126
30  SCSC 3641 83
10  SCSC 3885 146
14
50  SCSC 3983 80
30  WW 4059 1552
10  SCSC 4257 168
15
50  SCSC 2862 159
30  SCSC 3194 208
10  WW 3228 1625
16
50  SCSC 3125 200
30  SCSC 3216 82
10  SCSC 3457 128
17
50  SCSC 6237 199
30  WW 6844 1581
10  WW 6869 1618
18
50  SCSC 6556 133
30  SCSC 6657 192
10  WW 7106 1583
19
50  SCSC 6151 108
30  WW 6303 1551
10  WW 7506 1562
20
50  SCSC 5587 156
30  WW 6309 1582
10  WW 6444 1565
21
50  WW 4309 1555
30  SCSC 4619 182
10  SCSC 5152 183
22
50  SCSC 4701 173
30  WW 5181 1591
10  SCSC 5191 123
23
50  WW 2472 1580
30  SCSC 2875 191
10  WW 3306 1539
24
50  SCSC 2425 154
30  WW 3006 1635
10  SCSC 3058 147
25
50  SCSC 2089 126
30  WW 2100 1645
10  SCSC 2406 171
26
50  SCSC 2220 196
30  SCSC 2271 168
10  SCSC 2376 129
27
50  SCSC 3313 159
30  SCSC 3831 208
10  WW 4756 1634
28
50  SCSC 3633 200
30  SCSC 4544 144
10  SCSC 4628 128
29
50  WW 3622 1618
30  WW 3709 1595
10  WW 3993 1553
30
50  SCSC 3432 120
30  WW 3488 1643
10  SCSC 3545 178
31
80  SCSC 3306 108
40  WW 3531 1551
0  WW 3584 1616
32
80  WW 3043 1585
40  SCSC 3432 176
0  WW 3605 1582
33
80  SCSC 2565 105
40  WW 2604 1573
0  SCSC 3100 191
34
80  SCSC 3219 147
40  SCSC 3240 160
0  WW 3675 1635
35
50  SCSC 1728 83
30  WW 1864 1645
10  SCSC 1995 146
36
50  SCSC 2366 164
30  WW 2463 1639
10  SCSC 2500 134
37
50  WW 3816 1625
30  SCSC 3894 166
10  WW 3966 1572
38
50  WW 4303 1636
30  SCSC 4764 144
10  SCSC 4775 109
39
50  SCSC 3078 199
30  WW 3473 1618
10  WW 3593 1581
40
50  SCSC 3012 151
30  SCSC 3447 192
10  WW 3459 1643
41
50  WW 3331 1616
30  WW 3788 1640
10  WW 3844 1562
42
50  SCSC 2747 156
30  SCSC 2783 201
10  WW 2879 1585
43
50  WW 2591 1573
30  SCSC 3153 172
10  SCSC 3250 95
44
50  SCSC 2935 160
30  WW 3581 1620
10  SCSC 3825 137
45
50  WW 2350 1589
30  WW 2469 1638
10  SCSC 2507 184
46
50  WW 2640 1552
30  WW 2721 1629
10  SCSC 2757 88
47
50  WW 4207 1625
30  SCSC 4256 125
10  WW 4327 1572
48
50  SCSC 4256 82
30  WW 4466 1636
10  SCSC 4665 169
49
50  WW 3978 1544
30  SCSC 3997 107
10  WW 4063 1581
50
50  SCSC 3432 178
30  SCSC 3800 133
10  SCSC 3982 151
51
50  WW 3768 1551
30  SCSC 4337 117
10  WW 4440 1596
52
50  SCSC 3234 156
30  SCSC 3339 201
10  WW 3665 1608
53
50  WW 11534 1795
30  SCSC 16759 1641
54
50  SCSC 9056 1633
30  WW 9416 1776
55
50  WW 17160 1779
30  SCSC 19565 1634
56
50  WW 18144 1782
30  SCSC 18470 1635
57
50  SCSC 13178 1636
30  WW 14228 1784
58
50  SCSC 14856 1637
30  WW 20981 1788
59
50  WW 12400 1789
30  SCSC 13296 1638
60
50  SCSC 12758 1639
30  WW 13835 1791
61
50  WW 11479 1792
30  SCSC 11516 1640
SCORE:WW,SCSC,2210,3310,-110.0
