WW-SL
1
50  WW 9347 1645
30  SL 11744 2907
10  WW 13828 1598
2
50  SL 8346 2877
30  SL 8361 2923
10  WW 11716 1597
3
50  SL 8950 2918
30  SL 9075 2884
10  SL 9347 2920
4
50  SL 9534 2909
30  WW 10807 1577
10  WW 11487 1587
5
50  SL 7340 2901
30  SL 7391 2928
10  WW 8091 1544
6
50  SL 7120 2921
30  SL 7529 2886
10  WW 7547 1643
7
50  WW 7781 1616
30  WW 9163 1640
8
50  WW 6700 1585
30  SL 7163 2917
10  WW 7888 1550
9
50  WW 3607 1555
30  SL 5934 2911
10  SL 5950 2896
10
50  WW 2803 1591
30  SL 4113 2913
10  WW 4153 1615
11
50  SL 1652 2876
30  SL 1699 2908
10  SL 1840 2885
12
50  SL 1650 2874
30  WW 2186 1619
10  WW 2438 1561
13
50  WW 3890 1589
30  WW 4283 1638
10  SL 4839 2905
14
50  SL 3409 2923
30  WW 4059 1552
10  WW 4381 1569
15
50  WW 3228 1625
30  SL 3377 2884
10  SL 3550 2920
16
50  SL 3384 2909
30  SL 3680 2880
10  WW 3762 1605
17
50  SL 6280 2928
30  SL 6354 2901
10  WW 6844 1581
18
50  SL 6249 2921
30  SL 6403 2883
10  WW 7106 1583
19
50  WW 6303 1551
30  WW 7506 1562
10  WW 10972 1558
20
50  SL 5976 2917
30  WW 6309 1582
10  WW 6444 1565
21
50  WW 4309 1555
22
50  WW 5181 1591
30  WW 5769 1615
10  WW 6866 1593
23
50  SL 1968 2876
30  SL 2090 2908
10  SL 2282 2885
24
50  SL 2070 2874
30  WW 3006 1635
10  WW 3325 1619
25
50  WW 2100 1645
30  SL 2450 2907
10  WW 2475 1589
26
50  SL 1912 2877
30  SL 2043 2899
10  SL 2310 2894
27
50  SL 4425 2918
30  SL 4534 2897
10  SL 4710 2912
28
50  SL 4029 2909
30  WW 4644 1605
10  WW 5342 1577
29
50  SL 3388 2928
30  WW 3622 1618
10  WW 3709 1595
30
50  SL 3439 2883
30  WW 3488 1643
10  WW 3675 1583
31
80  WW 3531 1551
40  WW 3584 1616
0  WW 4031 1640
32
80  WW 3043 1585
40  SL 3410 2917
0  WW 3605 1582
33
80  SL 1860 2876
40  SL 2121 2908
0  SL 2362 2885
34
80  SL 2033 2874
40  WW 3675 1635
35
50  WW 1864 1645
30  SL 2492 2907
10  WW 2529 1638
36
50  SL 1757 2877
30  SL 2149 2899
10  SL 2374 2894
37
50  WW 3816 1625
30  WW 3966 1572
10  SL 4031 2920
38
50  WW 4303 1636
30  SL 4922 2909
10  WW 5550 1577
39
50  SL 3265 2928
30  SL 3427 2901
10  WW 3473 1618
40
50  WW 3459 1643
30  WW 4190 1576
10  SL 4456 2932
41
50  WW 3331 1616
30  WW 3788 1640
10  WW 3844 1562
42
50  SL 2859 2917
30  WW 2879 1585
10  WW 3316 1565
43
50  SL 2284 2876
30  WW 2591 1573
10  SL 2790 2885
44
50  SL 2286 2874
30  WW 3581 1620
10  WW 7800 1593
45
50  WW 2350 1589
30  WW 2469 1638
10  WW 2637 1542
46
50  SL 1938 2923
30  SL 2446 2899
10  WW 2640 1552
47
50  WW 4207 1625
30  WW 4327 1572
10  WW 4363 1584
48
50  WW 4466 1636
30  WW 5481 1605
10  WW 6525 1628
49
50  SL 3903 2901
30  WW 3978 1544
10  WW 4063 1581
50
50  SL 3447 2921
30  SL 3884 2904
10  WW 4181 1583
51
50  WW 3768 1551
30  WW 4440 1596
10  WW 6650 1558
52
50  WW 3665 1608
30  WW 3700 1582
10  WW 3838 1550
53
50  WW 11534 1795
30  SL 23862 1969
54
50  WW 9416 1776
30  SL 11727 1961
55
50  WW 17160 1779
30  SL 20788 1963
56
50  SL 15044 1965
30  WW 18144 1782
57
50  WW 14228 1784
30  SL 15791 1966
58
50  WW 20981 1788
59
50  WW 12400 1789
30  SL 15156 1967
60
50  SL 12371 1968
30  WW 13835 1791
61
50  WW 11479 1792
SCORE:WW,SL,2760,2650,11.0
