WW-WRC
1
50  WW 9347 1645
30  WRC 10759 2171
10  WW 13828 1598
2
50  WRC 10377 2161
30  WW 11716 1597
10  WW 12762 1592
3
50  WRC 8371 2156
30  WRC 9470 2151
10  WW 9519 1584
4
50  WRC 10200 2180
30  WW 10807 1577
10  WRC 10965 2188
5
50  WRC 8003 2147
30  WW 8091 1544
10  WW 8587 1626
6
50  WW 7547 1643
30  WRC 7619 2174
10  WW 9959 1576
7
50  WW 7781 1616
30  WRC 8182 2146
10  WRC 8594 2169
8
50  WW 6700 1585
30  WRC 7292 2182
10  WRC 7447 2177
9
50  WRC 3100 2162
30  WW 3607 1555
10
50  WW 2803 1591
30  WRC 3732 2165
10  WW 4153 1615
11
50  WRC 1881 2176
30  WW 1959 1580
10  WRC 1968 2196
12
50  WW 2186 1619
30  WRC 2313 2150
10  WW 2438 1561
13
50  WRC 3889 2175
30  WW 3890 1589
10  WW 4283 1638
14
50  WW 4059 1552
30  WW 4381 1569
10  WRC 4383 2191
15
50  WW 3228 1625
30  WRC 3553 2167
10  WRC 3638 2151
16
50  WW 3762 1605
30  WW 4147 1587
10  WW 4232 1564
17
50  WW 6844 1581
30  WW 6869 1618
10  WRC 6896 2147
18
50  WRC 6674 2174
30  WW 7106 1583
10  WRC 7522 2189
19
50  WW 6303 1551
30  WRC 6727 2145
10  WRC 7127 2146
20
50  WRC 6001 2181
30  WRC 6272 2182
10  WW 6309 1582
21
50  WRC 3722 2162
30  WW 4309 1555
22
50  WRC 4550 2165
30  WW 5181 1591
10  WW 5769 1615
23
50  WRC 2194 2196
30  WW 2472 1580
10  WW 3306 1539
24
50  WW 3006 1635
30  WW 3325 1619
10  WRC 3389 2183
25
50  WW 2100 1645
30  WRC 2256 2171
10  WW 2475 1589
26
50  WRC 2103 2161
30  WRC 2347 2191
10  WW 2428 1569
27
50  WRC 4144 2151
30  WRC 4376 2167
10  WW 4756 1634
28
50  WW 4644 1605
30  WW 5342 1577
10  WW 5388 1564
29
50  WRC 3476 2178
30  WW 3622 1618
10  WW 3709 1595
30
50  WW 3488 1643
30  WRC 3546 2174
10  WW 3675 1583
31
80  WW 3531 1551
40  WW 3584 1616
0  WRC 3850 2146
32
80  WW 3043 1585
40  WRC 3201 2181
0  WRC 3499 2177
33
80  WRC 2358 2196
40  WRC 2458 2176
0  WW 2604 1573
34
80  WW 3675 1635
35
50  WRC 1814 2175
30  WW 1864 1645
10  WW 2529 1638
36
50  WRC 2018 2161
30  WRC 2403 2191
10  WW 2463 1639
37
50  WW 3816 1625
30  WW 3966 1572
10  WRC 3987 2156
38
50  WW 4303 1636
30  WW 5550 1577
39
50  WW 3473 1618
30  WRC 3559 2178
10  WW 3593 1581
40
50  WW 3459 1643
30  WRC 3512 2174
10  WW 4190 1576
41
50  WW 3331 1616
30  WRC 3456 2145
10  WRC 3719 2169
42
50  WW 2879 1585
30  WRC 3052 2182
10  WRC 3094 2181
43
50  WW 2591 1573
30  WRC 2683 2176
10  WW 3260 1601
44
50  WW 3581 1620
30  WW 7800 1593
45
50  WW 2350 1589
30  WW 2469 1638
10  WRC 2627 2171
46
50  WRC 2445 2161
30  WRC 2487 2191
10  WW 2640 1552
47
50  WRC 4069 2156
30  WW 4207 1625
10  WW 4327 1572
48
50  WW 4466 1636
30  WRC 4896 2188
10  WW 5481 1605
49
50  WW 3978 1544
30  WW 4063 1581
10  WRC 4226 2147
50
50  WRC 4032 2189
30  WW 4181 1583
51
50  WW 3768 1551
30  WRC 3802 2145
10  WW 4440 1596
52
50  WRC 3662 2177
30  WW 3665 1608
10  WW 3700 1582
53
50  WW 11534 1795
54
50  WRC 9339 1855
30  WW 9416 1776
55
50  WW 17160 1779
30  WRC 20388 1858
56
50  WW 18144 1782
57
50  WW 14228 1784
30  WRC 14518 1859
58
50  WW 20981 1788
59
50  WW 12400 1789
30  WRC 13206 1860
60
50  WW 13835 1791
61
50  WW 11479 1792
30  WRC 13246 1861
SCORE:WW,WRC,3090,2220,87.0
