WW-WST
1
50  WW 9347 1645
30  WST 9560 1393
10  WST 10214 1445
2
50  WST 10409 1384
30  WW 11716 1597
10  WW 12762 1592
3
50  WST 9201 1410
30  WW 9519 1584
10  WST 9728 1391
4
50  WST 8631 1444
30  WW 10807 1577
10  WW 11487 1587
5
50  WST 7806 1401
30  WW 8091 1544
10  WW 8587 1626
6
50  WW 7547 1643
30  WST 9363 1376
10  WST 9634 1370
7
50  WW 7781 1616
30  WST 9084 1399
10  WW 9163 1640
8
50  WW 6700 1585
30  WST 6800 1380
10  WW 7888 1550
9
50  WW 3607 1555
30  WST 5891 1427
10
50  WW 2803 1591
30  WST 3581 1423
10  WST 3746 1405
11
50  WST 1954 1411
30  WW 1959 1580
10  WW 2100 1573
12
50  WST 1846 1421
30  WW 2186 1619
10  WST 2390 1388
13
50  WW 3890 1589
30  WST 4119 1445
10  WST 4175 1366
14
50  WST 3938 1384
30  WW 4059 1552
10  WST 4257 1392
15
50  WW 3228 1625
30  WST 3622 1448
10  WW 3729 1584
16
50  WST 3387 1444
30  WW 3762 1605
10  WW 4147 1587
17
50  WW 6844 1581
30  WW 6869 1618
10  WST 7747 1425
18
50  WW 7106 1583
30  WST 7996 1370
10  WST 8036 1460
19
50  WW 6303 1551
30  WST 7150 1461
10  WW 7506 1562
20
50  WST 5963 1380
30  WW 6309 1582
10  WW 6444 1565
21
50  WW 4309 1555
22
50  WST 3468 1423
30  WST 4919 1405
10  WW 5181 1591
23
50  WW 2472 1580
30  WST 2557 1389
10  WST 2771 1404
24
50  WST 2217 1421
30  WW 3006 1635
10  WST 3152 1415
25
50  WST 2062 1393
30  WW 2100 1645
10  WST 2282 1366
26
50  WST 2282 1392
30  WW 2428 1569
10  WW 2609 1623
27
50  WST 4415 1391
30  WST 4528 1410
10  WST 4606 1375
28
50  WW 4644 1605
30  WW 5342 1577
10  WW 5388 1564
29
50  WST 3400 1401
30  WW 3622 1618
10  WW 3709 1595
30
50  WW 3488 1643
30  WW 3675 1583
10  WST 4352 1376
31
80  WW 3531 1551
40  WW 3584 1616
0  WST 3713 1461
32
80  WW 3043 1585
40  WW 3605 1582
0  WW 3766 1565
33
80  WST 2529 1411
40  WST 2560 1389
0  WW 2604 1573
34
80  WST 2022 1421
40  WW 3675 1635
0  WST 4708 1372
35
50  WST 1716 1393
30  WW 1864 1645
10  WST 2115 1396
36
50  WW 2463 1639
30  WST 2963 1378
10  WW 2991 1623
37
50  WW 3816 1625
30  WW 3966 1572
10  WST 4690 1448
38
50  WW 4303 1636
30  WST 4603 1444
10  WW 5550 1577
39
50  WW 3473 1618
30  WW 3593 1581
10  WST 3694 1387
40
50  WW 3459 1643
30  WW 4190 1576
10  WST 4535 1370
41
50  WW 3331 1616
30  WST 3744 1461
10  WW 3788 1640
42
50  WW 2879 1585
30  WST 2927 1380
10  WW 3316 1565
43
50  WST 2528 1411
30  WW 2591 1573
10  WW 3260 1601
44
50  WST 3463 1421
30  WST 3545 1388
10  WW 3581 1620
45
50  WST 2255 1445
30  WST 2335 1396
10  WW 2350 1589
46
50  WST 2591 1392
30  WW 2640 1552
10  WW 2721 1629
47
50  WW 4207 1625
30  WW 4327 1572
10  WW 4363 1584
48
50  WST 4406 1444
30  WW 4466 1636
10  WW 5481 1605
49
50  WW 3978 1544
30  WW 4063 1581
10  WST 4372 1456
50
50  WW 4181 1583
30  WST 5246 1460
10  WST 5342 1369
51
50  WW 3768 1551
30  WW 4440 1596
10  WST 4490 1399
52
50  WW 3665 1608
30  WW 3700 1582
10  WW 3838 1550
53
50  WW 11534 1795
30  WST 18453 1763
54
50  WST 8588 1752
30  WW 9416 1776
55
50  WST 16994 1755
30  WW 17160 1779
56
50  WW 18144 1782
57
50  WW 14228 1784
30  WST 15310 1758
58
50  WW 20981 1788
59
50  WW 12400 1789
30  WST 13947 1760
60
50  WW 13835 1791
30  WST 14387 1761
61
50  WW 11479 1792
30  WST 15394 1762
SCORE:WW,WST,3100,2310,79.0
