WW-WM
1
50  WW 9347 1645
30  WM 11381 409
10  WM 12706 435
2
50  WM 9257 442
30  WM 10290 397
10  WM 11085 361
3
50  WW 9519 1584
30  WM 9647 413
10  WW 9887 1634
4
50  WM 8102 420
30  WM 10572 426
10  WW 10807 1577
5
50  WM 7746 354
30  WW 8091 1544
10  WW 8587 1626
6
50  WW 7547 1643
30  WM 9098 366
10  WW 9959 1576
7
50  WM 7315 362
30  WM 7745 395
10  WW 7781 1616
8
50  WW 6700 1585
30  WM 6781 429
10  WW 7888 1550
9
50  WM 2723 424
30  WW 3607 1555
10  WM 4715 386
10
50  WW 2803 1591
30  WM 2822 399
10  WM 3653 438
11
50  WW 1959 1580
30  WW 2100 1573
10  WM 2259 410
12
50  WM 1872 422
30  WM 2007 398
10  WW 2186 1619
13
50  WW 3890 1589
30  WM 4088 368
10  WW 4283 1638
14
50  WM 3604 344
30  WM 3605 370
10  WM 3615 442
15
50  WW 3228 1625
30  WM 3354 413
10  WM 3712 392
16
50  WM 3172 419
30  WM 3212 420
10  WM 3678 376
17
50  WW 6844 1581
30  WW 6869 1618
10  WM 6889 447
18
50  WM 6745 449
30  WW 7106 1583
10  WM 7763 417
19
50  WW 6303 1551
30  WM 6491 362
10  WM 6744 395
20
50  WW 6309 1582
30  WW 6444 1565
10  WM 6571 418
21
50  WM 3807 424
30  WW 4309 1555
10  WM 4444 369
22
50  WM 3663 399
30  WM 3854 438
10  WW 5181 1591
23
50  WW 2472 1580
30  WW 3306 1539
10  WM 3331 445
24
50  WM 2235 422
30  WM 2456 398
10  WM 3002 393
25
50  WW 2100 1645
30  WM 2297 368
10  WW 2475 1589
26
50  WM 1956 357
30  WM 2032 442
10  WM 2334 364
27
50  WM 4469 421
30  WW 4756 1634
10  WW 5269 1578
28
50  WM 3978 419
30  WM 4551 426
10  WW 4644 1605
29
50  WM 3591 447
30  WW 3622 1618
10  WM 3647 354
30
50  WW 3488 1643
30  WW 3675 1583
10  WM 3774 449
31
80  WM 3342 362
40  WW 3531 1551
0  WW 3584 1616
32
80  WW 3043 1585
40  WW 3605 1582
0  WW 3766 1565
33
80  WW 2604 1573
40  WW 3637 1621
0  WW 4053 1614
34
80  WM 2535 422
40  WM 3318 434
0  WW 3675 1635
35
50  WW 1864 1645
30  WM 2172 368
10  WM 2301 435
36
50  WM 1782 370
30  WM 1856 344
10  WM 2326 361
37
50  WW 3816 1625
30  WM 3887 413
10  WW 3966 1572
38
50  WM 3441 419
30  WW 4303 1636
10  WM 5119 426
39
50  WW 3473 1618
30  WW 3593 1581
10  WW 3706 1595
40
50  WW 3459 1643
30  WW 4190 1576
41
50  WW 3331 1616
30  WW 3788 1640
10  WW 3844 1562
42
50  WM 2804 429
30  WW 2879 1585
10  WM 3032 418
43
50  WW 2591 1573
30  WM 2913 410
10  WW 3260 1601
44
50  WM 3271 398
30  WM 3397 373
10  WW 3581 1620
45
50  WW 2350 1589
30  WW 2469 1638
10  WW 2637 1542
46
50  WM 2401 397
30  WM 2450 361
10  WW 2640 1552
47
50  WW 4207 1625
30  WW 4327 1572
10  WW 4363 1584
48
50  WM 4140 420
30  WW 4466 1636
10  WW 5481 1605
49
50  WM 3902 354
30  WW 3978 1544
10  WW 4063 1581
50
50  WW 4181 1583
30  WM 4287 449
10  WM 5900 406
51
50  WW 3768 1551
30  WW 4440 1596
10  WM 4555 382
52
50  WM 3656 429
30  WW 3665 1608
10  WW 3700 1582
53
50  WW 11534 1795
30  WM 18189 1662
54
50  WW 9416 1776
30  WM 11382 1658
55
50  WW 17160 1779
56
50  WW 18144 1782
57
50  WW 14228 1784
58
50  WW 20981 1788
59
50  WW 12400 1789
30  WM 14150 1660
60
50  WW 13835 1791
61
50  WW 11479 1792
30  WM 14309 1661
SCORE:WW,WM,2820,2540,28.0
